theta,theta_dot,tau_load,T,theta_TE
0.049679873303702209,700.43988526448379,-998.05641174316395,32.189999999999998,-0.040491211951583901
0.062650982290081536,700.43988526448379,-998.57473373413097,32.369999999999997,-0.040217908097994075
0.075615374371575048,700.07717240064983,-998.80886077880905,32.369999999999997,-0.039832610636469201
0.088577537486455804,699.95680820356074,-998.282432556152,32.439999999999998,-0.039429493868393048
0.10154096202718522,700.02492519938869,-998.33321571350098,32.439999999999998,-0.039163006262151731
0.11450473633086675,700.04381239880195,-1000.01215934753,32.530000000000001,-0.039075319137802239
0.1274606440630093,699.61901753569771,-1000.01215934753,32.530000000000001,-0.039113792072897183
0.14041246535926244,699.39834999767038,-1000.29730796814,32.159999999999997,-0.039263010646216595
0.15336183003207585,699.2656923319239,-998.49772453308105,32.159999999999997,-0.03929259358900361
0.16630609623212311,698.99037480255163,-999.55248832702603,32.210000000000001,-0.039124545744044045
0.17924674372712576,698.79496473014308,-999.81689453125,32.210000000000001,-0.038818936381053652
0.1921950104753129,699.20640440210559,-999.81689453125,32.399999999999999,-0.038496471113280327
0.20515399157159192,699.78497919906749,-1000.07343292236,32.25,-0.038419329664523744
0.21811482910491764,699.88522679958919,-1001.97672843933,32.240000000000002,-0.038446387689830441
0.23107395300494676,699.7926906015723,-1002.29501724243,32.240000000000002,-0.038526298271879783
0.24403539486172751,699.91786026616069,-1000.68116188049,32.119999999999997,-0.038614561780674204
0.25699208180121835,699.66109473250594,-999.74608421325695,32.119999999999997,-0.038585836688190323
0.26994194731974325,699.29273800034309,-1000.48995018005,32.119999999999997,-0.03846957244765583
0.28288931275430429,699.1577334662976,-1000.48995018005,32.119999999999997,-0.03820177788523859
0.29583742428149967,699.1980224685492,-1000.9014606475801,32.479999999999997,-0.037879911768422384
0.30879075845922149,699.48004559697858,-1000.97632408142,32.479999999999997,-0.037773905529128973
0.32174361973207394,699.45450873403252,-1002.11024284363,32.509999999999998,-0.037822240136037251
0.3346979680160686,699.5348073357128,-1002.11024284363,32.509999999999998,-0.037973985695978631
0.34765237424936246,699.53793659786868,-1003.46994400024,32.579999999999998,-0.038079102006250615
0.36060687154565174,699.54285399962123,-1003.85570526123,32.579999999999998,-0.038056988268561326
0.37355656218150468,699.28329433605847,-1003.85570526123,32.210000000000001,-0.038099218573404328
0.38650348472102747,699.13381713423041,-1002.39610671997,32.210000000000001,-0.038219566145963065
0.39945320743707452,699.28502666653833,-1002.44545936584,32.210000000000001,-0.038340869876971245
0.41240660163211762,699.48328653232784,-1006.11257553101,32.210000000000001,-0.038453439871081449
0.42535438823211646,699.18047639993915,-1005.97238540649,32.32,-0.03848194765504194
0.43830058951359013,699.09486919957817,-1005.62191009521,32.32,-0.038648428809501631
0.4512539630136036,699.48216900072691,-1003.65281105042,32.210000000000001,-0.038834906493571797
0.4642048622999797,699.34856146430946,-1002.59757041931,32.210000000000001,-0.038976916628907142
0.47715448049999742,699.27938280095736,-1004.99963760376,32.100000000000001,-0.039114125278950279
0.49010331328519102,699.2369704004534,-1004.99963760376,32.100000000000001,-0.039200257095114543
0.50305364756913151,699.31805133278635,-1005.16510009766,32.119999999999997,-0.039279005593065471
0.51601515461975167,699.92138073348906,-1003.99279594421,32.119999999999997,-0.039373117808647863
0.52897887718395076,700.04101846674985,-1004.42576408386,32.509999999999998,-0.039187478315846895
0.54194337274440918,700.08276026475414,-1004.42576408386,32.509999999999998,-0.038974448624323185
0.55491487185187527,700.46095180317025,-1005.12862205505,32.57,-0.038795244569786502
0.56789269256916675,700.8023187337385,-1006.76012039185,32.57,-0.038813720974049636
0.58086977857654565,700.76264439846182,-1005.17845153809,32.469999999999999,-0.038987701344455915
0.59384051089507561,700.41954520061768,-1003.7143230438199,32.469999999999999,-0.039221880336006626
0.60681293821979287,700.51107553473094,-1005.66029548645,32.280000000000001,-0.039356333306757751
0.61977910395307467,700.17294959721994,-1007.96914100647,32.280000000000001,-0.039438005122997506
0.63274204006665746,699.99855013346917,-1009.90128517151,32.259999999999998,-0.03941142207256694
0.64570393723704134,699.94244720072766,-1009.51838493347,32.299999999999997,-0.039327892784964111
0.65867355300368302,700.35925139865185,-1007.34663009644,32.390000000000001,-0.039336152581607678
0.67164290179013741,700.34483446853801,-1008.6989402771,32.390000000000001,-0.03952762525907199
0.68461022960614371,700.23570206433817,-1011.71898841858,32.140000000000001,-0.039833669240076044
0.69757278905187703,699.97821006960305,-1010.5140209198,32.140000000000001,-0.040119941242803027
0.71053934490492254,700.19401606445854,-1007.18975067139,32.119999999999997,-0.040348351207839431
0.723510746740747,700.45569913451777,-1007.33208656311,32.119999999999997,-0.040482113965655799
0.73647768443698958,700.21463559709969,-1007.33208656311,32.119999999999997,-0.040419969914934017
0.74944589700987563,700.28347893584396,-1008.46767425537,32.119999999999997,-0.040351557027778616
0.76241909733212443,700.55281740143539,-1007.91645050049,32.57,-0.040312020314085359
0.77539963958150948,700.94928146679342,-1005.07259368896,32.57,-0.040434052546461555
0.78838125388641567,701.00717246493582,-1005.07259368896,32.549999999999997,-0.040572495716387415
0.8013665386370703,701.20537653534859,-1005.9916973114,32.549999999999997,-0.040639339842018389
0.81435454491976755,701.3523392656557,-1005.24950027466,32.490000000000002,-0.040606730099687655
0.82734411064944235,701.43654940243687,-1003.95464897156,32.490000000000002,-0.040524298738339529
0.84032776455063385,701.11731066433913,-1002.89940834045,32.240000000000002,-0.040458083773547648
0.85331252983091033,701.17732513492979,-1002.89940834045,32.240000000000002,-0.040381664616851221
0.86629889181116149,701.26354693356598,-1003.25036048889,32.259999999999998,-0.040357971771064136
0.87928227976790696,701.10294966425397,-1007.00664520264,32.259999999999998,-0.040367598541815583
0.89226391373459513,701.00823420115989,-1006.90817832947,32.32,-0.040431210978554927
0.90524982143581401,701.23901586582372,-1006.90817832947,32.32,-0.040509993623755139
0.91823675669756111,701.29450413433824,-1005.8536529541,32.170000000000002,-0.0405192282044817
0.93122044267777615,701.11904293161513,-1005.63406944275,32.170000000000002,-0.040433599302712557
0.94419826236049675,700.80226286691368,-1006.65807723999,32.369999999999997,-0.04035970610045906
0.95717255543456858,700.61182599987831,-1007.55572319031,32.119999999999997,-0.040316232996520499
0.97014849798521285,700.70089773479128,-1005.92374801636,32.119999999999997,-0.040239708290139974
0.98311892503705611,700.40306079953189,-1003.01551818848,32.119999999999997,-0.04016764254997824
0.99608558437033867,700.19960399726278,-1003.4008026123,32.560000000000002,-0.040115278420229591
1.0090557185728386,700.38724693499398,-1004.48441505432,32.560000000000002,-0.04001819321678092
1.0220336624320983,700.8089684000189,-1003.73268127441,32.560000000000002,-0.039917350643024409
1.0350043626703833,700.41781286738978,-1003.26585769653,32.560000000000002,-0.039840780404331956
1.0479710799543391,700.20273333361479,-1003.26585769653,32.520000000000003,-0.03990062409028082
1.0609431047407278,700.4893384649929,-1000.83327293396,32.520000000000003,-0.040003912936629034
1.0739156893555786,700.51956920193675,-1001.15370750427,32.210000000000001,-0.040017237058484138
1.0868857914790038,700.38551466497006,-1002.20632553101,32.210000000000001,-0.039846359027932592
1.0998511190209657,700.12768726593515,-1002.20632553101,32.210000000000001,-0.03966441998791221
1.1128207730753281,700.36131893557558,-1003.00359725952,32.210000000000001,-0.03949342916425589
1.125791154595063,700.40060206567966,-1000.6890296936,32.32,-0.039468927102001859
1.138759385793837,700.28448473379547,-999.54652786254906,32.259999999999998,-0.039493152870742933
1.1517218800469013,699.97468966547854,-999.54652786254906,32.189999999999998,-0.039461098817827479
1.1646854929209958,700.03509520109367,-1000.00286102295,32.189999999999998,-0.039443574430931598
1.1776527296753296,700.23078473403359,-998.67153167724598,32.119999999999997,-0.039440989494247111
1.1906159782987653,700.01542566553132,-997.62082099914505,32.119999999999997,-0.039377335665667361
1.2035719181098807,699.62074980022567,-997.65038490295399,32.140000000000001,-0.039301846796788609
1.2165262467333147,699.53374566544051,-997.65038490295399,32.140000000000001,-0.039205216906230578
1.229482024080272,699.61197673569279,-997.08199501037598,32.509999999999998,-0.039215396261158164
1.2424315719135963,699.27558299950579,-995.10812759399403,32.509999999999998,-0.039238037747522408
1.2553839002629859,699.42573086703749,-994.13180351257301,32.57,-0.039288270182910673
1.2683405023481784,699.65651260040113,-994.13180351257301,32.57,-0.039351912629124887
1.2813006713987805,699.8491287325138,-993.71170997619595,32.57,-0.039446279406736874
1.2942615161752724,699.88561793056556,-994.45295333862305,32.57,-0.039566551438221256
1.3072180996333049,699.65550673374958,-994.82655525207497,32.170000000000002,-0.039724136391217836
1.3201779375469447,699.8312473365479,-992.86770820617699,32.170000000000002,-0.039839545884907228
1.3331399775210278,699.9501586004842,-992.86770820617699,32.210000000000001,-0.040046340888925933
1.346102946748154,700.00033826482172,-993.42632293701195,32.210000000000001,-0.040198744584050664
1.3590687409876621,700.15288893342915,-993.57795715331997,32.479999999999997,-0.040289265000605277
1.3720406302148409,700.48201826766058,-992.94853210449196,32.210000000000001,-0.040318154625778167
1.3850136432382956,700.54270326655489,-992.75946617126499,32.450000000000003,-0.04033266152721933
1.3979857197654391,700.49213246574493,-991.34922027587902,32.450000000000003,-0.04042099850835356
1.4109482667926077,699.97753946710338,-991.34922027587902,32.310000000000002,-0.040519335824528789
1.4239065390494023,699.74670186691503,-992.201328277588,32.310000000000002,-0.04056335840735345
1.4368624136678996,699.61722939884919,-993.47496032714798,32.170000000000002,-0.04059811019183928
1.4498108501235127,699.21556860311102,-992.82622337341297,32.170000000000002,-0.040597763533464774
1.4627565847086106,699.06966759528825,-992.82622337341297,32.460000000000001,-0.04064953265053961
1.4757100296098884,699.48602466900331,-991.45650863647495,32.460000000000001,-0.040725524432846591
1.4886612465814653,699.36571646514687,-991.91474914550804,32.5,-0.040806748179361932
1.5016088582987412,699.17103273290661,-993.499755859375,32.5,-0.040897442441676771
1.5145573009629498,699.21590386726302,-993.51763725280796,32.590000000000003,-0.041005647636886744
1.5275107986395022,699.48887453383213,-993.51763725280796,32.590000000000003,-0.041166768512468456
1.5404665428728652,699.61018860159209,-991.080760955811,32.159999999999997,-0.041286130952793258
1.553420111950631,699.49273019936049,-991.616249084473,32.159999999999997,-0.041406000446559829
1.5663737451863933,699.49619473116422,-993.58105659484897,32.240000000000002,-0.041475894136312939
1.5793296529185359,699.61901753569771,-993.58105659484897,32.240000000000002,-0.041542865542500716
1.5922862622468947,699.65690373137761,-994.21453475952103,32.57,-0.041670720609811772
1.6052394215432169,699.47060200139379,-992.14553833007801,32.210000000000001,-0.041860504489124428
1.6181932565654797,699.50709120219381,-991.02711677551304,32.530000000000001,-0.042047778972419833
1.6311534649383226,699.85125213351421,-991.02711677551304,32.530000000000001,-0.042181077102238784
1.6441154273024949,699.9459676653081,-993.00479888916004,32.460000000000001,-0.042174558879428593
1.6570707369185056,699.58671926457805,-992.94090270996105,32.460000000000001,-0.04208318475243171
1.6700303792543421,699.82068613516651,-992.80047416687,32.43,-0.04198901872624055
1.6829946088703545,700.06839926466898,-992.79713630676304,32.43,-0.041961046969302737
1.6959557464962915,699.90143180059965,-992.79713630676304,32.240000000000002,-0.041848343486193006
1.7089135179086978,699.71965626994381,-993.35026741027798,32.240000000000002,-0.041733111978582697
1.7218772922123793,700.04381239880195,-993.80946159362804,32.280000000000001,-0.041642072092311508
1.7348450173938599,700.257159799953,-993.66378784179699,32.280000000000001,-0.041600245361792708
1.747816736913562,700.47285406390722,-993.79181861877396,32.299999999999997,-0.041648998028492541
1.7607815770642201,700.10136813554027,-994.36354637145996,32.299999999999997,-0.041664803607151239
1.7737422272975305,699.87511259875669,-994.77791786193802,32.210000000000001,-0.041693518351433298
1.7867032148777724,699.89332933307026,-994.77791786193802,32.210000000000001,-0.041790044763738876
1.7996587904382801,699.60108026741136,-994.98677253723099,32.140000000000001,-0.041837405620218988
1.8126109759839195,699.4180194645329,-994.54212188720703,32.140000000000001,-0.041850531058828029
1.8255603799802969,699.26781580437228,-994.54212188720703,32.159999999999997,-0.041805135293198306
1.8385200492209797,699.8221389968711,-998.91281127929699,32.159999999999997,-0.041755755534902815
1.8514770476358544,699.67791440323958,-998.11172485351597,32.350000000000001,-0.041803784875785878
1.8644345210246893,699.70356299708658,-996.71888351440396,32.350000000000001,-0.041933845107608905
1.8773978348407432,700.0189460669078,-997.56503105163597,32.490000000000002,-0.04204342659065953
1.8903683198407661,700.40619000123195,-997.56503105163597,32.490000000000002,-0.042112821505725713
1.9033379738938054,700.36131886412772,-998.304843902588,32.539999999999999,-0.042039982766760194
1.9163044386852295,700.18909873690188,-998.12316894531205,32.539999999999999,-0.041912908976193541
1.9292709417642218,700.19116626558161,-998.9013671875,32.119999999999997,-0.041727116331135329
1.9422406020259075,700.36165413102754,-998.67343902587902,32.119999999999997,-0.041600891077851476
1.9552053769839475,700.09784773416379,-997.44224548339798,32.229999999999997,-0.041623756081894295
1.968164715087668,699.80425760090532,-997.78676033019997,32.229999999999997,-0.041650404324586721
1.9811244091642082,699.82348013317062,-1000.01311302185,32.229999999999997,-0.041706829021119655
1.9940858458481858,699.91758093478529,-1000.01311302185,32.229999999999997,-0.041650583346152632
2.007042298920982,699.64846593099662,-1001.37686729431,32.479999999999997,-0.041441329650926527
2.0199920733765113,699.28782059859054,-1000.40626525879,32.479999999999997,-0.041246184457452623
2.0329449532765751,699.45551460343222,-1001.21784210205,32.399999999999999,-0.041171072258509682
2.0459054927864311,699.86913353222792,-1002.47645378113,32.399999999999999,-0.04118785779537773
2.0588668052938188,699.91087539893226,-1002.47645378113,32.25,-0.041201225378774665
2.0718271047296062,699.85616953251883,-1002.95519828796,32.329999999999998,-0.041228332039545998
2.0847953617988084,700.28588173691969,-1002.40087509155,32.25,-0.041244369413722101
2.0977666787802325,700.45111699691699,-1001.25908851624,32.25,-0.041250642388184586
2.1107330328468796,700.18311959892503,-1001.13272666931,32.259999999999998,-0.041202415400814506
2.1236975604876847,700.08449260347811,-999.63784217834495,32.259999999999998,-0.041089162437597339
2.1366633433431987,700.15227419775408,-1000.04935264587,32.299999999999997,-0.041082273754108285
2.1496299830160734,700.19854233523449,-1000.04935264587,32.299999999999997,-0.041182272963995903
2.1625934717148501,700.02838973394046,-999.11856651306096,32.25,-0.041247772880809858
2.175556297103757,699.99257100098828,-998.74734878540005,32.25,-0.04128344046566134
2.1885256593431435,700.34556092687035,-998.74734878540005,32.350000000000001,-0.041339894136080531
2.2014976385975769,700.48687973938456,-999.56536293029797,32.100000000000001,-0.041419165208529174
2.2144668125025295,700.33539086745725,-998.86703491210903,32.119999999999997,-0.041525470506422843
2.2274364137815157,700.35846906525092,-1002.13551521301,32.119999999999997,-0.041571853475412812
2.2404056528790357,700.3389112660858,-1002.24304199219,32.479999999999997,-0.041629692745980537
2.2533863503481912,700.95766333439803,-1002.24304199219,32.479999999999997,-0.041776103898133715
2.266361208425971,700.64233620010145,-1003.64279747009,32.560000000000002,-0.041933355645891415
2.2793294592863744,700.28554646177565,-1001.54113769531,32.560000000000002,-0.042077881387264308
2.2923019849173039,700.51638407020801,-1001.54113769531,32.57,-0.042130625288218586
2.3052681175370933,700.17116146861542,-1001.25598907471,32.57,-0.042151159916995848
2.3182270520679142,699.78246466434257,-1001.07169151306,32.159999999999997,-0.042244292174826892
2.3311833685469807,699.64108986958774,-1001.60431861877,32.159999999999997,-0.042403789443908137
2.3441425245259317,699.79442286335211,-1000.5362033844,32.189999999999998,-0.042573167010843377
2.3571048894271605,699.96770466634621,-1000.5362033844,32.189999999999998,-0.04270895694612574
2.3700647532111265,699.83264433417605,-999.39870834350597,32.189999999999998,-0.042809807798026421
2.3830284819839211,700.04135373090173,-999.67193603515602,32.189999999999998,-0.04283766158783487
2.3959952717024908,700.20664480276389,-1000.32043457031,32.539999999999999,-0.042921047036455232
2.4089708572457447,700.68161933570138,-1000.29993057251,32.539999999999999,-0.042998140883656458
2.4219445253000087,700.57807493025803,-1000.29993057251,32.189999999999998,-0.043131487650924706
2.434916050276529,700.46234873209835,-999.98974800109897,32.509999999999998,-0.043373332461473998
2.4478950465309017,700.86579773613289,-999.30858612060501,32.210000000000001,-0.043649470640821995
2.4608776025062458,701.05802266856892,-998.740196228027,32.460000000000001,-0.04387225541822478
2.4738477439518607,700.38763806322243,-999.81522560119595,32.229999999999997,-0.043967625953806024
2.4868168650814884,700.33254099988051,-1000.52118301392,32.229999999999997,-0.04400430868041718
2.4997895335160156,700.52409546446881,-1000.47922134399,32.189999999999998,-0.044122490410959142
2.5127656509481611,700.71034133587193,-1000.47922134399,32.189999999999998,-0.044273373981092747
2.5257356175123769,700.37819446763797,-999.98688697814896,32.210000000000001,-0.044462279313291518
2.5387062908456626,700.41635999744108,-999.89676475524902,32.210000000000001,-0.044593721006623552
2.5516790700036949,700.53007453374551,-999.89676475524902,32.469999999999999,-0.044626434229598513
2.5646520499136569,700.54091513795038,-998.67606163024902,32.469999999999999,-0.044615594669582592
2.5776210934333736,700.3283500647043,-998.60119819641102,32.439999999999998,-0.044528231438316752
2.5905910920765112,700.37992672941778,-998.52156639099098,32.439999999999998,-0.044453390356470418
2.603563844329646,700.52862166929299,-998.52156639099098,32.329999999999998,-0.044470234876597806
2.6165388586617673,700.65077393453055,-998.512744903564,32.329999999999998,-0.044558408358697857
2.6295036460382701,700.0985183311675,-998.55947494506802,32.259999999999998,-0.044633924133186328
2.6424690967222002,700.13433693221566,-996.73390388488804,32.259999999999998,-0.044646400751159013
2.6554380491790233,700.32343266844759,-997.93100357055698,32.329999999999998,-0.044574452977973973
2.6684080871444524,700.38205013316622,-998.01611900329601,32.329999999999998,-0.044419855500397482
2.6813726603160934,700.0869512686304,-997.72691726684604,32.450000000000003,-0.044317460722015554
2.6943413209580425,700.30767466523832,-996.33955955505405,32.450000000000003,-0.044316048215951968
2.7073209991468499,700.90262219558872,-996.11258506774902,32.119999999999997,-0.044411735401755963
2.7203016572938661,700.95553993889359,-996.11258506774902,32.119999999999997,-0.044601609308780765
2.7332758334357359,700.60551166095377,-998.43144416809105,32.159999999999997,-0.044677042297654658
2.7462516725061428,700.69530980198692,-999.30739402770996,32.159999999999997,-0.044674929231116045
2.7592292976457329,700.79175753785285,-997.56026268005405,32.159999999999997,-0.044630848698635976
2.7722073967259333,700.81735033082737,-994.50731277465798,32.159999999999997,-0.044606017569884381
2.7851763036518693,700.32097400054738,-994.50731277465798,32.590000000000003,-0.044598984014826704
2.7981412928135501,700.10941473074888,-994.89521980285599,32.590000000000003,-0.044608652177469441
2.811107900407452,700.19681007070665,-997.39050865173294,32.369999999999997,-0.044549363147382809
2.824068439917359,699.86913353497584,-997.56264686584495,32.369999999999997,-0.044460369066297613
2.8370193319604669,699.34817032783701,-998.41666221618596,32.280000000000001,-0.044249996749380037
2.8499679567493943,699.22573860206808,-997.27606773376499,32.280000000000001,-0.043990250883322153
2.8629228762456922,699.56565280008761,-997.27606773376499,32.299999999999997,-0.043721041745597891
2.87587406734567,699.36431939881891,-996.31881713867199,32.299999999999997,-0.043485236042612903
2.8888264019036551,699.42606613118937,-994.73667144775402,32.329999999999998,-0.043397508560586724
2.9017825103876258,699.6298581344065,-994.029760360718,32.329999999999998,-0.043385052638559685
2.9147428232765487,699.8568960018431,-996.07205390930199,32.420000000000002,-0.043345033708503393
2.9276960860518866,699.47618986824614,-996.07205390930199,32.420000000000002,-0.043287906380776231
2.9406430541222455,699.1362757993827,-996.28734588623001,32.140000000000001,-0.043136893460180833
2.9535877621839308,699.0142353309983,-996.28734588623001,32.140000000000001,-0.043025697684871411
2.9665343018457362,699.11314173751236,-995.60308456420898,32.530000000000001,-0.042899737341666307
2.9794833229641422,699.24714039391438,-995.40495872497604,32.119999999999997,-0.042915817142100979
2.9924307453135843,699.16080686987289,-996.36960029602005,32.579999999999998,-0.042893417800524622
3.0053791103678824,699.2117129320867,-996.14977836608898,32.119999999999997,-0.042933316693801016
3.0183354920395158,699.6446102682163,-996.49763107299805,32.549999999999997,-0.0429398256034891
3.0312932386160649,699.71831513364441,-996.84309959411598,32.549999999999997,-0.042812750776977618
3.0442473789061339,699.52357566373541,-996.49834632873501,32.57,-0.042653068279058168
3.0572041755333887,699.66701787175407,-995.48125267028797,32.57,-0.042524205313306328
3.0701646695123577,699.86667486432759,-995.93496322631802,32.57,-0.042441452129288425
3.0831206362284211,699.62220266742634,-995.93496322631802,32.57,-0.042397841397303689
3.0960683121036428,699.17449726196241,-997.41625785827603,32.119999999999997,-0.042285338664546118
3.1090134620247265,699.03809573853289,-996.55461311340298,32.119999999999997,-0.042162011893642798
3.1219575647259434,698.98154586569797,-996.13976478576706,32.119999999999997,-0.04202565178184936
3.1348940937061855,698.57256493308375,-996.13976478576706,32.119999999999997,-0.041921867265086475
3.1478288221271979,698.47533473466092,-996.67596817016602,32.57,-0.041781664929094076
3.1607703005690819,698.83983586175123,-998.16608428955101,32.140000000000001,-0.041738653348015568
3.173715924429708,699.06368847379929,-998.43168258667004,32.549999999999997,-0.041760472165642354
3.1866624444309024,699.11208006449215,-997.37405776977505,32.549999999999997,-0.041901791053879228
3.1996131543481212,699.33833552982787,-997.59578704833996,32.590000000000003,-0.041988458898033071
3.2125724852086246,699.8038664671808,-999.03225898742699,32.590000000000003,-0.042002443223551622
3.2255374878234409,700.11014120007326,-999.03225898742699,32.189999999999998,-0.041994774300331668
3.2384978907395672,699.86175747081893,-999.71294403076195,32.600000000000001,-0.042011423243469917
3.2514553972419455,699.70535112843913,-998.435020446777,32.189999999999998,-0.042164985917911915
3.2644155466308677,699.84806700178547,-997.91765213012695,32.189999999999998,-0.04244960223582725
3.2773772161456969,699.93015380077009,-997.17283248901401,32.189999999999998,-0.042633647098609347
3.2903280564481521,699.34537633258071,-997.75123596191395,32.189999999999998,-0.042735281297057628
3.3032727707173128,699.01457053469403,-999.36342239379906,32.210000000000001,-0.04271310754026595
3.3162238252247316,699.35694340061389,-1000.04267692566,32.210000000000001,-0.042616891570707277
3.3291821295605502,699.74843413419092,-1000.04267692566,32.57,-0.04265725819543912
3.342130643625921,699.21975953004323,-1000.4360675811801,32.57,-0.042826052133847201
3.3550846938876675,699.51871413430354,-998.97766113281205,32.229999999999997,-0.043086967327627727
3.3680426081025008,699.72736760100054,-998.00038337707497,32.590000000000003,-0.043359625463428565
3.381001835481495,699.7982784656765,-1000.21958351135,32.590000000000003,-0.043450703636402785
3.3939593926901082,699.70808926511461,-1000.21958351135,32.590000000000003,-0.043348417514063667
3.4069175542234484,699.74072280038627,-1003.20482254028,32.210000000000001,-0.043185380184368419
3.4198788284432173,699.90880786750449,-1004.28819656372,32.210000000000001,-0.043048338137122832
3.432844695117288,700.15680039983022,-1004.9705505371099,32.170000000000002,-0.043132309283208457
3.4458065984975903,699.94278253632751,-1004.9705505371099,32.170000000000002,-0.04337375259152676
3.4587613234506049,699.55514746278277,-1004.72950935364,32.579999999999998,-0.043681107668567615
3.4717213176184845,699.83968506548104,-1003.24988365173,32.159999999999997,-0.043969340621419009
3.4846826880753747,699.91400467208018,-1002.35152244568,32.590000000000003,-0.044049653741338832
3.4976395374790235,699.66986779703882,-1002.35152244568,32.590000000000003,-0.043957975382938448
3.5106026495086784,700.00804960137441,-1002.51960754395,32.600000000000001,-0.043761667071609528
3.5235811190469626,700.83735506733751,-1003.31163406372,32.600000000000001,-0.043572837278907553
3.5365668394494385,701.22890173369126,-1003.64661216736,32.530000000000001,-0.043572726555351542
3.549548089503737,700.9875029321214,-1002.85744667053,32.530000000000001,-0.043672583996670566
3.5625328216703682,701.17553699808116,-1002.05969810486,32.229999999999997,-0.043802578002271567
3.5755175341753698,701.17447527010097,-1002.01106071472,32.229999999999997,-0.043788551249324008
3.5885046381086489,701.30361239707099,-1001.86824798584,32.189999999999998,-0.043679434391624583
3.601483900307366,700.8801587307222,-1001.86824798584,32.189999999999998,-0.043483266814293424
3.6144617013629774,700.80125700301016,-1002.14958190918,32.210000000000001,-0.04338437691287339
3.6274388908506445,700.7682323340141,-1007.3618888855,32.210000000000001,-0.04336299478062082
3.640415522580263,700.73811339941949,-1007.3618888855,32.43,-0.043490923320220795
3.6533833771111368,700.26414466718143,-1008.41116905212,32.43,-0.043666652506100009
3.6663447351506329,699.91333413278448,-1006.82425498962,32.350000000000001,-0.043822222699584738
3.679309444916055,700.0943273327872,-1005.34629821777,32.350000000000001,-0.043923225668001387
3.6922745448024621,700.11539386597769,-1005.34629821777,32.329999999999998,-0.043905344274376507
3.7052394698061968,700.10595020169308,-1006.21771812439,32.329999999999998,-0.043820735687119403
3.7182082463469479,700.31393320054235,-1007.46655464172,32.259999999999998,-0.043786498199903122
3.7311821751716332,700.59215653301601,-1006.72912597656,32.259999999999998,-0.043837460172553341
3.7441566038049148,700.61914619721063,-1006.72912597656,32.280000000000001,-0.043875762364837208
3.7571255107308512,700.32097400054738,-1005.8376789093001,32.280000000000001,-0.04374165915780151
3.7700934045839656,700.26626806818183,-1004.97674942017,32.280000000000001,-0.043505960039885681
3.7830596406839918,700.17674940141978,-1001.79553031921,32.280000000000001,-0.043196686439894973
3.7960262224074146,700.1954130648345,-1001.79553031921,32.25,-0.043042320757326995
3.808992907612347,700.2010010663389,-1001.53541564941,32.25,-0.043023929207260322
3.8219583324259503,700.13293993458763,-1002.06732749939,32.210000000000001,-0.043102764627887806
3.8349229511283767,700.08940993103477,-1003.24940681458,32.210000000000001,-0.043189175840310616
3.8478846403049372,699.93121553424623,-1003.29422950745,32.210000000000001,-0.043238962275879457
3.8608464857358382,699.93965326867544,-1003.29422950745,32.210000000000001,-0.043089834765759019
3.8738133530654384,700.21083579839603,-1003.64327430725,32.310000000000002,-0.042914213198349337
3.8867870345716677,700.57880133637843,-1006.68668746948,32.310000000000002,-0.042753284797621839
3.8997599699839904,700.53851226542668,-1005.35607337952,32.329999999999998,-0.0426973899199233
3.9127330016346051,700.54370913320645,-1004.74095344543,32.329999999999998,-0.042881229892543261
3.9257051050666969,700.49358533294571,-1004.74095344543,32.380000000000003,-0.043019130825629699
3.9386748822617044,700.36796853040823,-1004.28819656372,32.380000000000003,-0.043004334179626388
3.9516376890246727,699.99156520028885,-1003.56507301331,32.140000000000001,-0.042894389480589809
3.9645962075642331,699.76000113627197,-1002.54917144775,32.140000000000001,-0.042598436897164166
3.9775568898765163,699.87684486328476,-1001.48487091064,32.420000000000002,-0.042376648634462631
3.9905234001987258,700.19155739930613,-1001.03545188904,32.119999999999997,-0.042184241529676016
4.0034866095000226,700.01330227002688,-1000.31447410583,32.140000000000001,-0.042115770693984762
4.016450169600013,700.03224539946893,-999.48048591613804,32.140000000000001,-0.042115376433953113
4.0294122944271722,699.95474066663701,-999.84574317932095,32.460000000000001,-0.042071805024107352
4.0423821306062031,700.37115366763283,-998.82507324218705,32.460000000000001,-0.04189680537416697
4.0553466002975558,700.081363333078,-998.82507324218705,32.479999999999997,-0.041660280484462742
4.0683128757197213,700.17887279692411,-998.44431877136196,32.479999999999997,-0.041502758653619486
4.0812842123629789,700.45217873588922,-999.11093711853005,32.490000000000002,-0.041559510346897657
4.0942607137061913,700.73107253346257,-998.76928329467796,32.490000000000002,-0.041754699001150065
4.1072326153518839,700.48268886741232,-998.76928329467796,32.140000000000001,-0.042009577154777711
4.1202020231222587,700.34801960026653,-999.81045722961403,32.140000000000001,-0.042225248697205377
4.133170526475296,700.29918106398463,-999.46427345275902,32.140000000000001,-0.042327949777252016
4.1461344901469639,700.05403827007967,-999.55129623413097,32.140000000000001,-0.042291833086883959
4.1590866549975232,699.41690193018394,-999.55129623413097,32.140000000000001,-0.042211228153463891
4.1720370927617001,699.32363926559071,-1000.82039833069,32.140000000000001,-0.042159238622626515
4.1849884918580464,699.37555120269997,-999.84216690063499,32.57,-0.042337706932934295
4.1979400140963099,699.38220086623255,-996.37937545776401,32.57,-0.042597435208234787
4.2108928939951014,699.45551453473217,-996.53124809265103,32.579999999999998,-0.042859107877015142
4.2238452285530865,699.42606613118937,-996.95968627929699,32.579999999999998,-0.043006157502009965
4.2368017654456613,699.65299219902465,-996.95968627929699,32.210000000000001,-0.043063699785612641
4.2497609090061488,699.79375226634841,-997.02548980712902,32.560000000000002,-0.043060649186054574
4.2627150234247217,699.52217860290341,-996.84834480285599,32.170000000000002,-0.04309942428366581
4.2756663180062091,699.36990740032309,-997.31850624084495,32.170000000000002,-0.043191454477162397
4.2886201271580431,699.50569419906969,-997.31850624084495,32.159999999999997,-0.043394544885995208
4.3015744495728825,699.53341040128873,-996.49381637573197,32.159999999999997,-0.043624635371802431
4.3145211185852004,699.12012666519672,-995.40233612060501,32.189999999999998,-0.043786052201101468
4.3274728426086924,699.39309726856197,-995.33438682556096,32.189999999999998,-0.043802990887631427
4.3404320503271263,699.79721679540432,-994.91930007934604,32.600000000000001,-0.043697326133095057
4.3534010027852208,700.32343273714764,-998.48294258117699,32.600000000000001,-0.043604088326139691
4.3663704229728895,700.34869013406637,-998.48294258117699,32.530000000000001,-0.043625815046861784
4.3793419541580052,700.46268399625023,-999.03631210327103,32.530000000000001,-0.043773872569941169
4.3923160454469503,700.60092960304496,-997.57218360900902,32.43,-0.044015350026882755
4.4052898635469599,700.58617740053512,-997.08867073059105,32.43,-0.044138118003894972
4.4182549313542925,700.11366159595389,-997.35784530639603,32.240000000000002,-0.044120707446201363
4.4312102927099382,699.58951320487427,-997.35784530639603,32.240000000000002,-0.044033827466887158
4.4441688764432365,699.7635215981046,-995.59617042541504,32.240000000000002,-0.043899626989125751
4.4571274932888567,699.76530966350515,-997.48802185058605,32.240000000000002,-0.043937959190782708
4.4700826859728178,699.58040493389728,-998.19922447204601,32.25,-0.044009412328734579
4.4830344099963613,699.3930972713099,-998.19922447204601,32.25,-0.044125089835248314
4.4959961633296448,699.93467999735014,-998.79789352417004,32.32,-0.04430896705954248
4.5089559432950548,699.82811813209992,-995.32985687255905,32.32,-0.044333626412998615
4.5219111359777431,699.58040486519747,-993.74270439147904,32.25,-0.044218414565694461
4.5348664518037234,699.58705460292595,-996.49143218994095,32.25,-0.044059656146641049
4.5478270761666559,699.87371559838061,-998.53730201721203,32.210000000000001,-0.043828589841569336
4.5607880834074077,699.89439100059462,-999.21107292175304,32.210000000000001,-0.043744673538322419
4.5737452960259235,699.68948139982444,-1000.44655799866,32.329999999999998,-0.043644138300852342
4.5867041467382386,699.77793846501459,-1000.44655799866,32.329999999999998,-0.043565776820173936
4.5996649397741285,699.88282393805741,-1000.41913986206,32.329999999999998,-0.043577032370076423
4.6126199441234013,699.57023486074434,-1000.49495697021,32.329999999999998,-0.043562466485325031
4.6255716288259245,699.39097393626162,-1000.02384185791,32.369999999999997,-0.043545670600865824
4.6385181353740856,699.11135360066385,-1000.19359588623,32.369999999999997,-0.043505004917024838
4.6514659612962737,699.18259979819175,-1000.19359588623,32.140000000000001,-0.043366416875174126
4.6644121698209648,699.09526033330258,-1001.10077857971,32.140000000000001,-0.043294104850872518
4.6773570651814946,699.02434946862661,-1000.66208839417,32.369999999999997,-0.043103049199443154
4.6903078930654871,699.34470573557701,-1000.76460838318,32.119999999999997,-0.042896300760424319
4.7032704131889291,699.97608666585461,-1003.21531295776,32.100000000000001,-0.042677104679863499
4.7162309920209751,699.8712569304804,-1002.82073020935,32.100000000000001,-0.042447501585868783
4.7291887903382781,699.72110913439644,-1001.04188919067,32.490000000000002,-0.042404632808235025
4.7421480560049423,699.80034599985242,-1001.70493125916,32.490000000000002,-0.042419893044866042
4.755101884818508,699.50675593254584,-1003.36456298828,32.530000000000001,-0.042430219343455464
4.7680461044530977,698.98786026782682,-1004.65130805969,32.530000000000001,-0.04237410715901465
4.7809823147123467,698.55535399946984,-1004.65130805969,32.539999999999999,-0.042147544315307504
4.7939183956222031,698.54836913224131,-1006.20865821838,32.539999999999999,-0.041941890700103117
4.806857450554344,698.70896633560142,-1007.3711872100801,32.140000000000001,-0.041762345159282718
4.8197990200580527,698.84475320030003,-1008.60834121704,32.140000000000001,-0.041727555086974302
4.8327396220222703,698.79250606773883,-1007.73692131042,32.159999999999997,-0.041828422497198876
4.8456847646999845,699.03770459656425,-1007.73692131042,32.159999999999997,-0.042016979099896816
4.8586415292494367,699.66528567043019,-1006.36076927185,32.140000000000001,-0.042129734324371886
4.8716009522061325,699.80883966156216,-1006.27493858337,32.140000000000001,-0.042070888189069094
4.8845583014185303,699.69685746947744,-1006.26468658447,32.57,-0.041807042434495068
4.8975219846604885,700.03889506574933,-1007.21430778503,32.57,-0.041484990053404718
4.9104914959111516,700.35360753581881,-1008.01348686218,32.560000000000002,-0.041132891137118537
4.9234585515740656,700.22100579735297,-1006.4070224762,32.560000000000002,-0.0408929172490324
4.9364215208011926,700.00033826482172,-1006.4070224762,32.210000000000001,-0.040788415612096604
4.9493804749926253,699.78352633736279,-1006.93368911743,32.530000000000001,-0.040748630546546705
4.9623434183494251,699.99894126719369,-1006.06298446655,32.240000000000002,-0.040752564866378127
4.9753000338877023,699.65723906697747,-1003.83043289185,32.240000000000002,-0.04073139590563786
4.9882502636568349,699.3124075331574,-1002.6843547820999,32.229999999999997,-0.040607030193774742
5.0012015520284034,699.36957206472334,-1005.1741600036599,32.229999999999997,-0.040464779982335143
5.014160752503722,699.79682566717588,-1005.1741600036599,32.350000000000001,-0.040338572321640676
5.0271225658554979,699.93792099590348,-1008.7013244628901,32.259999999999998,-0.04026158091842641
5.0400848459037002,699.96312260294155,-1009.9515914917,32.25,-0.040376750337640009
5.0530517649728335,700.21362973319617,-1010.70499420166,32.25,-0.040548694215727966
5.066026804140761,700.65211506808191,-1008.58378410339,32.210000000000001,-0.040734793162705327
5.0790003107653874,700.5693577298016,-1009.30261611938,32.210000000000001,-0.040889603810318344
5.0919651902382856,700.10349153654067,-1009.93680953979,32.090000000000003,-0.040965714595241516
5.1049313818419959,700.17434660034417,-1009.93680953979,32.090000000000003,-0.041099044804898316
5.1178994309160517,700.2746499989903,-1008.18276405334,32.469999999999999,-0.041256276890975871
5.1308634390852568,700.0564411371073,-1007.28011131287,32.469999999999999,-0.041388429494155193
5.1438203216012788,699.6716558651874,-1007.28011131287,32.549999999999997,-0.041498704295176166
5.156784070034532,700.04241539567795,-1006.80613517761,32.549999999999997,-0.041571337108441832
5.1697540686777712,700.37992673491374,-1005.7971477508499,32.57,-0.04172733363970961
5.1827266005172454,700.51671933161185,-1003.92389297485,32.57,-0.041899861146172057
5.1956988270914071,700.50023500472219,-1003.92389297485,32.159999999999997,-0.042047105315366304
5.2086759845000508,700.76650006673833,-1004.60720062256,32.159999999999997,-0.042245799882016537
5.2216656475012657,701.44180206559315,-1005.3288936615,32.600000000000001,-0.042407295355186406
5.2346577857519092,701.57546553478733,-1005.6014060974099,32.159999999999997,-0.042477304943843219
5.2476525555049509,701.71756666421459,-1008.81004333496,32.170000000000002,-0.042578863599894039
5.2606411661123751,701.38497280092724,-1008.9581012725801,32.170000000000002,-0.042690356365323624
5.2736285815222592,701.32043213375653,-1009.05013084412,32.539999999999999,-0.042920934243197789
5.2866120791678881,701.10887286395814,-1008.86082649231,32.539999999999999,-0.04314650470885855
5.2995852805259291,700.55287333421188,-1007.9448223114,32.520000000000003,-0.043348451661821837
5.3125549666580429,700.36305113415153,-1007.9448223114,32.520000000000003,-0.043588373809000637
5.3255252384888943,700.39467886597549,-1008.43358039856,32.229999999999997,-0.043778674055844048
5.3384923458925631,700.22379979810512,-1007.91430473328,32.520000000000003,-0.043914680265486089
5.3514625970271128,700.39356126567475,-1007.91430473328,32.210000000000001,-0.044001778587029396
5.3644389814382247,700.72475820003388,-1008.35919380188,32.210000000000001,-0.044031978273108473
5.3774189969728443,700.92083886944636,-1006.83856010437,32.189999999999998,-0.044152477962742957
5.3904015012086033,701.05522873102075,-1004.30512428284,32.189999999999998,-0.044210506602569533
5.4033860326221852,701.16469633342047,-1004.30512428284,32.57,-0.044199400063129654
5.4163733373086664,701.31445306997568,-1004.7652721405,32.189999999999998,-0.044111857811570121
5.4293625005000123,701.4148123326986,-1005.8097839355499,32.57,-0.04397504445495902
5.4423518520259959,701.42498240310363,-1003.86810302734,32.57,-0.043912180180962504
5.4553348819419503,701.08361546154345,-1003.17859649658,32.579999999999998,-0.043936452517858555
5.4683171005715838,701.03980600020725,-1003.15880775452,32.579999999999998,-0.043943065942507249
5.48129178273207,700.63283666624409,-1003.67665290833,32.549999999999997,-0.044025626654011829
5.4942588052814916,700.21921766874846,-1003.9279460906999,32.549999999999997,-0.043974128654440704
5.5072247040358073,700.15853273305811,-1004.19449806213,32.140000000000001,-0.04391907610873734
5.5201973859222484,700.52482186784118,-1004.19449806213,32.140000000000001,-0.043835099786184474
5.5331716200135705,700.60864093135365,-1003.2753944397,32.100000000000001,-0.043790310414474544
5.5461396111382752,700.27152073408627,-1002.86030769348,32.100000000000001,-0.043884285001196538
5.5591085180642112,700.32097400054738,-1002.86030769348,32.460000000000001,-0.043911030516141349
5.5720767678901453,700.28549060044702,-1002.07853317261,32.119999999999997,-0.043883390931092919
5.5850410368296712,700.07052273436932,-1000.36144256592,32.409999999999997,-0.043838862329600881
5.5979986788913614,699.71267133126742,-1000.93531608582,32.409999999999997,-0.043724591119283104
5.6109566914123565,699.73267613372968,-1000.93531608582,32.390000000000001,-0.043666932938303385
5.6239187965790061,699.95367899911275,-999.57108497619595,32.390000000000001,-0.043554945537945963
5.6368794851000379,699.87718013568053,-999.34697151184105,32.43,-0.043473225085987131
5.6498364121135971,699.67405873221514,-999.47714805603005,32.43,-0.043504754494499878
5.6627930473123333,699.6583007317538,-997.628211975098,32.140000000000001,-0.043571615177233416
5.6757511571049193,699.73792879963412,-997.628211975098,32.140000000000001,-0.043587312101884865
5.6887117421457134,699.87159220287617,-995.21231651306096,32.159999999999997,-0.043533316088662032
5.701675282583972,700.03118366599256,-996.54126167297397,32.159999999999997,-0.043355624914932459
5.7146398692086473,700.0876777324587,-995.38469314575195,32.140000000000001,-0.043182165051612459
5.72761388288641,700.5967385991687,-995.38469314575195,32.140000000000001,-0.043037159161338857
5.740591202759262,700.77527313401924,-995.11957168579102,32.369999999999997,-0.042947175809176646
5.7535615449567556,700.39847866467926,-993.39294433593705,32.369999999999997,-0.042937218935677479
5.7665298216876382,700.2869434676478,-994.39263343811001,32.329999999999998,-0.042894602649608558
5.7794923821666702,699.97826586772771,-994.39263343811001,32.329999999999998,-0.042820453849635079
5.792452902016068,699.86807186745159,-995.76282501220703,32.380000000000003,-0.042677712109015678
5.8054092640259194,699.64354853199211,-993.54124069213901,32.380000000000003,-0.042483119499870575
5.818362221535792,699.45970553311247,-992.104053497314,32.140000000000001,-0.042316722165698074
5.8313147123493394,699.43450393157048,-992.104053497314,32.140000000000001,-0.042212219495260113
5.8442736665407216,699.78352633461475,-993.063926696777,32.170000000000002,-0.042106636488663279
5.857233627596278,699.83789700008037,-994.96531486511196,32.170000000000002,-0.042067020097189919
5.870192646980227,699.7870467332433,-994.96531486511196,32.25,-0.042046410962112687
5.8831573381198119,700.09332153758373,-992.18273162841797,32.25,-0.0420563678367823
5.8961205143061912,700.01151406447843,-990.52929878234897,32.299999999999997,-0.04210152249311095
5.9090772923086776,699.66601213425849,-990.02003669738804,32.299999999999997,-0.042013460770613513
5.9220285289407641,699.36677813267113,-990.02003669738804,32.259999999999998,-0.041898819100685547
5.9349791550382553,699.33380926454777,-990.44752120971702,32.259999999999998,-0.04186621246120218
5.9479254215123474,699.09838960095465,-991.09983444213901,32.32,-0.041822373038277634
5.9608723512950874,699.13420826795482,-991.341114044189,32.240000000000002,-0.041820268249018078
5.9738269717332937,699.54950366315381,-991.341114044189,32.359999999999999,-0.041793751427252196
5.9867900185703817,700.00452920274597,-993.480443954468,32.359999999999999,-0.041861994606320015
5.999755742441975,700.14908906602557,-992.47431755065895,32.369999999999997,-0.042048249806926216
6.0127199399802356,700.06666706609303,-991.21022224426304,32.369999999999997,-0.042228536266152764
6.0256849156902055,700.10868833836855,-992.13886260986305,32.420000000000002,-0.042332152111180001
6.0386489828432302,700.05962626333996,-992.13886260986305,32.420000000000002,-0.04232195516417192
6.0516090349605616,699.84281433588114,-993.38674545288097,32.210000000000001,-0.042252171163505776
6.0645666770222011,699.71267132851938,-994.529247283936,32.210000000000001,-0.042249463084140688
6.0775245467407686,699.72496480267296,-992.91610717773403,32.210000000000001,-0.042215634343695629
6.0904843256703352,699.82806219657527,-992.91610717773403,32.210000000000001,-0.042289578252285645
6.1034365308777563,699.41908120075698,-993.37697029113804,32.439999999999998,-0.042425685871649146
6.1163878254592436,699.36990740032309,-992.16079711914097,32.210000000000001,-0.042721061035193915
6.1293418426062249,699.51692593699897,-989.66526985168503,32.380000000000003,-0.043088560923126656
6.1422961712295576,699.53374565994443,-989.66526985168503,32.380000000000003,-0.043256547715481666
6.1552472712678634,699.35940206851421,-991.00923538207996,32.210000000000001,-0.043249728364776897
6.1682036922629084,699.64673373242067,-995.26834487915005,32.420000000000002,-0.043247894694802169
6.1811696686259134,700.16272360228231,-994.09556388855003,32.469999999999999,-0.043266429047855604
6.19413712061968,700.24240766339528,-994.09556388855003,32.469999999999999,-0.043459106236592882
6.2071013957679027,700.07085800401717,-994.76170539856003,32.229999999999997,-0.04362337705185447
6.2200661251938341,700.09538900031157,-995.53704261779797,32.229999999999997,-0.043822384127747041
6.2330348241246742,700.30974226536614,-995.53704261779797,32.210000000000001,-0.044025528347595731
6.2460028080061623,700.27112960036175,-995.21207809448197,32.210000000000001,-0.044202225075104164
6.2589649390431905,699.95507599948883,-996.30379676818802,32.240000000000002,-0.044310875237140293
6.2719238870259257,699.78319106771494,-996.93298339843705,32.240000000000002,-0.044337133358847709
6.284882464549356,699.76318626525267,-996.93298339843705,32.310000000000002,-0.044322955525278117
6.2978342082345282,699.39415899929008,-996.07729911804199,32.310000000000002,-0.044418117030429249
6.3107812994469059,699.14292546841114,-996.69575691223099,32.329999999999998,-0.044420448441843188
6.3237313605431833,699.30329919897667,-998.06594848632801,32.329999999999998,-0.044456176045135506
6.3366912822752788,699.83577353312808,-998.06594848632801,32.25,-0.044469996872230549
6.3496550307086332,700.04241540117403,-997.71857261657703,32.390000000000001,-0.044514717947559027
6.3626151159407804,699.84460253593352,-996.63662910461403,32.229999999999997,-0.04457874223569807
6.3755737327864521,699.76530966625307,-997.14565277099598,32.229999999999997,-0.044522778027403474
6.388532653865461,699.78173826646616,-997.14565277099598,32.490000000000002,-0.044410288748392208
6.4014904583913594,699.72144439854844,-999.72438812255905,32.189999999999998,-0.044351081467262882
6.4144406364197888,699.30961353515318,-1000.42295455933,32.189999999999998,-0.044303023152748006
6.4273916453950992,699.35448466676166,-1000.4057884216299,32.189999999999998,-0.044282114961004301
6.4403470067518134,699.58951326258216,-1002.83598899841,32.609999999999999,-0.044261116741751996
6.453301945908672,699.56671447035978,-1002.83598899841,32.609999999999999,-0.044222261963612661
6.4662517141556055,699.28748533443854,-1003.48806381226,32.590000000000003,-0.044274628162553849
6.4792024706382829,699.34085006455268,-1002.60615348816,32.590000000000003,-0.044460332848227341
6.4921559352012403,699.48708639973154,-1002.45237350464,32.609999999999999,-0.044610691774212688
6.5051116090679608,699.60638880288843,-1004.32181358337,32.609999999999999,-0.044691007997895882
6.5180664830321504,699.56319406623527,-1004.32181358337,32.159999999999997,-0.044663487416074302
6.5310230406209762,699.65410979657759,-1005.19895553589,32.159999999999997,-0.044584676829879329
6.5439876334531268,700.08801293615454,-1001.94096565247,32.57,-0.044511219279039872
6.5569574437616778,700.36975666176079,-999.76944923400902,32.119999999999997,-0.044361423286602933
6.5699256418481804,700.28269667114284,-1002.64143943787,32.090000000000003,-0.044181851877135421
6.5828955297666427,700.37394759693689,-1005.26452064514,32.090000000000003,-0.04404101831156939
6.5958724150222441,700.75180380250117,-1005.26452064514,32.460000000000001,-0.043899135456129279
6.608845388723509,700.54057986830253,-1004.37092781067,32.460000000000001,-0.043774547261463743
6.6218152631901077,700.37322119631267,-1004.3842792511,32.420000000000002,-0.043651469879074339
6.6347859955086887,700.4195452033656,-1005.68222999573,32.420000000000002,-0.043553054953599096
6.647749841213634,700.04766806707835,-1005.68222999573,32.43,-0.043541882187580976
6.6607095880641767,699.82632992929939,-1005.86605072021,32.43,-0.043494675515130046
6.6736670159222262,699.70110433468233,-1007.09462165833,32.119999999999997,-0.043456968334196877
6.6866237101037136,699.66148580027846,-1008.6145401001,32.119999999999997,-0.043461778096666369
6.6995943513592984,700.41462780161305,-1008.6145401001,32.189999999999998,-0.043433931552212375
6.7125650774691312,700.41920993096983,-1007.47275352478,32.189999999999998,-0.043435338885065608
6.7255378173049234,700.5279511327451,-1007.4501037597699,32.229999999999997,-0.043348486845881058
6.7385115184716113,700.57986300115454,-1006.18243217468,32.229999999999997,-0.043292100437526938
6.7514900397505988,700.84014906534162,-1006.18243217468,32.259999999999998,-0.043313456698486172
6.7644656449555329,700.68268106642972,-1004.3678283691401,32.259999999999998,-0.043311277404504203
6.7774403850653693,700.63596593114823,-1003.48663330078,32.240000000000002,-0.043277806705308085
6.7904197259086185,700.88440553547105,-1002.69412994385,32.240000000000002,-0.043169895394521124
6.8034025933592952,701.07484233655452,-1001.31988525391,32.210000000000001,-0.043169027194184167
6.8163805434271501,700.80930366417078,-1001.31988525391,32.210000000000001,-0.043279247151043324
6.8293539010407542,700.5613111345931,-999.94492530822697,32.57,-0.043314382847715202
6.8423276601567924,700.58299226605857,-999.19342994689896,32.57,-0.043264676091707574
6.8553010819271201,700.56477559769689,-1000.30326843262,32.5,-0.043237179310053012
6.8682752321987133,700.60411466607366,-1001.49035453796,32.5,-0.043233125987656294
6.8812511675061412,700.70050660106676,-1001.49035453796,32.100000000000001,-0.043216021731067616
6.8942343867901839,701.09384133831702,-1001.19018554688,32.439999999999998,-0.043157083499114582
6.9072197553592423,701.20990272918073,-1003.47542762756,32.119999999999997,-0.043213114969168909
6.9201961470148436,700.72514940245833,-1004.29725646973,32.119999999999997,-0.043328230579758403
6.9331669828136615,700.42513313616996,-1001.24073028564,32.210000000000001,-0.043389510570614763
6.9461354157988344,700.29538119932897,-1001.3439655304001,32.210000000000001,-0.04342072746774784
6.9591069211148451,700.46128706457409,-1000.85997581482,32.210000000000001,-0.043406653113804691
6.9720705464074024,700.03576579809737,-1000.85997581482,32.210000000000001,-0.043403893295313377
6.9850322159210103,699.93015373481808,-1000.5226135253901,32.280000000000001,-0.043495485764895592
6.9979964455382948,700.0683993333688,-1001.07479095459,32.280000000000001,-0.043568683581258427
7.0109641510580447,700.25609806647697,-1001.02138519287,32.240000000000002,-0.043666563513976471
7.0239260740988056,699.94384420110362,-1001.1203289031999,32.259999999999998,-0.043729994858736028
7.0368907776555814,700.09399206588739,-1000.69856643677,32.25,-0.043803331338479197
7.0498645367716195,700.58299226605857,-999.31859970092796,32.25,-0.043987898775555458
7.0628461189988254,701.00544026910768,-999.24588203430199,32.329999999999998,-0.044212140556762931
7.0758286097814995,701.05450226444441,-999.24588203430199,32.329999999999998,-0.044398315043440641
7.0888131991444316,701.1678255983245,-998.11339378356899,32.490000000000002,-0.0446231332083806
7.101797164521007,701.13413033507265,-998.30293655395496,32.490000000000002,-0.044862666269959439
7.1147764277542951,700.8802145975468,-999.49455261230503,32.57,-0.045054833301186259
7.1277479848098899,700.46408100212216,-998.58331680297795,32.57,-0.04516377320686854
7.1407137345518601,700.15048606640153,-998.81553649902298,32.210000000000001,-0.045258104800777535
7.1536834403456542,700.36411286487976,-1000.79870223999,32.210000000000001,-0.045429901736577648
7.1666569790493551,700.57108999982552,-999.01032447814896,32.140000000000001,-0.045647944013270672
7.1796254834370137,700.29923693355738,-999.01032447814896,32.140000000000001,-0.045840919224917828
7.1925924480370336,700.21608840109639,-999.72295761108398,32.140000000000001,-0.045989439304919201
7.2055645835481492,700.49531760022171,-999.38797950744595,32.140000000000001,-0.045948586323098353
7.2185315419407443,700.21575320014858,-999.19581413268997,32.539999999999999,-0.045875985589670536
7.231490203282732,699.76771246732869,-997.48516082763695,32.539999999999999,-0.045748484423696667
7.2444495993358533,699.80738686855727,-997.48516082763695,32.079999999999998,-0.045675613606776189
7.2574165184049866,700.21362973319617,-996.56605720519997,32.530000000000001,-0.045744376256883684
7.2703826189457015,700.1694291985915,-996.92606925964401,32.119999999999997,-0.045878369774628863
7.2833432422740634,699.87365973155602,-996.86360359191895,32.479999999999997,-0.046039240227024061
7.2963005076679037,699.6923312674013,-996.93846702575695,32.140000000000001,-0.046210163789836646
7.309255882476533,699.59023966595453,-992.656469345093,32.140000000000001,-0.046222538997477199
7.3222092176889273,699.48010146929914,-994.50659751892101,32.119999999999997,-0.046158191850876211
7.3351627081222626,699.4884834001075,-997.74909019470203,32.119999999999997,-0.046038092631191886
7.3481162378766172,699.49060673515601,-997.74909019470203,32.210000000000001,-0.045940999147563485
7.361077096106194,699.8863443971419,-997.35903739929199,32.210000000000001,-0.045935975180130414
7.3740366608320693,699.81649519724215,-997.72167205810501,32.310000000000002,-0.045912307169997169
7.3869884293530985,699.3955001355896,-997.72167205810501,32.310000000000002,-0.045893248171014367
7.3999387760543822,699.31872186933424,-995.57614326477005,32.369999999999997,-0.045895063214337777
7.4128917211456899,699.4590349306128,-994.99249458313,32.369999999999997,-0.045829236299608132
7.4258424051938041,699.33693859815162,-997.11322784423805,32.420000000000002,-0.045727201633703238
7.4387896143728529,699.14929566866442,-997.11322784423805,32.420000000000002,-0.045529994078755007
7.4517341527259422,699.00507106678879,-999.29261207580601,32.140000000000001,-0.045311256414848206
7.4646789052839431,699.01663813207392,-999.07755851745605,32.140000000000001,-0.045150819544878068
7.477625686054389,699.12616160404627,-996.19245529174805,32.119999999999997,-0.045025938500360352
7.4905642929172629,698.6847705952149,-995.08261680603005,32.119999999999997,-0.044888608778203158
7.5035036800222095,698.72690366709185,-996.56391143798805,32.140000000000001,-0.044754741506138618
7.5164474319246812,698.96260273350822,-995.59211730956997,32.140000000000001,-0.04457335505161749
7.5293926201346055,699.04016333591267,-995.59211730956997,32.539999999999999,-0.044418634432530836
7.5423393543395427,699.12364706657331,-995.10407447814896,32.539999999999999,-0.044224975216442544
7.5552842641864562,699.02513173332761,-994.48943138122604,32.579999999999998,-0.044054469713370625
7.5682342983777344,699.30184632902797,-996.25372886657703,32.579999999999998,-0.043909121303667378
7.581181825241984,699.16645066950184,-996.04535102844204,32.579999999999998,-0.043740394627884149
7.5941240642629877,698.88090713420002,-996.14334106445301,32.579999999999998,-0.043642823065921578
7.6070729291271544,699.23870266498125,-996.14334106445301,32.159999999999997,-0.043532598970066665
7.6200276799506481,699.55654446865492,-997.31349945068405,32.159999999999997,-0.043380148709585842
7.6329802618259697,699.43942126737102,-997.19166755676304,32.549999999999997,-0.04327414453790742
7.6459296854840266,699.26887753510061,-998.09026718139603,32.189999999999998,-0.043152912209944723
7.6588843711135794,699.55302399583036,-996.62041664123501,32.170000000000002,-0.043068038713473977
7.6718398173234217,699.594095331483,-996.38128280639603,32.170000000000002,-0.04295970209733746
7.6847960561925772,699.63689893441153,-997.24960327148403,32.479999999999997,-0.042788958590508942
7.6977490271543134,699.4604319337368,-997.24960327148403,32.479999999999997,-0.042593321866226788
7.7107047786321141,699.6105798012685,-996.443271636963,32.409999999999997,-0.042467353245030183
7.7236654423172375,699.87583899663309,-997.66254425048805,32.409999999999997,-0.042326012625157276
7.7366218695209792,699.64706900206852,-997.66254425048805,32.350000000000001,-0.042266014755942563
7.7495727615641892,699.34817033333297,-998.04043769836403,32.350000000000001,-0.042242139785080637
7.7625232572765466,699.32676846729066,-998.02994728088402,32.25,-0.042249132981443852
7.7754782098864386,699.56744093418808,-999.10402297973599,32.25,-0.04224214288940379
7.7884234498358458,699.04295726796477,-999.62997436523403,32.280000000000001,-0.042059059357772606
7.8013710481013092,699.1703063350302,-999.62997436523403,32.280000000000001,-0.041878920876218945
7.8143253767247431,699.53374566544051,-999.19056892394997,32.259999999999998,-0.041750523572679131
7.8272825903778296,699.68953726664927,-999.27115440368596,32.259999999999998,-0.041759205567753775
7.8402380624580488,699.59549233185908,-1000.66184997559,32.240000000000002,-0.041867567018933474
7.8531943396148742,699.63896646858734,-1001.24979019165,32.240000000000002,-0.041944798495758426
7.8661550095098649,699.87617432948491,-1000.50711631775,32.189999999999998,-0.042013598398812357
7.8791200245419741,700.11081173387299,-1000.51593780518,32.189999999999998,-0.042047767588934741
7.8920885744605194,700.3016956014576,-998.64959716796898,32.189999999999998,-0.041947254082490018
7.905053973404967,700.13154300016356,-998.64959716796898,32.189999999999998,-0.041865717825867232
7.9180287269667176,700.63669233452049,-998.39091300964401,32.280000000000001,-0.041813233659644018
7.9310079829555669,700.87982339787038,-1002.6171207428,32.280000000000001,-0.041825350166462778
7.9439832632320826,700.66513493186778,-1003.6940574646,32.280000000000001,-0.041971121810033048
7.9569572303444378,700.5942240671917,-1001.88755989075,32.280000000000001,-0.042105857282383648
7.969931886634547,700.63143966586813,-1001.88755989075,32.25,-0.042310264995492432
7.9829079078309446,700.70514460549225,-998.62813949584995,32.280000000000001,-0.042517546357872367
7.9958725461938807,700.09047159855902,-997.281312942505,32.210000000000001,-0.04257690368383156
8.0088384325309043,700.15786219925837,-998.93116950988804,32.210000000000001,-0.042625355223807261
8.0218094701160698,700.43602959895532,-1001.64103507996,32.229999999999997,-0.042537303849002762
8.0347838470086472,700.61635219920652,-1005.69081306458,32.229999999999997,-0.042482934270574368
8.0477564626679001,700.52124559964011,-1005.8352947235099,32.189999999999998,-0.042532080162836799
8.0607342440630028,700.80019533548591,-1005.8352947235099,32.189999999999998,-0.042636347933943095
8.0737141757790649,700.91631266737011,-1003.7980079650901,32.359999999999999,-0.042765229526040921
8.0866975182049732,701.10049099910157,-1002.60400772095,32.359999999999999,-0.042898779113871653
8.0996754030802105,700.80578326279431,-1003.4008026123,32.140000000000001,-0.042934502578117331
8.1126470770691785,700.47039540425089,-1003.4008026123,32.390000000000001,-0.043087983504161792
8.1256186092888658,700.46273986307472,-1001.34801864624,32.409999999999997,-0.043184241899775475
8.1385899128185795,700.45039060453666,-1001.75714492798,32.409999999999997,-0.043289994613492998
8.15155781288151,700.26660339828572,-1001.75714492798,32.119999999999997,-0.043333586719437073
8.1645212891617209,700.02771913144079,-1002.5315284729,32.119999999999997,-0.043384154430681644
8.1774871879148172,700.15853266710621,-1002.42829322815,32.439999999999998,-0.043574021093725997
8.1904528269332815,700.14450699712472,-1000.37693977356,32.119999999999997,-0.043697746263198708
8.203420830476551,700.27219133658605,-1001.2743473053,32.100000000000001,-0.043692491534513725
8.2163894124741201,700.30342786873348,-1003.48711013794,32.100000000000001,-0.043721007597025498
8.2293649204073613,700.67742839502921,-1002.95495986938,32.409999999999997,-0.043676486238292581
8.242342369630828,700.78225806719956,-1002.69412994385,32.409999999999997,-0.043710684403776998
8.2553158762555565,700.56935773529779,-1005.17988204956,32.329999999999998,-0.043671453992460897
8.2682888758259256,700.54197679997856,-1005.17988204956,32.329999999999998,-0.043604559160849626
8.2812559118283815,700.21994413257676,-1005.10764122009,32.350000000000001,-0.043693136216306994
8.2942171984666651,699.90947846725624,-1003.13854217529,32.350000000000001,-0.043835475419615681
8.3071703577617644,699.47060193544178,-1002.62260437012,32.159999999999997,-0.0438388457716841
8.3201267911740509,699.64740426347237,-1002.62260437012,32.159999999999997,-0.043880191321021361
8.3330848750963114,699.73653180200608,-1003.52668762207,32.140000000000001,-0.043825538207236892
8.3460433036086172,699.75513966454821,-1004.38594818115,32.140000000000001,-0.043829986824541416
8.3590054605160731,699.95647300261294,-1002.9604434967,32.409999999999997,-0.043758871034030165
8.3719664998357981,699.89612326512236,-1001.60431861877,32.100000000000001,-0.043589491397749716
8.3849313596468633,700.10242979756856,-1001.14274024963,32.43,-0.043395769057828777
8.397896804122249,700.1340016708117,-1000.81992149353,32.43,-0.043224256692159124
8.4108599554753152,700.01017306557878,-1000.81992149353,32.490000000000002,-0.043050954118260119
8.423830921657995,700.43217386472691,-1000.40292739868,32.490000000000002,-0.042833247117881404
8.4368093322135795,700.83417000156089,-999.80330467224098,32.539999999999999,-0.042538830182487511
8.4497814159839404,700.49252359946956,-999.74894523620605,32.539999999999999,-0.042433468624834707
8.4627496668444451,700.28554646727173,-999.74894523620605,32.119999999999997,-0.042382947479353339
8.4757149354037082,700.12450220015842,-999.35340881347702,32.119999999999997,-0.042320475395636152
8.4886794320000085,700.08281620027878,-999.97472763061501,32.159999999999997,-0.042246167237965135
8.5016423029210255,699.99502973484061,-1000.36859512329,32.159999999999997,-0.042137041066940044
8.5146012312419774,699.78212933149075,-1000.36859512329,32.57,-0.042040568464887011
8.5275606986963126,699.81124253408564,-1000.21409988403,32.159999999999997,-0.041931475409237487
8.5405220639790773,699.91372526925704,-999.72486495971702,32.560000000000002,-0.041654295184046758
8.5534828042407103,699.87997412818868,-1002.11358070374,32.560000000000002,-0.041429798842641689
8.5664416352913957,699.77687673703429,-1002.11358070374,32.619999999999997,-0.041347226749280465
8.5794005894826757,699.78352632911879,-1001.58596038818,32.619999999999997,-0.041311884091625464
8.5923653261531481,700.09578020548395,-1000.03337860107,32.579999999999998,-0.041329178752043817
8.6053236956814825,699.75195453007154,-1001.08933448792,32.579999999999998,-0.041165846503405622
8.6182804146987255,699.66282693108178,-1001.44171714783,32.189999999999998,-0.040982675013661943
8.6312375176284082,699.68355820286843,-1001.44171714783,32.189999999999998,-0.040822518575335406
8.6441931583814817,699.6046006660398,-999.57060813903797,32.560000000000002,-0.040594263829407909
8.6571478191765507,699.55168293372685,-998.30961227417004,32.189999999999998,-0.040473826229442358
8.670101036421002,699.47373120034592,-1000.03004074097,32.189999999999998,-0.040387735804914941
8.6830575350259078,699.65092466484896,-1000.03004074097,32.189999999999998,-0.040411796006803294
8.6960172497975279,699.82459766751947,-996.98209762573197,32.609999999999999,-0.04056278926546409
8.7089805698234493,700.01928139975973,-994.59886550903298,32.609999999999999,-0.04045888988538611
8.7219453768592405,700.09957993273974,-997.44200706481899,32.539999999999999,-0.040361255199132882
8.7349139847271875,700.30482486910944,-997.44200706481899,32.539999999999999,-0.040267588984133254
8.7478872057469594,700.55393506768814,-997.17450141906704,32.57,-0.04024785425992216
8.760857730069171,700.40831339948454,-997.00999259948696,32.57,-0.040379901313061156
8.7738236422753513,700.15925913368255,-997.00999259948696,32.159999999999997,-0.040472886628299024
8.7867927571963325,700.3322057329807,-997.32184410095203,32.159999999999997,-0.040589861778273693
8.7997637492506104,700.4335709310551,-997.25556373596203,32.140000000000001,-0.040752719053511535
8.812725867869176,699.95440540248512,-997.65324592590298,32.140000000000001,-0.040716014595060787
8.8256810605531371,699.58040493389728,-997.65324592590298,32.549999999999997,-0.040661655367073335
8.8386409305444769,699.83297953237582,-998.06571006774902,32.140000000000001,-0.040531926270380637
8.8516004756098425,699.81543352971789,-996.99950218200695,32.57,-0.040463730692766403
8.8645566761913788,699.63483140298365,-998.07024002075195,32.57,-0.040517500084292855
8.8775099782889058,699.4783132664985,-998.07024002075195,32.140000000000001,-0.040572897219839733
8.8904696019988041,699.81968033446685,-998.00276756286598,32.560000000000002,-0.040620869645739993
8.903431525039565,699.94384420110362,-996.79923057556096,32.579999999999998,-0.04075353551151626
8.9163895561876192,699.73368199488516,-997.57909774780296,32.579999999999998,-0.040764124649516113
8.9293450096420006,699.59448653665538,-997.57909774780296,32.159999999999997,-0.04088956655696481
8.9423070620333771,699.95082913428405,-997.40505218505905,32.159999999999997,-0.040831505838318162
8.9552708115012525,700.04247126525058,-996.82545661926304,32.579999999999998,-0.040839431393167362
8.968229843303714,699.78771733299504,-997.49827384948696,32.210000000000001,-0.040883375331612307
8.981186393648203,699.65371860239702,-998.74377250671398,32.229999999999997,-0.040918802842140646
8.9941483166901346,699.9438442643077,-998.74377250671398,32.229999999999997,-0.04093512789204258
9.0071105460321039,699.96038446626585,-1000.72026252747,32.520000000000003,-0.040965254107054067
9.0200667321271553,699.63404913278669,-999.63688850402798,32.520000000000003,-0.040994282398049961
9.0330258818963394,699.79408753599637,-999.43733215331997,32.590000000000003,-0.041197851920296659
9.0459864141629787,699.8687423985034,-999.43733215331997,32.590000000000003,-0.041306831149899019
9.0589417051518808,699.58571340067454,-999.6337890625,32.539999999999999,-0.041358098386793343
9.0718952080024575,699.48915393115931,-1000.83422660828,32.539999999999999,-0.041272293568392106
9.0848485297629367,699.47937506592689,-1002.03156471252,32.189999999999998,-0.041161832502893431
9.0978000002604968,699.37940686822844,-1002.00748443604,32.189999999999998,-0.041107355306402617
9.1107501327580387,699.30715486725296,-1002.00748443604,32.170000000000002,-0.041196966129965651
9.1236974454172231,699.15488359597271,-1001.14393234253,32.170000000000002,-0.041338742399115273
9.1366446018222192,699.14644586978761,-1001.27148628235,32.57,-0.041662501171150224
9.1495897900308716,699.04016326721262,-1001.40404701233,32.210000000000001,-0.041809277607820348
9.1625342186950771,698.99914786708462,-1001.12175941467,32.549999999999997,-0.041852364730024093
9.1754726889641702,698.67739453105821,-1001.62601470947,32.549999999999997,-0.041746498188071177
9.1884164160321085,698.96126166865668,-1001.62601470947,32.579999999999998,-0.041591908989045967
9.2013711792728436,699.5572149997065,-1002.68459320068,32.579999999999998,-0.041541646544793503
9.2143270673432554,699.61795580222156,-1004.0931701660199,32.539999999999999,-0.041573981029199882
9.2272817860876746,699.55481219863088,-1004.27913665771,32.539999999999999,-0.041636578324586657
9.2402413446036817,699.81615986439022,-1004.27913665771,32.189999999999998,-0.041739303203629861
9.2532008255111009,699.81196900066209,-1000.12445449829,32.189999999999998,-0.041718904135996236
9.266152042481508,699.36571640194279,-999.117612838745,32.189999999999998,-0.04153182316146431
9.2790973734938085,699.04787466422135,-1003.09467315674,32.189999999999998,-0.041108186252724471
9.2920446468308029,699.15276019772034,-1003.09467315674,32.549999999999997,-0.040694705934740914
9.3050015221037601,699.67126473970688,-1004.97984886169,32.189999999999998,-0.040464835861678455
9.3179669603703985,700.13366639841593,-1003.17573547363,32.579999999999998,-0.040461290627345214
9.3309266999778249,699.82593880107083,-1002.85673141479,32.579999999999998,-0.040563861321748572
9.3438861808839722,699.81196893196204,-1002.33745574951,32.590000000000003,-0.040678829988930673
9.3568448432617526,699.76776840010541,-1001.30558013916,32.590000000000003,-0.040524423949703785
9.36979483813084,699.29972293077549,-1004.01258468628,32.579999999999998,-0.040295636281789192
9.3827410332024463,699.09453386672635,-1005.97548484802,32.579999999999998,-0.039978978326368098
9.3956912888419559,699.31380453353347,-1005.92446327209,32.140000000000001,-0.03969982473284437
9.4086524719987299,699.90389046575183,-1005.92446327209,32.140000000000001,-0.039659083509659243
9.4216135889296364,699.90031426899873,-1007.60173797607,32.140000000000001,-0.039685415104520699
9.4345720236506416,699.75547493419595,-1006.43849372864,32.140000000000001,-0.039786429455557333
9.4475310233729104,699.78598500251519,-1007.4622631073,32.5,-0.039866132039813609
9.4604894187716209,699.7533515304475,-1006.80613517761,32.119999999999997,-0.039699389081532095
9.4734434555802327,699.51798766497927,-1005.21397590637,32.5,-0.039460645574180261
9.4863971477999662,699.499379865641,-1005.21397590637,32.5,-0.039166739831885435
9.4993566018012174,699.81051606750941,-1007.02095031738,32.119999999999997,-0.038898628619143664
9.5123261916963102,700.35785433507181,-1009.39512252808,32.5,-0.03880837518221656
9.5252977622049393,700.46480746595046,-1009.06229019165,32.490000000000002,-0.038724796224832714
9.5382672465506548,700.35215466861825,-1002.2366046905501,32.490000000000002,-0.038722950136598509
9.5512401167715808,700.53499193000221,-1003.71956825256,32.140000000000001,-0.038676713075529105
9.5642164163296659,700.72017613662911,-1003.71956825256,32.140000000000001,-0.038423938676590184
9.5771890330234388,700.52130146371667,-1007.4770450592,32.119999999999997,-0.038122135318354483
9.5901573035456238,700.28660819799995,-1007.7986717224099,32.119999999999997,-0.037878850061561053
9.6031369227506627,700.89943707210398,-1007.7986717224099,32.140000000000001,-0.037935250956603855
9.6161167302889137,700.90960706556507,-1009.03606414795,32.140000000000001,-0.038176409692857925
9.6290885801950736,700.47989493261207,-1008.68129730225,32.439999999999998,-0.038313470366958396
9.642056363324734,700.26028900165306,-1009.03558731079,32.439999999999998,-0.038395167017630655
9.6550248677122905,700.29923692806119,-1009.41514968872,32.43,-0.038355712054217818
9.6679962302246523,700.45357566756536,-1009.41514968872,32.43,-0.038297741362570879
9.6809714132296296,700.65988226871139,-1008.6030960083,32.399999999999999,-0.038336295012561195
9.6939511172889148,700.90401920146064,-1009.45043563843,32.399999999999999,-0.038422536518830201
9.7069340364802965,701.07763633455863,-1008.62097740173,32.119999999999997,-0.038589609580266554
9.7199161578383393,701.03455333430281,-1008.62097740173,32.119999999999997,-0.038852025237256269
9.7328959260555195,700.90748372776852,-1007.30657577515,32.100000000000001,-0.038988622319456809
9.7458724087727937,700.73006673276291,-1005.78713417053,32.100000000000001,-0.03901975850276318
9.7588458822827047,700.56756953524507,-1006.63566589355,32.140000000000001,-0.038898352325681597
9.7718241510703319,700.8265145318328,-1006.63566589355,32.140000000000001,-0.038809653164251785
9.7848024250321348,700.82679393740409,-1008.76188278198,32.380000000000003,-0.03884660390506129
9.7977849551370504,701.05662566544481,-1007.75694847107,32.380000000000003,-0.038980682275934257
9.8107738585938691,701.40078666821319,-1007.75694847107,32.409999999999997,-0.039196906404828057
9.823760332333368,701.26958193287135,-1007.7426433563199,32.409999999999997,-0.03938790203832547
9.8367408352592385,700.9471579970932,-1007.75718688965,32.380000000000003,-0.039524395639169339
9.84971953245552,700.84964859919899,-1007.75718688965,32.380000000000003,-0.039572498450458432
9.8627029462826936,701.10434666737785,-1007.52735137939,32.159999999999997,-0.039512665114594281
9.8756867295333812,701.12429553706352,-1006.69002532959,32.159999999999997,-0.039555292782265404
9.8886686035740361,701.02119819537313,-1007.88259506226,32.170000000000002,-0.039742191631976939
9.901649496620994,700.96822453577954,-1006.21342658997,32.170000000000002,-0.039948058416912513
9.9146299798864597,700.94609633506491,-1007.04288482666,32.299999999999997,-0.040179080225413562
9.9276046165160583,700.63037799834387,-1007.04288482666,32.259999999999998,-0.040322448022956016
9.9405716204394885,700.21821186530087,-1005.7578086853,32.259999999999998,-0.040388613318373998
9.9535358045247158,700.06594060226462,-1004.60386276245,32.259999999999998,-0.040550110860685523
9.9665031975345624,700.23922253166666,-1005.81932067871,32.310000000000002,-0.040672237260482066
9.9794680242320855,700.10064166621601,-1005.81932067871,32.25,-0.040826246970026757
9.9924252378851701,699.68953726664927,-1007.648229599,32.259999999999998,-0.041020085206103403
10.005378832833314,699.49412719973645,-1004.39715385437,32.259999999999998,-0.041170993612247075
10.018342022474101,700.01224060250263,-1003.41892242432,32.280000000000001,-0.041290509204014905
10.031303874113547,699.93998853007929,-1003.41892242432,32.280000000000001,-0.041297291301518796
10.044262750695069,699.77933540218658,-1004.59027290344,32.25,-0.041310569892028859
10.0572264670494,700.04068313389803,-1003.66473197937,32.25,-0.041422397932347858
10.070199635293847,700.55108520011129,-1003.66473197937,32.280000000000001,-0.041666388925778217
10.083166665087656,700.21960886567695,-1001.6028881073,32.280000000000001,-0.041882364700576276
10.09612667167405,699.84035566523278,-1002.14052200317,32.25,-0.042067680301006029
10.109085580334595,699.78106766946257,-1004.91428375244,32.25,-0.042099934071534818
10.122045320976593,699.82599466789543,-1002.87675857544,32.299999999999997,-0.042032436985508397
10.135005547975272,699.85225792871768,-1002.87675857544,32.299999999999997,-0.041954362143186111
10.147968199518521,699.98318333543227,-1000.98180770874,32.32,-0.041918777343491219
10.16093311727904,700.10555906796867,-999.67336654663097,32.32,-0.042007080176002166
10.173900731735793,700.2511806647243,-999.78995323181096,32.170000000000002,-0.042068575404713593
10.186866103775344,700.13009013571082,-999.50599670410202,32.170000000000002,-0.042099748841271725
10.199825539150655,699.80951026680987,-999.50599670410202,32.119999999999997,-0.042118280091579564
10.212781316497562,699.61197673294464,-998.36564064025902,32.119999999999997,-0.0420234342005028
10.225740231366702,699.78140293361434,-998.14844131469704,32.359999999999999,-0.041933569849633659
10.238700322807444,699.8449378000854,-999.48048591613804,32.159999999999997,-0.041840355843405085
10.251657223949405,699.67266166588706,-999.89056587219204,32.420000000000002,-0.041752417260331368
10.264615561398767,699.75022226554347,-997.55525588989303,32.420000000000002,-0.041821734564723545
10.277574697716037,699.79336113262389,-997.55525588989303,32.460000000000001,-0.04195563702094908
10.290532209392644,699.70563053675835,-996.70743942260697,32.460000000000001,-0.041996216814547009
10.303486109607425,699.51061159807421,-997.22862243652298,32.539999999999999,-0.041912653379338673
10.316439724217298,699.49518893321283,-996.85716629028298,32.539999999999999,-0.041680779929231672
10.329396944078979,699.68987253080104,-994.31991577148403,32.119999999999997,-0.041511017414928894
10.342358756396287,699.93786513457485,-994.31991577148403,32.119999999999997,-0.041396138775204497
10.355320952625933,699.95859640086542,-994.58146095275902,32.140000000000001,-0.041365379260867051
10.368286214975328,700.1241668673066,-995.39613723754906,32.140000000000001,-0.041354198215279872
10.38125373112714,700.24587219794705,-995.39613723754906,32.57,-0.041343259315091252
10.394216850400014,700.00844073509904,-993.89934539794899,32.140000000000001,-0.041295234113967273
10.407174978819707,699.73893466353752,-991.81103706359897,32.560000000000002,-0.04106477316865164
10.420132582593881,699.71060380533561,-992.32029914856003,32.560000000000002,-0.040725577208782754
10.433093712975328,699.90104059817497,-994.23575401306096,32.579999999999998,-0.040442043294234176
10.44604720961731,699.48881866700754,-993.46446990966797,32.579999999999998,-0.040241148736231441
10.458996672597507,699.27100093060506,-993.15714836120605,32.539999999999999,-0.040261609893432228
10.471954204970364,699.70674813431128,-993.38293075561501,32.539999999999999,-0.040310089373283134
10.484912457565377,699.74564013069084,-992.66910552978504,32.119999999999997,-0.040294077868313925
10.497869956824692,699.70496000295873,-992.66910552978504,32.119999999999997,-0.04027253534262254
10.51082590905315,699.62142033677344,-992.67816543579102,32.140000000000001,-0.040189682816091053
10.523787534071612,699.92775099694654,-993.20340156555199,32.140000000000001,-0.040098086206546202
10.536755258217301,700.2571038671764,-992.90442466735794,32.140000000000001,-0.040054330602229501
10.549716784929652,699.92244246696544,-992.89584159851097,32.140000000000001,-0.040013681476610628
10.562675856054303,699.78984073124741,-992.89584159851097,32.560000000000002,-0.040088510141266152
10.575641352269121,700.13679560011599,-992.61403083801304,32.560000000000002,-0.040158448326063259
10.588610857311139,700.353272268919,-993.44062805175804,32.189999999999998,-0.040193670946073241
10.601575521545724,700.09186866763503,-993.75915527343705,32.579999999999998,-0.040208210961668635
10.614539848433328,700.07365193057331,-992.97022819518997,32.57,-0.040182767228264513
10.627509496277771,700.36098359997573,-993.23797225952103,32.57,-0.040217629736662576
10.640479709124753,700.3914937369949,-994.53091621398903,32.189999999999998,-0.040212488835653197
10.653444295749377,700.08767772971066,-994.53091621398903,32.189999999999998,-0.040109017864281032
10.66640908415928,700.09857413478812,-997.07436561584495,32.140000000000001,-0.040025027054225261
10.679380861628434,700.4759833343071,-996.10972404480003,32.140000000000001,-0.040027485746348665
10.692351288679056,700.40306073357999,-994.25053596496605,32.170000000000002,-0.040114508526970294
10.705314083024682,699.99089466374107,-994.25053596496605,32.170000000000002,-0.040209824218593274
10.718274245866636,699.84879346561377,-995.35870552063,32.57,-0.040257581405569794
10.73123551284324,699.9084167365279,-995.35870552063,32.57,-0.040293031683170104
10.744191582003646,699.62773466195802,-997.42722511291504,32.119999999999997,-0.040400146195596932
10.757143286366679,699.39203560378576,-997.38287925720203,32.590000000000003,-0.040476744372587047
10.770099719779017,699.64740426622041,-996.79422378540005,32.590000000000003,-0.040584474593989554
10.783060428996349,699.87829773598128,-997.53475189208996,32.590000000000003,-0.040739898879248379
10.796022560033377,699.95507599948883,-998.52418899536099,32.119999999999997,-0.040952317002318828
10.808978220448182,699.60566239951606,-995.72348594665505,32.119999999999997,-0.041171675548106329
10.821925390304941,699.14717226491598,-995.72348594665505,32.159999999999997,-0.041336275429865475
10.834878510277749,699.46847853169345,-997.62439727783203,32.159999999999997,-0.041458042751654031
10.847831247374064,699.44780320092752,-997.63321876525902,32.189999999999998,-0.041564926503999393
10.860782295672836,699.35660813371408,-997.63321876525902,32.189999999999998,-0.041607508642768146
10.873736559102429,699.53022519811202,-997.92599678039505,32.579999999999998,-0.041704686978353896
10.886699177532135,699.98139520407972,-996.61111831665005,32.579999999999998,-0.041871492027067678
10.899660743565455,699.92456579926579,-996.06609344482399,32.590000000000003,-0.042105976284389161
10.912616352240779,699.60286846746385,-996.06609344482399,32.590000000000003,-0.042299969742729815
10.925570700524723,699.53480733296465,-998.28028678893997,32.57,-0.042381642592675288
10.938526945602474,699.63723419856342,-1000.37550926208,32.57,-0.042380219738409879
10.951487952843225,699.89439100059462,-999.60613250732399,32.170000000000002,-0.042433263733145904
10.964447388218536,699.80951026680987,-999.60613250732399,32.170000000000002,-0.042513988704465426
10.97740777147283,699.86069573184682,-1000.74481964111,32.210000000000001,-0.042635391775748085
10.990370233646921,699.97295740095058,-1002.81095504761,32.210000000000001,-0.042757867938852952
11.003333365338257,700.00911133210275,-1002.81095504761,32.539999999999999,-0.042893586473176273
11.016287765361785,699.53760127051282,-1003.26299667358,32.25,-0.042982435680708177
11.029237397014837,699.28010926478566,-1000.82659721375,32.549999999999997,-0.043029384686755469
11.042196097680286,699.76983593428122,-1004.3613910675,32.549999999999997,-0.043075931154219836
11.055157540572859,699.91791619893718,-1004.3613910675,32.549999999999997,-0.043107785490794179
11.068115150555576,699.71093906673946,-1005.5122375488299,32.549999999999997,-0.043187523259516788
11.08107930152838,700.06415253136799,-1003.42106819153,32.549999999999997,-0.043398524738291228
11.094044687019792,700.13081653633526,-1002.48122215271,32.549999999999997,-0.043584106282709013
11.10700616199134,699.91964846346514,-1002.48122215271,32.210000000000001,-0.043769800621249348
11.119963304243212,699.6856816011209,-1001.49750709534,32.210000000000001,-0.043826690978111413
11.132917490062997,699.52603426843177,-1000.07581710815,32.5,-0.043781550806944784
11.145883739616057,700.17747586524808,-1002.22635269165,32.210000000000001,-0.043695081645935233
11.158853633743217,700.37428286658474,-1002.22635269165,32.450000000000003,-0.043635139655147828
11.171823229848126,700.3581896651757,-1001.85966491699,32.25,-0.043619323729101531
11.184797087270328,700.58830079878771,-1000.4403591156,32.560000000000002,-0.043799211788232012
11.197776264614797,700.87557660136531,-999.99356269836403,32.560000000000002,-0.043961872449721662
11.210752330306239,700.70754733786782,-1001.40976905823,32.520000000000003,-0.044032321828126726
11.223724596202487,700.50235839747859,-1001.40976905823,32.520000000000003,-0.043895458802396162
11.23669512776919,700.40870460190899,-1002.0866394042999,32.229999999999997,-0.043664492874103532
11.249671310393904,700.71386173450048,-1003.50093841553,32.469999999999999,-0.043536408079856946
11.262645934604937,700.62970739584421,-1005.2630901336699,32.259999999999998,-0.043488236971830178
11.275615127135778,700.33639666540887,-1005.2630901336699,32.259999999999998,-0.043577377993676551
11.288585729069123,700.41250440061253,-1006.00790977478,32.359999999999999,-0.043732469073085832
11.301556325828392,700.41222500053732,-1003.35478782654,32.25,-0.043781942998343669
11.31452210144074,700.1518830667776,-1003.35478782654,32.229999999999997,-0.04375342176165465
11.327485960597549,700.04839446770268,-1002.73847579956,32.229999999999997,-0.043556100377504146
11.34045669291608,700.41954520061768,-1002.26593017578,32.359999999999999,-0.043239504513024211
11.353431394737076,700.63389833376834,-1002.79760360718,32.359999999999999,-0.043008517887004827
11.36640259478645,700.44480266623634,-1002.79760360718,32.439999999999998,-0.042951390560397221
11.379375776482709,700.55181159798781,-1001.3618469238299,32.439999999999998,-0.042940585148648361
11.392349808787632,700.59774446582026,-1001.8196105957001,32.450000000000003,-0.042988465477542155
11.405330208233368,700.9415700697848,-1001.44028663635,32.450000000000003,-0.042968281647305595
11.418304623414837,700.61841979933422,-1001.44028663635,32.229999999999997,-0.042888637010770947
11.431275161190083,700.40903986331284,-999.60541725158703,32.229999999999997,-0.042798493263999475
11.444245679303751,700.40797813808069,-1000.24151802063,32.229999999999997,-0.042731296270635252
11.457225422685228,700.90614259971312,-1000.65517425537,32.229999999999997,-0.042731494953168872
11.470196382660534,700.43183866652714,-1000.65517425537,32.43,-0.042792647663417546
11.483164425525944,700.27431473209049,-1001.11794471741,32.240000000000002,-0.042883237409906662
11.496137587560471,700.55074986451154,-1000.30040740967,32.409999999999997,-0.042955812273364251
11.509114919851838,700.77594373377087,-1001.60574913025,32.409999999999997,-0.042901799703802188
11.522089582350644,700.63177493551598,-1001.60574913025,32.240000000000002,-0.042809997167590597
11.535063063104994,700.5679607349216,-1001.26981735229,32.409999999999997,-0.042664877448928946
11.548037628333327,700.62652233006736,-999.62949752807594,32.420000000000002,-0.04260541560724581
11.561015221393792,700.790025265081,-1000.8373260498,32.420000000000002,-0.042625005459735604
11.573987701493834,700.51392540230779,-1000.8373260498,32.25,-0.042633195924765339
11.586956127235791,700.29499006560434,-1000.23078918457,32.25,-0.04261235395970165
11.59992124678398,700.116455602202,-999.97234344482399,32.25,-0.042570268527903063
11.612887737444407,700.19049566308195,-998.48318099975597,32.25,-0.042539277216368875
11.625848172439557,699.86348973809493,-998.48318099975597,32.280000000000001,-0.042551012916495184
11.638805009424692,699.66919719728719,-998.17657470703102,32.280000000000001,-0.042613297700604069
11.651765652414836,699.87472146778009,-998.58283996581997,32.210000000000001,-0.042799501161778705
11.664732123414856,700.18943400105377,-999.69840049743596,32.210000000000001,-0.043016762161778216
11.677694942595066,699.99223573134043,-999.69840049743596,32.210000000000001,-0.043190389663993252
11.690658847283933,700.05085319880698,-999.30572509765602,32.210000000000001,-0.043277930881847067
11.703633529444419,700.63283666624409,-999.30572509765602,32.140000000000001,-0.043285138283377413
11.716608829382665,700.66619666534405,-998.379945755005,32.140000000000001,-0.043379632342563978
11.729580939023455,700.49392060259356,-998.56495857238804,32.409999999999997,-0.043554084582352798
11.742553437749335,700.51493119751126,-997.591733932495,32.409999999999997,-0.043814002225283692
11.755524001395059,700.41043686918476,-996.60682678222702,32.140000000000001,-0.044115151589011137
11.768493032496313,700.32767946770059,-997.73836135864303,32.479999999999997,-0.044369925226202395
11.781456364939476,700.01995193081154,-997.73836135864303,32.530000000000001,-0.044505928332386396
11.794412726950601,699.64354860069193,-996.55008316040005,32.530000000000001,-0.044517446723531313
11.807367380501232,699.55129173405032,-998.68130683898903,32.119999999999997,-0.044426506177178381
11.820319623996323,699.42114873493279,-998.69418144226097,32.119999999999997,-0.044427032892249405
11.833266502039528,699.13141433315468,-998.69418144226097,32.189999999999998,-0.044540798084459585
11.846211040392566,699.00507106404075,-998.188257217407,32.189999999999998,-0.044631604104494148
11.859158131604996,699.14292547115906,-997.60866165161099,32.189999999999998,-0.044793946047942505
11.872107249995095,699.25239306531489,-999.00984764099098,32.189999999999998,-0.044858319064055713
11.88505482239013,699.16890933190609,-997.76220321655296,32.5,-0.044837662329051564
11.898004110488875,699.26155733227233,-997.76220321655296,32.5,-0.044877143162841734
11.910960648416021,699.65304806584925,-998.67343902587902,32.479999999999997,-0.044926472214953383
11.923916945234527,699.64002819931545,-995.70369720458996,32.479999999999997,-0.045060971752434606
11.936864894297564,699.1892494040161,-995.70369720458996,32.210000000000001,-0.045227272849485328
11.949812174877776,699.15315133144486,-995.25332450866699,32.399999999999999,-0.045301123624716937
11.962762268053076,699.30503146625256,-995.72110176086403,32.259999999999998,-0.045300924942997541
11.975713536764188,699.3685103999469,-999.45330619812,32.259999999999998,-0.045307601491071776
11.988661011887682,699.16365666874981,-999.45330619812,32.229999999999997,-0.045240244103607184
12.001612475141973,699.37901573175589,-998.73876571655296,32.229999999999997,-0.045251892878868716
12.014566667171627,699.52636960128348,-996.59037590026901,32.259999999999998,-0.045320752801584818
12.027520495983971,699.50675586659395,-994.21238899231003,32.259999999999998,-0.045384807097926506
12.040471972690128,699.37974213238033,-994.21238899231003,32.25,-0.045338885651084147
12.05342451524448,699.43729793507055,-995.87845802307095,32.25,-0.045163104724399369
12.066384678085214,699.84879339966187,-996.48833274841297,32.229999999999997,-0.044922272984178099
12.079341117706146,699.64773953037218,-996.48833274841297,32.229999999999997,-0.044687524851043353
12.092291808997579,699.33732973737222,-996.74248695373501,32.329999999999998,-0.044587509085478066
12.105246527741999,699.55481219863088,-998.20375442504906,32.189999999999998,-0.044642730305970407
12.118202065013564,699.59901266453551,-997.40099906921398,32.329999999999998,-0.044719305716499222
12.131151734954337,699.28217680170962,-995.81766128540005,32.329999999999998,-0.044813650763238511
12.144092317256773,698.79144433151453,-997.891664505005,32.390000000000001,-0.044625155213704901
12.157035154393856,698.91320540257163,-997.891664505005,32.390000000000001,-0.044303798219828334
12.169980608548176,699.0545243332499,-998.70729446411099,32.450000000000003,-0.043952201183061111
12.182927076808667,699.10928606648804,-998.83604049682594,32.450000000000003,-0.043760622954589587
12.195874427755522,699.15695113014851,-998.83604049682594,32.140000000000001,-0.043743684266431188
12.208828464564235,699.51798767047501,-997.52664566040005,32.140000000000001,-0.043878773641187641
12.221786834092621,699.75195453281947,-997.34044075012196,32.119999999999997,-0.04398081244654628
12.234741883972831,699.5726935313927,-997.04527854919399,32.119999999999997,-0.043972578519771162
12.247696739311133,699.56218826828376,-997.51853942871105,32.119999999999997,-0.043767845879058777
12.260652367646864,699.60393012949214,-997.51853942871105,32.119999999999997,-0.043496160457792171
12.273618532344456,700.1728936699393,-999.83453750610295,32.549999999999997,-0.043192347511372076
12.286580657172887,699.95474073533705,-1001.28865242004,32.549999999999997,-0.042945934045822358
12.299535590120998,699.56637919796401,-1001.21974945068,32.600000000000001,-0.042929955654956491
12.31249633762595,699.88036526740905,-999.66239929199196,32.600000000000001,-0.042989361616889203
12.325462295362914,700.16171779608692,-998.79026412963901,32.560000000000002,-0.043015504875841305
12.338421846637079,699.81576880486182,-999.31335449218705,32.560000000000002,-0.042975478702008116
12.351376539509898,699.55341513230269,-999.33481216430698,32.210000000000001,-0.042736888344827084
12.364340703934616,700.06487893474048,-999.33481216430698,32.210000000000001,-0.042522186413526501
12.377311014053086,700.39674639740338,-1002.05087661743,32.189999999999998,-0.042309690681003383
12.390282298955539,700.44938473238915,-1004.04381752014,32.189999999999998,-0.042130272421452231
12.403257182902525,700.64373313727344,-1004.04381752014,32.210000000000001,-0.042084791800455608
12.416234249249394,700.76158273093756,-1003.9634704589801,32.210000000000001,-0.042077787220301963
12.429214024709843,700.90787486424119,-1003.9634704589801,32.539999999999999,-0.042049100415793336
12.442182690525918,700.30795406806158,-1003.38244438171,32.539999999999999,-0.042001592615854941
12.455151805446899,700.3322057329807,-1003.29113006592,32.189999999999998,-0.04192243123183171
12.46811949130619,700.25503640170064,-1003.31139564514,32.5,-0.041945860204095534
12.481093095201185,700.57461032975402,-1003.12066078186,32.420000000000002,-0.041990462276095382
12.494062788577738,700.36344233382817,-1004.2228698730499,32.420000000000002,-0.042048755825644483
12.507031766904939,700.32482966882378,-1002.76184082031,32.229999999999997,-0.042046571356823714
12.520005993751873,700.60824973442516,-1002.76184082031,32.229999999999997,-0.042000433636843013
12.532987120664203,700.98085326584089,-1000.67734718323,32.380000000000003,-0.041945186546126008
12.545964180802528,700.76124746953371,-1000.8862018585201,32.259999999999998,-0.041927111645467863
12.55893956455923,700.67072286192411,-1000.8862018585201,32.240000000000002,-0.041935104462178581
12.571915819619727,700.71777326685356,-1003.25870513916,32.240000000000002,-0.041943633307642204
12.584891528305,700.68826900473005,-1003.93462181091,32.450000000000003,-0.042022191401967016
12.597862104367916,700.41110739748865,-1003.88860702515,32.450000000000003,-0.042105591337835847
12.610830432838281,700.28973739970002,-1005.0048828125,32.420000000000002,-0.042173332637232039
12.62379678690615,700.18311966487704,-1005.0048828125,32.420000000000002,-0.042244380133041159
12.636764114722206,700.23570206708621,-1006.01005554199,32.450000000000003,-0.042353281750137521
12.64972575940245,699.92881273317062,-1004.48799133301,32.450000000000003,-0.042612319812350592
12.662684083398778,699.74949580171517,-1004.83775138855,32.210000000000001,-0.042882286425736237
12.675642595729641,699.75966586662423,-1006.10327720642,32.210000000000001,-0.043124445816603303
12.688604694687646,699.95334373221294,-1006.10327720642,32.189999999999998,-0.04323809304158234
12.701561427158023,699.66355340040616,-1005.60021400452,32.189999999999998,-0.043236067931934893
12.7145176194605,699.63438433373449,-1005.60021400452,32.240000000000002,-0.043276669456405514
12.727479757740694,699.95546713046531,-1004.64415550232,32.240000000000002,-0.043359594418619543
12.740442759046894,700.00207053484564,-1003.58510017395,32.57,-0.043509934717851785
12.75340401981485,699.90808146962809,-1002.88653373718,32.57,-0.043731205579825738
12.766369541899994,700.13819259774414,-1001.4979839325,32.560000000000002,-0.043902255386944963
12.779335291641965,700.15048606640153,-1000.36549568176,32.560000000000002,-0.044014272796879028
12.792303717385192,700.29499013430438,-1000.36549568176,32.479999999999997,-0.044073729465097362
12.805271721962932,700.27224719791468,-1001.35111808777,32.479999999999997,-0.044038217100881454
12.818240375361764,700.30728353700988,-1002.53701210022,32.25,-0.044059931403700292
12.831209093953115,700.31080393289039,-1001.88040733337,32.25,-0.044253120819038802
12.844184931988849,700.69525392966636,-1001.57737731934,32.25,-0.044544540966755614
12.857156320371589,700.45497266794143,-1001.2674331665,32.25,-0.044764120959553372
12.870127410730808,700.43887939783224,-1003.19194793701,32.329999999999998,-0.04480386256274721
12.883101742093823,700.61389360275416,-1003.19194793701,32.329999999999998,-0.044788088028744871
12.896072208467906,700.4051842005324,-1002.87699699402,32.210000000000001,-0.044680773797839593
12.909037970627219,700.1511566029493,-1002.01439857483,32.210000000000001,-0.044745948786184847
12.922003480295121,700.13752206669233,-1002.6307106018101,32.140000000000001,-0.044897037247091258
12.934968560519748,700.11433212975351,-1002.6307106018101,32.140000000000001,-0.045018862518687891
12.947927800317306,699.79894906817628,-1003.06296348572,32.100000000000001,-0.045190000285242719
12.960880238355578,699.43165406674166,-1000.25606155396,32.100000000000001,-0.045131545306513532
12.973831312523457,699.3580050653901,-998.62980842590298,32.450000000000003,-0.044983548835377148
12.986786466919797,699.57833740246951,-998.62980842590298,32.450000000000003,-0.044750868238708198
12.99974749382223,699.89545273132273,-999.12691116332996,32.450000000000003,-0.04447091888215849
13.01270796089508,699.86522193392284,-999.14526939392101,32.450000000000003,-0.044343882343011599
13.025670202655613,699.96105506876563,-999.14193153381302,32.140000000000001,-0.044428168070534541
13.038635068676546,700.10276513042027,-999.42564964294399,32.5,-0.044508037260489033
13.051594387118536,699.80319586742905,-996.59895896911598,32.100000000000001,-0.044572552044458397
13.064552887032159,699.75899533557254,-995.79858779907204,32.100000000000001,-0.044514878342117391
13.0775091124494,699.63617253103905,-996.33884429931595,32.119999999999997,-0.044364908503360445
13.090471542544467,699.97122513367481,-996.33884429931595,32.119999999999997,-0.044278307921424342
13.103433874332152,699.96591653499354,-997.61080741882301,32.140000000000001,-0.044237877138085462
13.116395876018515,699.94809106356047,-997.59554862976097,32.140000000000001,-0.04431060722243306
13.12935928710621,700.02419873556028,-996.88005447387695,32.490000000000002,-0.044452723943092007
13.142324145882705,700.10237393074397,-995.73779106140103,32.490000000000002,-0.044511966406601211
13.155284451527139,699.85650479941864,-995.73779106140103,32.119999999999997,-0.044485602734039245
13.168242067719776,699.71127440233931,-996.64235115051304,32.460000000000001,-0.044336772213682742
13.181201204037047,699.79336113262389,-997.81060218811001,32.090000000000003,-0.044155515109979615
13.194163237802483,699.94982333358439,-996.87647819518997,32.590000000000003,-0.044056112981449458
13.207123283711116,699.84247906623318,-996.42610549926803,32.159999999999997,-0.043976013031057276
13.22008306884938,699.82839746622324,-996.895313262939,32.159999999999997,-0.043868327306327205
13.233045524813553,699.97262206535083,-997.40147590637196,32.189999999999998,-0.043758869998441564
13.246012502867931,700.21681493637277,-997.40147590637196,32.189999999999998,-0.043551424104848406
13.258976011227217,700.02945140146483,-997.49875068664505,32.210000000000001,-0.043363223473138188
13.271936271339543,699.85404606556631,-996.90365791320801,32.210000000000001,-0.043157776817492041
13.284898024672827,699.93467999735014,-996.39368057250999,32.520000000000003,-0.043076534444732487
13.297864898211072,700.21117106529573,-996.39368057250999,32.520000000000003,-0.043136785840998858
13.310824788899987,699.83409720137672,-996.35767936706497,32.359999999999999,-0.04313892477893258
13.323777817811175,699.46356120413679,-997.00999259948696,32.359999999999999,-0.043009227763095514
13.33674018892105,699.96803993324602,-997.00999259948696,32.229999999999997,-0.042797761658002982
13.349707361517286,700.22732019673367,-996.40107154846203,32.229999999999997,-0.042511552778243547
13.36267473589997,700.2382166650151,-996.00696563720703,32.299999999999997,-0.042302407737889798
13.375644506886383,700.36763326625635,-995.83673477172795,32.299999999999997,-0.042165732010291758
13.388620604658019,700.70927966834768,-995.83673477172795,32.140000000000001,-0.042211235397953233
13.401597853129607,700.77141746574284,-994.99058723449696,32.390000000000001,-0.04239510123952564
13.414567279525972,700.34902540371422,-995.51844596862804,32.460000000000001,-0.042408619903900838
13.427527903890075,699.8737156615847,-997.11942672729504,32.460000000000001,-0.042270173628990271
13.440487799751896,699.83437653824797,-997.11942672729504,32.100000000000001,-0.041954559790792684
13.453450372649391,699.97893646473153,-996.58226966857899,32.100000000000001,-0.041727788952345808
13.466404169383983,699.50502366801788,-995.71490287780796,32.170000000000002,-0.041737580257923595
13.479355152488866,699.35308766363744,-997.12467193603504,32.170000000000002,-0.041893504351778611
13.492304744819778,699.27798586928134,-997.96628952026401,32.189999999999998,-0.042157170051742562
13.505251030955499,699.09945132893483,-998.07953834533703,32.189999999999998,-0.042317617270423408
13.518191145525869,698.76618679994385,-998.07953834533703,32.57,-0.042319007010789035
13.531130545048208,698.72757420638766,-996.93298339843705,32.57,-0.042235946489161597
13.544076675962989,699.09106939812636,-996.93298339843705,32.189999999999998,-0.042060040350909003
13.557029328204953,699.44322106607478,-996.682167053223,32.579999999999998,-0.041964667744913885
13.569984462939463,699.5772756634974,-1001.788854599,32.560000000000002,-0.042068249441368728
13.582938829850669,699.53581320511228,-1000.87547302246,32.560000000000002,-0.042242058034596665
13.595895159782717,699.64181633066801,-1000.87547302246,32.210000000000001,-0.042498715014647886
13.608853269575354,699.73792880238216,-999.46546554565396,32.210000000000001,-0.042635446621283907
13.621803590407483,699.31732493490995,-998.404979705811,32.210000000000001,-0.042537239690446614
13.63475061746054,699.13946086515932,-999.54581260681096,32.210000000000001,-0.042424171955456981
13.647701541582723,699.34990259786082,-999.54581260681096,32.210000000000001,-0.042307876670622357
13.660656442451861,699.56464693343605,-1001.09791755676,32.210000000000001,-0.042382223117795298
13.673608581432093,699.4155049325559,-999.61066246032703,32.549999999999997,-0.042648100190001516
13.686561136402519,699.43796840291839,-997.93362617492699,32.549999999999997,-0.042934090726463182
13.699514907267904,699.50362673084578,-997.93362617492699,32.189999999999998,-0.043165222224865421
13.71246922968152,699.53341033533661,-998.01516532897904,32.560000000000002,-0.043156596107454745
13.725421816732037,699.43970072790228,-1000.49066543579,32.509999999999998,-0.042980859676984409
13.738376515813556,699.55375040195065,-1001.79624557495,32.509999999999998,-0.042867836438514551
13.751334112344461,699.71021266886316,-1001.74045562744,32.210000000000001,-0.042916715351403907
13.764295341033343,699.90634919960416,-1001.74045562744,32.210000000000001,-0.043178522545281282
13.777249747266636,699.53793659786868,-1001.46460533142,32.25,-0.043470555295564185
13.790199204037066,699.27066560324909,-1004.58765029907,32.25,-0.043697959432013905
13.803145977565414,699.12577053077769,-1003.23915481567,32.240000000000002,-0.043765184366372896
13.816090015074115,698.97802546981768,-1003.23915481567,32.240000000000002,-0.043702855085031793
13.82902760886544,698.6300647315494,-1002.06828117371,32.259999999999998,-0.043575324946342107
13.841972797074041,699.04016326446458,-1004.47869300842,32.259999999999998,-0.043515906564979473
13.854926320621022,699.49027153695624,-1006.20198249817,32.210000000000001,-0.043599688344961356
13.867881591949413,699.58465173315028,-1006.82663917542,32.210000000000001,-0.043806839320324011
13.880837979829643,699.64494553236807,-1004.89592552185,32.229999999999997,-0.043945285594573016
13.893791288137038,699.47864859935044,-1003.09443473816,32.229999999999997,-0.043891640378974882
13.906753555767896,699.96245206639378,-1003.09443473816,32.299999999999997,-0.043608237884843963
13.919716817844417,700.01615213210778,-1002.00414657593,32.299999999999997,-0.043148049670317733
13.932677369771616,699.86980406877558,-1002.84051895142,32.280000000000001,-0.04277492148956312
13.945641404845668,700.05789399881212,-1007.48515129089,32.280000000000001,-0.042659918673605073
13.958616144955606,700.6359659366442,-1007.48515129089,32.259999999999998,-0.042792744934550368
13.971587221862912,700.43815299445976,-1005.61785697937,32.259999999999998,-0.043080745057822417
13.984550210750649,700.00139993784194,-1004.230260849,32.280000000000001,-0.043205005219594327
13.99751232833454,699.95434953016456,-1005.70130348206,32.280000000000001,-0.043135442666447324
14.010473959561752,699.92808626934232,-1005.70130348206,32.299999999999997,-0.04298425693466254
14.023433647428424,699.82314480031869,-1007.08436965942,32.299999999999997,-0.042804305751343176
14.036388853565418,699.58113139772581,-1009.83428955078,32.350000000000001,-0.042769741267330769
14.049355265581466,700.18624886657699,-1010.3135108947801,32.350000000000001,-0.042918211677398455
14.062328714256845,700.56622847039364,-1010.3135108947801,32.25,-0.043177235250785512
14.075299738388875,700.43530312963105,-1010.3697776794399,32.25,-0.043424111272799222
14.088267937509897,700.28275253521963,-1008.2905292511,32.25,-0.043457441238811796
14.101235550932079,700.25112479789971,-1007.05456733704,32.25,-0.043378119459975752
14.114211643528369,700.70900019957264,-1006.43396377563,32.259999999999998,-0.043220356520340314
14.12718366831486,700.48933847048886,-1006.43396377563,32.259999999999998,-0.043015107511791842
14.140156142206205,700.51359013265994,-1006.52670860291,32.310000000000002,-0.04288825930712941
14.153135878344413,700.90575146324068,-1006.29711151123,32.310000000000002,-0.042766577874362582
14.166120675702441,701.17905733350563,-1006.29711151123,32.259999999999998,-0.042641491938359616
14.179105954244449,701.20504126844867,-1005.9573650360099,32.259999999999998,-0.042476318776376906
14.192087626498807,701.0103017353357,-1005.87439537048,32.140000000000001,-0.0422241393887378
14.205069052469128,700.99700239727872,-1005.1536560058599,32.140000000000001,-0.042026699003090667
14.218053563187629,701.16357879907162,-1005.1536560058599,32.369999999999997,-0.041952372217546989
14.231035704207402,701.03561506777908,-1006.25967979431,32.369999999999997,-0.041888919141354959
14.244017038080207,700.99202913144961,-1006.96206092834,32.490000000000002,-0.041895402181123712
14.256998606854328,701.00471380253146,-1008.1787109375,32.490000000000002,-0.041836573639275412
14.26998247495921,701.12887766367237,-1008.1787109375,32.560000000000002,-0.041745594805150783
14.282965551440775,701.08613000451237,-1005.58638572693,32.560000000000002,-0.041674108554724018
14.295944774316082,700.87803526651771,-1007.64536857605,32.159999999999997,-0.041568174751062253
14.30892538796663,700.95313712957397,-1008.6429119110099,32.159999999999997,-0.041486598136559222
14.321906183743218,700.96297193582711,-1008.6429119110099,32.170000000000002,-0.041516263866182151
14.334883555355605,700.77806706881938,-1007.1747303009,32.170000000000002,-0.041640154602558481
14.347855528402459,700.48654453019265,-1004.35876846313,32.210000000000001,-0.04179636533838272
14.360830067760519,700.62512533518736,-1004.2662620544399,32.210000000000001,-0.041793204015472193
14.373804380496271,700.61288773060642,-1006.2267780304001,32.579999999999998,-0.041648916279179007
14.386775112814801,700.41954520061768,-1006.23273849487,32.579999999999998,-0.041446062839735509
14.39974470788397,700.35813373514702,-1003.78227233887,32.579999999999998,-0.041350533977923334
14.412717804727151,700.547229531835,-1001.71637535095,32.579999999999998,-0.04144961428307127
14.425693754521063,700.70128887126384,-1001.74307823181,32.600000000000001,-0.041682221408977968
14.438664960778983,700.44513792764019,-1001.74307823181,32.600000000000001,-0.041872617891925375
14.451633627629629,700.30800993488629,-1002.87938117981,32.170000000000002,-0.042059133863563684
14.464603365502446,700.36584513215575,-1000.79154968262,32.170000000000002,-0.042058044216369148
14.477573552479051,700.39009673661883,-1000.79154968262,32.119999999999997,-0.041993617390003395
14.490541335608661,700.26028899890514,-1001.87849998474,32.119999999999997,-0.041892337094622513
14.503507812818548,700.18976933390559,-1003.36408615112,32.590000000000003,-0.041899302353502296
14.516482663651889,700.64194500042493,-1001.18970870972,32.210000000000001,-0.04213810277481915
14.529457111946902,700.62020793068677,-999.01270866393997,32.590000000000003,-0.042478424600868842
14.542424986139558,700.26520640340561,-999.381065368652,32.590000000000003,-0.042830780148478943
14.55538680570003,699.93825626555122,-999.79710578918503,32.609999999999999,-0.043003910944996039
14.56834799506545,699.90422573265175,-999.42111968994095,32.609999999999999,-0.042927133746389123
14.581306909935812,699.78140299956624,-999.00460243225098,32.609999999999999,-0.042819080667746014
14.59426429847035,699.69898086498188,-999.00460243225098,32.609999999999999,-0.042739759923277242
14.607221128212318,699.66880606631059,-999.15051460266102,32.140000000000001,-0.042846880646284141
14.620184974951835,700.04772393390306,-998.83937835693405,32.140000000000001,-0.043115245384754468
14.633147703070321,699.98731839828793,-998.83937835693405,32.159999999999997,-0.043461700487264589
14.646108204291387,699.86706593759618,-995.36609649658203,32.159999999999997,-0.043738035277307442
14.659067541360487,699.80420173133257,-995.36609649658203,32.159999999999997,-0.043917903675419326
14.672025826035796,699.74737246666677,-995.68557739257801,32.159999999999997,-0.043907456306700517
14.684989256784,700.02526040308453,-996.20628356933605,32.579999999999998,-0.043869465588935487
14.697951114633314,699.94032386293111,-996.26731872558605,32.579999999999998,-0.043870470383205795
14.710915305961707,700.06633173324121,-996.052026748657,32.579999999999998,-0.044036417577647112
14.723886914758056,700.46687500287442,-995.41521072387695,32.579999999999998,-0.044205675108006007
14.736860570393858,700.57740433325421,-995.19276618957497,32.600000000000001,-0.044317970879780462
14.749827645718502,700.22206753082924,-995.19276618957497,32.600000000000001,-0.044349757953424621
14.762791088885171,700.02593100008824,-994.71330642700195,32.170000000000002,-0.044325190699061393
14.77575646816916,700.13048133538723,-990.62013626098599,32.170000000000002,-0.044287555955133874
14.788717904853087,699.91758093203737,-990.62013626098599,32.560000000000002,-0.044287888126005474
14.80167579940624,699.72630587027243,-993.35145950317406,32.189999999999998,-0.044252826935175564
14.814629965565516,699.52497260090752,-995.23401260375999,32.189999999999998,-0.044304561904441347
14.827584236239549,699.53061639778844,-991.55950546264603,32.189999999999998,-0.04442169641445444
14.840537700802455,699.48708639698361,-990.58437347412098,32.539999999999999,-0.04449930042033657
14.853489242701279,699.38326253650484,-990.58437347412098,32.539999999999999,-0.044444978444226874
14.866443214317274,699.51446726360257,-990.52453041076706,32.560000000000002,-0.044399624069165332
14.879406060402482,699.99368860128925,-990.97347259521496,32.560000000000002,-0.044360797231410093
14.892367690595121,699.92803040251772,-990.96822738647495,32.579999999999998,-0.044434748383013672
14.905326444034522,699.77268572766206,-990.51523208618198,32.579999999999998,-0.044542200241456234
14.918284436895108,699.73161447170139,-988.81626129150402,32.210000000000001,-0.044545877932050185
14.931241000692632,699.65444506622543,-989.16935920715298,32.210000000000001,-0.044553155700528528
14.94419213280869,699.36113426709016,-990.489721298218,32.210000000000001,-0.04448367179165947
14.957139146411105,699.13873453048689,-990.489721298218,32.210000000000001,-0.044437226736053895
14.97009102565559,699.40147920211837,-989.74704742431595,32.240000000000002,-0.04442481634450679
14.983054684061742,700.03755393219797,-989.48240280151401,32.240000000000002,-0.044484199542675316
14.996019251023464,700.08661593303066,-989.48240280151401,32.390000000000001,-0.044600314770406317
15.008982519308631,700.01648739900759,-988.938808441162,32.390000000000001,-0.044656709456548378
15.02195227684201,700.36690680242805,-988.938808441162,32.310000000000002,-0.044598726347965072
15.034925010469104,700.52761586309725,-990.11445045471203,32.310000000000002,-0.044474149536072184
15.047893871864153,700.31851533264717,-988.852500915527,32.299999999999997,-0.044278645267083853
15.060860063466642,700.17434653439216,-988.18945884704601,32.189999999999998,-0.044122632178560849
15.073828053556827,700.27146487000971,-989.86268043518101,32.380000000000003,-0.043974368728712944
15.086798428867864,700.40026679603181,-989.36033248901401,32.380000000000003,-0.043868639815823986
15.099763736749367,700.12662560115882,-988.54184150695801,32.450000000000003,-0.043816432977277442
15.112724510124645,699.8817622650372,-988.84153366088901,32.450000000000003,-0.043701856499611343
15.125685576349317,699.89757613232325,-990.01336097717297,32.539999999999999,-0.043495371937219987
15.138650137103717,700.0862807375787,-992.14196205139206,32.539999999999999,-0.043273438802695373
15.151608831559299,699.76950060142951,-992.66505241393997,32.140000000000001,-0.043066677947249062
15.164565128377806,699.64002819931545,-992.66505241393997,32.140000000000001,-0.043011830291758722
15.177526655090105,699.92244246421728,-991.95075035095203,32.119999999999997,-0.043084085402044413
15.190487739940718,699.8985819330228,-992.703676223755,32.119999999999997,-0.043171991904618727
15.203445395454322,699.7133977346399,-992.703676223755,32.560000000000002,-0.04317298531423349
15.216404030927205,699.76631553565267,-992.65933036804199,32.170000000000002,-0.043101784669118681
15.229364108914861,699.84421133350907,-993.41559410095203,32.560000000000002,-0.042938568317806632
15.242328417176576,700.0726461326218,-994.02856826782204,32.560000000000002,-0.042756364369488611
15.255290873142023,699.97262213405077,-995.36371231079102,32.530000000000001,-0.042581360579941815
15.268249021222227,699.739996331062,-995.16463279724098,32.530000000000001,-0.042521239568148274
15.281206449080278,699.70110433468233,-994.12727355956997,32.460000000000001,-0.042536757472251586
15.294159893981504,699.48602466625528,-995.23186683654797,32.460000000000001,-0.042584334603447592
15.307111118196298,699.36610759887128,-995.23186683654797,32.210000000000001,-0.042483343018261593
15.320059995477807,699.23937320152902,-996.85788154602005,32.210000000000001,-0.042308171589717974
15.333012999553137,699.46222006783739,-998.77572059631302,32.229999999999997,-0.042208121675020513
15.345968842092612,699.61549713157319,-998.20923805236805,32.229999999999997,-0.042134128096496817
15.358921767523512,699.45797326858451,-999.05323982238804,32.280000000000001,-0.042120668416449639
15.371872756837039,699.35342293053748,-1000.8685588836699,32.280000000000001,-0.042214740273948233
15.384823012476499,699.31380453078543,-1000.8685588836699,32.259999999999998,-0.042281256367398032
15.397770383085186,699.15801286912085,-998.93808364868198,32.259999999999998,-0.042425269882118803
15.410713291623484,698.91706106810011,-997.75075912475597,32.259999999999998,-0.042465747230406664
15.423656848983946,698.9520974649032,-999.07851219177201,32.280000000000001,-0.042437638880909505
15.436606240561758,699.26714520187261,-999.67622756957996,32.210000000000001,-0.042444282313709954
15.449562557041995,699.64108993279183,-1000.22077560425,32.210000000000001,-0.042624315246953516
15.462521966546928,699.80811326643379,-1000.22077560425,32.299999999999997,-0.042881369590850649
15.475484539444423,699.97893646473153,-999.49145317077603,32.299999999999997,-0.043172181273317796
15.488447346207392,699.99156520028885,-1000.15115737915,32.369999999999997,-0.043379994523317554
15.501404968607401,699.71160960053919,-998.60262870788597,32.369999999999997,-0.043526297020293037
15.514360537959263,699.60074500051144,-996.88339233398403,32.420000000000002,-0.043684460429166197
15.527316627817296,699.62885233370685,-996.88339233398403,32.420000000000002,-0.043825793804193533
15.540276049739521,699.80878380023341,-997.99823760986305,32.140000000000001,-0.043928382089456056
15.553238589523474,699.97714833337886,-1000.93340873718,32.140000000000001,-0.044049343300423927
15.566196705524705,699.73826406653393,-1000.93340873718,32.090000000000003,-0.044262440253656485
15.579155550028425,699.77760320086259,-1000.15187263489,32.090000000000003,-0.044496047000317798
15.592128315733321,700.52934806442124,-998.95405769348099,32.119999999999997,-0.044575350151281189
15.60510162057165,700.55846126976417,-1003.51881980896,32.119999999999997,-0.044520159976564756
15.618072469822231,700.42585953129833,-1003.51881980896,32.43,-0.044508530861151384
15.63104591125434,700.56583733392108,-1003.90839576721,32.43,-0.044642489196262222
15.644022198393809,700.7195055313814,-1004.90570068359,32.490000000000002,-0.044912984593758767
15.656995847821015,700.57706906910244,-1005.45597076416,32.490000000000002,-0.04521118476897272
15.669960733503681,700.10382686389664,-1005.23781776428,32.530000000000001,-0.04534446634362288
15.682922331616023,699.92629806654168,-1005.23781776428,32.530000000000001,-0.045454176141953802
15.695883046007381,699.87857713330857,-1005.59043884277,32.140000000000001,-0.045458731344327478
15.708844378176499,699.91193713240841,-1004.93311882019,32.140000000000001,-0.045439764442402032
15.721806463681521,699.95261727113257,-1005.85222244263,32.159999999999997,-0.04546731606842197
15.734768679572847,699.95965813159353,-1005.14912605286,32.159999999999997,-0.045567920638778105
15.74773585837778,700.22765546638152,-1003.27253341675,32.159999999999997,-0.045782955777709342
15.760705453446898,700.3581337323991,-1002.42352485657,32.159999999999997,-0.045992025276836074
15.773670872053076,700.13260473363971,-1002.42352485657,32.590000000000003,-0.046000027408042897
15.786642189034552,700.45111699966492,-1001.32203102112,32.590000000000003,-0.045899095841450403
15.799622848215986,700.95559579747419,-1001.0337829589801,32.5,-0.045817564758953967
15.812601656135774,700.8556276684759,-1002.64477729797,32.5,-0.045875249844678292
15.825583302519753,701.00890473495963,-1002.2280216217,32.229999999999997,-0.046080864137692815
15.838568515869143,701.20152086707219,-1001.02782249451,32.450000000000003,-0.046316364573075031
15.85155175998767,701.09518240042053,-1001.75786018372,32.25,-0.04648485220859707
15.864528015049389,700.71777333280545,-1004.01735305786,32.25,-0.046517353298294553
15.877500293362981,700.50302893402636,-1004.0092468261701,32.240000000000002,-0.046415287587936858
15.890472577885221,700.50336420092628,-1004.0092468261701,32.240000000000002,-0.046260841191185953
15.903452406119724,700.91072466311778,-1003.36265563965,32.240000000000002,-0.046178730617631447
15.916432811775328,700.94190540263673,-1003.36265563965,32.240000000000002,-0.046260141664263982
15.929411664191329,700.85803046405545,-1003.58819961548,32.240000000000002,-0.046407138514289528
15.942394025623441,701.04751733401201,-1002.50267982483,32.240000000000002,-0.046504922210343802
15.955378699840722,701.17240773317724,-1002.14028358459,32.25,-0.046452635691676271
15.968358494961731,700.90893653451326,-1001.24073028564,32.25,-0.04619413676269192
15.981333254733299,700.63702766462427,-999.81117248535202,32.140000000000001,-0.045944767900236855
15.994310685329655,700.78125220329605,-999.81117248535202,32.140000000000001,-0.045718605525563873
16.007288855811119,700.82120599910377,-999.04680252075195,32.390000000000001,-0.045542384808062185
16.020263921883945,700.65356793253466,-1001.83796882629,32.390000000000001,-0.045458361920865671
16.033237551649368,700.57600733287813,-1001.83796882629,32.5,-0.045435096447279798
16.046210602960493,700.5447708007307,-1002.12430953979,32.5,-0.045365654966450411
16.059186948049366,700.72263479903347,-998.18634986877396,32.549999999999997,-0.045238906103334676
16.072164099249413,700.76616480258633,-998.679161071777,32.549999999999997,-0.04503802913736156
16.085146401698722,701.04433226273932,-998.36730957031205,32.159999999999997,-0.04492888847969867
16.098130945529647,701.16536686996812,-998.36730957031205,32.159999999999997,-0.044950986693584001
16.111114671867895,701.12122226539213,-997.403383255005,32.210000000000001,-0.045094140287791323
16.124092289764217,700.79136640138029,-998.30102920532204,32.210000000000001,-0.045212829071113493
16.137063255946899,700.43217386472691,-999.04417991638195,32.229999999999997,-0.045238951633865501
16.1500302660803,700.21854720364877,-998.85487556457497,32.229999999999997,-0.045164558623219359
16.162994632290143,700.07577533157382,-999.57132339477505,32.329999999999998,-0.044972438157094181
16.175955255619776,699.87365980025595,-998.81339073181096,32.329999999999998,-0.044667023337692548
16.188913313671556,699.73513479613393,-998.81339073181096,32.299999999999997,-0.04448837600546264
16.201874138787691,699.88455627128531,-999.88341331481899,32.210000000000001,-0.044425986707614475
16.21483256109018,699.75480433444432,-998.40760231018101,32.119999999999997,-0.044471416622121923
16.227782640813569,699.30430506288019,-997.85852432250999,32.119999999999997,-0.044467516450506672
16.240727490641991,699.02189073477427,-997.85852432250999,32.520000000000003,-0.044209276221937002
16.253674406971644,699.13348180137848,-998.95024299621605,32.520000000000003,-0.043797785829541677
16.266626273798785,699.40080866557071,-997.94387817382801,32.549999999999997,-0.043558381082683353
16.279580700728431,699.53905420091758,-996.08659744262695,32.549999999999997,-0.043471907782321823
16.292536803003706,699.62952286475866,-996.08659744262695,32.549999999999997,-0.043637225817603389
16.305495010067883,699.74318146553844,-997.42937088012695,32.549999999999997,-0.043935993064852602
16.318450377633344,699.58984853497793,-999.15528297424305,32.189999999999998,-0.044208786760270409
16.331399808534567,699.26926866607698,-997.27559089660599,32.189999999999998,-0.04433424108546969
16.344343431086426,698.95561780032767,-995.52750587463402,32.189999999999998,-0.044206453279307702
16.357294511464172,699.35834039824204,-995.75376510620094,32.189999999999998,-0.043984702271079264
16.370253309399992,699.77508853423376,-996.56057357788097,32.210000000000001,-0.04391131715592235
16.383207911211137,699.54849780199834,-997.24602699279797,32.210000000000001,-0.044049067008081415
16.396163111138264,699.58079606487388,-994.25697326660202,32.5,-0.044474662798211134
16.409128867090104,700.15082139925335,-994.25697326660202,32.5,-0.044876784086055083
16.422091654191391,699.99050346956051,-992.64645576477005,32.43,-0.04504669147228272
16.435044105682802,699.43238053606603,-996.29497528076195,32.43,-0.044901664886725028
16.447993984653035,699.29346439272354,-994.86947059631302,32.310000000000002,-0.044547619504967557
16.460945935298785,699.40533487039488,-994.42124366760197,32.310000000000002,-0.044308298577683973
16.473900081796277,699.52391086468322,-994.42124366760197,32.259999999999998,-0.044321624768222732
16.486848771779044,699.22925906939656,-995.46003341674805,32.259999999999998,-0.044498976526947585
16.499793563659289,699.01876153307433,-995.46003341674805,32.310000000000002,-0.044874936963250053
16.512736504276557,698.91879333262796,-996.70147895813,32.310000000000002,-0.045157180477503937
16.525674117729714,698.63112647052174,-996.01554870605503,32.390000000000001,-0.045194961130624246
16.538608631946936,698.46376772983183,-993.97110939025902,32.390000000000001,-0.044979358919861302
16.551545783877792,698.6062042663068,-993.97110939025902,32.140000000000001,-0.044677294790695266
16.564491978949398,699.09453386672635,-996.20008468627896,32.140000000000001,-0.044610249912320349
16.57744844547528,699.64919239757296,-996.81210517883301,32.140000000000001,-0.044829157284162063
16.590400195370421,699.39449433763798,-997.24507331848099,32.140000000000001,-0.04516044321135726
16.603352867274115,699.44428279955105,-997.24507331848099,32.140000000000001,-0.045477647541086859
16.616309970203698,699.68355819737235,-997.75171279907204,32.140000000000001,-0.045540198269641764
16.629262278891407,699.42466913630926,-995.98097801208496,32.579999999999998,-0.045441883719368047
16.642207875848154,699.06223566430663,-994.40884590148903,32.579999999999998,-0.045189419761038706
16.655158696488879,699.34431459910468,-994.40884590148903,32.159999999999997,-0.045019544453783811
16.66811189510744,699.47272540239419,-995.55993080139206,32.579999999999998,-0.045076682128389688
16.681067594844485,699.60778580051647,-997.24721908569302,32.579999999999998,-0.045333211827426112
16.694020994214828,699.48356599835506,-994.74930763244595,32.579999999999998,-0.045611581040747411
16.706969878739503,699.2397643325055,-994.74930763244595,32.170000000000002,-0.045742607778458372
16.719923570959239,699.499379865641,-994.95553970336903,32.170000000000002,-0.045640396161146998
16.732877431851875,699.50848820256977,-996.80113792419399,32.229999999999997,-0.045447241928799044
16.745827415337022,699.29910819784834,-995.38135528564396,32.229999999999997,-0.045270745951999002
16.75878214029014,699.55514746827873,-995.38135528564396,32.259999999999998,-0.045181469371095434
16.77174939670488,700.23184639606166,-996.65379524231003,32.259999999999998,-0.045287030644834914
16.78471682903707,700.24134593816314,-1000.6828308105499,32.299999999999997,-0.045386816684991338
16.797675061970402,699.74457839996251,-1000.9503364563,32.299999999999997,-0.045430548488326797
16.810635504209888,699.86388093227538,-1000.9503364563,32.189999999999998,-0.045377499320838413
16.823599629311094,700.06275546504003,-1000.85759162903,32.189999999999998,-0.045182706994995978
16.836560318867917,699.87723606845714,-1001.69086456299,32.100000000000001,-0.045021694774846403
16.84952003984813,699.82493293167124,-1000.56648254395,32.100000000000001,-0.044928948498037732
16.862483132217328,700.00698793659831,-1000.56648254395,32.509999999999998,-0.044900342408220918
16.875449836046926,700.2020067983384,-1000.0469684600801,32.509999999999998,-0.044955981687843261
16.888419535632178,700.36377760347591,-1000.0469684600801,32.579999999999998,-0.044917386646114311
16.901392925323428,700.56304332767297,-1001.70469284058,32.579999999999998,-0.044668743179381007
16.914370810198768,700.80578326829027,-1001.70469284058,32.539999999999999,-0.044349828320728833
16.927355464754317,701.17134599970097,-1001.5397071838401,32.539999999999999,-0.044060565737240848
16.9403400220395,701.16609339974843,-1000.49185752869,32.229999999999997,-0.043997936364407998
16.95332481215436,701.17866620252914,-1001.11699104309,32.229999999999997,-0.044110553960277119
16.966305861456831,700.97666233341261,-1001.73592567444,32.259999999999998,-0.044248432127767363
16.979286592039479,700.95945146300255,-1002.30693817139,32.259999999999998,-0.044332850309413682
16.992260650214831,700.59914146894437,-1004.44078445435,32.280000000000001,-0.044211525883732075
17.005223373158021,699.98703893226059,-1005.59401512146,32.280000000000001,-0.043926650864944058
17.018190688556835,700.2350315360344,-1005.62310218811,32.189999999999998,-0.043597166529768631
17.031155483176555,700.09890946489213,-1006.35194778442,32.189999999999998,-0.043369683747514307
17.044116984018579,699.92104546933729,-1006.6180229187,32.140000000000001,-0.043380305999515728
17.057078990877745,699.94837039493575,-1005.31816482544,32.140000000000001,-0.043492520019686648
17.070044903085197,700.15925920238249,-1004.99296188354,32.119999999999997,-0.043598413467096614
17.083010834951835,700.16032079845877,-1004.99296188354,32.119999999999997,-0.043592931080719523
17.095979357966655,700.30024280020893,-1004.76312637329,32.560000000000002,-0.043338666566569678
17.108943010162989,700.03721860209407,-1003.93652915955,32.560000000000002,-0.043047680001888591
17.121907947585189,700.10662079869678,-1003.93652915955,32.57,-0.042808940634092289
17.134880491843177,700.5173899313636,-1003.64780426025,32.57,-0.042644276594133217
17.147845384767887,700.10421793441708,-1002.35199928284,32.509999999999998,-0.042656698366824529
17.160802044802431,699.65964186530516,-1001.31797790527,32.509999999999998,-0.042738084577345223
17.173758148112377,699.62957873707921,-1000.98180770874,32.210000000000001,-0.042714056455294719
17.186716166841915,699.73301139513353,-1004.2049884796101,32.210000000000001,-0.04261281858688485
17.199670632059284,699.54112173784131,-1005.5556297302199,32.25,-0.042285487676230055
17.212631905244482,699.90875200067978,-1003.68809700012,32.25,-0.042082311378426399
17.225600844249442,700.32270626782338,-1003.42059135437,32.240000000000002,-0.042004063725372714
17.238576293198761,700.67424326330058,-1004.6238899231,32.240000000000002,-0.042062077877645487
17.251551118161725,700.64054800004885,-1004.6238899231,32.240000000000002,-0.042180823575645128
17.264524703430883,700.57360453455055,-1006.13641738892,32.240000000000002,-0.04223831515280952
17.277496480900037,700.4759833343071,-1006.8905353546101,32.310000000000002,-0.042227865712964385
17.29047098817902,700.62339306516344,-1005.92803955078,32.170000000000002,-0.042254679524952196
17.303437433308613,700.18803699792954,-1004.96053695679,32.140000000000001,-0.042171004330548358
17.316400830944445,700.02347233493583,-1003.26037406921,32.140000000000001,-0.04224571709838662
17.329362169322209,699.91227239930834,-1002.30479240417,32.399999999999999,-0.042366734188087139
17.342322409774077,699.85298440079009,-1002.30479240417,32.399999999999999,-0.042581201220005166
17.355277330303725,699.56570860096031,-1002.1908283233601,32.420000000000002,-0.042756653079632598
17.368230392328403,699.46534933274131,-1000.30779838562,32.420000000000002,-0.042675939491289276
17.381190645197513,699.85365493184179,-1000.30779838562,32.439999999999998,-0.04250895852747006
17.394150191297548,699.81548940203868,-1000.54430961609,32.439999999999998,-0.042378905539474827
17.407110243414781,699.84281433038495,-1001.37495994568,32.079999999999998,-0.042314318318703373
17.420077590892568,700.23676380056236,-1000.7538795471201,32.079999999999998,-0.042463808009475607
17.433051824983888,700.60864093135365,-1000.7538795471201,32.119999999999997,-0.042662764381830559
17.446027708550613,700.69771260306266,-1000.7209777832001,32.119999999999997,-0.042988679682505727
17.458997973137024,700.39428766629896,-1000.3242492675799,32.090000000000003,-0.043219289637927739
17.471966802453153,700.31678307086725,-1001.72710418701,32.090000000000003,-0.043246963372108344
17.484934175801214,700.23816079544247,-1002.7604103088401,32.5,-0.043101016846171472
17.497897612759289,700.02559573593635,-1002.95162200928,32.5,-0.043065966003187163
17.51085565115056,699.73407312860968,-1001.84774398804,32.530000000000001,-0.043169769148484263
17.523815599787653,699.83722640307678,-1001.27148628235,32.530000000000001,-0.043543451982556665
17.53677621690742,699.87332446740413,-1001.38640403748,32.140000000000001,-0.043925514651324764
17.549734944477766,699.77128879873396,-1001.38640403748,32.57,-0.044217677786691167
17.562692488233296,699.70736279853827,-999.35126304626499,32.159999999999997,-0.044324422875249077
17.575645368132086,699.45551453473217,-997.74193763732899,32.159999999999997,-0.044225086975027389
17.58860701902103,699.92914800281847,-998.77429008483898,32.170000000000002,-0.044007871506932694
17.601573365844459,700.18272846520051,-999.59421157836903,32.170000000000002,-0.043851929820386513
17.614537881066646,700.08382199823041,-999.59421157836903,32.560000000000002,-0.043861962233586037
17.627506567579026,700.30907166836244,-999.21631813049305,32.189999999999998,-0.044124354089950739
17.640478203280271,700.46832786732693,-997.93672561645496,32.57,-0.044349378181201209
17.653440808256789,699.98066873200742,-997.50351905822697,32.57,-0.044446683798768649
17.666394422865444,699.49518886726071,-997.51591682434105,32.579999999999998,-0.044353866121357152
17.679352012153132,699.70982153513853,-994.97532844543503,32.579999999999998,-0.044166368122062503
17.692312525792659,699.86773653459989,-994.97532844543503,32.560000000000002,-0.044035690112580149
17.705277365943218,700.10136813004431,-997.07436561584495,32.560000000000002,-0.0439146192121182
17.718248033067908,700.41602473328919,-996.68049812316895,32.189999999999998,-0.043820162406844956
17.731225352940708,700.77527313127121,-996.27709388732899,32.189999999999998,-0.043972918969601149
17.744209059617326,701.12016053741195,-994.98200416564896,32.229999999999997,-0.044106078437261095
17.757190472135782,700.99627599665439,-994.98200416564896,32.229999999999997,-0.044241972887707627
17.770162997767933,700.51638413616001,-995.37491798400902,32.259999999999998,-0.044179884716838043
17.783132690108694,700.36338640105146,-997.46823310852005,32.259999999999998,-0.043933327412611189
17.796103701823483,700.43463259857936,-997.46823310852005,32.329999999999998,-0.04376134731640207
17.809067437839495,700.04174486462614,-998.02470207214401,32.329999999999998,-0.04357463162842265
17.822030199070355,699.9891064664364,-997.07531929016102,32.259999999999998,-0.043393814314315098
17.834998618604988,700.29465487015261,-995.81503868103005,32.25,-0.043264504314885453
17.847963445302511,700.10064166621601,-996.03009223938,32.119999999999997,-0.043106791045489028
17.860919190570343,699.61024446292083,-995.13578414917004,32.119999999999997,-0.04307662136827415
17.873871531337073,699.42640140358526,-995.13578414917004,32.439999999999998,-0.042959898708999203
17.886826685733364,699.57833739972159,-995.735645294189,32.439999999999998,-0.042774408227271507
17.899781767692652,699.57442580141651,-995.48411369323696,32.579999999999998,-0.042674927454565185
17.912734569981481,699.45132359680804,-996.45924568176304,32.579999999999998,-0.042513068764391586
17.925687657876541,699.4667463331175,-998.13675880432095,32.560000000000002,-0.042397344691453086
17.938643045102459,699.59091019975426,-997.719287872314,32.560000000000002,-0.042284758140342105
17.951601298733369,699.74569606896353,-995.83435058593705,32.210000000000001,-0.042163890062274632
17.964556529703675,699.58247239662523,-995.94807624816895,32.210000000000001,-0.04214351582759774
17.977508987403731,699.43271580296584,-995.94807624816895,32.189999999999998,-0.042139059967686757
17.99046161481111,699.44187999847532,-996.77276611328102,32.189999999999998,-0.042081045815006872
18.003416054158048,699.53972473471731,-995.88036537170399,32.560000000000002,-0.042003553567964029
18.016364126362951,699.19589906480076,-995.51749229431096,32.189999999999998,-0.041802263714900818
18.029310925760505,699.12716746794979,-996.40870094299305,32.560000000000002,-0.041640018009439353
18.042263474522233,699.43763313327054,-996.07682228088402,32.560000000000002,-0.04145737013018911
18.055217049808697,699.49306546900834,-995.98264694213901,32.590000000000003,-0.041192097381641479
18.068167077791379,699.30151106487608,-995.98264694213901,32.590000000000003,-0.040874829929300562
18.081120601338259,699.49027153146017,-996.59371376037598,32.549999999999997,-0.040653929528209024
18.094076410764238,699.61370900296856,-997.23768234252896,32.549999999999997,-0.040596750461152076
18.107031350955566,699.56677033168842,-996.64521217346203,32.189999999999998,-0.040625287219507721
18.119978584970323,699.15063679671982,-996.773719787598,32.189999999999998,-0.040513767550249533
18.132919726065428,698.82161913568177,-998.61693382263195,32.229999999999997,-0.040455331197357454
18.145857553722227,698.64269346710671,-998.94261360168503,32.229999999999997,-0.040389641912149762
18.158795225123512,698.63425566947376,-999.95303153991699,32.329999999999998,-0.040348522985475775
18.171729811777787,698.46767933088483,-999.95303153991699,32.329999999999998,-0.040301720921716321
18.184670205745636,698.78127426385754,-1000.3600120544399,32.189999999999998,-0.040255445572569888
18.197618908145646,699.22992960044837,-1000.7743835449201,32.189999999999998,-0.040263327666538812
18.210572047780236,699.46954026791775,-1000.4742145538301,32.329999999999998,-0.040273970614129649
18.223520478027101,699.21523333071525,-998.82769584655796,32.119999999999997,-0.04014470407507139
18.236473040240792,699.43835953939072,-998.03781509399403,32.119999999999997,-0.039983443500724296
18.249432650498775,699.81895393109448,-999.40252304077103,32.119999999999997,-0.039832080817685696
18.262385088537101,699.43165406948958,-999.40252304077103,32.460000000000001,-0.039736745464993228
18.275335454900013,699.31978359731431,-999.21751022338901,32.460000000000001,-0.03963305200995354
18.28829168652473,699.63650773473501,-998.33440780639603,32.530000000000001,-0.039501780022673537
18.301254019348157,699.96597246502233,-998.06690216064396,32.530000000000001,-0.039382979480054085
18.314214590937038,699.8708657995038,-999.64523315429699,32.119999999999997,-0.039424775167952085
18.327170628019793,699.62600246887814,-1000.3190040588401,32.539999999999999,-0.039486595325691987
18.340124638958027,699.51659066460309,-999.61423873901401,32.170000000000002,-0.039629034904914651
18.353083404816093,699.7733563356577,-999.61423873901401,32.170000000000002,-0.039693500019001217
18.366042183091352,699.77402686396135,-1000.47659873962,32.590000000000003,-0.039793013905301988
18.378992977862971,699.34291766742854,-1003.4008026123,32.170000000000002,-0.039944642533906172
18.391943688814763,699.33839139665247,-1002.70986557007,32.189999999999998,-0.040119237576681746
18.404906839132138,700.01011713829814,-1004.49109077454,32.189999999999998,-0.040343487635066497
18.417866793978998,699.83756173043253,-1004.49109077454,32.520000000000003,-0.040564542222935221
18.430822773112304,699.62287319847803,-1005.44142723083,32.520000000000003,-0.04068497775325023
18.44378679473332,700.05716753498371,-1005.10811805725,32.490000000000002,-0.040912948962244101
18.456753161218483,700.18379019867677,-1003.2055377960201,32.490000000000002,-0.041052991938401624
18.469714564788916,699.91579280343274,-1001.93881988525,32.210000000000001,-0.041241213264836152
18.48266849708272,699.5123438653502,-1001.93881988525,32.5,-0.041385921132606994
18.495629523983929,699.89545266537084,-1002.82526016235,32.210000000000001,-0.041479301741887561
18.508588985229569,699.8109072644379,-1002.50554084778,32.210000000000001,-0.041543456415466327
18.521550797546926,699.93786513732289,-1002.50554084778,32.479999999999997,-0.041538045430862508
18.53451570289015,700.10488853416882,-1001.93858146667,32.25,-0.041457356678071253
18.547489170192588,700.56723433154923,-1002.4745464325,32.229999999999997,-0.041493943168527524
18.560478060196271,701.40006019888881,-1004.7748088836699,32.229999999999997,-0.041458445291203849
18.573469074649417,701.514780469941,-1004.7748088836699,32.299999999999997,-0.041455162895365043
18.586457724578981,701.38709619643168,-1005.6471824646,32.299999999999997,-0.041516655019905993
18.599447686639557,701.4579512712271,-1004.6679973602299,32.140000000000001,-0.041637629684467499
18.612436771186424,701.41056553069768,-1004.59766387939,32.140000000000001,-0.041789913343321217
18.625416936766737,700.92894133697553,-1004.59766387939,32.140000000000001,-0.041822301637623925
18.638389163340797,700.50023499922622,-1007.28821754456,32.140000000000001,-0.041717082882703427
18.651364437407445,700.66479959901596,-1011.7301940917999,32.409999999999997,-0.041605859166399237
18.664341022570436,700.7355988014906,-1013.30280303955,32.409999999999997,-0.041584207986344386
18.677316459102464,700.67357272950096,-1011.51180267334,32.5,-0.041701972690393399
18.690293654799998,700.76856766686603,-1011.51180267334,32.5,-0.041890479624887879
18.703271293391349,700.79248393298133,-1009.01460647583,32.579999999999998,-0.04209133175429116
18.716252134698777,700.9654306009794,-1009.23490524292,32.579999999999998,-0.04221031028268437
18.729230168586462,700.81382993494685,-1009.23490524292,32.189999999999998,-0.042120035117378128
18.742205611327186,700.67390799914881,-1008.76975059509,32.189999999999998,-0.041893477448153561
18.755185133260479,700.89418439795554,-1007.30204582214,32.170000000000002,-0.041639650654457641
18.768171704270397,701.27483453557193,-1006.6390037536599,32.170000000000002,-0.041473674483280286
18.781156936246848,701.20252672822767,-1006.6390037536599,32.240000000000002,-0.041453294041738205
18.794140363525987,701.10507307349837,-1006.3784122467,32.240000000000002,-0.041444771404869983
18.80712343897288,701.0860741321917,-1005.07140159607,32.399999999999999,-0.041405889722851148
18.820105118470352,701.01069286356415,-1004.58884239197,32.399999999999999,-0.04134323240932887
18.833078234974096,700.54829120210718,-1004.58884239197,32.329999999999998,-0.041246279660003569
18.846047219509892,700.32516493297567,-1003.56030464172,32.329999999999998,-0.041124826917820337
18.859019900361762,700.52476600101659,-1006.11257553101,32.259999999999998,-0.040943116570673545
18.871995219960517,700.6672583328683,-1007.92217254639,32.259999999999998,-0.040749879553423449
18.884967303730928,700.4925236022176,-1007.92217254639,32.280000000000001,-0.040647367842890109
18.897939380258073,700.49213246574493,-1007.09533691406,32.280000000000001,-0.040726736186980465
18.910921501616116,701.03455333430281,-1005.32364845276,32.310000000000002,-0.040832829350069988
18.923899100886398,700.79036059518478,-1005.21779060364,32.310000000000002,-0.0408540179743224
18.936871151543215,700.49073546811701,-1006.8421363830601,32.350000000000001,-0.040708809263180989
18.949836037224706,700.10382680069267,-1005.73039054871,32.350000000000001,-0.040613264879651299
18.962799305509925,700.01648740175563,-1001.9059181213401,32.119999999999997,-0.040588606561885544
18.975757213516061,699.7270323313528,-1001.0237693786599,32.119999999999997,-0.040572753381976821
18.988705909707424,699.22959433354856,-1003.2594203949,32.119999999999997,-0.040485494666333145
19.001653463476519,699.16790353120655,-1003.2594203949,32.119999999999997,-0.040351663612440657
19.014609247032123,699.6123120025926,-1004.44316864014,32.119999999999997,-0.040233354601036567
19.027570663019798,699.91646333448455,-1000.71668624878,32.119999999999997,-0.040200976654732129
19.040534054446884,700.02313706254006,-998.32129478454601,32.539999999999999,-0.04016638319484879
19.053502396370384,700.29046386902428,-1000.08463859558,32.539999999999999,-0.040238664175308254
19.066480223296271,700.80265399789027,-1000.08463859558,32.549999999999997,-0.040296374095210641
19.079452723057994,700.5149871330359,-1002.42972373962,32.549999999999997,-0.040292011366927845
19.092421356795096,700.30622180353373,-1002.90942192078,32.189999999999998,-0.04022552838702162
19.105390634180235,700.34097879751357,-1001.73187255859,32.57,-0.040146780924201292
19.118361885970366,700.44759666698849,-999.68290328979504,32.210000000000001,-0.040120802199312196
19.13133548986546,700.57461033524999,-998.62837791442905,32.210000000000001,-0.040245199989435612
19.144300654944487,700.11891426735417,-999.43542480468705,32.469999999999999,-0.040298965241406533
19.157266664422206,700.16451179683895,-999.23229217529297,32.229999999999997,-0.040397579885105776
19.170232323101231,700.14556866739701,-998.35109710693405,32.25,-0.040460807374172243
19.183195805591364,700.02805446704065,-994.70257759094204,32.25,-0.040406020772304242
19.19615414924937,699.75055753244339,-994.70257759094204,32.280000000000001,-0.040269568562282997
19.209108230554349,699.52039046880282,-994.69828605651901,32.280000000000001,-0.040080071323260233
19.222073726770386,700.136795666068,-998.29769134521496,32.140000000000001,-0.03995856684128922
19.235040243301192,700.19189266345802,-998.39830398559604,32.140000000000001,-0.040042936388081575
19.248001678950651,699.91752507070873,-998.39830398559604,32.439999999999998,-0.040228842861578719
19.260960925991323,699.79934019640473,-996.59204483032204,32.100000000000001,-0.04046863565824485
19.27392162072217,699.87751546578443,-995.60070037841797,32.520000000000003,-0.040662518392113482
19.286877183864217,699.60040967040766,-996.37413024902298,32.520000000000003,-0.040769378343172277
19.299827257377785,699.3039697327763,-995.51439285278298,32.57,-0.040862534401679217
19.312778286014826,699.35554640023781,-995.51439285278298,32.57,-0.040980366368760193
19.325736025348107,699.71792399717185,-995.73159217834495,32.530000000000001,-0.04122577607603533
19.33869325245438,699.69026373872157,-993.60966682434105,32.530000000000001,-0.041529933611332052
19.351649022558018,699.6115855964722,-993.60966682434105,32.210000000000001,-0.041816540889915335
19.364613271835864,700.06946100364109,-992.828369140625,32.210000000000001,-0.042082625958795056
19.377582731346944,700.35081359827086,-992.89035797119095,32.189999999999998,-0.042209752524839876
19.390554775793792,700.49040012976911,-991.24336242675804,32.189999999999998,-0.042292525369723707
19.403522675856721,700.26660339828572,-991.24336242675804,32.210000000000001,-0.042345589026648776
19.416489361060485,700.20100100313482,-992.60115623474098,32.210000000000001,-0.042387798634426571
19.429459703258029,700.3984786674273,-993.51572990417503,32.549999999999997,-0.042501810109962394
19.442420216897506,699.86773653185185,-992.65956878662098,32.549999999999997,-0.042612027996458565
19.455369283548123,699.24959913326268,-992.65956878662098,32.590000000000003,-0.042737872442032185
19.468323729104981,699.54006007031717,-992.11573600768997,32.590000000000003,-0.0427822592769403
19.481282482544483,699.77268573315803,-992.11573600768997,32.579999999999998,-0.04281678857842016
19.49423758416545,699.57548753214485,-991.59789085388195,32.579999999999998,-0.042878679103362502
19.507194712965408,699.68495519774842,-991.26052856445301,32.189999999999998,-0.043017111925340981
19.520159969106206,700.12383160315471,-991.26052856445301,32.189999999999998,-0.043213376775128071
19.533124938607429,700.10835306597278,-993.38197708129906,32.159999999999997,-0.043447325006342866
19.54608594584818,699.89439100059462,-992.71845817565895,32.159999999999997,-0.043526688176154203
19.559043639649353,699.71546526331963,-991.68443679809604,32.189999999999998,-0.043583878625322245
19.572007706802481,700.05962626883604,-991.19496345519997,32.189999999999998,-0.04362657148744345
19.584976536118557,700.31678306811921,-991.29343032836903,32.57,-0.043689784490533685
19.597941037888884,700.08309559760607,-992.87295341491699,32.57,-0.04379954809982959
19.610903715301287,699.98458026985634,-992.80309677124001,32.579999999999998,-0.043880329985215918
19.623865969479009,699.9617255970694,-992.80309677124001,32.579999999999998,-0.04396253265394489
19.636829640302455,700.03822446599759,-991.32680892944302,32.579999999999998,-0.043988233018367601
19.649784215208655,699.54704493479755,-992.74039268493596,32.579999999999998,-0.043840300705583805
19.662737330007388,699.46819913161823,-992.74039268493596,32.189999999999998,-0.043582697915335838
19.67569528975433,699.72982633485287,-992.65718460082996,32.189999999999998,-0.043359695830274783
19.688660246837038,700.10768246622104,-991.60790443420399,32.140000000000001,-0.043214518162008615
19.701620487288906,699.85298440079009,-991.34850502014206,32.140000000000001,-0.043097816199798862
19.71458037694325,699.83404133455201,-992.48886108398403,32.189999999999998,-0.042988642429203076
19.727540929904968,699.86985993285225,-992.94161796569801,32.189999999999998,-0.042803186094928218
19.740499682311121,699.77262993228544,-993.81995201110794,32.560000000000002,-0.042642332200042696
19.753458110822205,699.75513959859609,-994.62509155273403,32.560000000000002,-0.042507222128119269
19.766411133524645,699.46322593174091,-995.32294273376499,32.549999999999997,-0.042421188619592431
19.779363585014835,699.43238047011403,-995.32294273376499,32.549999999999997,-0.042456708226771021
19.792311143958056,699.1681829340298,-996.74391746520996,32.509999999999998,-0.042528490431983784
19.80524796475185,698.58832286484517,-997.21622467041004,32.509999999999998,-0.042525999661752752
19.818180173428388,698.33926853309117,-997.21622467041004,32.140000000000001,-0.042484195695303477
19.831117832412332,698.63358513292599,-998.59976768493596,32.140000000000001,-0.04230778043431481
19.844065593141952,699.17907939956319,-998.59976768493596,32.100000000000001,-0.042172731417896597
19.857016661101234,699.35766980123822,-999.09353256225597,32.100000000000001,-0.042147691258155116
19.86997256159016,699.61862640197319,-999.06539916992199,32.5,-0.042283554665064844
19.882939779717283,700.229778864634,-997.44725227356003,32.140000000000001,-0.042437105957192189
19.895909894258001,700.38618519876991,-997.36452102661099,32.549999999999997,-0.042519541456925401
19.908869414486439,699.81409233571048,-997.00212478637695,32.549999999999997,-0.042416536145373489
19.921826516381451,699.68350233054775,-996.95205688476597,32.590000000000003,-0.042188736713354408
19.93478681581729,699.85616953526664,-996.95205688476597,32.590000000000003,-0.041844105968205793
19.947749239702439,699.97088979807495,-998.41499328613304,32.520000000000003,-0.041606624920357459
19.960710181750624,699.89087060196607,-998.65341186523403,32.520000000000003,-0.041514764435559126
19.973672786727143,699.98066873200742,-998.83365631103504,32.210000000000001,-0.041653476655068376
19.986630117313599,699.69585166877789,-998.83365631103504,32.210000000000001,-0.041900824547533293
19.999586713190094,699.65617733075339,-999.661684036255,32.189999999999998,-0.041978961478048742
20.01253347326546,699.12504406969742,-1002.32696533203,32.189999999999998,-0.041894041416374567
20.025477966086441,699.00261233293656,-1002.65955924988,32.210000000000001,-0.041663607374378658
20.038436160733326,699.74251093173882,-1002.65955924988,32.210000000000001,-0.041500603159295643
20.051404450916021,700.28766986552421,-1003.01909446716,32.439999999999998,-0.041515667817970628
20.064373655865424,700.33706726790854,-1001.5287399292,32.439999999999998,-0.041687718281331297
20.077344018759273,700.39959626772816,-999.91440773010197,32.350000000000001,-0.041976596953193016
20.090318875801259,700.64228026732474,-999.91440773010197,32.350000000000001,-0.042170392763163762
20.103288789590099,700.37534459731307,-999.85527992248501,32.259999999999998,-0.042200743531035312
20.116248250835838,699.81090726993375,-1000.48112869263,32.310000000000002,-0.042074545182801397
20.129204437964187,699.63410493091146,-999.93014335632301,32.280000000000001,-0.041918753542102866
20.142160884829661,699.64813073554467,-999.02009963989303,32.280000000000001,-0.041857769506592285
20.155121313614842,699.86315439974703,-998.57163429260197,32.310000000000002,-0.041961532292787804
20.168081976266716,699.87578320125647,-999.07946586608898,32.310000000000002,-0.042188323827638326
20.181049272003701,700.23396979706217,-1000.98252296448,32.159999999999997,-0.042464579972589012
20.194023986243259,700.63456893626801,-998.12269210815396,32.399999999999999,-0.042650353990181675
20.207004625764235,700.95453413269797,-998.12269210815396,32.090000000000003,-0.042765191238167445
20.219986110718526,701.00018753175539,-999.01843070983898,32.090000000000003,-0.042799988554456311
20.232968510439481,701.04958493139179,-1001.97505950928,32.119999999999997,-0.042831761141411788
20.245953113254274,701.16855199894883,-1003.30662727356,32.119999999999997,-0.042987944971219202
20.258935338092606,701.0401412698551,-1004.53281402588,32.5,-0.043258343097532036
20.271907394959289,700.49107080096871,-1005.26595115662,32.119999999999997,-0.043596776409241624
20.284875996617266,700.30448953076177,-1005.28478622437,32.579999999999998,-0.04395731931618431
20.29784636571976,700.39993153462797,-1005.28478622437,32.579999999999998,-0.044146878643705562
20.310813524864233,700.22659380160519,-1003.87573242188,32.210000000000001,-0.04424538566817194
20.323776539622248,700.00279693272205,-1003.39818000793,32.490000000000002,-0.044405210970146811
20.336744523503736,700.27112960036175,-1003.39818000793,32.43,-0.044685591839623708
20.349714444535792,700.37573573103771,-1001.88207626343,32.43,-0.044952906253750903
20.362685397267882,700.43144753280262,-999.32694435119595,32.210000000000001,-0.045151766389798301
20.375654759506148,700.34556086641442,-1001.37948989868,32.210000000000001,-0.045197910318069072
20.38863007186179,700.66686720463963,-1000.09441375732,32.25,-0.045136261937761962
20.401612919651857,701.07378066353431,-1000.09441375732,32.25,-0.045120621927787985
20.414600517186408,701.33026686581377,-1000.1266002655,32.280000000000001,-0.04512548963930222
20.427584983408593,701.16117599799588,-999.85671043395996,32.280000000000001,-0.045299725606563368
20.44056944962966,701.16117593753995,-1000.79584121704,32.25,-0.045678480010591098
20.4535542014568,701.17659866560541,-1000.79584121704,32.25,-0.046070344331764802
20.466532423677798,700.82399993390391,-1000.9765625,32.259999999999998,-0.046268594967737255
20.479501960798839,700.355004536195,-999.98784065246605,32.210000000000001,-0.046221707015770289
20.49247352509877,700.46447219630261,-1001.04928016663,32.189999999999998,-0.046086573145715404
20.505451540359243,700.81282406554726,-1002.4151802063,32.189999999999998,-0.045982616850145729
20.518431334445733,700.90888067043659,-1001.9745826721201,32.32,-0.046032906198684803
20.531410227219766,700.86020979783257,-1002.89297103882,32.32,-0.046226462970684355
20.544392470683984,701.04114706780672,-1000.84257125854,32.329999999999998,-0.04642714228793135
20.557375664098718,701.09244439564895,-999.93753433227505,32.329999999999998,-0.046596165953682073
20.570352769766711,700.76370607148203,-999.93753433227505,32.280000000000001,-0.046585009742680067
20.583324729361753,700.48581813231624,-1001.09601020813,32.280000000000001,-0.046269892611656191
20.596297768255635,700.54410026967901,-1000.60677528381,32.210000000000001,-0.045917465662578157
20.609267883830924,700.38624106559439,-1000.59938430786,32.210000000000001,-0.045727909438820269
20.622229975544439,699.95295252978849,-999.56917762756302,32.189999999999998,-0.045726801164414632
20.635185863616019,699.61795586542564,-997.19691276550304,32.189999999999998,-0.045787047387928645
20.64813187656296,699.08469913466922,-996.40369415283203,32.259999999999998,-0.045833059896901313
20.661087602170383,699.60918280089254,-996.87361717224098,32.259999999999998,-0.045753920244310547
20.674044223916034,699.65757426517746,-996.87361717224098,32.280000000000001,-0.045605184923960554
20.687002353370403,699.73899053585831,-997.813940048218,32.280000000000001,-0.045417053625289062
20.699968369056819,700.1648470664868,-998.13127517700195,32.310000000000002,-0.045230857406720879
20.712941590075317,700.55393499898821,-998.08430671691895,32.310000000000002,-0.045195280884254146
20.72590947047652,700.26554166480946,-999.58443641662598,32.399999999999999,-0.045342621289450616
20.738870711582742,699.90701973615194,-997.48039245605503,32.399999999999999,-0.045416937726690691
20.751828652703644,699.72882052865725,-997.67971038818405,32.119999999999997,-0.045435064368561505
20.764783149998763,699.54285393641737,-998.39735031127896,32.119999999999997,-0.04523785267370152
20.777733282496303,699.30715486725296,-998.39735031127896,32.119999999999997,-0.044961509604191388
20.790682926566699,699.28077980133355,-997.88737297058105,32.119999999999997,-0.044800432191627292
20.803635885111142,699.45976139993707,-998.21758270263695,32.119999999999997,-0.044752807459079474
20.816590883251923,699.56989960208853,-997.94101715087902,32.119999999999997,-0.04471878935085135
20.82954131998153,699.32358339876612,-997.94101715087902,32.469999999999999,-0.04472438246047912
20.842485410264182,698.9808752631983,-999.38225746154797,32.469999999999999,-0.044608629411109921
20.855432456980243,699.14052266733552,-998.42882156372104,32.5,-0.044387119511164773
20.868381751287636,699.26189259917214,-996.32501602172795,32.5,-0.044063753965557534
20.881327920490087,699.09313693230217,-996.848106384277,32.520000000000003,-0.043766348519053179
20.894273588848097,699.06609133258291,-996.06418609619095,32.520000000000003,-0.043674301770031593
20.907224565744432,699.35275240223359,-996.06418609619095,32.159999999999997,-0.043773138895362801
20.920177055522238,699.4344480015418,-996.53387069702103,32.159999999999997,-0.043904837220171411
20.933121353801209,698.99210706433155,-996.53387069702103,32.140000000000001,-0.043947458680112246
20.946064885291396,698.95070047002309,-997.36714363098099,32.140000000000001,-0.04382670443033105
20.959010386011123,699.0570388652269,-998.48103523254395,32.170000000000002,-0.043638349613014098
20.971956275817263,699.07804953159268,-997.73836135864303,32.170000000000002,-0.043443259265177787
20.984904660533342,699.212774668311,-997.28369712829601,32.590000000000003,-0.043408662701276635
20.997862217740732,699.70808919916271,-999.48096275329601,32.590000000000003,-0.043477786497668661
21.010825569844407,700.02101359833557,-999.48096275329601,32.549999999999997,-0.043661083197351701
21.023791475841989,700.15892386953067,-999.256372451782,32.549999999999997,-0.043806449198880999
21.036753606879017,699.95507599948883,-996.82831764221203,32.469999999999999,-0.043850391067929845
21.049712444138297,699.77721200118606,-994.71163749694801,32.469999999999999,-0.043697752472252112
21.062672827392593,699.86069573184682,-996.48952484130905,32.210000000000001,-0.043518831952562613
21.07562946259133,699.6583007317538,-996.48952484130905,32.210000000000001,-0.043388214996295485
21.088574845344485,699.05066867046946,-999.03249740600597,32.229999999999997,-0.043401410803379184
21.101520462996312,699.06335319865559,-998.51179122924805,32.229999999999997,-0.043547024122245183
21.114467060607367,699.11627099692043,-998.51179122924805,32.280000000000001,-0.043751536350263694
21.127413301211181,699.09699260607454,-997.974634170532,32.280000000000001,-0.043860389333065859
21.140355591972892,698.88370113220412,-997.07055091857899,32.25,-0.043849957485810116
21.153298195244449,698.9005766642664,-1000.29993057251,32.25,-0.043772196189387436
21.166251600823436,699.48390126525487,-998.61717224121105,32.189999999999998,-0.043670536122342923
21.179205215432091,699.49518886726071,-998.61717224121105,32.189999999999998,-0.043714846380028302
21.192157783855549,699.43869486674669,-996.56724929809604,32.159999999999997,-0.043949553121475311
21.205119297114816,699.92171600038898,-998.00062179565396,32.159999999999997,-0.04420820830475005
21.218086846380274,700.2476603347958,-998.00062179565396,32.399999999999999,-0.044484466521183277
21.231054090377775,700.23117586500996,-998.47197532653797,32.399999999999999,-0.044678276818707827
21.244014974476556,699.88774133431411,-1000.14448165894,32.399999999999999,-0.044681744442468842
21.256973875893888,699.78067653573805,-999.10998344421398,32.399999999999999,-0.044666884673803323
21.269942679339533,700.3153860649951,-1000.40435791016,32.399999999999999,-0.044710625791482224
21.282913606199973,700.4300504637265,-1000.40435791016,32.399999999999999,-0.044767302977900651
21.295879655000036,700.16663520333543,-1000.81944465637,32.090000000000003,-0.044968299980959012
21.308849458065421,700.36936553078431,-1002.3131370544399,32.090000000000003,-0.045144720416379368
21.321826173613594,700.74263960149574,-1002.3131370544399,32.140000000000001,-0.045243731389506353
21.334799491903738,700.55918766764057,-1001.46579742432,32.140000000000001,-0.045334902694668534
21.34776744370615,700.26939733033794,-1000.52380561829,32.140000000000001,-0.04536278856207572
21.360737293338317,700.3718801369572,-999.03535842895496,32.140000000000001,-0.045406570037227756
21.373709656504985,700.50761100017917,-999.03535842895496,32.579999999999998,-0.045484632459916567
21.386682973760458,700.55913179532001,-1002.4676322937,32.579999999999998,-0.045590554880398572
21.399653511535803,700.4090398688088,-1005.33485412598,32.460000000000001,-0.04568900395571842
21.412624094841988,700.41149853396098,-1005.13911247253,32.460000000000001,-0.045692866874896133
21.425595411823412,700.45111699691699,-1005.13911247253,32.329999999999998,-0.045645411850334126
21.438562719978961,700.23464039956195,-1006.62660598755,32.329999999999998,-0.045587913028883945
21.451520387911078,699.71406833439153,-1005.02920150757,32.280000000000001,-0.045641557210013027
21.464478731569088,699.75055753244339,-1003.96776199341,32.280000000000001,-0.045859408046982436
21.477441843598793,700.00804960412256,-1003.96776199341,32.369999999999997,-0.046149166300732423
21.490404715554277,699.99508559616925,-1004.3158531189,32.369999999999997,-0.046259060294195832
21.503362942280237,699.74424320176274,-1004.99534606934,32.140000000000001,-0.046250901909207505
21.516328588541917,700.14489813084913,-1003.40104103088,32.450000000000003,-0.046111694018876478
21.529299671658023,700.43848826960368,-1002.12717056274,32.100000000000001,-0.0458994683699478
21.542267025344458,700.23709906746217,-1002.12717056274,32.100000000000001,-0.045742186613427674
21.555233833690135,700.2076506666674,-1004.150390625,32.119999999999997,-0.045634650935105034
21.568200233288891,700.18557833277737,-1006.64234161377,32.119999999999997,-0.045565933816800581
21.581171510948177,700.44899360141255,-1006.00719451904,32.100000000000001,-0.045497065617110755
21.594138248927162,700.2038508652156,-1006.00719451904,32.100000000000001,-0.045413683272101095
21.607100730761712,699.97401906572679,-1004.17232513428,32.549999999999997,-0.045297881587623483
21.620061594165467,699.88662380271307,-1006.95872306824,32.549999999999997,-0.045216000742429395
21.633023186069163,699.92596279964187,-1008.3682537078899,32.57,-0.045074331056109813
21.645981555597498,699.75195453007154,-1008.61859321594,32.57,-0.045004708485437972
21.658943634893824,699.95228200148472,-1008.61859321594,32.600000000000001,-0.04501641210475954
21.67190598737908,699.96703420399444,-1007.68041610718,32.600000000000001,-0.045068705867967303
21.684872074466661,700.16870272926712,-1007.68041610718,32.189999999999998,-0.045077627938586419
21.697833751224707,699.93054493449449,-1005.23567199707,32.189999999999998,-0.044993962057660902
21.710794855736999,699.89964366375091,-1005.44881820679,32.189999999999998,-0.04487016134792806
21.723758149892642,700.01788440487951,-1005.29289245605,32.189999999999998,-0.044765984639562738
21.736728966029681,700.42407139994577,-1004.91428375244,32.229999999999997,-0.04471962133260915
21.749697288291348,700.28940213005205,-1004.91428375244,32.229999999999997,-0.044635141061243
21.762667780534535,700.40658113220854,-1002.5372505188,32.439999999999998,-0.044483931527459199
21.775641650375302,700.58897140128738,-1004.04930114746,32.439999999999998,-0.044373734336196229
21.78861348061978,700.47883320188396,-1004.04930114746,32.329999999999998,-0.044160160339709216
21.801579659804926,700.17367599784438,-1003.4511089325,32.329999999999998,-0.043937750160861488
21.814546890349391,700.23044940118177,-1001.68871879578,32.259999999999998,-0.043713457674335286
21.827511048565412,700.06454366509251,-1000.33354759216,32.259999999999998,-0.0436264059193694
21.840478766502454,700.25676860027659,-1000.33354759216,32.280000000000001,-0.043638551400379755
21.853445158857994,700.18518719905285,-1000.92315673828,32.280000000000001,-0.043634116235905532
21.866411746790114,700.19574833448246,-1003.26013565063,32.159999999999997,-0.043449498092034765
21.879381582969142,700.37115366763283,-1005.20515441895,32.380000000000003,-0.04342319340303747
21.892352691955573,700.43988526723172,-1004.41241264343,32.479999999999997,-0.043392629466503393
21.905316128912375,700.02559566723642,-1004.41241264343,32.479999999999997,-0.043470985772342992
21.918275842650644,699.82454186664677,-1002.8235912323,32.140000000000001,-0.043575961349584101
21.931236343872882,699.86706600080004,-1002.49338150024,32.140000000000001,-0.043610813510798117
21.944192212281461,699.61689406324933,-1001.86085700989,32.140000000000001,-0.043698784170351022
21.957138952695093,699.12398233622105,-1001.86085700989,32.140000000000001,-0.043671511941047639
21.970086226033363,699.15276026642027,-1001.40786170959,32.189999999999998,-0.04348677376131297
21.983039515713546,699.47764272995084,-1001.70874595642,32.189999999999998,-0.043300424391505318
21.995996085719767,699.65478033587328,-1001.70874595642,32.490000000000002,-0.043109979272686165
22.008950336733339,699.52955473301222,-1001.44958496094,32.490000000000002,-0.04316397839124992
22.021909544451876,699.79721680090029,-1000.17213821411,32.32,-0.043302646113832291
22.034874761270384,700.12170819940638,-1000.55599212646,32.32,-0.043494177775319283
22.047841933866721,700.22732020222963,-1000.49996376038,32.140000000000001,-0.043619436522613422
22.060804616453151,699.98485966718363,-999.53866004943802,32.140000000000001,-0.043727380948114396
22.073769743244402,700.1168467276824,-999.53866004943802,32.43,-0.043802481765353347
22.086742762476554,700.54303853620286,-999.17054176330601,32.43,-0.043907770887476286
22.099717742660509,700.64892993360536,-1000.30708312988,32.469999999999999,-0.044006387599401176
22.112685474049417,700.25749500090103,-1000.30708312988,32.469999999999999,-0.044204708602321625
22.125659110024706,700.57634266573007,-999.75085258483898,32.140000000000001,-0.044457549228653012
22.138636397818484,700.77354086399521,-998.38781356811501,32.57,-0.044703312838435774
22.151610547055611,700.60405880474502,-999.56321716308605,32.210000000000001,-0.044837978978510988
22.164577069796284,700.19222799630984,-999.56321716308605,32.210000000000001,-0.044882792152219929
22.17754406026668,700.21748540147257,-1000.31638145447,32.229999999999997,-0.044822880169584273
22.190511934459234,700.26520639790965,-999.90296363830601,32.229999999999997,-0.044873571023204113
22.203481224261768,700.34164933680927,-998.757362365723,32.280000000000001,-0.045014190383653903
22.216446369679062,700.11785253387802,-998.757362365723,32.280000000000001,-0.04521906168896795
22.229411671351816,700.12629032876305,-996.23656272888195,32.210000000000001,-0.045393327664737075
22.242380611391347,700.32276213464797,-997.98941612243596,32.210000000000001,-0.045471152083262183
22.255340715249382,699.84560833388525,-997.61438369750999,32.100000000000001,-0.045475432028322174
22.268300222025957,699.81336593508615,-997.61438369750999,32.100000000000001,-0.045472996101896736
22.281257999646908,699.71999153134766,-994.92406845092796,32.5,-0.045503029185839823
22.294221508006196,700.02945140146483,-994.16661262512196,32.140000000000001,-0.045660749698097143
22.307183691817276,699.95792579836575,-996.10996246337902,32.579999999999998,-0.045823515909220007
22.320142034440764,699.75050166836672,-997.164487838745,32.579999999999998,-0.045940196140658841
22.333105550044387,700.02984259564528,-995.28026580810501,32.530000000000001,-0.046027348273319807
22.346074885377806,700.34410800470971,-995.65148353576706,32.530000000000001,-0.046028454476751794
22.359044123440807,700.33885540200924,-995.65148353576706,32.439999999999998,-0.046037929131699712
22.372009464435802,700.12841372976345,-996.58346176147495,32.439999999999998,-0.045999753184740255
22.384971361607409,699.94244726667955,-996.32644653320301,32.259999999999998,-0.045968610793347374
22.397932575808635,699.905566866203,-995.61738967895496,32.259999999999998,-0.046006606684577199
22.410889640450648,699.6814906686925,-995.61738967895496,32.280000000000001,-0.045937271788613412
22.423839688093789,699.3025727296523,-996.65236473083496,32.280000000000001,-0.045861925721754522
22.436787084572853,699.15940986949681,-996.65236473083496,32.280000000000001,-0.045727937378746371
22.449737508885217,699.32291286771431,-998.22473526000999,32.280000000000001,-0.045623966596131792
22.462685750797547,699.20506326580619,-998.81935119628895,32.229999999999997,-0.045701377093504879
22.475631315675322,699.06050339977855,-998.12769889831497,32.229999999999997,-0.045674773347230441
22.488573931364225,698.90124720081405,-996.42252922058105,32.189999999999998,-0.045722920654174194
22.501522296418525,699.2117129320867,-998.11553955078102,32.189999999999998,-0.04571697053746121
22.514464437133316,698.87559859872295,-997.13826179504395,32.119999999999997,-0.045585018685244713
22.527402700441986,698.66621866819753,-997.13826179504395,32.119999999999997,-0.045466372328893556
22.54034230796049,698.73880599927679,-996.91462516784702,32.380000000000003,-0.045251085733426316
22.553287073970356,699.01736453269825,-997.90120124816895,32.380000000000003,-0.045099882409306583
22.566232638846909,699.06050333382666,-996.70982360839798,32.159999999999997,-0.045061711634845042
22.57917809403585,699.05458020282242,-996.70982360839798,32.43,-0.044950424796794647
22.59212810235675,699.30044932865178,-996.92463874816895,32.539999999999999,-0.044837739938707787
22.605080352061709,699.42148406778472,-999.34673309326195,32.539999999999999,-0.044642974518627733
22.618030776372905,699.32291280451034,-998.17967414856003,32.119999999999997,-0.044431380098814692
22.630982052328402,699.36890159687539,-998.17967414856003,32.119999999999997,-0.044287273453330847
22.643934581428447,699.4365714025422,-996.36816978454601,32.57,-0.044079627841361019
22.656891067616009,699.65025412830107,-996.91534042358398,32.210000000000001,-0.0438727541929117
22.669844245538219,699.47160779934552,-998.94070625305199,32.210000000000001,-0.043726107105125811
22.682795430429653,699.36398413741506,-998.42786788940396,32.210000000000001,-0.043519212759611292
22.695751487174089,699.62706419960625,-997.01213836669899,32.359999999999999,-0.043370918267040814
22.708705900650653,699.53832773434112,-1001.38568878174,32.359999999999999,-0.043117547820551924
22.721656208029643,699.31659846558568,-1001.38568878174,32.310000000000002,-0.042917654952598125
22.734607736476555,699.38253613313248,-1002.41589546204,32.310000000000002,-0.042758294277501115
22.74756100649633,699.47658106792267,-1001.10602378845,32.280000000000001,-0.042696480328254835
22.760511145202468,699.30749013140485,-1000.34117698669,32.240000000000002,-0.042734716294418461
22.773459068396299,699.18785246684411,-1000.76222419739,32.299999999999997,-0.042745423399191448
22.786401911741979,698.91354066672363,-1002.09808349609,32.299999999999997,-0.042662118664906684
22.799349775951889,699.18466733511559,-1003.3700466156,32.350000000000001,-0.042494567524830829
22.812304884816019,699.57587866312133,-1003.17692756653,32.350000000000001,-0.042245580503944384
22.825257322854345,699.43165406948958,-1003.17692756653,32.409999999999997,-0.04209676860927232
22.838213074332145,699.6105798012685,-1002.83098220825,32.409999999999997,-0.04206769478810183
22.851178271488923,700.12064646593024,-1001.8448829650901,32.119999999999997,-0.042158959225859077
22.864143761496312,700.13646039916819,-1001.87683105469,32.119999999999997,-0.042219671110262008
22.877106340602456,699.97927173163123,-1002.21943855286,32.119999999999997,-0.042224749922365787
22.890069991764218,700.03716273526948,-1002.21943855286,32.119999999999997,-0.042101987120141481
22.903037229553071,700.23084059811026,-1001.41906738281,32.159999999999997,-0.04194358363699608
22.916006695271626,700.35114880196659,-1001.61123275757,32.159999999999997,-0.041773410306576865
22.928974361469137,700.25397466547645,-1001.61123275757,32.560000000000002,-0.04169330311306934
22.941948478627239,700.60232653746903,-1003.41534614563,32.560000000000002,-0.041733389306157588
22.95492406313587,700.68156346612886,-1004.53472137451,32.539999999999999,-0.041863958660818469
22.967899012275371,700.64725353315407,-1005.32817840576,32.539999999999999,-0.042054409988334804
22.980868016472847,700.32622666370389,-1004.5154094695999,32.479999999999997,-0.04222374512875704
22.993835155955541,700.22553206538112,-1004.5154094695999,32.479999999999997,-0.042242352953437833
23.006808162770348,700.54236799965508,-1005.46336174011,32.229999999999997,-0.042245538077227821
23.019782195075322,700.59774446856829,-1008.27884674072,32.229999999999997,-0.04226190245023561
23.03275843047409,700.71671153337729,-1009.2236995697,32.25,-0.042494459905038182
23.045736068032141,700.79242813485655,-1007.88354873657,32.25,-0.042869235492053168
23.058714089501262,700.81315933244719,-1006.4799785614,32.280000000000001,-0.043223943147175516
23.071689798186434,700.68826899923408,-1008.22782516479,32.280000000000001,-0.043527806798354558
23.084658972091386,700.33539086745725,-1008.22782516479,32.159999999999997,-0.043710135958342174
23.097622577722213,700.03470406462111,-1008.1138610839801,32.159999999999997,-0.04375605533512688
23.110590243918601,700.2539746050204,-1005.76448440552,32.100000000000001,-0.043849537355553796
23.123561086960482,700.42552426165037,-1005.9218406677199,32.100000000000001,-0.043872938387433523
23.136535411080281,700.61350246902975,-1007.22551345825,32.090000000000003,-0.043930079167227659
23.149514758132124,700.88474079962282,-1008.2156658172599,32.090000000000003,-0.043997020564042352
23.162501719262927,701.29590106326634,-1008.2156658172599,32.479999999999997,-0.044020697887908369
23.175490485090123,701.39335466853163,-1006.69598579407,32.479999999999997,-0.044157323944046062
23.188480343669138,701.45236326697477,-1003.94749641418,32.520000000000003,-0.044298227875033423
23.201468109877819,701.33937526869443,-1003.99446487427,32.520000000000003,-0.044405188204754177
23.214454901301245,701.28673686500872,-1006.07991218567,32.5,-0.044536151819192266
23.227438301675281,701.10362019805359,-1005.91325759888,32.5,-0.044600776292248588
23.240419175061731,700.96716286825529,-1005.619764328,32.140000000000001,-0.044755577626688615
23.253397229644495,700.8149474692957,-1005.619764328,32.140000000000001,-0.045020799669459516
23.266372912460511,700.68687206481002,-1006.74796104431,32.189999999999998,-0.045213325777422098
23.27934410629997,700.44446733063648,-1009.30452346802,32.189999999999998,-0.045384515283917369
23.292312440980304,700.29007273804768,-1009.88507270813,32.189999999999998,-0.045402474287249368
23.305281276503752,700.31711826631897,-1009.88507270813,32.189999999999998,-0.045455719032693777
23.318251132344464,700.37221539836105,-1007.74097442627,32.490000000000002,-0.045553486173375707
23.33121183431858,699.87790660225687,-1005.70058822632,32.490000000000002,-0.045612008414526187
23.344174316153079,699.97401906297887,-1006.49309158325,32.479999999999997,-0.045644398778021428
23.357141475296231,700.22659373015733,-1006.49309158325,32.479999999999997,-0.045590941897162209
23.370107114314795,700.14450700262068,-1007.81035423279,32.210000000000001,-0.045577539130723828
23.38307118767657,700.05996153573585,-1007.004737854,32.439999999999998,-0.045597355605520681
23.396036586620966,700.13154299741552,-1003.02529335022,32.189999999999998,-0.045502911217896243
23.40900394030745,700.23709907021032,-1003.02529335022,32.189999999999998,-0.045443613909410999
23.421968260986461,700.07331666642142,-1004.67538833618,32.25,-0.045364603606366016
23.43493258166669,700.07331673237354,-1003.33333015442,32.25,-0.04525592136662937
23.44789432258273,699.93400946629845,-1000.8559226989699,32.240000000000002,-0.045200482838631414
23.46086023478896,700.15925913643048,-1000.8559226989699,32.240000000000002,-0.045091548106922827
23.473833000493858,700.52934806442124,-998.76523017883301,32.350000000000001,-0.045003632289801518
23.486801920872775,700.32170046162776,-1001.42884254456,32.350000000000001,-0.044910613860714751
23.499769579825898,700.25358346854796,-1001.18923187256,32.399999999999999,-0.044765455854841173
23.512747224627169,700.79281926858107,-1000.23460388184,32.399999999999999,-0.04472248463108313
23.52572769547529,700.94542579851714,-1000.23460388184,32.210000000000001,-0.044701282556239522
23.538704353074063,700.73951033384367,-999.00031089782703,32.280000000000001,-0.044757655511000007
23.55167453280745,700.38970560289431,-998.45361709594704,32.280000000000001,-0.044742758488370282
23.5646439726568,700.34975186479448,-998.33321571350098,32.280000000000001,-0.044568284517708764
23.577611268395103,700.23396986851026,-997.93982505798294,32.210000000000001,-0.044354618424011734
23.590569390604934,699.73859933068582,-997.550010681152,32.329999999999998,-0.044126330563879108
23.603521810017316,699.43064826879015,-997.01571464538597,32.399999999999999,-0.043927460081258335
23.616479289614798,699.70389826398662,-997.01571464538597,32.399999999999999,-0.043829874031741968
23.62943796440992,699.76843893665318,-997.81370162963901,32.119999999999997,-0.04374714568281813
23.642398828848194,699.88667966678986,-996.50287628173805,32.119999999999997,-0.0437562933401048
23.655361304474098,699.97368379882698,-995.70488929748501,32.119999999999997,-0.043796137389015818
23.668329074150623,700.2595625323288,-995.70488929748501,32.119999999999997,-0.043766676550521917
23.681295635179016,700.19429553323357,-995.41974067688,32.119999999999997,-0.043629975988949368
23.694258461602494,699.9926268678131,-995.47362327575695,32.119999999999997,-0.043383342109433558
23.70721653310741,699.7358612654582,-995.47362327575695,32.530000000000001,-0.043172856999360312
23.720180319829606,700.04448299855369,-995.58281898498501,32.530000000000001,-0.043115776239533686
23.733148336824691,700.27291773446245,-995.94235420227005,32.530000000000001,-0.043113384809577125
23.746113378761745,700.11226460107366,-995.45168876647904,32.530000000000001,-0.043129978908706235
23.759078498308664,700.11645553350183,-994.35615539550804,32.579999999999998,-0.043190823246621872
23.772048911907472,700.40233433570359,-994.35615539550804,32.579999999999998,-0.043244891696443244
23.785013212925971,700.07225499889739,-991.57404899597202,32.170000000000002,-0.043206430143866506
23.797972901827215,699.82320066714328,-993.18122863769497,32.170000000000002,-0.043040226316167489
23.810929906450632,699.67824966464343,-993.26038360595703,32.189999999999998,-0.042817526392554053
23.823887490564193,699.70954213231539,-993.26038360595703,32.189999999999998,-0.042749800616096706
23.836848777201205,699.90947839855619,-993.11780929565396,32.210000000000001,-0.042833885591130161
23.849806932525897,699.74038753348623,-991.81437492370605,32.210000000000001,-0.042924143166849456
23.862766132999997,699.79682560122387,-991.95170402526901,32.549999999999997,-0.043004381779909527
23.875730057350644,700.05191493503128,-991.95170402526901,32.549999999999997,-0.043034275165596117
23.888692824791374,699.98944179928833,-992.59948730468705,32.509999999999998,-0.043092013026289712
23.901654547080255,699.9330035996469,-990.00501632690396,32.509999999999998,-0.043190531432205623
23.914612175690131,699.71194493339101,-991.524696350098,32.409999999999997,-0.043300211223046343
23.927575632308663,700.02665740071268,-991.524696350098,32.409999999999997,-0.043559468661601347
23.940536560904881,699.89014419584566,-992.05827713012695,32.240000000000002,-0.043811755668829548
23.953492611439554,699.62672887225051,-991.09005928039505,32.240000000000002,-0.044027564839456058
23.96645291087529,699.85616952977068,-990.74530601501499,32.229999999999997,-0.044177047287214728
23.979419245281477,700.18205793414882,-990.42105674743596,32.229999999999997,-0.044159394585394772
23.992388054935823,700.31572133464294,-990.42105674743596,32.299999999999997,-0.044201800806768096
24.00535877380122,700.4188187312933,-990.63992500305199,32.299999999999997,-0.0443069688561663
24.018335288597566,700.73179900278694,-990.63992500305199,32.140000000000001,-0.044370239807537938
24.03131290028519,700.79103113173255,-988.46340179443405,32.140000000000001,-0.044512056435127581
24.044283269387684,700.39993153462797,-991.77098274231003,32.119999999999997,-0.044541856687608433
24.057244016892586,699.88036526466112,-991.66297912597702,32.119999999999997,-0.044559856048515332
24.070202340888912,699.74949580171517,-991.66297912597702,32.119999999999997,-0.044582137422809663
24.08315939104444,699.68070839849565,-991.24169349670399,32.119999999999997,-0.044588057531370899
24.096109192404917,699.2892734657911,-991.58811569213901,32.590000000000003,-0.044704662221837152
24.10905717354693,699.19098166854417,-990.62800407409702,32.590000000000003,-0.044833444472846283
24.122005876981508,699.22998546727297,-991.90616607666004,32.539999999999999,-0.045047941513475846
24.134958697896277,699.45232939750747,-991.90616607666004,32.539999999999999,-0.045236045907199172
24.147902983758005,698.99143653327985,-992.76065826416004,32.210000000000001,-0.045301286088925842
24.160842448472859,698.73109460226806,-993.86954307556096,32.5,-0.045368326827796124
24.173785498780237,698.92471659828414,-993.48449707031205,32.229999999999997,-0.045417663124193555
24.186735793740716,699.31592786583394,-993.48449707031205,32.229999999999997,-0.04558429846263154
24.199682676958098,699.13169373872586,-993.82019042968705,32.229999999999997,-0.045865455435031809
24.212630223482755,699.16751233153013,-993.63374710082996,32.229999999999997,-0.04608038812870386
24.225581590499978,699.37381892992801,-995.05686759948696,32.229999999999997,-0.046272319223890856
24.238531605029625,699.30078460104778,-995.05686759948696,32.229999999999997,-0.04634119259755437
24.251476923624686,699.04720413316977,-995.88990211486805,32.369999999999997,-0.046238737801596715
24.26441905813083,698.87526333182302,-995.52035331726097,32.369999999999997,-0.046123459727765201
24.277366669848206,699.17103273840257,-995.52226066589401,32.189999999999998,-0.046019610017112016
24.290320387938319,699.50077686601708,-995.52226066589401,32.189999999999998,-0.04597006262221149
24.30327090952095,699.32816546217077,-997.03478813171398,32.159999999999997,-0.045957384216873148
24.316221496297526,699.33168593499533,-998.31748008728005,32.159999999999997,-0.045957092402456899
24.329177553040793,699.62706413640228,-998.31748008728005,32.439999999999998,-0.04599546289173289
24.342141289056752,700.04174486187821,-997.05815315246605,32.439999999999998,-0.045950149909682193
24.355101854437038,699.87053053535192,-997.33924865722702,32.530000000000001,-0.045814243041943079
24.368059599979016,699.7182592668197,-999.97973442077603,32.530000000000001,-0.045631343704935497
24.38102131605925,699.93266833274697,-999.97973442077603,32.57,-0.045482338302212391
24.393985149346904,700.04699753327861,-998.32630157470703,32.57,-0.045549272455809961
24.406943401943241,699.7456402021387,-999.22466278076195,32.159999999999997,-0.045683632294169572
24.419895515053096,699.41410793217972,-1001.08027458191,32.159999999999997,-0.045732224567023486
24.43284848601478,699.46043193098888,-1001.08027458191,32.189999999999998,-0.045688048832704914
24.445804764206176,699.63902233541194,-1002.67887115479,32.189999999999998,-0.04558230439809844
24.458763425549336,699.76771253053278,-1001.91473960876,32.509999999999998,-0.045448516806256674
24.471723159982737,699.82565940374377,-1000.4158020019501,32.229999999999997,-0.045411020724640823
24.484693444230832,700.3953493970273,-1000.68402290344,32.359999999999999,-0.045416512422766016
24.497666755277805,700.5587965366642,-1000.68402290344,32.359999999999999,-0.045441878545699692
24.510638312333352,700.46408099937412,-1001.0669231414799,32.280000000000001,-0.04548543960627497
24.523605127922195,700.20804179764377,-999.74417686462402,32.280000000000001,-0.045382940313135986
24.536575957512369,700.42479786927004,-999.51720237731899,32.189999999999998,-0.045166773101311432
24.549552374002502,700.72649046730987,-999.51720237731899,32.189999999999998,-0.044926688489414834
24.562523763419762,700.45502853201799,-1000.62561035156,32.32,-0.044682331175726259
24.575492890759257,700.33287633273233,-1000.10776519775,32.32,-0.04464743865922733
24.588465968975331,700.54622366793149,-1001.06382369995,32.359999999999999,-0.044677265816249229
24.601438623956774,700.52336899789248,-1001.06382369995,32.359999999999999,-0.044611116043719201
24.61440282045924,700.06661113331643,-1000.92101097107,32.450000000000003,-0.044486803105196905
24.627367712350654,700.10416213629242,-1004.2431354522701,32.450000000000003,-0.04431968347860802
24.640336632728403,700.32170039842379,-1003.62539291382,32.100000000000001,-0.044158939271333686
24.653305688665462,700.32902060125195,-1003.94296646118,32.100000000000001,-0.044097153262369723
24.666274927762984,700.3389112660858,-1003.94296646118,32.100000000000001,-0.044099671971916193
24.679246893566621,700.48615339646824,-1004.24599647522,32.100000000000001,-0.044224024232526568
24.692220562655557,700.57813080257858,-1003.7319660186801,32.119999999999997,-0.044390061456512038
24.705194628072853,700.59953253396884,-1003.7319660186801,32.119999999999997,-0.044542245772801276
24.718166900177803,700.50269366712655,-1004.31632995605,32.5,-0.044565986220754396
24.731138788370359,700.48196239808794,-1002.9234886169399,32.5,-0.044489933384265302
24.744111619269145,700.53286853449777,-1002.4428367614699,32.450000000000003,-0.044502917056035964
24.757084846496291,700.55427026588791,-1001.12891197205,32.450000000000003,-0.044575808569207426
24.770048251375339,700.02386346866047,-1001.67012214661,32.5,-0.04462789744128616
24.783013922472829,700.14623926440072,-1003.20744514465,32.5,-0.044701363269760895
24.795987721946901,700.58517159983558,-1001.92737579346,32.119999999999997,-0.044727217819841229
24.808964313318537,700.73593406839052,-1001.92737579346,32.119999999999997,-0.044856195648501053
24.821942445511162,700.81913840172399,-1000.95772743225,32.140000000000001,-0.044976320738053827
24.834927762340737,701.20710879712851,-1003.35359573364,32.140000000000001,-0.044993156980647715
24.847917244251907,701.43202320310866,-1003.35359573364,32.159999999999997,-0.04503125738683815
24.860908940641981,701.55160506404866,-1002.7174949646,32.159999999999997,-0.045141644982948571
24.873894550319733,701.22292259846256,-1003.5922527313199,32.539999999999999,-0.045305876474697186
24.886880283140773,701.22957233619093,-1004.25481796265,32.539999999999999,-0.04545765825474439
24.899862930179008,701.06294006482551,-1005.27763366699,32.549999999999997,-0.045549441128919607
24.912840989935848,700.81522686937092,-1004.4150352478,32.549999999999997,-0.045676450761795225
24.92581137869875,700.40099319665626,-1002.51984596252,32.560000000000002,-0.045770727510677289
24.938776790060491,700.13221353396318,-1002.73633003235,32.560000000000002,-0.045887184225404443
24.95174439727408,700.25078953374782,-1004.12440299988,32.189999999999998,-0.04599452122200768
24.964712531202483,700.27923213384315,-1004.12440299988,32.189999999999998,-0.046047567286394253
24.977677585556833,700.1129351348734,-1003.55935096741,32.140000000000001,-0.046171797438793072
24.990649000844417,700.45642552964603,-1002.14314460754,32.140000000000001,-0.046357960542341918
25.003626209993815,700.76929406749036,-1000.8683204650901,32.170000000000002,-0.04644723919472802
25.016600586887666,700.61635226790634,-1003.0937194824201,32.170000000000002,-0.046479454677586886
25.02957093632843,700.39886980115182,-1003.0937194824201,32.57,-0.046444946071340226
25.042544390179,700.56650793092479,-1002.2988319397,32.57,-0.04649467869792874
25.055519234802475,700.64160966757311,-999.42302703857399,32.619999999999997,-0.046724001358396973
25.068492800411125,700.5725428670263,-999.00245666503895,32.619999999999997,-0.046955230128084703
25.081461277893883,700.29778406910441,-999.56679344177201,32.170000000000002,-0.047223950839781863
25.094433108138261,700.47883319638788,-999.81188774108898,32.590000000000003,-0.047590069266205591
25.107405328502505,700.49989966912244,-999.58992004394497,32.159999999999997,-0.047851049651433754
25.120371429043271,700.16942920133954,-999.58992004394497,32.159999999999997,-0.048054529147189641
25.13332933083954,699.72669699850087,-1000.0479221344,32.119999999999997,-0.048132630892475423
25.146284529732146,699.58074020079732,-1000.1528263092,32.119999999999997,-0.048186991156102379
25.159245465571633,699.89053533231822,-1000.1528263092,32.159999999999997,-0.048255554089563432
25.172205382129654,699.83549413305286,-1000.21529197693,32.159999999999997,-0.04819007693758233
25.18516259474934,699.68948146302853,-1000.34594535828,32.590000000000003,-0.048085015474271055
25.198124225975278,699.92808620064227,-998.87633323669399,32.590000000000003,-0.047978421465164733
25.211087019286381,699.9908387996644,-997.99108505249001,32.549999999999997,-0.047855303726319971
25.22403829524071,699.36890153367153,-997.99108505249001,32.549999999999997,-0.047747742177670881
25.236982066804963,698.96366446973229,-996.97709083557095,32.539999999999999,-0.047591101998875326
25.249927800355593,699.06961173395962,-996.34051322937,32.539999999999999,-0.047431981397490788
25.262874256198842,699.10861553543623,-996.34051322937,32.210000000000001,-0.047386235867789409
25.275821555406214,699.15415719809653,-995.86057662963901,32.210000000000001,-0.047373436391151234
25.288766899870325,699.04860106209765,-996.10352516174305,32.210000000000001,-0.047392125965247341
25.301716849207409,699.29726420241923,-996.368408203125,32.210000000000001,-0.047433944418334414
25.314669599756755,699.44852966475582,-994.72475051879906,32.229999999999997,-0.047502955421672551
25.327619660853085,699.3032992017246,-994.72475051879906,32.229999999999997,-0.047493923662017358
25.340566686871572,699.13940499833461,-993.88384819030796,32.43,-0.047382698910480782
25.353518807225917,699.41449913460417,-994.65799331665005,32.43,-0.047213620402858245
25.366480853408593,699.9504938646362,-995.55134773254395,32.259999999999998,-0.047126132994493641
25.379442387364215,699.92283360343777,-995.34630775451706,32.259999999999998,-0.047062776155168941
25.392401165639473,699.77402686396135,-995.45645713806096,32.229999999999997,-0.047115183745390754
25.405357501780319,699.64215160581205,-995.746850967407,32.229999999999997,-0.047144613539279193
25.418314481567933,699.67690853109184,-995.746850967407,32.310000000000002,-0.047058849077893088
25.431262404761764,699.18785246684411,-994.78268623352005,32.310000000000002,-0.046848693034673629
25.444206098716055,698.95947353180816,-993.72601509094204,32.460000000000001,-0.046468765164996172
25.457153047124685,699.13521406590633,-993.82281303405796,32.460000000000001,-0.046063593277594149
25.470103062688903,699.30084046787238,-994.773387908936,32.479999999999997,-0.045780846847825588
25.483054994708613,699.40432906419926,-996.08421325683605,32.479999999999997,-0.04562021336553216
25.496003937182689,699.24289360015757,-996.08421325683605,32.100000000000001,-0.0456433391396402
25.508953992070371,699.30296393482479,-993.83997917175304,32.100000000000001,-0.045643018351337696
25.521903753074088,699.28709420071414,-993.83997917175304,32.140000000000001,-0.045585574375016216
25.534848669129648,699.02546700022754,-992.49577522277798,32.140000000000001,-0.045370902451562056
25.547796416407405,699.17835299893875,-993.122339248657,32.210000000000001,-0.045053198313338039
25.560743144402473,699.12331173372138,-995.97430229187,32.210000000000001,-0.044781581187384213
25.573699006603679,699.61655886504946,-995.98050117492699,32.530000000000001,-0.044661255345647285
25.586651944451923,699.45864380513228,-995.98050117492699,32.530000000000001,-0.044611933537872316
25.599604974397529,699.46361706271739,-996.65093421936001,32.450000000000003,-0.044801085152429844
25.612567858770355,699.99575613271702,-996.38628959655796,32.450000000000003,-0.044922307133310267
25.625528768739517,699.88913833469007,-994.15397644043003,32.210000000000001,-0.04499293967141188
25.63848321429505,699.54005999886908,-992.23947525024403,32.359999999999999,-0.044946550493979172
25.651444968664229,699.93473593562283,-994.98534202575695,32.240000000000002,-0.044752824016182038
25.664412576912337,700.25084539782449,-995.62287330627396,32.240000000000002,-0.044568220360272179
25.67738124997285,700.30834526773799,-996.74797058105503,32.259999999999998,-0.044490461133754482
25.690347303946936,700.16691460066261,-996.74797058105503,32.259999999999998,-0.044439838577839209
25.703311390760575,700.06068793636018,-995.93353271484398,32.310000000000002,-0.0444659549325047
25.716280285269217,700.32030346674753,-995.13053894043003,32.310000000000002,-0.04440945573114758
25.729245001243235,700.09466259693909,-994.42124366760197,32.159999999999997,-0.044363027231168792
25.74220378676171,699.77441799768599,-994.27318572998001,32.159999999999997,-0.044301196724616396
25.755161227037053,699.70177486848195,-994.27318572998001,32.159999999999997,-0.044256125885979603
25.768121637197567,699.86214866774765,-996.89865112304699,32.159999999999997,-0.044216455684508139
25.781082430233354,699.88282393256145,-999.72963333129906,32.43,-0.044195357088273199
25.79403900644817,699.65511560002506,-1000.97727775574,32.07,-0.044275318375081495
25.806998389048157,699.80666039923301,-1000.4565715789799,32.469999999999999,-0.044432265890061697
25.819965698238274,700.23469626638655,-998.22068214416504,32.469999999999999,-0.044515584077227659
25.832930304523511,700.08873940273088,-1000.52094459534,32.450000000000003,-0.044614639546416417
25.845889024850639,699.77089766500956,-1000.52094459534,32.450000000000003,-0.04468727339455824
25.858850987213589,699.94596759935609,-999.73678588867199,32.539999999999999,-0.044765747668494088
25.871816378914822,700.13115186643893,-997.20644950866699,32.539999999999999,-0.044917472534779825
25.884783779167936,700.23961366813921,-998.62074851989701,32.140000000000001,-0.045038013615898487
25.897746806343243,700.00346746652178,-998.62074851989701,32.140000000000001,-0.045096514125158492
25.910713842345746,700.21994413532479,-1000.04029273987,32.119999999999997,-0.04513136318169314
25.923682840334578,700.32589139680385,-1000.36549568176,32.119999999999997,-0.045066334100505125
25.936650142280204,700.2343050639621,-1000.36549568176,32.140000000000001,-0.045103544575129689
25.949614593345672,700.08035753512661,-1000.39529800415,32.140000000000001,-0.045247204187597277
25.962581615895143,700.21921767149649,-1002.34222412109,32.479999999999997,-0.045538777485077786
25.975551718018519,700.38551466222202,-1002.3665428161599,32.479999999999997,-0.045935270480405195
25.988517299087682,700.14137773496884,-1002.06780433655,32.530000000000001,-0.046189527751592366
26.001476408500007,699.79190826542322,-1002.34794616699,32.530000000000001,-0.046274117710925919
26.014434914622225,699.75933059972442,-1002.56609916687,32.57,-0.046219635341122972
26.027397241237054,699.96563720087045,-1003.32856178284,32.57,-0.0460662951489745
26.040351231479036,699.51547306705027,-1004.44507598877,32.159999999999997,-0.045981229178972648
26.053302644027145,699.37627759782845,-1004.44507598877,32.159999999999997,-0.046019481701068392
26.066259330966687,699.66109473525387,-1005.02562522888,32.210000000000001,-0.046200388007604815
26.079220564828422,699.90662853372748,-1004.69279289246,32.210000000000001,-0.046424733267319183
26.092182021174079,699.91864266551363,-1004.69279289246,32.549999999999997,-0.04654855053405281
26.105141774233321,699.82666519894724,-1002.74181365967,32.210000000000001,-0.046558766107254221
26.118105399525877,700.03576579809737,-1002.83455848694,32.520000000000003,-0.046536224997821715
26.131075547180242,700.38797333561843,-1002.4833679199201,32.520000000000003,-0.046383078313164509
26.144044349591368,700.31533020091854,-1002.4833679199201,32.329999999999998,-0.046310477579329587
26.157013153037017,700.3153860649951,-1003.36456298828,32.329999999999998,-0.046274171521941798
26.169983106148148,700.37746800106152,-1003.5462379455601,32.210000000000001,-0.046401456412080218
26.18296237455429,700.88049393167,-1002.5978088378901,32.210000000000001,-0.046574936972210969
26.195934997458032,700.52163680206434,-1001.94501876831,32.380000000000003,-0.046534319925971943
26.208901767516092,700.20558313523941,-1001.94501876831,32.380000000000003,-0.046399085679036195
26.221869848669169,700.2763822662663,-1001.6949176788301,32.119999999999997,-0.046214368194076733
26.234842225288926,700.50833746675539,-1002.02679634094,32.439999999999998,-0.046055320029850501
26.247813132487686,700.42898873299839,-1002.5162696838401,32.490000000000002,-0.046017932601580346
26.260786983702509,700.58796560058772,-1002.5162696838401,32.490000000000002,-0.046023554686468376
26.273763172535819,700.71419699865248,-1005.51772117615,32.119999999999997,-0.045983318446718248
26.286738674259293,700.67709306767335,-1004.73737716675,32.119999999999997,-0.04601221635023886
26.299708509403754,700.37109780080812,-1004.73737716675,32.469999999999999,-0.045921956705683248
26.312672778343178,700.07052272887347,-1002.4106502533,32.100000000000001,-0.045787657921098637
26.325636689240689,700.05118846570679,-1001.07312202454,32.119999999999997,-0.045688791820608948
26.338604387517325,700.2557069382483,-1001.4488697052,32.119999999999997,-0.04557845803622685
26.351569351843199,700.10807359719752,-1002.28786468506,32.450000000000003,-0.045599668389112849
26.364533444866701,700.061023269212,-1002.61783599854,32.450000000000003,-0.045500732957619992
26.377494133387682,699.87718013293249,-1001.34611129761,32.460000000000001,-0.045274424676603996
26.390450618540775,699.65019826697244,-1001.26314163208,32.460000000000001,-0.044976773982718821
26.403399568258017,699.24328473113394,-1001.67846679688,32.409999999999997,-0.044547284228958588
26.41635092803207,699.37342779895164,-1001.67846679688,32.409999999999997,-0.04428792641398073
26.429317392822274,700.18909867094976,-1000.33569335938,32.090000000000003,-0.044103185128192696
26.442287956467897,700.4104368636888,-998.82674217224098,32.090000000000003,-0.044033099999835533
26.455258221055583,700.39428773499901,-998.365879058838,32.119999999999997,-0.044124151269540918
26.468231857029604,700.57634259703002,-998.365879058838,32.119999999999997,-0.04415562583256874
26.481206416049393,700.62618706866351,-998.07643890380905,32.140000000000001,-0.043979984604293122
26.494179753999994,700.5602493324169,-1000.48780441284,32.140000000000001,-0.043693906108904744
26.507146140146936,700.18485193490096,-1001.41501426697,32.369999999999997,-0.043330886918877709
26.520113383109866,700.23111999818548,-1001.41501426697,32.369999999999997,-0.043307521069784978
26.533084116461744,700.41960100149038,-1000.49185752869,32.310000000000002,-0.043440531524641432
26.546054633540741,700.40792226575991,-998.85606765747104,32.310000000000002,-0.043648176101684213
26.559014718772886,699.84460253593352,-999.15432929992699,32.280000000000001,-0.043771963359808083
26.571972913419771,699.74251093173882,-999.15432929992699,32.280000000000001,-0.043728987996698068
26.584932147007411,699.79861373257643,-999.29618835449196,32.210000000000001,-0.043512037437308131
26.597895186601281,700.00413806902145,-998.08096885681096,32.210000000000001,-0.043262766880200497
26.610856571545725,699.91478699998527,-996.54197692871105,32.25,-0.043008153637669376
26.623825990698773,700.34863426449374,-996.54197692871105,32.25,-0.04298805362675312
26.636803096366712,700.76370606873411,-996.98042869567905,32.259999999999998,-0.043026602101650192
26.649776914467893,700.5861774637392,-998.00443649292004,32.259999999999998,-0.043160434191843726
26.662739324901281,699.97016340294647,-998.00443649292004,32.259999999999998,-0.043110861960169798
26.675701489050631,699.95686406488937,-997.17116355895996,32.259999999999998,-0.042915282149547339
26.688666829011105,700.12835786568689,-997.03288078308105,32.299999999999997,-0.042714915341033791
26.70163090237293,700.05996153848389,-997.272729873657,32.299999999999997,-0.042632304958883087
26.714601602612387,700.41781293059364,-997.08986282348599,32.259999999999998,-0.042627651451314648
26.727577753158023,700.71212946447656,-996.05345726013195,32.259999999999998,-0.042892226741980177
26.740554988177799,700.77069106786644,-995.21446228027298,32.280000000000001,-0.043170040266700418
26.753526922935812,700.48447693281298,-996.77658081054699,32.280000000000001,-0.043460155525754517
26.766487488316049,699.87053053260399,-997.87473678588901,32.259999999999998,-0.043545447082983697
26.779444500182684,699.67864079836784,-997.87473678588901,32.259999999999998,-0.043453679729609992
26.792405624356807,699.90070540272313,-997.15805053710903,32.359999999999999,-0.043410448771782448
26.805367749183969,699.95474066663701,-997.57146835327103,32.359999999999999,-0.043477602301874613
26.81832442887902,699.66070353282942,-997.40886688232399,32.25,-0.043633439473918186
26.831284500657979,699.84387606386133,-997.40886688232399,32.25,-0.043939352034911699
26.844246664808654,699.95686413633746,-997.428417205811,32.259999999999998,-0.044062536002573816
26.857194984332065,699.20925426418648,-996.42705917358398,32.259999999999998,-0.044068945571987428
26.870138833506179,698.96785540216069,-996.69408798217796,32.259999999999998,-0.043904001100130312
26.883084542221003,699.06827060040803,-998.37732315063499,32.25,-0.043665562858956362
26.896033712351855,699.25518706606692,-997.52354621887196,32.329999999999998,-0.043676762530787762
26.908985442585212,699.39343260141379,-995.167016983032,32.329999999999998,-0.043936950257109544
26.92193282043829,699.15840406604934,-994.97795104980503,32.240000000000002,-0.04428205287321825
26.9348811140901,699.20785719785829,-995.83220481872604,32.390000000000001,-0.044618851194026289
26.947830999270355,699.29379973381936,-997.80750274658203,32.380000000000003,-0.044590784236267757
26.960776693497575,699.06748826975513,-997.22695350646995,32.380000000000003,-0.044470851619533645
26.973723311804878,699.11738859447325,-996.85049057006802,32.210000000000001,-0.044323344610827188
26.986675060664229,699.39443840486149,-996.85049057006802,32.210000000000001,-0.044269229595191723
26.999637413149387,699.96703419849837,-999.35269355773903,32.25,-0.044400732343316533
27.012594418807378,699.67830553146803,-999.27592277526901,32.25,-0.044531665949297534
27.025542289225882,699.18500259926736,-999.27592277526901,32.450000000000003,-0.044656649438819987
27.03849085606668,699.22260940311605,-998.11625480651901,32.229999999999997,-0.044692559167594251
27.051437110122208,699.09771899845498,-996.34337425231899,32.460000000000001,-0.044519206922133125
27.064377613778991,698.78719746630964,-998.15177917480503,32.460000000000001,-0.044203143979894735
27.07732199691236,698.99668920193221,-1001.64389610291,32.549999999999997,-0.043862294405271854
27.090272524704961,699.32850080051855,-1001.64389610291,32.549999999999997,-0.04372716260486751
27.103224962743184,699.43165406399362,-1001.91783905029,32.479999999999997,-0.043926702605088061
27.116172275402523,699.15488360421671,-998.42786788940396,32.479999999999997,-0.044131175511425605
27.129112675579016,698.78160953075735,-998.42786788940396,32.210000000000001,-0.044230751485970422
27.142049295620982,698.57748226613637,-999.14765357971203,32.210000000000001,-0.044144911484883961
27.154986239555573,698.59497246792171,-1001.4705657959,32.229999999999997,-0.043847417044474951
27.167918064320993,698.31853733275261,-1002.8874874115,32.229999999999997,-0.043588305512924516
27.180857685291365,698.73953239990101,-1002.16054916382,32.460000000000001,-0.043383845024337564
27.193803367101236,699.06681773320736,-1001.50609016418,32.240000000000002,-0.043347551383173699
27.206753051529667,699.28295913511056,-1003.08012962341,32.420000000000002,-0.04338985929858892
27.219699811603707,699.12504399824934,-1004.81700897217,32.420000000000002,-0.043246768827603588
27.232648254269186,699.21590393596284,-1004.81700897217,32.369999999999997,-0.043078706496158886
27.245608060103702,699.82951506377594,-1001.58452987671,32.369999999999997,-0.042808348726657626
27.25856987242101,699.93786513457485,-1001.58452987671,32.399999999999999,-0.042543350201921522
27.271527839411117,699.73021746582924,-1003.01551818848,32.399999999999999,-0.042412556294044355
27.284488151264249,699.85684006906638,-1003.01551818848,32.229999999999997,-0.042290058401186353
27.29745598613334,700.26308293095735,-1004.8003196716299,32.229999999999997,-0.042180950856252813
27.310422807932103,700.20837713324374,-1003.88360023499,32.469999999999999,-0.042080804704993355
27.323386173488913,700.02174006766006,-1002.4249553680399,32.229999999999997,-0.041856083811847779
27.336350843930923,700.09220386858283,-1003.83973121643,32.189999999999998,-0.041645575934855232
27.349320569386446,700.36517459835602,-1004.31656837463,32.189999999999998,-0.041414893542376686
27.362288502562972,700.26839153238632,-1004.01854515076,32.479999999999997,-0.041261376398923515
27.375250510458034,699.9484263332082,-1003.9176940917999,32.479999999999997,-0.041304105478911432
27.388213030580204,699.97608659715468,-1003.9427280426,32.479999999999997,-0.041400823328141739
27.401176447876594,700.02453400520812,-1003.9427280426,32.479999999999997,-0.04144227960052612
27.41414061230121,700.0648789292444,-1005.24115562439,32.390000000000001,-0.041346097779132729
27.427103919908671,700.01861080275603,-1008.05687904358,32.390000000000001,-0.040985448285645119
27.440076633874085,700.52655413236914,-1008.05687904358,32.259999999999998,-0.040719532925056534
27.453064022379071,701.3189792693039,-1008.11576843262,32.259999999999998,-0.040545237974994042
27.466051678897543,701.33345199754228,-1006.33406639099,32.240000000000002,-0.040560725869469821
27.479035144465421,701.10714066538219,-1002.4199485778799,32.240000000000002,-0.04067042635534019
27.492017472783939,701.04572919991142,-1002.4199485778799,32.299999999999997,-0.040728195259875921
27.504995442513625,700.81036540314301,-1002.82621383667,32.299999999999997,-0.040644980553557745
27.517971105666689,700.68581026538163,-1003.3020973205601,32.25,-0.040427611933663808
27.530945521882678,700.61847566341078,-1002.61855125427,32.25,-0.04004152595161764
27.543924705435845,700.87591187101316,-1002.72727012634,32.210000000000001,-0.039828432102759118
27.556911484441979,701.2860663312091,-1003.7796497345,32.210000000000001,-0.039737933418909195
27.569900426186415,701.40285419964096,-1004.43458557129,32.210000000000001,-0.03980290248236882
27.58288862183705,701.36256513418539,-1004.6558380127,32.210000000000001,-0.039994781837004702
27.595875355311176,701.28360760285284,-1004.6558380127,32.280000000000001,-0.040128285892116387
27.608867285566621,701.56423379411001,-1004.17804718018,32.280000000000001,-0.040181239859547378
27.621853252251864,701.24220100304831,-1004.17804718018,32.280000000000001,-0.040126557771825763
27.634834514723405,700.9881734631731,-1004.97388839722,32.280000000000001,-0.039955021605327531
27.647818467682736,701.13345980402096,-1004.97031211853,32.229999999999997,-0.039943671887648483
27.660801641435842,701.09138266766877,-1005.94925880432,32.280000000000001,-0.040102617607735085
27.673777720580215,700.70827379620016,-1007.5771808624301,32.229999999999997,-0.040455047661136265
27.686749049980207,700.45178759941666,-1008.13245773315,32.229999999999997,-0.040830388251146633
27.699715579962923,700.19261906683039,-1007.83014297485,32.280000000000001,-0.041049049338848481
27.712680068281539,700.08236920522575,-1007.83014297485,32.240000000000002,-0.041180592444497309
27.725643641833344,700.03297179734511,-1006.83069229126,32.210000000000001,-0.041223629895240706
27.738601608822229,699.73021739987735,-1005.72156906128,32.210000000000001,-0.04118755149218635
27.751565630444468,700.0571676009356,-1005.215883255,32.299999999999997,-0.041337068089433417
27.764535427300036,700.36903020068041,-1005.215883255,32.299999999999997,-0.041506357696983937
27.777501351924681,700.15992973068626,-1005.70392608643,32.280000000000001,-0.041760707066602461
27.790470512376547,700.33466440088102,-1004.19425964355,32.280000000000001,-0.041872195691509628
27.80344311561856,700.5205750685883,-1004.1139125824,32.280000000000001,-0.041796522628465275
27.816419428628407,700.72090253175747,-1004.1139125824,32.280000000000001,-0.041762780811358327
27.82939223986541,700.53180679827346,-1004.51469421387,32.259999999999998,-0.041785467829372952
27.842361842178967,700.35852493207551,-1004.51731681824,32.259999999999998,-0.04194618099290693
27.855332633480298,700.42273027189037,-1004.44769859314,32.329999999999998,-0.042213024571204641
27.868300117551868,700.24413986471916,-1004.44769859314,32.329999999999998,-0.042472621424815248
27.881261313127155,699.90456106550357,-1005.86032867432,32.32,-0.042662562595075566
27.89422038425181,699.78984073124741,-1004.72974777222,32.32,-0.04272389639572647
27.907182293840759,699.94311780322732,-1004.05406951904,32.259999999999998,-0.042702070333661239
27.92014943435797,700.22558792945779,-1004.05406951904,32.259999999999998,-0.042736520990914045
27.933114560113584,700.11679080314968,-1004.01091575623,32.280000000000001,-0.04277549477049912
27.946079978719762,700.13260473363971,-1005.43689727783,32.280000000000001,-0.04300436004969839
27.959052348095078,700.50794626707898,-1005.43689727783,32.280000000000001,-0.043354169981999639
27.972023066961693,700.41881879724519,-1002.08806991577,32.280000000000001,-0.043526477077651109
27.984985126596335,699.95122027075661,-1001.95026397705,32.210000000000001,-0.043572945934288808
27.99794129406423,699.63304326613502,-1001.70135498047,32.210000000000001,-0.043449488778149324
28.01090116405684,699.83297960107586,-1001.70135498047,32.32,-0.043247423858769125
28.023864543065411,700.02246646278832,-1001.04093551636,32.229999999999997,-0.043148528784291394
28.0368249325284,699.86103100149467,-1001.18923187256,32.25,-0.043024851215356263
28.049788448132126,700.02984260114124,-1000.7717609405501,32.25,-0.043093563161061034
28.062762084106197,700.57634259977806,-999.37224388122604,32.299999999999997,-0.043258226165126167
28.075736701074064,700.62931626486761,-997.16639518737804,32.299999999999997,-0.043344409721994215
28.088702093809864,700.13120773326375,-996.10590934753395,32.32,-0.04322020336981329
28.101667492754363,700.1315430029116,-999.33171272277798,32.32,-0.042955690167290034
28.114638042946904,700.40971039711246,-999.33171272277798,32.350000000000001,-0.0427102421717852
28.127606300016055,700.28588173417165,-997.414588928223,32.350000000000001,-0.042726614822021163
28.140570751081469,700.08035753237857,-995.30124664306595,32.170000000000002,-0.04279073017341007
28.153537454911067,700.2020067983384,-996.22344970703102,32.170000000000002,-0.042853913166007659
28.166506310097521,700.31818006849517,-996.74892425537098,32.299999999999997,-0.042867447353423474
28.179471715249395,700.13187820111148,-996.74892425537098,32.259999999999998,-0.042795388855308418
28.192431676304953,699.83789700008037,-995.50509452819801,32.280000000000001,-0.042657033642884389
28.205387805485223,699.63097573470736,-992.83289909362804,32.280000000000001,-0.042490119942148019
28.218349189393876,699.91473106720866,-994.90332603454601,32.25,-0.042369029380820142
28.231310124198743,699.89047946274547,-994.90332603454601,32.25,-0.042422252396664077
28.244266174733362,699.62672886950259,-995.35536766052201,32.210000000000001,-0.042462460696284551
28.257223225923461,699.68076426532025,-991.29796028137196,32.210000000000001,-0.042502077089386359
28.270186786022229,700.03224533351681,-991.29796028137196,32.530000000000001,-0.04245851602718264
28.283149612446877,699.99262693101696,-991.41979217529297,32.170000000000002,-0.042365354795821562
28.296104902401311,699.5856575393459,-992.56396293640103,32.560000000000002,-0.042259208857253878
28.309061654533419,699.66461513388242,-992.19512939453102,32.560000000000002,-0.042180928091318182
28.322024681708623,700.00346746102571,-992.02823638916004,32.57,-0.042133816620553086
28.334989073790116,700.07717240064983,-991.59288406372104,32.57,-0.042243973455004483
28.347951464561721,699.96910166672228,-991.59288406372104,32.549999999999997,-0.042293707115654937
28.360917870369125,700.18591359967718,-990.34738540649403,32.549999999999997,-0.042232875194064989
28.373888707202511,700.42518900299467,-990.44728279113804,32.140000000000001,-0.042024594214441782
28.386865682486437,700.75666533193305,-992.79832839965798,32.140000000000001,-0.041758749220394083
28.399839722034578,700.59813559954478,-992.55490303039505,32.100000000000001,-0.041605219659495651
28.412812597428406,700.53527126687334,-991.50371551513695,32.100000000000001,-0.041562508170316009
28.425788137440723,700.67916066505325,-991.565942764282,32.590000000000003,-0.041555569816638833
28.438755557355517,700.24067539886732,-991.565942764282,32.159999999999997,-0.041515281838474929
28.451714277681528,699.7708976045534,-991.89281463623001,32.600000000000001,-0.041432599019471245
28.46466868391482,699.53793659786868,-991.202354431152,32.600000000000001,-0.041364293751752268
28.47763017233828,699.92037486683751,-989.41636085510197,32.57,-0.041311201121195386
28.490587202832078,699.67964666501939,-988.41953277587902,32.57,-0.041256500408043774
28.503539907849316,699.4460709309036,-989.60995674133301,32.579999999999998,-0.041309707901254197
28.51649523712716,699.58778100355016,-989.04252052307095,32.579999999999998,-0.041408706456121713
28.529455776637015,699.86913353222792,-990.20242691040005,32.170000000000002,-0.041590028752900923
28.542413931960539,699.74038747028237,-990.20242691040005,32.170000000000002,-0.04170761133151888
28.5553658370753,699.40287619699848,-991.58644676208496,32.140000000000001,-0.041695729725253115
28.568323986191295,699.74005226383849,-991.62411689758301,32.140000000000001,-0.04171490255323463
28.581286961627221,700.00067353996565,-992.98810958862305,32.210000000000001,-0.041758599174190204
28.594248450050632,699.92037486408958,-993.00312995910599,32.210000000000001,-0.0418614099415427
28.607205884117278,699.70143959883421,-992.195606231689,32.590000000000003,-0.042079105559199657
28.620162753181486,699.67092946731111,-991.08195304870605,32.590000000000003,-0.042292548136388559
28.633121375201231,699.76558906632829,-992.39563941955601,32.549999999999997,-0.042459296269203542
28.646068921727213,699.16751240297799,-992.39563941955601,32.549999999999997,-0.042428136286137272
28.659008621341961,698.74377919640608,-994.40550804138195,32.479999999999997,-0.042259209892893369
28.671949598938287,698.81279020157626,-991.54829978942905,32.479999999999997,-0.042227515950215837
28.684893702674074,698.98160173252279,-992.037534713745,32.25,-0.042374800476018104
28.697835103504879,698.83564486337116,-993.330478668213,32.25,-0.042588868073829021
28.710774762762966,698.74159993682497,-993.330478668213,32.210000000000001,-0.042834805530898669
28.723720620490134,699.07631726706461,-994.36092376708996,32.210000000000001,-0.042954926482066356
28.736671284876568,699.33587686742351,-994.15874481201195,32.350000000000001,-0.043056049487466462
28.749622580491355,699.36996319844775,-993.91222000122104,32.32,-0.043128886155254766
28.762572900288912,699.31726906808535,-995.25547027587902,32.25,-0.043190521084868913
28.775526417625922,699.48993619860835,-995.21541595458996,32.25,-0.043338166755836148
28.78848224050499,699.6144354695449,-995.28717994689896,32.159999999999997,-0.043565650573933523
28.801430078844469,699.18327033199137,-995.28717994689896,32.159999999999997,-0.043827227006406323
28.814372123322293,698.87040180239114,-994.88663673400902,32.119999999999997,-0.044082171386255989
28.827311074775263,698.70337846050506,-995.91994285583496,32.119999999999997,-0.044192117121237398
28.840254333077787,698.9359483362133,-995.91994285583496,32.359999999999999,-0.044260353056680989
28.853200184595089,699.07598193421279,-997.15447425842297,32.359999999999999,-0.044350376766011002
28.866147354451794,699.14717226216806,-997.39289283752396,32.369999999999997,-0.04453467412076504
28.879101338486453,699.51513787159843,-998.84295463562,32.369999999999997,-0.044779513652394201
28.892063190125899,699.93998853007929,-998.84295463562,32.140000000000001,-0.044956867479802709
28.905021813180319,699.76564493864907,-998.01945686340298,32.390000000000001,-0.04497961555026922
28.917978922318493,699.68389346152435,-997.26748466491699,32.100000000000001,-0.044897919933455342
28.930947517769148,700.30415433530982,-999.666929244995,32.100000000000001,-0.044706675948050403
28.943920894008642,700.56231693254449,-999.666929244995,32.119999999999997,-0.044599086459526108
28.956895387834592,700.62266660133503,-998.97527694702103,32.119999999999997,-0.044595376691486083
28.969865951480216,700.4104368636888,-998.71730804443405,32.140000000000001,-0.044715896041121389
28.982839710596355,700.58299227155453,-1002.73418426514,32.140000000000001,-0.044868360790275563
28.995811183833343,700.4595547972981,-1002.73418426514,32.439999999999998,-0.044833131962280837
29.008771853728334,699.87617432948491,-1004.09841537476,32.439999999999998,-0.044617533890259201
29.02172468188764,699.45272060267996,-1003.34596633911,32.450000000000003,-0.044376827362572632
29.034679510319723,699.56073533238305,-1004.07934188843,32.450000000000003,-0.044233590984633621
29.04764385687043,700.07471373824558,-1004.9512386322,32.57,-0.044274719225345711
29.06060656015184,699.98597719603652,-1004.9512386322,32.57,-0.044389222229756005
29.073572452697558,700.15819746890622,-1005.2578449249301,32.159999999999997,-0.044531976389499996
29.086547121406234,700.6321102683678,-1004.79316711426,32.159999999999997,-0.044656852260196687
29.099524460939442,700.77633479329938,-1004.2126178741501,32.590000000000003,-0.044628327918319416
29.112499175179003,700.63456893626801,-1004.87208366394,32.159999999999997,-0.044478909628964225
29.125476144254382,700.7563300705292,-1006.39533996582,32.170000000000002,-0.044278604909305387
29.138456888290165,700.96017793232704,-1005.06591796875,32.170000000000002,-0.044202187823124621
29.151437339476555,700.94436406504099,-1004.00280952454,32.509999999999998,-0.044359919718459921
29.164413171302424,700.69491859681443,-1004.00280952454,32.509999999999998,-0.044578662555373523
29.177390082428403,700.75320080287713,-1002.8612613678,32.439999999999998,-0.044710809985342492
29.190367537860464,700.78259333135145,-1003.4244060516399,32.439999999999998,-0.044656585280365618
29.203345624523422,700.81667979977567,-1003.4244060516399,32.329999999999998,-0.044420601593337099
29.216319923806193,700.61216126952627,-1004.25171852112,32.329999999999998,-0.044186027306115247
29.229301070380203,700.98191499656912,-1004.39858436584,32.259999999999998,-0.043996689426164019
29.242289888982722,701.39620453610848,-1006.69431686401,32.259999999999998,-0.043965394918611386
29.255283046513561,701.63050666535264,-1006.69431686401,32.229999999999997,-0.044076405465489715
29.268267136066729,701.14083587092591,-1008.46719741821,32.32,-0.044211540370624317
29.281246320655534,700.87596779554588,-1007.83371925354,32.350000000000001,-0.044260968764435332
29.29422508925191,700.85350420427142,-1007.26079940796,32.350000000000001,-0.044121136888816456
29.30720328560248,700.82260293077979,-1008.50963592529,32.159999999999997,-0.04384494593439741
29.320174342849377,700.43709133243169,-1008.50963592529,32.159999999999997,-0.043625821255304523
29.333145427000002,700.43854413368035,-1007.72094726563,32.119999999999997,-0.043538906093966649
29.346122161175337,700.74364546814718,-1008.00561904907,32.119999999999997,-0.043599462757276018
29.359098929497566,700.74548940037255,-1006.63709640503,32.119999999999997,-0.043669357481498174
29.372070597277784,700.47006013185501,-1006.63709640503,32.119999999999997,-0.043657289610703823
29.385040725270368,700.38691159939413,-1004.4975280761701,32.420000000000002,-0.043586517373277053
29.398013076020966,700.50694053233133,-1004.39548492432,32.420000000000002,-0.043463150245867492
29.410991817712343,700.85205133432271,-1005.18727302551,32.490000000000002,-0.043267048894300365
29.423968403911072,700.73565473151939,-1005.5019855499301,32.490000000000002,-0.043208266918978604
29.436947295649418,700.86015387055193,-1005.5019855499301,32.520000000000003,-0.043352369426382695
29.449932710785205,701.21241733260558,-1003.67665290833,32.520000000000003,-0.043670214298146479
29.462916468166686,701.12289859989141,-1003.67665290833,32.119999999999997,-0.043956142746618548
29.475890085514866,700.57533680182644,-1004.25052642822,32.119999999999997,-0.044007044698792366
29.48886012865432,700.38232953049351,-1004.07123565674,32.140000000000001,-0.043956471813268776
29.501832200007438,700.49185306841775,-1004.7492980957001,32.140000000000001,-0.043923936577390681
29.51480232799997,700.38691159664609,-1004.7492980957001,32.579999999999998,-0.043945868187867797
29.527763055844463,699.87930360263294,-1005.10835647583,32.140000000000001,-0.044051522595423671
29.540726687345717,700.03610106774522,-1004.66084480286,32.539999999999999,-0.0441680434676383
29.553694749871639,700.27537639961474,-1007.22289085388,32.539999999999999,-0.044287151345526403
29.566661837614848,700.2227381333289,-1007.22289085388,32.57,-0.044323393247767601
29.579622533379045,699.87757126665701,-1005.5615901947,32.57,-0.044231286478982064
29.592583027358014,699.86667486432759,-1002.94280052185,32.560000000000002,-0.044161692881942036
29.605544826222236,699.93713866799851,-1002.69103050232,32.560000000000002,-0.044259030578176879
29.618501617676586,699.66673853488294,-1002.69103050232,32.210000000000001,-0.044570882907478002
29.63144931321359,699.17555899818672,-1003.08728218079,32.210000000000001,-0.044917309035491203
29.644392319023478,698.92231373400443,-1001.57356262207,32.590000000000003,-0.045116385444422494
29.657338890764155,699.11487399654425,-1002.27165222168,32.189999999999998,-0.045190281751100916
29.670285924027183,699.1397962035071,-1001.83796882629,32.189999999999998,-0.045122482503117983
29.683235724353089,699.28921759896662,-999.36819076538097,32.189999999999998,-0.045113776707011215
29.696198375895115,699.98318326948026,-997.41840362548805,32.390000000000001,-0.04529167897904033
29.709170881865436,700.51532239718779,-996.61135673522904,32.390000000000001,-0.045547161457395222
29.722145863084013,700.64898580317799,-997.77436256408703,32.329999999999998,-0.04594375586295299
29.73511641948642,700.41004572996439,-997.77436256408703,32.329999999999998,-0.046280940167378722
29.748089678792539,700.55600253041598,-998.76880645751896,32.210000000000001,-0.046481352506473984
29.761059463230914,700.36835967237676,-997.77960777282703,32.210000000000001,-0.046478968319836327
29.774024660388914,700.12064653188213,-997.20740318298294,32.369999999999997,-0.046322715157855299
29.786983459360524,699.77514446701048,-997.14589118957497,32.369999999999997,-0.046208427391452735
29.799942393890074,699.78246459564252,-996.65093421936001,32.479999999999997,-0.046275240472020245
29.81289915223093,699.66495040627819,-995.16034126281704,32.479999999999997,-0.046450183208860713
29.825849589995055,699.32363926284268,-994.99416351318405,32.469999999999999,-0.046599024078029704
29.838795291466713,699.06787946943155,-995.23019790649403,32.469999999999999,-0.04658512978063041
29.851740914293838,699.0636326646827,-996.126890182495,32.119999999999997,-0.046481973387744013
29.86469077981236,699.29273800034309,-996.49429321289097,32.119999999999997,-0.046289852924315956
29.877641776369106,699.35381406426188,-995.44453620910599,32.170000000000002,-0.04614571833702312
29.890592382807462,699.33274767121941,-995.44453620910599,32.170000000000002,-0.046155169192414691
29.903552421471609,699.84208786380862,-994.36426162719704,32.57,-0.046323669245585536
29.916516710072813,700.07158446509754,-993.58463287353504,32.189999999999998,-0.046461634337737007
29.929473195224734,699.65019820376847,-994.02904510498001,32.539999999999999,-0.046524656935674452
29.942420690009861,699.16471839672988,-993.90602111816395,32.539999999999999,-0.046381462985775106
29.955371718646951,699.35554640298585,-993.56269836425804,32.460000000000001,-0.046149937228867892
29.968321227158036,699.27345959850527,-993.82638931274403,32.460000000000001,-0.045982437828986929
29.981263141251894,698.86336106833801,-993.82638931274403,32.259999999999998,-0.045927205226790606
29.994207172550674,698.97769013421782,-993.82519721984897,32.280000000000001,-0.045952460624641603
30.007150737154301,698.95248859587969,-993.44468116760197,32.310000000000002,-0.046096859085254134
30.020101583666627,699.34571166543265,-992.77091026306096,32.310000000000002,-0.046182406238574857
30.033050935922198,699.2650218008722,-992.77091026306096,32.450000000000003,-0.046134779436122056
30.046002282243219,699.37270133512334,-992.12265014648403,32.450000000000003,-0.045953108411165129
30.058960112639546,699.72284140167244,-992.30480194091797,32.57,-0.045699718304471865
30.071924530590145,700.07856933232597,-994.68469619750999,32.57,-0.045471858853095945
30.084881789775288,699.69199599775345,-994.68469619750999,32.170000000000002,-0.045366843955191652
30.097836241539518,699.54039526851693,-995.52345275878895,32.170000000000002,-0.045312246720445155
30.110791883328385,699.6046565988164,-993.71051788330101,32.189999999999998,-0.045286751249288805
30.123746868016031,699.56917313276415,-995.34988403320301,32.189999999999998,-0.045138474346966828
30.136690613709906,698.96226746935633,-995.34988403320301,32.210000000000001,-0.044888601533815589
30.149635587716038,699.02859633108346,-995.927333831787,32.210000000000001,-0.044646830194944545
30.162585765744417,699.30961353240536,-997.91646003723099,32.43,-0.044471869866328916
30.175542549954379,699.66634733795445,-997.10512161254906,32.43,-0.044390938968291764
30.188500081292563,699.70669226199072,-997.10512161254906,32.25,-0.044421563959465955
30.20146161421361,699.92277773661328,-997.63107299804699,32.280000000000001,-0.04449223271655383
30.214423375824683,699.93512699789926,-996.82569503784202,32.189999999999998,-0.04453211712258176
30.227392080964169,700.31007753226606,-996.61540985107399,32.189999999999998,-0.044468052478089139
30.240358532302459,700.18837226757739,-996.61540985107399,32.369999999999997,-0.04437751033137427
30.253326224370394,700.25537166860045,-998.26550483703602,32.369999999999997,-0.044310420958311579
30.266299444354324,700.5538791321635,-999.46331977844204,32.119999999999997,-0.044281381285255488
30.279276394802494,700.75532420112961,-997.82347679138195,32.469999999999999,-0.04418348479543488
30.292243885083931,700.24447519757109,-997.82347679138195,32.119999999999997,-0.044121138958874109
30.305210921085163,700.21994406662486,-996.90580368042004,32.579999999999998,-0.044035204789095082
30.318181867607436,700.43111220269884,-996.95420265197697,32.159999999999997,-0.043981511973366479
30.331150852143232,700.32516493297567,-998.44741821289097,32.159999999999997,-0.043981764465134868
30.34410718207528,699.64181633066801,-997.29537963867199,32.189999999999998,-0.043937762577238075
30.357063038067892,699.61622360089746,-997.29537963867199,32.189999999999998,-0.043910050557779329
30.37001807449629,699.5719671335163,-995.10478973388695,32.210000000000001,-0.04393977320024773
30.382973780441983,699.60812106741628,-996.13571166992199,32.210000000000001,-0.043910402390941752
30.395930708488891,699.67411453308773,-999.14717674255405,32.43,-0.043861718019860038
30.408893612523499,699.99681786894109,-999.14717674255405,32.43,-0.043764275808410143
30.421860206665489,700.19608366733416,-1002.79951095581,32.240000000000002,-0.043682258369384483
30.434826644551915,700.18764586695318,-1002.9628276825,32.32,-0.043728411611846034
30.447782636102513,699.62354373227788,-1001.8680095672599,32.210000000000001,-0.043849111016447631
30.460735432182744,699.45098833265615,-1000.2281665802,32.210000000000001,-0.043970554445661426
30.47368901988645,699.49373600006015,-998.72255325317406,32.32,-0.044177111444396872
30.486636449479057,699.16119800084937,-1002.87532806396,32.32,-0.044278184778998184
30.499576447117327,698.75987246651528,-1001.53017044067,32.469999999999999,-0.044258838105256444
30.512523032311091,699.1156004631207,-1000.96726417542,32.469999999999999,-0.044253790337045691
30.525480161111098,699.68495520049646,-1000.7803440094,32.530000000000001,-0.044265907879045947
30.538441927896297,699.93540640072251,-999.19009208679199,32.530000000000001,-0.04435206556421354
30.551403370788922,699.91791620168533,-1000.40721893311,32.159999999999997,-0.044505625134892167
30.564369978382722,700.19681006521057,-1002.17270851135,32.159999999999997,-0.044663511215681538
30.577340476835829,700.4069164678084,-1002.17270851135,32.189999999999998,-0.044720514366717055
30.590310955627206,700.40585473433214,-1002.07853317261,32.189999999999998,-0.044882606922160388
30.603279706297478,700.31253619467043,-1002.8281211853,32.479999999999997,-0.045003660229422281
30.616250302022227,700.41216913646076,-1004.5313835144,32.229999999999997,-0.045140304913178185
30.629224055964137,700.5827128632352,-1005.3417682647701,32.420000000000002,-0.045301146391076456
30.64219223542343,700.28169080174325,-1005.32841682434,32.420000000000002,-0.045489857180398913
30.655154840399998,699.98066873475545,-1004.54115867615,32.25,-0.045688500006956033
30.668111235524769,699.64533673754056,-1004.54688072205,32.25,-0.045846231902749335
30.681070618124654,699.80666039373693,-1004.54688072205,32.100000000000001,-0.045941656248583124
30.694026434793852,699.6141001366932,-1005.38945198059,32.100000000000001,-0.046012643723763187
30.706982751274086,699.64108993279183,-1005.38945198059,32.479999999999997,-0.046102403560027941
30.719942731990155,699.83895866760463,-1004.93049621582,32.479999999999997,-0.046282580329098856
30.732910170530886,700.24168119956698,-1004.643201828,32.57,-0.046439285700817831
30.745876238991357,700.16769686536361,-1004.25910949707,32.57,-0.046589005117253376
30.75883768084941,699.91786033486062,-1002.9034614563,32.560000000000002,-0.046600658032324875
30.771805847891358,700.28102026519571,-1002.9034614563,32.560000000000002,-0.046558937885297677
30.784778314539487,700.51319899893542,-1001.99913978577,32.189999999999998,-0.046530318343413896
30.797749793985222,700.45989006969387,-1001.0678768158,32.189999999999998,-0.046607497045116908
30.810719402507424,700.35886019897532,-1000.49495697021,32.210000000000001,-0.046660173684362337
30.823686288463012,700.21184160184362,-1000.49495697021,32.210000000000001,-0.046823702545934494
30.836653890502525,700.25051013367261,-1000.8282661438,32.32,-0.046971016046488137
30.849615326151831,699.91752506246473,-1001.57904624939,32.32,-0.047055250033714406
30.862577424074093,699.95328780218426,-1001.08098983765,32.119999999999997,-0.046941746647005393
30.875547494118496,700.38378239769429,-1001.08098983765,32.119999999999997,-0.046819535394437284
30.888526496581463,700.86613300028466,-1003.16309928894,32.140000000000001,-0.046736096135360825
30.901505116166664,700.84545760081892,-1003.42798233032,32.140000000000001,-0.046765681149579491
30.914480739997536,700.68368686712927,-1002.48265266418,32.159999999999997,-0.046892601789466457
30.92745596853462,700.66234100256361,-1001.29413604736,32.159999999999997,-0.046950898443593153
30.940429994629675,700.59740913296832,-1001.29413604736,32.579999999999998,-0.04689617806860872
30.953392534413627,699.97714833337886,-1001.66797637939,32.579999999999998,-0.046823601134533703
30.966352924911089,699.8610868628233,-1002.02870368958,32.210000000000001,-0.046547960696014246
30.979313958022217,699.8957880009707,-1000.19407272339,32.530000000000001,-0.04633096564112231
30.992281747360522,700.26062426855299,-1000.55718421936,32.460000000000001,-0.046158026282496829
31.005244645186384,699.99648259654532,-1001.05953216553,32.460000000000001,-0.046069797955318958
31.018215201587672,700.41004566950846,-1001.57928466797,32.189999999999998,-0.046046308965632068
31.031187909344439,700.52621886546922,-1001.57928466797,32.189999999999998,-0.046055230000357245
31.044165879074075,700.81036540039509,-1002.86102294922,32.280000000000001,-0.045947875412996615
31.057141788511128,700.69910960069069,-1001.19209289551,32.280000000000001,-0.045882884620038297
31.070120772346936,700.86512713363311,-998.47722053527798,32.229999999999997,-0.04583907313581851
31.083099442637046,700.84819566604631,-998.069286346436,32.359999999999999,-0.045839791288984702
31.09608038742466,700.97101853103572,-998.33631515502896,32.119999999999997,-0.045743458386613048
31.109055336564161,700.64725353315407,-1000.98443031311,32.119999999999997,-0.045659150927046969
31.122027115067986,700.47603920662777,-999.56607818603504,32.119999999999997,-0.045572594841935973
31.135002946895128,700.69491866551459,-999.56607818603504,32.119999999999997,-0.045548849221077832
31.147976667723444,700.58092472913484,-998.64101409912098,32.210000000000001,-0.045524333706349722
31.160948101638294,700.45743140179377,-1000.38838386536,32.210000000000001,-0.045506248457235311
31.173917924364186,700.37042719830856,-999.29714202880905,32.560000000000002,-0.045465178166127738
31.186884947949402,700.21927360152506,-998.29268455505405,32.560000000000002,-0.045465565183349377
31.199849300707431,700.07504893369742,-998.08478355407703,32.409999999999997,-0.045376863951353028
31.212811003335805,699.93194193212264,-999.06158447265602,32.409999999999997,-0.045203118481703303
31.225776999360491,700.16378533301054,-1000.14472007751,32.329999999999998,-0.044930568998433937
31.238745379571608,700.29253140045205,-1000.14472007751,32.329999999999998,-0.044772469748524037
31.251714981885165,700.35852493207551,-1000.02980232239,32.280000000000001,-0.044715085791101401
31.264679952420959,700.10840893279737,-996.745824813843,32.280000000000001,-0.044843506894859116
31.277637178492611,699.69020786914894,-996.745824813843,32.399999999999999,-0.044904588204555854
31.290593274558066,699.62918753465476,-996.28472328186001,32.399999999999999,-0.044940148169004018
31.303538338591348,699.03345779731148,-997.41339683532703,32.539999999999999,-0.044867194567283178
31.316478557677748,698.77183066552482,-997.41339683532703,32.539999999999999,-0.044713539795682052
31.329426285293877,699.17729127095856,-997.10297584533703,32.140000000000001,-0.044562448229841831
31.342386838255596,699.86985993285225,-996.02508544921898,32.140000000000001,-0.044519484249504464
31.35534930042969,699.97295740095058,-996.65880203247104,32.210000000000001,-0.044584544375603281
31.368310554987726,699.90774613402823,-996.52361869812,32.210000000000001,-0.044786111554612942
31.381272133439509,699.9252363962695,-995.31602859497104,32.229999999999997,-0.044944500550458989
31.394234946411125,699.99190046718866,-995.31602859497104,32.229999999999997,-0.045045953657029264
31.407193043786418,699.73725826583427,-995.54395675659202,32.409999999999997,-0.045011095288339395
31.420143793027147,699.34045899952832,-997.81751632690396,32.409999999999997,-0.044878531868076756
31.433094275287591,699.32604206391829,-997.81751632690396,32.229999999999997,-0.044747042572527804
31.446049435892579,699.57867266936955,-997.6806640625,32.329999999999998,-0.044703966834521595
31.458999009596283,699.27697999988175,-997.69401550293003,32.240000000000002,-0.044882202314181358
31.471939974775314,698.81211966777641,-995.25642395019497,32.240000000000002,-0.045142186185217169
31.484876626895083,698.57921446746036,-995.25642395019497,32.310000000000002,-0.04537757279104089
31.497816500358034,698.75316699936195,-995.36824226379395,32.310000000000002,-0.045520040309986097
31.51075281513209,698.56099779909869,-996.99306488037098,32.439999999999998,-0.045464405168036397
31.523691214000021,698.67353886827766,-996.03390693664505,32.439999999999998,-0.045433317620957994
31.536636265616064,699.03278726625979,-996.51527404785202,32.520000000000003,-0.045456156755997477
31.54958768437287,699.3766128674763,-996.51527404785202,32.520000000000003,-0.045508832359806975
31.562540109993851,699.43098353294192,-996.31428718566895,32.189999999999998,-0.045690506489799491
31.57548824739132,699.19941946342931,-995.91159820556595,32.189999999999998,-0.045803854655262273
31.588438749313546,699.32710380014259,-995.91159820556595,32.170000000000002,-0.045870617031477941
31.601394930233351,699.6337696695075,-994.99630928039505,32.170000000000002,-0.04586384942025562
31.61434733515803,699.42986593264106,-996.36459350585903,32.170000000000002,-0.045796392691956782
31.627297552509919,699.31173700210582,-997.67637252807594,32.170000000000002,-0.045789696482813058
31.640244728575325,699.1475075318159,-998.74401092529297,32.310000000000002,-0.045805523792293558
31.653193294381449,699.22255353079549,-998.74401092529297,32.310000000000002,-0.045741604020387343
31.666138093504959,699.01915266954688,-999.27306175231899,32.189999999999998,-0.045735524552907234
31.67908322273086,699.03697819868796,-998.69084358215298,32.189999999999998,-0.045656684992825998
31.692034394170431,699.36325773679062,-998.46720695495605,32.140000000000001,-0.045672987277386189
31.704995115804955,699.87896826428516,-997.936010360718,32.140000000000001,-0.04568182449289284
31.717953699537034,699.76352153215259,-999.442100524902,32.479999999999997,-0.04563270033196111
31.73091023022101,699.65265693487288,-1002.41446495056,32.479999999999997,-0.045670203656895857
31.743869120255518,699.78006186326695,-1002.41446495056,32.590000000000003,-0.045779887586426996
31.756823617550637,699.54285393641737,-1001.46198272705,32.590000000000003,-0.045871683912567407
31.769775510248152,699.40220566594667,-1002.4859905242899,32.159999999999997,-0.045895077702044235
31.782726162217244,699.33520633087585,-1006.37865066528,32.57,-0.0457927595001726
31.795678691317292,699.4365714025422,-1005.75494766235,32.189999999999998,-0.045770186309222916
31.808630752687662,699.41131400012773,-1003.60298156738,32.189999999999998,-0.045776146774595725
31.821583100697563,699.42679253456174,-1002.8138160705601,32.229999999999997,-0.045874762451542685
31.834536935719775,699.50709119944565,-1003.52048873901,32.229999999999997,-0.045899595650708155
31.847491647219755,699.55442099895436,-1003.52048873901,32.329999999999998,-0.045882641440679571
31.860452459918548,699.88388573473765,-1004.87065315247,32.329999999999998,-0.045789394320500318
31.873416136950585,700.03855973014947,-1004.76551055908,32.159999999999997,-0.045678727328538463
31.886387402191357,700.44832300166081,-1001.28746032715,32.159999999999997,-0.045503228902282714
31.899361480027217,700.60020313646862,-1002.2594928741501,32.100000000000001,-0.04534403793415373
31.912345803445703,701.15346459823922,-1002.59947776794,32.100000000000001,-0.045180843314630383
31.925324877309833,700.8699886630651,-1001.35231018066,32.140000000000001,-0.045029498221738497
31.938302066797554,700.76823233676214,-1001.18160247803,32.140000000000001,-0.044845423349481536
31.951282206508608,700.92754439705539,-1003.01384925842,32.549999999999997,-0.044716769414516029
31.964263300307447,700.97906513723638,-1003.01384925842,32.549999999999997,-0.044553781755365139
31.977240970979043,700.79421626620911,-1005.03039360046,32.460000000000001,-0.044418886923993886
31.990215329246954,700.6153464672069,-1005.97405433655,32.460000000000001,-0.04429048651689426
32.003186470311086,700.44161746305963,-1004.82606887817,32.299999999999997,-0.044241011555996933
32.016155767358057,700.3420405364858,-1004.82606887817,32.299999999999997,-0.044240989824971572
32.029123875416083,700.27783513346697,-1005.8403015136701,32.310000000000002,-0.04427665948003337
32.042092366350609,700.29851046423289,-1008.17322731018,32.310000000000002,-0.044263258782533094
32.055068035713589,700.68614560098149,-1009.28211212158,32.119999999999997,-0.044224598548491395
32.068048454821003,700.94263180051303,-1009.70387458801,32.450000000000003,-0.044185742734967011
32.08102628795676,700.80298933074221,-1009.60183143616,32.119999999999997,-0.04421110471966827
32.094003035584009,700.74437187151966,-1007.1625709533701,32.560000000000002,-0.044251474448926818
32.106978048881459,700.65071806220999,-1007.1625709533701,32.210000000000001,-0.044307208930387657
32.11994679437786,700.31225680558714,-1007.70473480225,32.210000000000001,-0.044225582645798275
32.132910491070405,700.03962139767373,-1006.33025169373,32.259999999999998,-0.044006473487354238
32.145876512966694,700.16518239933873,-1004.90832328796,32.259999999999998,-0.043761777795572658
32.1588492331407,700.52688939652091,-1004.54449653625,32.369999999999997,-0.043538532529626209
32.171826767217297,700.78684013610041,-1004.54449653625,32.369999999999997,-0.043441219668230981
32.184802047493811,700.66513493186778,-1007.25507736206,32.159999999999997,-0.043489342140742231
32.197778990698815,700.75493307015313,-1006.43634796143,32.159999999999997,-0.043595956844776414
32.21075631057289,700.77527319997125,-1006.43634796143,32.469999999999999,-0.043781989564819317
32.22372882275063,700.5156575981357,-1004.79745864868,32.119999999999997,-0.043874450233568035
32.236700484322256,700.46972486770312,-1004.7924518585201,32.170000000000002,-0.043821053372167428
32.249673822274126,700.56024940111672,-1006.87050819397,32.170000000000002,-0.043758184959073382
32.262644638411111,700.42407139719785,-1008.07428359985,32.479999999999997,-0.04370654105305747
32.275613156250586,700.29996333143356,-1008.07428359985,32.479999999999997,-0.043817387065516571
32.288577794614845,700.09047167000688,-1007.81989097595,32.259999999999998,-0.043980428534767343
32.301538151998813,699.85929873421867,-1007.075548172,32.259999999999998,-0.044150504592730622
32.314499393104931,699.90701973065597,-1008.12697410583,32.310000000000002,-0.044310484080872015
32.327458133092627,699.77195933528174,-1008.01420211792,32.170000000000002,-0.044385233065559214
32.340414001502424,699.61689412920134,-1005.45072555542,32.43,-0.04440044880633201
32.353372364822263,699.75161927141562,-1004.60815429688,32.43,-0.044385637673232906
32.366339205246966,700.20938293394317,-1004.60815429688,32.119999999999997,-0.044383410777950022
32.379301888867865,699.98491552851226,-1006.44779205322,32.469999999999999,-0.04439865238879482
32.39226437070247,699.97401906847483,-1006.44969940186,32.520000000000003,-0.044396593131389196
32.40523440763333,700.38199426634151,-1004.61649894714,32.520000000000003,-0.044462857767234326
32.418207654522206,700.55533199936428,-1004.61649894714,32.100000000000001,-0.044571894945168979
32.431182895476532,700.6630115336153,-1003.48615646362,32.100000000000001,-0.044701869288479162
32.444154089317308,700.44446740208457,-1003.93891334534,32.57,-0.044858306646254238
32.457124120038301,700.3816589334898,-1002.74467468262,32.170000000000002,-0.045015173446237289
32.470094085567894,700.37813859806522,-1001.7561912536599,32.210000000000001,-0.045101147972827889
32.483059770117293,700.14696566777297,-1001.7561912536599,32.210000000000001,-0.045168592284190366
32.496025130774072,700.12947546598775,-1003.0083656311,32.509999999999998,-0.045134626950015515
32.508997942011078,700.53180679827346,-1002.23875045776,32.509999999999998,-0.045166617880014311
32.52198137446419,701.10535246807751,-1000.29802322388,32.380000000000003,-0.045274776510122641
32.534960143061738,700.8535042674755,-998.83031845092796,32.380000000000003,-0.045458989010629329
32.547938126243238,700.8110918010193,-997.64227867126499,32.259999999999998,-0.045727576233174291
32.560912262027173,700.60333233267249,-997.16615676879906,32.259999999999998,-0.045929367964128012
32.573881870549378,700.35886019897532,-998.35300445556595,32.25,-0.046022613015318278
32.586843891897573,699.94915280253269,-998.35300445556595,32.25,-0.045937363886484985
32.599800091443214,699.63477546471108,-999.47166442871105,32.299999999999997,-0.045789547470162228
32.612758181575344,699.7368671348579,-997.938632965088,32.299999999999997,-0.045800698507292327
32.625717441034581,699.8000107989044,-997.938632965088,32.350000000000001,-0.045906477090522077
32.638676382808619,699.7828557980672,-996.76370620727505,32.350000000000001,-0.046078825576538175
32.651635271807436,699.7800059359862,-996.16050720214798,32.159999999999997,-0.046256653343386876
32.664597545646942,699.96278733329359,-994.91286277770996,32.159999999999997,-0.046392100758832482
32.677561444127214,700.05051793465509,-994.91286277770996,32.100000000000001,-0.046506206401127098
32.690528954069158,700.24553686509535,-992.88249015808105,32.100000000000001,-0.046522586296106845
32.703502084024663,700.54901759723555,-992.42258071899403,32.140000000000001,-0.046515417180617975
32.716480208975341,700.81874733669952,-993.147373199463,32.140000000000001,-0.046576358792261775
32.729460933349444,700.9591162015987,-995.22042274475098,32.57,-0.046654400519361164
32.742435069133336,700.60333232992468,-995.22042274475098,32.57,-0.046683189768263862
32.755408809623432,700.58198646535902,-994.55809593200695,32.189999999999998,-0.046724827131355812
32.768382355570402,700.57148113629819,-989.39967155456497,32.590000000000003,-0.046695359050306341
32.781355140938302,700.53040986659744,-991.94955825805698,32.579999999999998,-0.046639565585229935
32.794325138545751,700.37987080213725,-993.46303939819302,32.579999999999998,-0.046479479512731833
32.807295910186369,700.42166859337408,-992.84029006957996,32.210000000000001,-0.046321089482314962
32.820264323511132,700.29431953730068,-991.799354553223,32.210000000000001,-0.046280453809068388
32.833235010297557,700.41708646676534,-991.799354553223,32.479999999999997,-0.046372430191498198
32.846200526174052,700.1378573308441,-991.41430854797397,32.210000000000001,-0.046434760506952125
32.859167653239552,700.22486153707746,-991.75763130188,32.210000000000001,-0.046335673994481012
32.872138223093771,700.4107721278408,-993.70431900024403,32.210000000000001,-0.046165347513687442
32.885109260677865,700.43602954124742,-992.27929115295399,32.350000000000001,-0.046064388005794848
32.898079479734513,700.39182905885468,-992.27929115295399,32.350000000000001,-0.046104599411468689
32.911046301532053,700.20837706729162,-991.17016792297397,32.240000000000002,-0.046206624763997027
32.924009472545734,700.01123473859911,-992.59471893310501,32.229999999999997,-0.046248170029675406
32.936963884987726,699.53827186751653,-992.90418624877896,32.140000000000001,-0.046234353341677893
32.949911528783971,699.17276499743446,-992.90418624877896,32.140000000000001,-0.046162889855931311
32.962857509653112,699.08296693334512,-991.43767356872604,32.380000000000003,-0.046083309377036807
32.97581397617904,699.64919240032089,-991.32609367370605,32.380000000000003,-0.0459137993559273
32.988776230356763,699.9617255970694,-993.17312240600597,32.399999999999999,-0.045773294857673057
33.001737900906214,699.93020967034272,-993.17312240600597,32.399999999999999,-0.045766484820141284
33.014702747265417,700.10170339694412,-993.61205101013195,32.119999999999997,-0.045783050978326509
33.027670413462978,700.25397466822437,-991.23311042785599,32.460000000000001,-0.045769077000908001
33.040632849766645,699.97156039782658,-989.07279968261696,32.119999999999997,-0.045618193431588613
33.053587164936992,699.53301919886405,-989.31574821472202,32.119999999999997,-0.04530630281390513
33.06654305300745,699.61795580496948,-990.14925956726097,32.140000000000001,-0.045055161333418331
33.079499474002496,699.64673373242067,-991.82295799255405,32.140000000000001,-0.044856352938430939
33.092451269428373,699.39695299729431,-991.82295799255405,32.100000000000001,-0.044793567310340815
33.105395443530853,698.98540153397448,-991.17422103881802,32.100000000000001,-0.044836902783739641
33.118336162425898,698.79882033246747,-991.47248268127396,32.469999999999999,-0.044954231835814824
33.131275432598748,698.72058933366316,-991.49155616760197,32.469999999999999,-0.04503080103968201
33.144213012937037,698.6293382677211,-991.49155616760197,32.469999999999999,-0.044885403994005243
33.157146442681444,698.40520619789004,-992.97928810119595,32.469999999999999,-0.044641811400365612
33.170085336185167,698.70024920109711,-992.362022399902,32.490000000000002,-0.04452245413411627
33.183035130302478,699.28888233481473,-993.01815032958996,32.490000000000002,-0.044614324967421758
33.195985405602499,699.31486620105773,-993.01815032958996,32.119999999999997,-0.044851935364459659
33.208931898698744,699.11062719729148,-994.76265907287598,32.119999999999997,-0.045093474909696188
33.221883817265415,699.40360260037073,-994.43960189819302,32.170000000000002,-0.04521856705332767
33.234838452190111,699.55028593335089,-993.125438690186,32.170000000000002,-0.045246044173047638
33.247789447713558,699.35375826613733,-993.69812011718705,32.170000000000002,-0.045121354568507972
33.260737559240752,699.1980224685492,-993.69812011718705,32.170000000000002,-0.044980118464664341
33.273687509612408,699.29732006924382,-994.24457550048805,32.57,-0.044896041766350175
33.286635997808673,699.21836259836732,-997.56455421447697,32.57,-0.044938159278597282
33.299581043214793,699.03245193065993,-997.56455421447697,32.479999999999997,-0.045109519526733186
33.312521619308633,698.79110906736264,-998.21853637695301,32.479999999999997,-0.045150598097613376
33.325463078087665,698.83877406781914,-996.36483192443802,32.170000000000002,-0.045137993162630174
33.338412431379084,699.26507773639685,-997.67374992370605,32.420000000000002,-0.045072011028028304
33.351363692846874,699.36811926072653,-997.67374992370605,32.259999999999998,-0.044999471347815706
33.364319223911167,699.59867747183159,-998.96836280822697,32.259999999999998,-0.045076292008117122
33.377280770283924,699.9235041289935,-1001.17063522339,32.310000000000002,-0.045275468792860603
33.390243083445725,699.96491073704215,-1000.408411026,32.310000000000002,-0.045622011853635888
33.403199855238292,699.66567679865864,-1000.408411026,32.329999999999998,-0.045878356322205667
33.416148096116046,699.20500739898148,-1001.1405944824201,32.329999999999998,-0.045927351132980951
33.429100690409882,699.44009186712276,-1003.24678421021,32.189999999999998,-0.04588665440682449
33.442053946976529,699.47585459859829,-1002.36678123474,32.189999999999998,-0.045869083453452961
33.455005989720959,699.41030819942807,-1002.90465354919,32.090000000000003,-0.046024474625931552
33.467960318343223,699.53374560223642,-1003.40127944946,32.090000000000003,-0.04634886773013306
33.480918304995114,699.73127920205354,-1003.81278991699,32.140000000000001,-0.046726707369027523
33.493879812045684,699.92138073074113,-1002.7768611908,32.140000000000001,-0.047028020231585581
33.506839604427164,699.82878859994764,-1000.31018257141,32.619999999999997,-0.047135421385116526
33.519799254007388,699.821077332095,-1000.62108039856,32.619999999999997,-0.047052829630278702
33.532768167142024,700.32130927019523,-1000.62108039856,32.479999999999997,-0.046870285231978025
33.545745279018554,700.76404133288588,-1003.5793781280501,32.479999999999997,-0.046689569328457046
33.558724755420961,700.89172573005521,-1004.39023971558,32.259999999999998,-0.046728728338915893
33.571703225995094,700.83741100286215,-1003.38888168335,32.210000000000001,-0.047034096593012324
33.584684404648122,700.983647263845,-1002.4356842041,32.380000000000003,-0.047395649469064105
33.597667123087675,701.06679573584984,-1004.154920578,32.380000000000003,-0.047568556748615078
33.610640226139509,700.54756479873481,-1004.154920578,32.119999999999997,-0.047524228899459869
33.623609497314774,700.34064346466175,-1006.63208961487,32.539999999999999,-0.047348831882671139
33.636581983624687,700.51426073515961,-1007.17186927795,32.579999999999998,-0.047203807367629101
33.649555639260491,700.57740433325421,-1008.54468345642,32.579999999999998,-0.047268493928420585
33.662525235365401,700.3581896651757,-1008.54468345642,32.189999999999998,-0.047438337157313402
33.675498072471662,700.53320373819349,-1009.03034210205,32.189999999999998,-0.047686439420607671
33.688478724409883,700.95520466374978,-1009.61136817932,32.189999999999998,-0.047931124765815875
33.701464158172833,701.21342319925714,-1007.58790969849,32.189999999999998,-0.047989652181754265
33.714446558927179,701.04964073501253,-1007.58790969849,32.240000000000002,-0.047841298704143324
33.727430102104918,701.11133159781036,-1007.4155330658,32.240000000000002,-0.047651004666811318
33.740415912535816,701.23376326861921,-1008.09383392334,32.329999999999998,-0.047582000907758971
33.753406401309839,701.48639379712631,-1005.11860847473,32.329999999999998,-0.047757230284736656
33.766387560301247,700.9825855358647,-1004.46343421936,32.25,-0.04789153010419743
33.779359378127161,700.47816259938418,-1004.20165061951,32.25,-0.047904003618101411
33.792335495559307,700.71034133587193,-1004.05359268188,32.159999999999997,-0.04775154611221525
33.805313433209868,700.80863313037116,-1002.87675857544,32.159999999999997,-0.047627563277814679
33.81828916155677,700.68933073271023,-1001.55687332153,32.399999999999999,-0.047544454120722605
33.831266474185185,700.77488193434272,-1001.55687332153,32.399999999999999,-0.047506682781131515
33.844252739929637,701.25835020043814,-1002.5053024292,32.530000000000001,-0.047555480979532612
33.85724487817901,701.57546546608728,-1005.35082817078,32.530000000000001,-0.047669160281906833
33.870235658767903,701.50215180033558,-1005.35082817078,32.119999999999997,-0.047740662055832224
33.883222443982781,701.28640160360487,-1007.14874267578,32.560000000000002,-0.047673387452709999
33.896207689411149,701.20325313160015,-1007.14874267578,32.159999999999997,-0.04738605684708861
33.909191246040749,701.11205799843458,-1007.5523853302,32.159999999999997,-0.047212875343675229
33.922165798850571,700.62585173031562,-1007.45320320129,32.57,-0.047150718875508188
33.93513162620372,700.15467707027778,-1006.70599937439,32.189999999999998,-0.047202548011634538
33.948097433895093,700.1536153340536,-1005.44548034668,32.210000000000001,-0.047312276438041666
33.961060487975345,700.00492033372245,-1007.88474082947,32.210000000000001,-0.047336605687274297
33.974012335141978,699.39974699804645,-1006.20079040527,32.479999999999997,-0.047167756904907959
33.986966001491332,699.49798286526493,-1006.20079040527,32.479999999999997,-0.046930738414286938
33.999926228490118,699.85225793421364,-1004.8725605011,32.210000000000001,-0.046573881473029044
34.012890509846933,700.07119326816905,-1005.0671100616501,32.460000000000001,-0.046297940942865171
34.025854219992617,700.0403478669981,-1005.30934333801,32.460000000000001,-0.04623525155052282
34.038819274348143,700.11293519807737,-1005.30934333801,32.460000000000001,-0.046380604100036041
34.051789129153107,700.37215946833237,-1002.19488143921,32.240000000000002,-0.046602506190056958
34.06476017398149,700.43642073267995,-1002.19488143921,32.240000000000002,-0.046699618299420688
34.07772517659636,700.1101412028213,-1003.60083580017,32.409999999999997,-0.046656913020312225
34.090691186074075,700.16451179683895,-1003.70121002197,32.189999999999998,-0.046669110242026357
34.103658085481477,700.21256799972002,-1002.51531600952,32.409999999999997,-0.046703068331406535
34.116618540138262,699.86455146607523,-1001.55234336853,32.229999999999997,-0.046800822019207274
34.129575974204904,699.70143959883421,-1001.9223690033,32.280000000000001,-0.046941990860833165
34.14253835255932,699.96843113841862,-1002.19988822937,32.280000000000001,-0.047161445642266667
34.155499346346936,699.89366453127025,-1000.64587593079,32.240000000000002,-0.047318244144850488
34.168461197987703,699.93998860152726,-998.94261360168503,32.240000000000002,-0.047252858057645918
34.181419164976589,699.73021739987735,-999.63927268981899,32.210000000000001,-0.047047800487497946
34.194380756881458,699.92596286284584,-999.63927268981899,32.210000000000001,-0.046851564612360452
34.207346857422273,700.16942920408746,-1000.3497600555399,32.310000000000002,-0.04675069720422232
34.220307975386433,699.90037006437535,-997.80511856079102,32.310000000000002,-0.046748112265349612
34.233258380037014,699.32185113149012,-997.75648117065396,32.310000000000002,-0.046747889782903423
34.246210512808652,699.41516966840391,-997.75648117065396,32.310000000000002,-0.046734978547578625
34.259162035046913,699.38220086623255,-997.73716926574696,32.32,-0.046740567518821309
34.272110711576545,699.22853260007219,-998.01707267761196,32.32,-0.046806594149484959
34.285054639396314,698.97210226736536,-997.88188934326195,32.159999999999997,-0.046874409955232003
34.298002244904943,699.1706974660068,-996.94776535034202,32.159999999999997,-0.047010695561895924
34.310953987555543,699.39410313246549,-997.06864356994595,32.140000000000001,-0.047262513802487173
34.323907744967947,699.50290026976541,-996.63376808166504,32.140000000000001,-0.047481561907919551
34.336861131919719,699.48289539585528,-996.63376808166504,32.409999999999997,-0.047595130486635981
34.349821665220929,699.868798265328,-995.76544761657703,32.119999999999997,-0.047582740791848745
34.362791760099967,700.38512346804157,-996.20747566223099,32.479999999999997,-0.047576979008907776
34.375762779059293,700.43502380375185,-993.70765686035202,32.479999999999997,-0.047682111876180537
34.388726638216056,700.04839446495475,-993.70765686035202,32.560000000000002,-0.047934228139986997
34.40169004206048,700.02380759908783,-992.92230606079102,32.560000000000002,-0.048178177740406516
34.414653063027146,700.00313219962186,-990.85760116577103,32.57,-0.048309846056045595
34.42760565111233,699.43975660022295,-992.61403083801304,32.57,-0.048270987139266731
34.440550793790145,699.03770460206033,-992.61403083801304,32.189999999999998,-0.048081519910075046
34.453495351804918,699.00613279751713,-993.386268615723,32.189999999999998,-0.04780722988988402
34.466445867179054,699.32783020351485,-993.95132064819302,32.210000000000001,-0.047685496715955414
34.479394648224719,699.23417646565315,-993.26610565185501,32.210000000000001,-0.047735283151626028
34.492339713292573,699.03351366413608,-992.88439750671398,32.229999999999997,-0.047972461001522144
34.505287304313597,699.16991513535368,-992.88439750671398,32.229999999999997,-0.04827041903250797
34.518234967771576,699.17382673091072,-993.43848228454601,32.380000000000003,-0.048378012660486018
34.531183229345686,699.20612500203038,-993.53694915771496,32.380000000000003,-0.048337760898611269
34.544132367397516,699.25345479879115,-995.23639678955101,32.280000000000001,-0.048270557696448085
34.557084656423491,699.423607402833,-995.23639678955101,32.280000000000001,-0.048238272881415606
34.570044175618584,699.8140365348379,-995.56303024292004,32.310000000000002,-0.048341126077469328
34.582997939239483,699.50323552842133,-994.83823776245094,32.310000000000002,-0.048407545934408013
34.595946791685236,699.23803207072547,-995.685815811157,32.25,-0.048564021579140568
34.608897580248211,699.34258240052873,-995.14603614807095,32.25,-0.048594693136128846
34.621854078853112,699.65092466484896,-995.14603614807095,32.259999999999998,-0.048486067810051894
34.634807595155607,699.48988033453179,-994.09103393554699,32.259999999999998,-0.048312098822570926
34.647766854613572,699.80001073020458,-994.09103393554699,32.280000000000001,-0.048138843848497072
34.660733163149381,700.18066093377274,-994.25530433654797,32.280000000000001,-0.04815108867029079
34.673704291797542,700.44094700070798,-995.27192115783703,32.25,-0.048226659289449962
34.686673874449369,700.35746319859936,-996.29521369934105,32.25,-0.048256176006320289
34.69964302765802,700.33427326715639,-996.29521369934105,32.159999999999997,-0.0481560143329871
34.712612370235824,700.3444992016382,-998.18754196167004,32.159999999999997,-0.047925451976728671
34.725581348563026,700.32482966882378,-998.18754196167004,32.119999999999997,-0.047723694393940232
34.738544733781517,700.02280179838829,-997.19929695129395,32.119999999999997,-0.047592199925486259
34.751506884479006,699.95613766426504,-998.55422973632801,32.43,-0.047560640506938867
34.764470165181464,700.01715793280732,-998.55422973632801,32.43,-0.04762065182934011
34.777432010612316,699.9396532659274,-1000.99349021912,32.520000000000003,-0.047703032484249945
34.790383785341987,699.39583540248952,-1001.40881538391,32.520000000000003,-0.04764651258694718
34.803332320103713,699.22087713309213,-1001.40881538391,32.57,-0.04745280990962239
34.816287778732118,699.59476593398267,-1000.13136863708,32.57,-0.047157233995063906
34.829247311379021,699.81476293271419,-1000.81992149353,32.159999999999997,-0.047007470080938141
34.842204283923465,699.67651740011536,-1002.05326080322,32.159999999999997,-0.047023035586393258
34.855168825016037,700.08521899860648,-1000.81133842468,32.210000000000001,-0.047147842123949457
34.868135731667927,700.21295920214448,-1000.81133842468,32.210000000000001,-0.04727602004982423
34.88109853118646,699.99117400061232,-1000.36573410034,32.210000000000001,-0.047233207150363339
34.894053360654382,699.56079126790769,-1000.4460811615,32.210000000000001,-0.047017635984358534
34.907013361032028,699.84002039283689,-1000.4460811615,32.539999999999999,-0.046718974286946088
34.91997657654202,700.01363753967485,-1000.81038475037,32.539999999999999,-0.046427802492917912
34.932935862904984,699.80146360015328,-1000.28014183044,32.520000000000003,-0.04630142926287717
34.945891198391323,699.5881162622062,-1003.28898429871,32.520000000000003,-0.046345867836249943
34.958845903682708,699.55408573480258,-1003.28898429871,32.490000000000002,-0.046533258217634835
34.971801499939517,699.60219786771211,-1000.29945373535,32.490000000000002,-0.046689353055471373
34.984759524879024,699.73334673348131,-999.62854385375999,32.229999999999997,-0.046649141650967979
34.997709955398768,699.32324806591419,-1000.3457069397,32.229999999999997,-0.046420202899683349
35.010666766514795,699.66780026561105,-1003.05604934692,32.210000000000001,-0.046158417438714218
35.023635848322179,700.3304175988801,-1004.26816940308,32.210000000000001,-0.045930947073090922
35.036601318667948,700.13539867118789,-1004.26816940308,32.229999999999997,-0.045877142498879253
35.049560987907356,699.82213892817117,-1002.69317626953,32.229999999999997,-0.046001016678305688
35.06252654828149,700.1402602033678,-1003.50451469421,32.280000000000001,-0.04618342034540749
35.07549090828401,700.07544013612198,-1004.40669059753,32.280000000000001,-0.046237470168933759
35.088451798591393,699.88807659846589,-1003.18074226379,32.259999999999998,-0.046225353661300775
35.101404223177802,699.43092766611733,-1002.69818305969,32.280000000000001,-0.046086838055743262
35.114358993660481,699.55760606473109,-1003.22651863098,32.259999999999998,-0.046015460457389974
35.127319092344493,699.84532893655796,-1003.16977500916,32.259999999999998,-0.046042114909441136
35.140279423859255,699.85790179704657,-1004.24432754517,32.259999999999998,-0.046084173437207568
35.153239547379066,699.84667007010944,-1002.13956832886,32.259999999999998,-0.046140608481026316
35.166199391501202,699.83158259520383,-1002.13956832886,32.259999999999998,-0.04616776274314946
35.1791692659679,700.37322120180863,-1001.41406059265,32.259999999999998,-0.046165384766837431
35.192139225287683,700.37780326796144,-1003.33333015442,32.229999999999997,-0.046047589016605391
35.205102876449445,700.03716273526948,-1002.85243988037,32.229999999999997,-0.045929520080338654
35.218072686758099,700.36975666725675,-1003.66997718811,32.460000000000001,-0.045931101259053884
35.231049681703752,700.7577270654092,-1003.66997718811,32.460000000000001,-0.046037264789702069
35.244024571859335,700.64406840142533,-1005.47862052917,32.479999999999997,-0.046222460352232368
35.256995375579024,700.423400863398,-1007.38835334778,32.479999999999997,-0.046350847308944357
35.269964977891362,700.3585248661235,-1007.38835334778,32.450000000000003,-0.046418605164272667
35.282934041072863,700.3294118009286,-1006.07848167419,32.450000000000003,-0.046552879114831879
35.295898432118513,700.07711646512519,-1005.06281852722,32.210000000000001,-0.046739896965429371
35.308856360820947,699.72814993165355,-1002.38800048828,32.210000000000001,-0.046887008679838686
35.321819608409918,700.01536980420269,-1002.38800048828,32.189999999999998,-0.047128958005857487
35.334783097108691,700.02838973394046,-1004.6324729919399,32.189999999999998,-0.047257741292607888
35.347747639235834,700.08527486543119,-1006.8218708038301,32.240000000000002,-0.047327982675764331
35.360714096782665,700.18870752898135,-1003.8387775421101,32.240000000000002,-0.04729754498363866
35.373682405592618,700.28867573767172,-1003.8387775421101,32.460000000000001,-0.047088328541511647
35.386654015423488,700.46693086695097,-1001.72710418701,32.460000000000001,-0.046965310142432472
35.399624825351879,700.42373613304596,-1002.0740032195999,32.450000000000003,-0.04700183764881518
35.412596052306149,700.44625553068909,-1002.0740032195999,32.450000000000003,-0.047230979221069405
35.425572975849427,700.75387133667698,-1001.78790092468,32.399999999999999,-0.047449975585339997
35.438552113870379,700.87345313166497,-1000.33140182495,32.399999999999999,-0.047479073206270393
35.451524970639497,700.5342655321258,-1000.63729286194,32.240000000000002,-0.04748504194943115
35.464505266604945,700.93598213423252,-998.54040145874001,32.240000000000002,-0.047494175118858693
35.477488290311129,701.08328013418759,-997.86710739135697,32.229999999999997,-0.047550795392075428
35.490471995953079,701.12010466509139,-997.86710739135697,32.229999999999997,-0.047592088165985418
35.503451719672874,700.9050808689849,-1000.36191940308,32.25,-0.047646749556794502
35.516433970381527,701.04153826748325,-1001.68466567993,32.25,-0.047779794160477791
35.52941807235306,701.14150646243354,-1001.68466567993,32.329999999999998,-0.04797202224502161
35.54239958938642,701.00191980177931,-999.77993965148903,32.329999999999998,-0.048013221886336527
35.555375765802488,700.71352646760067,-999.94587898254395,32.409999999999997,-0.047913964630443666
35.568347615707374,700.47989486391225,-999.51839447021496,32.409999999999997,-0.047767046425306728
35.581319464577795,700.47983900258362,-998.62337112426803,32.380000000000003,-0.047668239308737939
35.594290801221,700.4521787331413,-998.62337112426803,32.380000000000003,-0.047657600500906179
35.607260813316103,700.38065313553807,-997.80464172363304,32.259999999999998,-0.047492751230989345
35.620229498793812,700.30901579604188,-997.05147743225098,32.259999999999998,-0.047318863992720138
35.633200939951877,700.45782253551818,-996.95014953613304,32.299999999999997,-0.047135159579818925
35.646169657508651,700.31074806606568,-996.62232398986805,32.299999999999997,-0.046984270835558957
35.659131015546876,699.91333406408455,-996.62232398986805,32.390000000000001,-0.046826525486782684
35.672094745354393,700.04140960597033,-996.12736701965298,32.390000000000001,-0.046684898228350112
35.685059156061726,700.07817819585352,-996.56748771667503,32.119999999999997,-0.046673116997642095
35.698022275335816,700.00844080105105,-996.56748771667503,32.119999999999997,-0.046761465362770309
35.710981826608659,699.81576873341385,-996.16408348083496,32.119999999999997,-0.046704591562552807
35.723945640234582,700.04593579980246,-998.46053123474098,32.119999999999997,-0.046553325114498646
35.736914008028407,700.29186086665231,-998.46053123474098,32.140000000000001,-0.046325978926330336
35.749876659570383,699.98318326673245,-997.57552146911598,32.140000000000001,-0.046209257302287768
35.762833430328385,699.66562093183404,-997.57552146911598,32.530000000000001,-0.046219424241296762
35.775787558199987,699.52290506673171,-997.27725982666004,32.530000000000001,-0.046226864473933121
35.788743491802457,699.62041453332574,-997.27725982666004,32.57,-0.04620375629139669
35.801696579696348,699.46674626991341,-999.61543083190895,32.57,-0.046103874014322047
35.814637850141963,698.82860406336613,-998.76689910888695,32.560000000000002,-0.045895195668919149
35.827583772027175,699.0797818016166,-998.12150001525902,32.560000000000002,-0.045715224826107861
35.840535404988948,699.38817993550936,-996.87814712524403,32.170000000000002,-0.045486650325888903
35.853481847379058,699.10788906611197,-996.87814712524403,32.170000000000002,-0.045271660717946485
35.866421143421007,698.72198626533918,-997.11084365844704,32.140000000000001,-0.045143150620945677
35.879362693262991,698.84369146682366,-998.38280677795399,32.140000000000001,-0.045021755826891184
35.892306888061775,698.98651913427523,-998.38280677795399,32.189999999999998,-0.04493024717571327
35.905250718609949,698.96684960146104,-996.02651596069302,32.189999999999998,-0.044883468911866384
35.918185173844464,698.46058266405521,-994.99559402465798,32.560000000000002,-0.044732013096385373
35.931124846554368,698.74232633470126,-997.79582023620605,32.560000000000002,-0.044631288490318
35.944071588002473,699.12403819754979,-998.75235557556096,32.520000000000003,-0.044522461377384276
35.957019004143213,699.16047160022492,-998.75235557556096,32.520000000000003,-0.04449108719011776
35.969967174654329,699.20120760027783,-997.74575233459495,32.460000000000001,-0.044536323597286612
35.982921561225943,699.53687486714057,-996.75559997558605,32.460000000000001,-0.044623818247850555
35.995880730656808,699.79514926672459,-996.75559997558605,32.210000000000001,-0.044654488769708234
36.008837015058027,699.63935766551583,-997.80559539794899,32.210000000000001,-0.044622511292946851
36.021787673234542,699.33554153182365,-997.42817878723099,32.280000000000001,-0.044501256196487302
36.034737505639519,699.29094986899054,-995.15461921691895,32.280000000000001,-0.044438603023436545
36.047692347524737,699.56146180170731,-995.15461921691895,32.399999999999999,-0.044304851648698164
36.060641037507402,699.2292590639006,-995.82791328430199,32.399999999999999,-0.044146592004331672
36.073590195221016,699.25451653501523,-996.12522125244095,32.119999999999997,-0.044017214741920954
36.086542777096284,699.43942126462309,-997.28012084960903,32.119999999999997,-0.043905175601215971
36.099496747677811,699.51441140227394,-998.57354164123501,32.100000000000001,-0.043829812978730301
36.112446581117261,699.29100573031917,-998.55518341064396,32.100000000000001,-0.043824325419193746
36.125393588509908,699.13839920313103,-998.55518341064396,32.159999999999997,-0.043770749535820115
36.138341194018487,699.17069746325865,-998.01206588745094,32.159999999999997,-0.043905442580385493
36.151290467629629,699.26077500161932,-998.08382987976097,32.560000000000002,-0.043976760158567725
36.164234097425876,698.95600899725616,-998.76141548156704,32.560000000000002,-0.044069842744785752
36.177177349519802,698.93561307206153,-1000.01835823059,32.579999999999998,-0.044037489634745818
36.190126338559232,699.24540812938642,-999.66239929199196,32.579999999999998,-0.043956055822160882
36.203080003874121,699.49792700393641,-998.21639060974098,32.539999999999999,-0.043950209187059004
36.216033468437033,699.48708639698361,-998.21639060974098,32.539999999999999,-0.043973330821967742
36.22898479613211,699.37169553442368,-997.59221076965298,32.189999999999998,-0.044049384693027667
36.241944315325931,699.81403646613785,-999.32122230529797,32.189999999999998,-0.044115692790872622
36.254899047522208,699.55553859925521,-999.32122230529797,32.229999999999997,-0.044083755670159479
36.267853726943223,699.55268873442651,-999.61209297180199,32.229999999999997,-0.044146565099129065
36.280809563274097,699.61516186742131,-1000.91743469238,32.469999999999999,-0.044157557810028232
36.293771284528461,699.93294773557011,-1000.82802772522,32.229999999999997,-0.044151049934402081
36.306735149895083,700.04872979780657,-1000.82802772522,32.469999999999999,-0.044128748898020494
36.31969698911729,699.93931799902759,-1002.5372505188,32.469999999999999,-0.044136356769195667
36.33266178994571,700.09924473453987,-1003.173828125,32.479999999999997,-0.044276929563627811
36.345628150221003,700.18345486582496,-1002.18963623047,32.479999999999997,-0.04447672929990254
36.358600104642022,700.48553873498918,-1003.62300872803,32.420000000000002,-0.044476179819947774
36.371562553362978,699.9722309316262,-1007.3103904724099,32.420000000000002,-0.04444726535789971
36.38452235919754,699.82951506652398,-1008.7525844574,32.210000000000001,-0.04438980792946038
36.397487413551893,700.1129351348734,-1007.63630867004,32.210000000000001,-0.044434326182801478
36.410455118036964,700.25604219415618,-1007.5669288635301,32.210000000000001,-0.044577802634860074
36.423416917937033,699.93719460352315,-1007.5669288635301,32.210000000000001,-0.044665083081987113
36.436381420741981,700.08315146717882,-1008.23664665222,32.189999999999998,-0.044739559913887325
36.449351769148173,700.39881393432711,-1009.76991653442,32.189999999999998,-0.044859361111068891
36.462324411712324,700.52269846409263,-1009.76991653442,32.509999999999998,-0.044915826163242953
36.47529377395059,700.34556086641442,-1006.30950927734,32.509999999999998,-0.044950151608520832
36.488264915016039,700.44161753450771,-1006.30950927734,32.469999999999999,-0.044955997209967881
36.501242807134595,700.80617440201479,-1008.08477401733,32.469999999999999,-0.044956440105515048
36.514222225587659,700.88859646515118,-1007.84707069397,32.240000000000002,-0.04489755671757116
36.527201519865393,700.88189099799797,-1006.62851333618,32.439999999999998,-0.044742744002343154
36.540183802653075,701.04327053475913,-1006.64591789246,32.259999999999998,-0.044568037200015849
36.553174830559257,701.51550693376942,-1004.47225570679,32.259999999999998,-0.044437614786167028
36.566167553472845,701.60703733383457,-1006.64043426514,32.210000000000001,-0.044340738612792238
36.57915519653951,701.33272559966599,-1006.64043426514,32.210000000000001,-0.044281362659418379
36.592141429169146,701.25656200038566,-1007.59029388428,32.240000000000002,-0.044240441380096522
36.605127403098777,701.2425921999768,-1007.5376033783,32.240000000000002,-0.044245780962723524
36.618110205356786,701.0713219324299,-1007.65657424927,32.310000000000002,-0.044298491750694009
36.631083614709866,700.56410506664531,-1007.65657424927,32.310000000000002,-0.044272658931791706
36.644054223886378,700.41289553158913,-1010.24198532104,32.280000000000001,-0.044185771709311268
36.65702650840862,700.50336420092628,-1011.05189323425,32.280000000000001,-0.044086059140527767
36.669995006587634,700.29890166665734,-1011.05189323425,32.310000000000002,-0.044015249650561673
36.682962146070373,700.22553206812916,-1011.31534576416,32.310000000000002,-0.044071827497316293
36.695931163719713,700.32695306432822,-1011.39736175537,32.259999999999998,-0.044137072852660428
36.708903383049382,700.49984380229773,-1009.29045677185,32.259999999999998,-0.044189761909351109
36.721877123539535,700.58198646810695,-1009.98640060425,32.259999999999998,-0.044240032632460187
36.734845901114809,700.31398906461914,-1010.34379005432,32.259999999999998,-0.044121306595733593
36.747814372388923,700.2974488022046,-1007.67707824707,32.259999999999998,-0.043981990051853312
36.76078353284079,700.33466440088102,-1005.42426109314,32.259999999999998,-0.043759962749755694
36.773752907497567,700.34623146616593,-1005.58829307556,32.380000000000003,-0.043538065833504912
36.786722431166694,700.35427813282251,-1005.58829307556,32.380000000000003,-0.043393515257648625
36.799693943725977,700.46167820104654,-1006.93535804749,32.369999999999997,-0.043278865308914928
36.812675459724723,701.00186393220656,-1006.79111480713,32.369999999999997,-0.043233143579685905
36.825655781560442,700.93737912911251,-1005.61046600342,32.280000000000001,-0.043229478307402321
36.838632626459287,700.74962453742398,-1005.61046600342,32.280000000000001,-0.043273298070224273
36.851611187060513,700.84227246634214,-1004.7595500945999,32.259999999999998,-0.043361329783450399
36.86459139196419,700.93106479843198,-1003.07703018188,32.259999999999998,-0.043312704397103809
36.877565560862941,700.60512053272521,-1003.56459617615,32.259999999999998,-0.043183360248847329
36.890533590275318,700.27358826826219,-1006.73508644104,32.259999999999998,-0.043035722854243147
36.903509708741986,700.71039719994872,-1006.26993179321,32.259999999999998,-0.042928277203937985
36.916486826828383,700.76437666573781,-1004.2939186096201,32.259999999999998,-0.042954768157311203
36.929460014734566,700.55214693358766,-1004.2939186096201,32.259999999999998,-0.043011359456489012
36.942431130964259,700.44027640370427,-1004.32395935059,32.259999999999998,-0.043075266811204417
36.955401590093857,700.40479299810795,-1003.342628479,32.280000000000001,-0.04325418732977436
36.96836538509389,700.04493000185084,-1002.60186195374,32.280000000000001,-0.043272635795790729
36.98131976545681,699.53653959749261,-1002.60186195374,32.369999999999997,-0.04322274484571928
36.994271268033337,699.38113913275629,-1003.5126209259,32.369999999999997,-0.043030920334278328
37.007227929102456,699.65969773212987,-1005.89847564697,32.25,-0.042825311215390155
37.020192145266655,700.06767286679258,-1005.67126274109,32.25,-0.042833619647549247
37.033154672632143,699.97647773637516,-1005.67126274109,32.43,-0.042926908159060015
37.046117187581459,699.97580726303147,-1004.06837463379,32.240000000000002,-0.043125209502386755
37.059085230446968,700.27431473758645,-1001.1579990387,32.469999999999999,-0.043275646037926552
37.072053117056761,700.26587692896146,-1001.0387897491501,32.210000000000001,-0.04328687054373246
37.085015475749394,699.96736940219432,-1000.38576126099,32.509999999999998,-0.043145380913346063
37.097979789186461,700.07292560139695,-1000.38576126099,32.509999999999998,-0.042920350614365291
37.110955628255546,700.69530973053907,-1001.50275230408,32.189999999999998,-0.042834753790449334
37.123933558662991,700.80824200214249,-1000.4844665527301,32.520000000000003,-0.043031874422924568
37.136907110818555,700.57181640044996,-1000.4844665527301,32.520000000000003,-0.043429470517513481
37.149878324319744,700.44552906411263,-999.19867515563999,32.520000000000003,-0.043807042141700711
37.162850258044458,700.4844211346882,-998.67820739746105,32.210000000000001,-0.044123056448372694
37.175815611456798,700.12908426631122,-997.39050865173294,32.210000000000001,-0.044210956741740935
37.18877227252591,699.65969773212987,-998.53062629699696,32.189999999999998,-0.044155132232822393
37.201729641399986,699.69791920020566,-999.80187416076706,32.189999999999998,-0.044047125718924704
37.214691993883925,699.96703413254647,-999.80187416076706,32.57,-0.043978049522866706
37.227659282377793,700.23357866883362,-998.00753593444801,32.170000000000002,-0.044082720866719646
37.240623226388948,700.05297660255553,-998.00753593444801,32.579999999999998,-0.044320840387918517
37.253584980758028,699.93473593012675,-996.09375,32.579999999999998,-0.044582167432946081
37.266550074434619,700.11505853587391,-995.98717689514206,32.579999999999998,-0.044745664215545496
37.279519909579022,700.3710977980603,-996.99115753173805,32.579999999999998,-0.044785910802988556
37.292482216532072,699.96457546464615,-996.99115753173805,32.229999999999997,-0.044786358873018309
37.305445958756785,700.04208013427399,-996.26898765563999,32.549999999999997,-0.044877425663677875
37.318415079886414,700.33254099988051,-995.46813964843705,32.189999999999998,-0.045029946291310248
37.331382726422241,700.25291293474822,-994.23527717590298,32.189999999999998,-0.045208401149143942
37.344341654744468,699.78212940019068,-995.22829055786099,32.509999999999998,-0.045293061476392386
37.357300408183917,699.77268573040999,-995.22829055786099,32.25,-0.045289620755849309
37.370266592544461,700.17395546936757,-994.04692649841297,32.25,-0.045266202133415749
37.383236214518526,700.35958659959977,-992.20323562622104,32.25,-0.045246807858423978
37.39620452953708,700.28901100182361,-992.20323562622104,32.329999999999998,-0.045314032791001858
37.409169629423488,700.11539386597769,-992.08712577819801,32.329999999999998,-0.04541492296544862
37.422136088004891,700.18876339580606,-992.54703521728504,32.259999999999998,-0.045542401363841634
37.435100504921017,700.07851347099734,-994.27461624145496,32.259999999999998,-0.045653337404979774
37.448053541075325,699.46395233236524,-992.97618865966797,32.25,-0.045609478320222399
37.461003699443239,699.30855186762915,-992.97618865966797,32.25,-0.045534745893197538
37.473960802372822,699.68355819737235,-992.65170097351097,32.280000000000001,-0.045478105958758654
37.486915039933365,699.5288282691838,-993.152856826782,32.280000000000001,-0.045448524049270238
37.49986303452841,699.19170813237247,-993.152856826782,32.329999999999998,-0.045568854030359145
37.512810691777794,699.17349146675895,-992.870092391968,32.329999999999998,-0.045735785323735789
37.525756062112336,699.04999806522176,-993.47352981567406,32.329999999999998,-0.045851395569253127
37.538697079030847,698.81491359982863,-994.88520622253395,32.329999999999998,-0.045822087881795127
37.551628053188878,698.2726045336201,-994.88520622253395,32.170000000000002,-0.045617613941802762
37.564566023648155,698.65040480091147,-995.37444114685104,32.170000000000002,-0.045439666137054607
37.577512153528367,699.09101353130177,-995.37444114685104,32.140000000000001,-0.045345901615282659
37.590463806150645,699.38924160303361,-994.825839996338,32.140000000000001,-0.045415993986551606
37.603409305835797,699.05698299840219,-994.825839996338,32.390000000000001,-0.045551431054711392
37.616353974574075,699.01211186679382,-996.22845649719204,32.159999999999997,-0.045605822362027815
37.629302339628367,699.2117129320867,-996.22845649719204,32.409999999999997,-0.045559639111312736
37.642250926130899,699.2236711365922,-995.97144126892101,32.409999999999997,-0.045336735331853548
37.655193223099978,698.884036330404,-996.54459953308105,32.119999999999997,-0.044971419910909576
37.668142133496303,699.24116140158151,-997.17664718627896,32.43,-0.044663009337231246
37.681099489951869,699.69724860045392,-996.49071693420399,32.119999999999997,-0.044532107809815875
37.694053707851801,699.52776659616359,-994.83585357666004,32.479999999999997,-0.044498818202752206
37.707003547500051,699.29134100546298,-994.83585357666004,32.119999999999997,-0.044562319914968646
37.719951145765464,699.17030633228217,-994.55142021179199,32.119999999999997,-0.04452299740639163
37.732901486258001,699.31838659693824,-995.38445472717297,32.119999999999997,-0.044295561188933623
37.745853281683921,699.39695300004234,-996.90818786621105,32.119999999999997,-0.044021886876853163
37.758800366686437,699.14259013555932,-998.58522415161099,32.469999999999999,-0.043788764418342757
37.771753577722187,699.47339593069808,-998.58522415161099,32.119999999999997,-0.043756898699097546
37.784710187050649,699.6569037368738,-998.45910072326706,32.490000000000002,-0.043958765971583623
37.797659039497475,699.23803212843359,-997.60127067565895,32.490000000000002,-0.044177686795390532
37.810605371164179,699.10191000233124,-998.82531166076706,32.409999999999997,-0.04427841657512626
37.823552488245667,699.14432240008716,-998.82531166076706,32.409999999999997,-0.044214137725619169
37.8365075971099,699.57587866861729,-1000.06914138794,32.5,-0.04407939604487672
37.84946774649999,699.84806706498944,-998.40235710143997,32.5,-0.043960172268899138
37.862425784891364,699.73407313410564,-998.40235710143997,32.100000000000001,-0.04399683636926608
37.87538859786293,699.99190046444073,-999.06826019287098,32.100000000000001,-0.044134666935862522
37.888355276858093,700.20066573898293,-1000.6728172302199,32.090000000000003,-0.044357165072975407
37.901315146850656,699.83297959832782,-1000.69618225098,32.090000000000003,-0.044436983557560282
37.914268767667956,699.49552413416063,-999.33028221130405,32.140000000000001,-0.044378621709899507
37.927228203043214,699.80951026406183,-999.33028221130405,32.140000000000001,-0.044146366417155226
37.940196277987695,700.27604700211441,-1000.57673454285,32.329999999999998,-0.043957954686636581
37.953164762713577,700.29817519733308,-1002.2394657135,32.329999999999998,-0.043876570545511986
37.966130233059232,700.13539866569192,-1000.6725788116501,32.329999999999998,-0.043954613307182207
37.979100919845656,700.41708646676534,-1000.62537193298,32.329999999999998,-0.044164271610590895
37.992069210029626,700.28766993422414,-1000.62537193298,32.350000000000001,-0.044303891352576071
38.00503552477403,700.18099619792451,-1002.37560272217,32.350000000000001,-0.044294600891997313
38.017997285350582,699.9350711338227,-1004.84108924866,32.119999999999997,-0.044228620826486202
38.030960468782723,700.01190533560282,-1006.2446594238299,32.119999999999997,-0.044242182953675449
38.043934293091382,700.58651266743516,-1006.91652297974,32.140000000000001,-0.04452949389827824
38.056904252411051,700.37780326246548,-1007.09986686707,32.140000000000001,-0.044887454971994471
38.069872249745679,700.27185606968612,-1006.29091262817,32.140000000000001,-0.045230545930624477
38.08284359984075,700.45290513376551,-1006.29091262817,32.140000000000001,-0.045485040172676738
38.095818022265483,700.61881093580678,-1006.1097145080601,32.390000000000001,-0.045591816305382123
38.108786233803748,700.28342306627133,-1005.7692527771,32.390000000000001,-0.045612585833643721
38.121755933388897,700.36377759798006,-1005.2330493927,32.140000000000001,-0.04556636325982278
38.134731544802477,700.68301633332953,-1005.0086975097699,32.359999999999999,-0.045595873767385255
38.147709903617255,700.83137599806082,-1004.9679279327401,32.350000000000001,-0.045848743368162678
38.160687373537023,700.78337566750031,-1004.26459312439,32.350000000000001,-0.046147830369957794
38.173662418913601,700.65245033498172,-1005.68795204163,32.140000000000001,-0.046350196417537903
38.186646502257965,701.14050059578187,-1005.68795204163,32.140000000000001,-0.046388430313898318
38.199637938911174,701.5375792731553,-1006.81161880493,32.170000000000002,-0.046258416647126058
38.212627784038276,701.45163686360229,-1007.66968727112,32.170000000000002,-0.046198728183186752
38.225615185996297,701.3197057331322,-1009.10019874573,32.210000000000001,-0.04622578000020338
38.238603342324687,701.36044173318498,-1009.10019874573,32.210000000000001,-0.046359114348601488
38.251591504861779,701.36077700283283,-1009.7641944885301,32.310000000000002,-0.0465857454877232
38.264570402809888,700.86048919790778,-1013.2076740264901,32.310000000000002,-0.046784085118821643
38.277543058825955,700.523424867465,-1013.2076740264901,32.280000000000001,-0.046908876133846103
38.290521742569098,700.84892212987472,-1011.62457466125,32.280000000000001,-0.046906422616052608
38.303504857338282,701.08819753594014,-1011.52443885803,32.280000000000001,-0.046815696275223036
38.316487050097535,701.03840899983118,-1012.1548175811801,32.280000000000001,-0.046837538894492603
38.32946494118147,700.80611853244227,-1012.1548175811801,32.210000000000001,-0.046990447573408554
38.342442988520972,700.81455633282326,-1009.6576213836699,32.210000000000001,-0.047331937690879844
38.35541948365681,700.73073733526269,-1009.40728187561,32.259999999999998,-0.047543464848729594
38.368389696503684,700.39149373149894,-1009.40728187561,32.259999999999998,-0.04754729258461142
38.381358459591354,700.31320673396601,-1009.32383537292,32.259999999999998,-0.047443304210272562
38.394332271482767,700.58584213638335,-1009.24015045166,32.299999999999997,-0.047345957200712059
38.407311378460442,700.87177679441766,-1007.75074958801,32.25,-0.047307800914364088
38.420289120533404,700.79807193998158,-1007.2617530822801,32.25,-0.047369197838338754
38.433266226202463,700.76370612919004,-1007.84111022949,32.229999999999997,-0.047546802088373995
38.446242993490124,700.74543353354773,-1007.84111022949,32.229999999999997,-0.047838900030053651
38.459218961911141,700.70229473516736,-1005.90372085571,32.210000000000001,-0.048062221871085498
38.472188388307409,700.34902539821815,-1005.13696670532,32.210000000000001,-0.048038692523314809
38.485154722713595,700.18205793414882,-1005.13696670532,32.560000000000002,-0.047773522220535249
38.498124572344437,700.37188006550912,-1006.96229934692,32.560000000000002,-0.047557883791345817
38.511091276175357,700.20200686978649,-1008.80908966064,32.590000000000003,-0.04743155195426503
38.5240486264235,699.696913399506,-1006.2928199768101,32.590000000000003,-0.047515723854468589
38.537006255032104,699.71194486469108,-1006.2928199768101,32.520000000000003,-0.047620709778079515
38.549968003191417,699.93440060277089,-1006.14142417908,32.520000000000003,-0.047627388395346297
38.562927346469159,699.80453699823261,-1005.8197975158701,32.140000000000001,-0.047445751519063536
38.575883208670362,699.61655886504946,-1006.76226615906,32.140000000000001,-0.047145885311294128
38.588848607614864,700.1315430029116,-1004.92143630981,32.119999999999997,-0.046847928314777347
38.601812174957971,700.03263652769738,-1003.4217834472699,32.119999999999997,-0.046702702011911651
38.61476992670864,699.71859453646755,-1005.14197349548,32.140000000000001,-0.046693565737550298
38.627720227879038,699.3162632014338,-1005.6140422820999,32.140000000000001,-0.046725845377998419
38.640667144208642,699.13348179863056,-1004.02903556824,32.450000000000003,-0.04667846485856593
38.653616425064172,699.26116619854781,-1004.02903556824,32.450000000000003,-0.046531860199125044
38.666570617092603,699.52636953533158,-1002.61974334717,32.399999999999999,-0.046352196690513735
38.679522029641987,699.37627766652838,-1001.95121765137,32.399999999999999,-0.046221889141913795
38.69247824264076,699.63550193403535,-1002.63261795044,32.32,-0.046250944335669626
38.705441880350612,700.03643633189711,-1002.27308273315,32.32,-0.046366633226533567
38.718404413924695,699.97681300052705,-1002.27308273315,32.229999999999997,-0.04649102480765447
38.731360834919741,699.64673373242067,-1001.28173828125,32.229999999999997,-0.046467062913708883
38.744323381946913,699.97753946710338,-1000.324010849,32.280000000000001,-0.046265495733834108
38.7572896314988,700.17747580204411,-999.23372268676803,32.210000000000001,-0.045993954149717971
38.770257596754348,700.2701237996622,-1000.09393692017,32.189999999999998,-0.045741478808310643
38.783222534176545,700.10662079869678,-1000.3521442413301,32.189999999999998,-0.045668365847518266
38.796188563314779,700.16557346436321,-1000.5099773406999,32.350000000000001,-0.045787032899713295
38.809148764444501,699.85086100528565,-1000.5099773406999,32.350000000000001,-0.045925939662404193
38.822101949611053,699.47199899352586,-999.57418441772495,32.380000000000003,-0.04600427010000379
38.835047196803728,699.04334840443732,-998.88038635253895,32.380000000000003,-0.045854386148691022
38.847989396502541,698.87878373594765,-998.88038635253895,32.170000000000002,-0.045571702842449782
38.860934590920955,699.04049859456848,-998.89421463012695,32.359999999999999,-0.045373570173912012
38.873876836150608,698.88124240109983,-998.43311309814396,32.210000000000001,-0.045258067547525774
38.886815969728453,698.71321320355423,-997.04003334045399,32.210000000000001,-0.045374817110374881
38.899760573274058,699.0085914626693,-997.04003334045399,32.32,-0.045675571178990959
38.912717208472841,699.65830073450172,-997.27153778076195,32.32,-0.045930857044768111
38.925671725430867,699.54391573309749,-997.38550186157204,32.359999999999999,-0.046015632235789652
38.938623150396261,699.37694813162807,-996.83451652526901,32.359999999999999,-0.04588089469317784
38.951583566765478,699.86248393739538,-995.56398391723599,32.25,-0.045732768873411669
38.964545996859272,699.97122506497465,-994.35281753540005,32.25,-0.045701656490221426
38.977505490183987,699.81263953446182,-994.73047256469704,32.240000000000002,-0.045864582061891611
38.990463183986378,699.71546532927152,-995.44715881347702,32.240000000000002,-0.046074071692292433
39.003426672683986,700.02838967073649,-994.89569664001499,32.210000000000001,-0.046304192186912958
39.016390583581497,700.05118846570679,-994.89569664001499,32.210000000000001,-0.04643465495742069
39.029351350748179,699.88142700088542,-993.34239959716797,32.509999999999998,-0.046406154417135317
39.042310461195072,699.79196413224781,-995.58115005493198,32.509999999999998,-0.046225625813985982
39.055275943957973,700.13606919674373,-995.58115005493198,32.520000000000003,-0.046111483953926433
39.068245520401256,700.3571279371954,-996.25515937805199,32.520000000000003,-0.046189693320226197
39.081210925554352,700.13187826706337,-996.25515937805199,32.539999999999999,-0.046422484641265381
39.094172757533386,699.938926868051,-996.23537063598599,32.539999999999999,-0.046583306458348614
39.107133433637074,699.87650959913276,-996.33455276489303,32.189999999999998,-0.046604419541017794
39.120097253471592,700.04627106395435,-996.21987342834495,32.189999999999998,-0.046448884531541397
39.133051446535816,699.52642546810819,-995.05615234375,32.189999999999998,-0.046275257029733473
39.146004852114807,699.48390126525487,-995.73755264282204,32.189999999999998,-0.046122802628730232
39.158963455508612,699.76458326562886,-997.86734580993596,32.140000000000001,-0.046151063094539806
39.171920786093899,699.69585160557392,-997.86734580993596,32.140000000000001,-0.046339150930804353
39.184872204851878,699.37661293068027,-997.50924110412598,32.530000000000001,-0.046724923368833805
39.197827968746921,699.61125033232031,-993.86477470397904,32.530000000000001,-0.04702149890384158
39.210787254075363,699.8014077360765,-993.86477470397904,32.509999999999998,-0.04714633027725517
39.223744065190175,699.66780019965904,-994.62413787841797,32.509999999999998,-0.047055619458092217
39.236695879241985,699.39795879799385,-998.03686141967796,32.5,-0.046903082271932392
39.249647232807348,699.37309252930379,-995.85580825805698,32.5,-0.04690783201825105
39.262601464159289,699.52849300503203,-995.85580825805698,32.079999999999998,-0.047126264415216633
39.275562140263027,699.87650960188091,-995.61238288879395,32.079999999999998,-0.04729875466893621
39.288517644422221,699.59722459638692,-996.15788459777798,32.100000000000001,-0.047368423806134589
39.301471596376537,699.51340553287434,-999.35388565063499,32.100000000000001,-0.04734551327044139
39.314434884323433,700.01754913248374,-998.92997741699196,32.119999999999997,-0.047263877673340574
39.327397106422282,699.95999333803752,-998.92997741699196,32.119999999999997,-0.047188887579199632
39.340349726586396,699.44148886200276,-998.99387359619095,32.460000000000001,-0.047216445414323863
39.353300573097549,699.34571160222868,-1000.28324127197,32.460000000000001,-0.047281205447506046
39.366257533224704,699.67584686631562,-1000.4768371582001,32.439999999999998,-0.047488201202640246
39.37921043278395,699.45657619950839,-1000.4768371582001,32.439999999999998,-0.04761687272887203
39.392156244980235,699.07385859916428,-1001.9595623016399,32.460000000000001,-0.047566041143137311
39.405103700441998,699.16259493527343,-1002.66695022583,32.460000000000001,-0.047372013536885825
39.418053306224721,699.27871226715774,-1003.90362739563,32.079999999999998,-0.04715431998867585
39.431008277460506,699.56844673213982,-1003.90362739563,32.079999999999998,-0.047114994376437243
39.443960514746898,699.42081346528494,-1003.89075279236,32.380000000000003,-0.04721534334886985
39.45691766941723,699.68635219812461,-1003.01456451416,32.140000000000001,-0.047376181723157419
39.469883633364269,700.16205313993055,-1002.28786468506,32.119999999999997,-0.047569298703220506
39.482851676228357,700.2743146606424,-1002.18677520752,32.119999999999997,-0.047641783538253504
39.495812813854343,699.90143180334758,-1000.59080123901,32.479999999999997,-0.047555902144257971
39.508777452218503,700.09047166451091,-1000.45800209045,32.479999999999997,-0.047368077146436968
39.52174688482468,700.349360733818,-1000.62894821167,32.479999999999997,-0.04708119461059089
39.534717545740726,700.41568946638938,-1000.62894821167,32.479999999999997,-0.0469214365706302
39.547683503478964,700.16171786478674,-999.69291687011696,32.490000000000002,-0.046872561796889256
39.560651234867919,700.25749500364896,-1000.61559677124,32.490000000000002,-0.04680023114588544
39.573620135585209,700.32063873364757,-1000.61559677124,32.119999999999997,-0.046571825320150126
39.586591192832103,700.43709133243169,-1002.15554237366,32.119999999999997,-0.046342139443034377
39.599559515093823,700.28940213279998,-1001.63078308105,32.119999999999997,-0.04614190508874598
39.612525933318516,700.18658413347703,-1002.19655036926,32.119999999999997,-0.046127186052449788
39.625493274587612,700.23642853091451,-1002.19655036926,32.119999999999997,-0.046158652338554769
39.638456990941989,700.04068313664595,-1004.10890579224,32.119999999999997,-0.046163862569956651
39.65141478822467,699.72105326482381,-1003.20792198181,32.479999999999997,-0.046103726037616047
39.664373125674089,699.75022226829151,-1007.30133056641,32.479999999999997,-0.04600188487899886
39.677333340255629,699.85158740316194,-1007.15374946594,32.460000000000001,-0.045759847594562239
39.690292821161776,699.81196893196204,-1007.15374946594,32.460000000000001,-0.045554711378711435
39.703248715441951,699.6182911295773,-1006.01148605347,32.409999999999997,-0.045488145615887737
39.716204336534616,699.60353900401162,-1004.22310829163,32.409999999999997,-0.045588944728560413
39.729166429282706,699.95300839661309,-1003.65376472473,32.119999999999997,-0.045807359532631271
39.742127111595089,699.87684486878049,-1003.65376472473,32.119999999999997,-0.04594649602103637
39.755083980659251,699.67092946456319,-1002.690076828,32.119999999999997,-0.045806138465171745
39.768049158155563,700.11958480115391,-1003.26561927795,32.119999999999997,-0.045587169005493089
39.781017916070375,700.31292739984269,-1002.55656242371,32.159999999999997,-0.045317297594302169
39.793988102012356,700.3900408670462,-1000.90050697327,32.159999999999997,-0.045214983531324505
39.806960374117303,700.50269366712655,-1000.90050697327,32.579999999999998,-0.045332517475241162
39.819938890222218,700.83986966526641,-999.83382225036598,32.579999999999998,-0.04568319353812704
39.832919314503762,700.94291120333628,-999.83382225036598,32.189999999999998,-0.046078190207663454
39.845895348117303,700.70581513104787,-1000.48637390137,32.57,-0.046325298026212353
39.858869153798743,700.58550679803545,-1003.50594520569,32.549999999999997,-0.046258957848682211
39.871843673496244,700.62406366491507,-1005.24163246155,32.549999999999997,-0.046029633118156318
39.884826684785189,701.08260960313589,-1006.31308555603,32.189999999999998,-0.045889601525127666
39.897809233516043,701.05763146614447,-1006.31308555603,32.189999999999998,-0.045930240302951827
39.910791212071608,701.02684200049805,-1005.27167320251,32.210000000000001,-0.046201230336546661
39.923779529829687,701.36915893638923,-1003.56268882751,32.210000000000001,-0.046584590647605242
39.936767030093876,701.32501426586134,-1002.29048728943,32.479999999999997,-0.046875016349762468
39.949744752504955,700.79701019826121,-1001.0540485382101,32.210000000000001,-0.047019290633886907
39.962716939755552,700.49811153227392,-999.76181983947697,32.490000000000002,-0.046845803864499193
39.975688172918467,700.4465907975889,-1000.2300739288301,32.490000000000002,-0.046542365517397488
39.988658931106151,700.42094213504174,-1000.2300739288301,32.229999999999997,-0.046255048364097516
40.001629930403752,700.43396207027558,-1003.23486328125,32.420000000000002,-0.046282293688707191
40.014602708527164,700.53001866417287,-1004.2586326599099,32.210000000000001,-0.046570905381094055
40.027578177137045,700.67530493357287,-998.71659278869595,32.409999999999997,-0.046943009105949104
40.040554710560549,700.7328048694385,-998.71659278869595,32.240000000000002,-0.047143258982463902
40.053527229982734,700.51604879781212,-998.09336662292503,32.240000000000002,-0.047173030259684494
40.066501749679013,700.62406359896306,-998.31199645996105,32.240000000000002,-0.047108493744944219
40.079479459672896,700.79633966995755,-1000.02527236938,32.240000000000002,-0.047070616855821687
40.092464503314808,701.19235666331872,-1001.21784210205,32.259999999999998,-0.047138728614726289
40.105447768130915,701.09630006942143,-1001.21784210205,32.259999999999998,-0.047424415954813282
40.118431454109903,701.119042865663,-1001.35254859924,32.210000000000001,-0.04780867654284067
40.131411918749329,700.94509052886929,-1000.24938583374,32.210000000000001,-0.048151326676235603
40.144387159703705,700.66301153636334,-999.86171722412098,32.280000000000001,-0.048249198330605925
40.157346944842018,699.82839746897116,-999.74703788757301,32.210000000000001,-0.048253075736981205
40.170301033391333,699.52078166298338,-999.74703788757301,32.259999999999998,-0.048181770576295115
40.183253875002556,699.45344700605244,-1000.33617019653,32.259999999999998,-0.048147691413477772
40.196204832237065,699.35169066326148,-1000.33617019653,32.259999999999998,-0.048150703723991918
40.209154580823487,699.28642366691452,-1001.48153305054,32.259999999999998,-0.048226435772432949
40.222104563274115,699.29905233377178,-999.45306777954102,32.280000000000001,-0.048326960661039649
40.235057254839539,699.44534453302708,-998.47745895385697,32.280000000000001,-0.048413849953475967
40.248009745653086,699.43450393157048,-998.79407882690396,32.280000000000001,-0.048359387243979167
40.260953673471583,698.97210219866543,-998.79407882690396,32.280000000000001,-0.048276077334550263
40.273900296953116,699.11766800279247,-999.13024902343705,32.259999999999998,-0.048164952960047219
40.286846947338326,699.11912080129321,-998.56901168823197,32.259999999999998,-0.048229959275231937
40.299796923581525,699.29871713282387,-998.56901168823197,32.189999999999998,-0.048285215679427278
40.312742526746966,699.06257093395459,-998.62813949584995,32.189999999999998,-0.048342553070883157
40.325687611475331,699.03457533166033,-999.99594688415505,32.140000000000001,-0.048338100313259767
40.338636761945672,699.2541253985429,-995.87392807006802,32.140000000000001,-0.048380628642641081
40.351587167630882,699.32190700106275,-995.87392807006802,32.469999999999999,-0.048439415792801643
40.364535733437059,699.22255353354353,-994.95005607605003,32.469999999999999,-0.048465266202970224
40.377486762072827,699.35554633153788,-996.15788459777798,32.549999999999997,-0.048407832573731019
40.390444086450636,699.69551640187808,-996.96302413940396,32.549999999999997,-0.048420061874570555
40.403402987867963,699.78067653573805,-995.616674423218,32.140000000000001,-0.048412578180901257
40.416357284412328,699.53201339541658,-995.616674423218,32.57,-0.048329662532267337
40.429313341155591,699.62706413640228,-996.28329277038597,32.159999999999997,-0.048145577311503221
40.442267968837015,699.54989479687822,-997.47204780578602,32.159999999999997,-0.047840201812917441
40.455220452406174,699.43411273464199,-996.56629562377896,32.210000000000001,-0.047666541197107955
40.468168375600008,699.18785246684411,-996.56629562377896,32.210000000000001,-0.047622263017886426
40.481115337461716,699.13594053248278,-994.95887756347702,32.259999999999998,-0.047609880566672529
40.494060350788921,699.03071966888001,-999.07040596008301,32.259999999999998,-0.047595130485821757
40.507003609091392,698.93594833346538,-999.07040596008301,32.329999999999998,-0.047366144135322655
40.519941196674068,698.62972946464959,-1000.52738189697,32.329999999999998,-0.047104329698991483
40.532878751141986,698.62794126734514,-998.48437309265103,32.240000000000002,-0.046844326165868415
40.545821828354306,698.9261694654848,-996.28114700317406,32.240000000000002,-0.046567968610229375
40.558764528897562,698.90582933566691,-996.14071846008301,32.140000000000001,-0.046395002347469946
40.5717111720395,699.11872966482076,-999.34601783752396,32.140000000000001,-0.046285238737410708
40.584665266797565,699.52111693537915,-999.34601783752396,32.420000000000002,-0.04621293395749667
40.597623896060476,699.76598019730488,-998.46100807189896,32.420000000000002,-0.046150863377384471
40.610579427124719,699.59867746908367,-997.46274948120094,32.520000000000003,-0.045989721805653562
40.623537251312399,699.72250613477252,-997.489452362061,32.520000000000003,-0.045809248048345373
40.636495432506152,699.74178446241456,-996.31357192993198,32.590000000000003,-0.045699120188085578
40.649454912377728,699.81191306513745,-997.83039093017601,32.590000000000003,-0.045581657645687744
40.662415295632123,699.86069573734278,-997.34020233154297,32.170000000000002,-0.045528800950102019
40.675372911824759,699.71127440233931,-996.74463272094704,32.170000000000002,-0.045441242141694371
40.688330787751816,699.72530006132877,-997.38335609436001,32.229999999999997,-0.045375903654772939
40.701287819279017,699.67970246864013,-998.25263023376499,32.229999999999997,-0.045353893396964551
40.714244837355572,699.67897613396769,-998.76427650451706,32.229999999999997,-0.045265820291490913
40.727195794590074,699.35169066326148,-998.76427650451706,32.229999999999997,-0.045171602525003081
40.740148999417286,699.47306066929423,-999.87196922302201,32.420000000000002,-0.045125229904214935
40.753107726987686,699.77128880148189,-1002.13861465454,32.420000000000002,-0.045216311182580966
40.766063465012351,699.60985333194424,-1002.09951400757,32.280000000000001,-0.045394424555301398
40.779022256740745,699.77475333328584,-1002.09951400757,32.280000000000001,-0.045468722366704371
40.791978301066663,699.62639359985462,-1002.78568267822,32.189999999999998,-0.045498111802610791
40.804943244697562,700.10695606834463,-1003.6039352417,32.189999999999998,-0.045425340326473676
40.817905538197579,699.96384900081785,-1004.2085647583,32.329999999999998,-0.045335920940547808
40.83086462898391,699.79090246197563,-1003.06725502014,32.329999999999998,-0.045279089567861086
40.843828371208616,700.04208013427399,-1002.26426124573,32.32,-0.045290193002570707
40.856794628003726,700.17786693576863,-1002.74968147278,32.32,-0.045355862626658028
40.869757116048191,699.97435440132676,-1002.2137165069601,32.329999999999998,-0.045380128754144447
40.882719272954276,699.95647292841693,-1002.2137165069601,32.329999999999998,-0.045325022397221651
40.895680611332089,699.91227240205626,-1003.16071510315,32.189999999999998,-0.045192822193046746
40.908652155970344,700.4634104655745,-1004.08411026001,32.189999999999998,-0.045035540436272177
40.921626241049424,700.60059427019303,-1004.08411026001,32.119999999999997,-0.044962690314330457
40.934605113127155,700.85909219753171,-1007.90596008301,32.119999999999997,-0.044954390161078869
40.947592398151905,701.31339133649954,-1007.90596008301,32.140000000000001,-0.045104539021808839
40.960581450619742,701.4088332634218,-1006.75129890442,32.140000000000001,-0.045305908553669921
40.973565104520986,701.11731066708705,-1006.90603256226,32.469999999999999,-0.04554462722592769
40.986541365790131,700.71810853375337,-1006.4582824707001,32.469999999999999,-0.045665060686083267
40.999515534688882,700.60512053272521,-1005.76043128967,32.5,-0.045649626601860033
41.012483188469204,700.25330413717268,-1009.32860374451,32.5,-0.045587444264180772
41.025446021101224,699.99296212921695,-1009.26566123962,32.560000000000002,-0.045622364721165577
41.038412185799984,700.17289373314338,-1009.26566123962,32.560000000000002,-0.045870332460940369
41.051380709848154,700.30029860108141,-1008.98480415344,32.159999999999997,-0.046201042002113085
41.064351149317289,700.40373133333173,-1008.76021385193,32.159999999999997,-0.046493936743170643
41.077317061523416,700.15925913093452,-1008.76021385193,32.229999999999997,-0.046707202369309295
41.090282993391384,700.16032086990663,-1009.6831321716299,32.229999999999997,-0.046766763553302462
41.103249373328353,700.18451659655307,-1008.4495544433599,32.259999999999998,-0.046807075333312714
41.116214673966688,700.12623447018245,-1007.12895393372,32.259999999999998,-0.046793334186643998
41.129183113160458,700.29571646348074,-1007.18784332275,32.280000000000001,-0.046712658884393049
41.14215277445804,700.36171006930022,-1007.18784332275,32.280000000000001,-0.046708810452921801
41.155127287945668,700.62372833206325,-1006.66069984436,32.210000000000001,-0.046748287147614441
41.168101151577787,700.58863613438746,-1004.53996658325,32.210000000000001,-0.046841344899756179
41.181074268081531,700.54829120210718,-1004.53996658325,32.119999999999997,-0.046894092940469541
41.194042583099979,700.28901099632765,-1005.69868087769,32.119999999999997,-0.046848916551945091
41.207011178549415,700.30415426935781,-1005.59639930725,32.479999999999997,-0.0468656275823605
41.219978916148136,700.2578303310047,-1005.45334815979,32.479999999999997,-0.046959097186054607
41.232948322883992,700.34796373618997,-1006.20031356812,32.539999999999999,-0.046957341125939661
41.245922128566711,700.5855068667355,-1006.91938400269,32.539999999999999,-0.047043970682627133
41.258900974774065,700.85769519715575,-1008.5301399231,32.549999999999997,-0.047106974654981919
41.27187768411364,700.74230433734385,-1008.60834121704,32.549999999999997,-0.047293737944567593
41.284854185456858,700.73107253346257,-1007.37810134888,32.210000000000001,-0.047420697906797094
41.297827834883961,700.57706906360636,-1007.04550743103,32.210000000000001,-0.0474474920569012
41.310801373587658,700.57108999982552,-1007.04550743103,32.32,-0.047506194354595521
41.323770026986494,700.30728353700988,-1005.89156150818,32.32,-0.047533692170413804
41.336728657285249,699.76603613282941,-1004.3203830719,32.390000000000001,-0.047494086126175374
41.349691645138265,700.00134406277334,-1003.91888618469,32.390000000000001,-0.047421957262180993
41.362657596667908,700.16138260063497,-1004.42147254944,32.159999999999997,-0.047262770433811094
41.375622897304922,700.1262343987346,-1003.76224517822,32.159999999999997,-0.047199073142824399
41.38859005748391,700.22664966568198,-1002.44069099426,32.100000000000001,-0.047099516829857954
41.401563180196305,700.54862646900722,-1002.44069099426,32.100000000000001,-0.046951692137223028
41.414541273067854,700.81701506392756,-1003.00598144531,32.119999999999997,-0.046739100167781683
41.427514266429633,700.54164153582667,-1002.94208526611,32.119999999999997,-0.046493161676548322
41.440490377653077,700.71000606622408,-1002.94208526611,32.579999999999998,-0.046276241127040353
41.453466846918538,700.72934033488673,-1002.1908283233601,32.579999999999998,-0.046094379698457311
41.466449103835792,701.04187353163502,-1000.80966949463,32.439999999999998,-0.045899362820721698
41.479427716177774,700.84506646709428,-1003.59869003296,32.439999999999998,-0.045871273096705419
41.492400190069226,700.51359013815591,-1003.59869003296,32.280000000000001,-0.045898148997140835
41.505370935839466,700.42027159299801,-1002.82549858093,32.280000000000001,-0.045987837430410988
41.518344149614798,700.55354386801173,-1000.16832351685,32.329999999999998,-0.046047304446729373
41.531313680525969,700.35466920334329,-999.00937080383301,32.329999999999998,-0.045991441647901803
41.544279878338273,700.17468186449594,-999.05514717102005,32.409999999999997,-0.045909949888205896
41.557245965425956,700.1687027347632,-998.98886680603005,32.409999999999997,-0.045751904446920094
41.570216788807379,700.42446259687426,-999.04966354370094,32.539999999999999,-0.045612090164297715
41.583187014071605,700.3921642680466,-997.932910919189,32.539999999999999,-0.045535631684495433
41.596154907924721,700.26626806818183,-997.20191955566395,32.119999999999997,-0.045468911734640106
41.609123905913549,700.32589139680385,-997.20191955566395,32.119999999999997,-0.045505471320453551
41.62209174699256,700.2634182665571,-998.73661994934105,32.189999999999998,-0.045497455737485093
41.635055502669132,700.04280653489843,-995.774745941162,32.189999999999998,-0.04548401364804263
41.648020868499984,700.12975486606297,-995.774745941162,32.229999999999997,-0.045456675190939669
41.660990276270361,700.34801960026653,-996.23394012451195,32.229999999999997,-0.045405215480259796
41.673959819599993,700.35533980034688,-996.23394012451195,32.329999999999998,-0.045363027601929805
41.686928284665463,700.29711353530479,-994.45176124572697,32.329999999999998,-0.045371477802403047
41.699896918402466,700.30622179803765,-994.45176124572697,32.140000000000001,-0.045436087788363576
41.712864188270395,700.23257286813418,-993.68786811828602,32.140000000000001,-0.045540153773274659
41.72583811709508,700.59215653301601,-993.89743804931595,32.119999999999997,-0.045610310302997975
41.738813500851883,700.67072286742007,-993.78108978271496,32.119999999999997,-0.045584356412846722
41.751790359202431,700.75035092980443,-993.904590606689,32.509999999999998,-0.045542107480385507
41.764775774338325,701.21241733810155,-993.904590606689,32.509999999999998,-0.045545882441247174
41.777762799627176,701.29936559781811,-993.01338195800804,32.539999999999999,-0.045611281982147159
41.790745316280223,701.0558992648206,-991.69015884399403,32.539999999999999,-0.045730594752182059
41.803720356482721,700.65217093490651,-990.51523208618198,32.560000000000002,-0.045803455221664048
41.816687450433307,700.22307333152889,-990.51523208618198,32.560000000000002,-0.04582419680923621
41.829646697475305,699.7993402678527,-989.06731605529797,32.189999999999998,-0.045855699314225687
41.842599571165401,699.45517926508433,-989.06731605529797,32.189999999999998,-0.045832967799335073
41.855547656822218,699.19662546817324,-988.35492134094204,32.520000000000003,-0.045829671952141736
41.868499652999972,699.40779359875103,-988.20471763610794,32.210000000000001,-0.045861132028887981
41.881457132597504,699.70389826673443,-989.78328704833996,32.409999999999997,-0.045972003911419083
41.894411266677807,699.52324033637956,-992.23875999450695,32.259999999999998,-0.046212467260764709
41.907366212043264,699.56704973451167,-990.84711074829102,32.359999999999999,-0.046449299487213359
41.920323412244436,699.6888108632769,-990.84711074829102,32.359999999999999,-0.046624097351314751
41.933276987530846,699.4930654662603,-989.94016647338901,32.329999999999998,-0.046752941690771481
41.946225976571604,699.2454082008345,-990.98253250122104,32.329999999999998,-0.0467357970775239
41.959173925634587,699.18924940126817,-991.46652221679699,32.210000000000001,-0.046788439567484491
41.972126279854301,699.42712786466552,-991.46652221679699,32.210000000000001,-0.046859652631265895
41.985079692676557,699.48429240172743,-991.01138114929199,32.329999999999998,-0.047017335891492783
41.998025842218546,699.09207526752596,-990.36741256713901,32.329999999999998,-0.047239253504503434
42.010969978033309,698.98333399705075,-988.98339271545399,32.359999999999999,-0.047369973941211244
42.02391638110123,699.10576566785949,-988.98339271545399,32.359999999999999,-0.047391566137141634
42.036863660646873,699.15309546462015,-989.23373222351097,32.119999999999997,-0.047410598231786942
42.049805588192598,698.86408746896245,-989.95375633239701,32.490000000000002,-0.047362252241546235
42.062749918550587,698.99383933160755,-989.37535285949696,32.100000000000001,-0.047433571889531678
42.07569968679752,699.28748533443854,-989.63165283203102,32.100000000000001,-0.047487782107463648
42.08864881243084,699.2527841990393,-991.19377136230503,32.159999999999997,-0.047602453785746922
42.101593415977767,699.00859153411739,-988.32273483276401,32.159999999999997,-0.047717800156672326
42.114540234001261,699.12817326864945,-988.32273483276401,32.159999999999997,-0.047814573885195055
42.127488761519714,699.22048599661969,-988.31415176391602,32.159999999999997,-0.047942561407647258
42.140433814169107,699.03284306713238,-990.80586433410599,32.560000000000002,-0.04799524115106317
42.153372817362985,698.70617246950133,-991.74880981445301,32.560000000000002,-0.04800758945492601
42.166308007306149,698.50025693063162,-992.23279953002896,32.5,-0.048098518616063624
42.179245373440743,698.61777126838797,-992.23875999450695,32.5,-0.048177961466657503
42.192183559139558,698.66202773576924,-991.90568923950195,32.390000000000001,-0.04829510425445855
42.205117105817337,698.41152060001855,-991.97173118591297,32.390000000000001,-0.048361507555261564
42.218058389714813,698.82933046399057,-991.59741401672397,32.280000000000001,-0.04842751762872087
42.23101002888523,699.38851520240917,-991.59741401672397,32.280000000000001,-0.048483514951118814
42.243961726004947,699.39164446456527,-990.90456962585404,32.329999999999998,-0.048520459482874909
42.256922128921019,699.861757468071,-992.22803115844704,32.329999999999998,-0.048499473680966083
42.269888606129683,700.18976926795358,-992.22803115844704,32.170000000000002,-0.048457907719596509
42.282855850127135,700.23117586226203,-992.04111099243198,32.409999999999997,-0.048292637285106979
42.295819469209874,700.03543046799348,-992.01059341430698,32.119999999999997,-0.048129776905800434
42.308781067323437,699.92629813249357,-990.96226692199696,32.119999999999997,-0.047844615247384085
42.321741821037037,699.88070053430909,-991.94145202636696,32.189999999999998,-0.047593394086979851
42.334702782746902,699.89193233269418,-994.53806877136196,32.189999999999998,-0.047433659847847733
42.347662133267917,699.80492813470505,-994.53806877136196,32.240000000000002,-0.047361833145860746
42.360616410150648,699.53095166743628,-995.26882171630905,32.240000000000002,-0.04740471020260556
42.373571024380261,699.54916839900204,-995.76163291931096,32.420000000000002,-0.047391933492225126
42.386530816761741,699.82878859994764,-995.76163291931096,32.420000000000002,-0.047245027703668327
42.399489368416063,699.76178933357664,-994.64058876037598,32.310000000000002,-0.047108699671000287
42.412446334750641,699.67618206726354,-994.64297294616699,32.310000000000002,-0.046941282019567751
42.42541063576914,700.07225499889739,-996.66762351989701,32.189999999999998,-0.046878932043044337
42.43837911428642,700.29783993318119,-998.53920936584495,32.189999999999998,-0.046892257199368494
42.451347202683941,700.27677346594271,-997.77507781982399,32.390000000000001,-0.046982221925846272
42.464315622217299,700.29465480145245,-997.95556068420399,32.390000000000001,-0.04713295131123825
42.477280793504974,700.11924953425398,-997.43723869323696,32.509999999999998,-0.047228632287887068
42.490244035919709,700.01509039588348,-996.78778648376499,32.509999999999998,-0.047146448244638976
42.503203340909835,699.80246946680484,-996.78778648376499,32.57,-0.047007772243810655
42.516163223319744,699.83365013487571,-997.82967567443802,32.57,-0.046883587621688212
42.529125770346859,699.97753946435535,-997.82967567443802,32.189999999999998,-0.046838929668767501
42.542095885922251,700.38624107109047,-997.211694717407,32.189999999999998,-0.046930586298228966
42.555067612686386,700.47324526358364,-1000.26607513428,32.25,-0.046943806939338063
42.568035388572881,700.25989787067647,-999.47977066040005,32.25,-0.046859869940807063
42.581010591238268,700.66094393073945,-999.47977066040005,32.259999999999998,-0.046778917312202545
42.593991659167948,700.97766820281208,-1000.05865097046,32.259999999999998,-0.046617999258862654
42.606970128706131,700.83735506184155,-1000.84328651428,32.310000000000002,-0.046472336268027416
42.619946701451831,700.73492826769086,-1004.6079158783,32.310000000000002,-0.046398285775793136
42.632928705877823,701.02823900362216,-1004.6079158783,32.189999999999998,-0.046459670281762774
42.64590543384324,700.74331013254732,-1006.02746009827,32.189999999999998,-0.046650643149206
42.658874932676561,700.35293699927126,-1004.78053092957,32.159999999999997,-0.046851737424516732
42.671836667383907,699.93367419665071,-1005.30028343201,32.159999999999997,-0.046997626001815972
42.684801337827189,700.09220393728287,-1005.00702857971,32.450000000000003,-0.04708174202211645
42.697768127545707,700.20664480001574,-1003.88336181641,32.450000000000003,-0.047147190197666847
42.710733064967904,700.10662079869678,-1003.88336181641,32.530000000000001,-0.047257640915828805
42.723702790422259,700.36517453515205,-1005.6571960449201,32.530000000000001,-0.047383357046173025
42.736679759497484,700.7563300622852,-1005.6571960449201,32.579999999999998,-0.047519250462404947
42.749662633157982,701.07517766665819,-1005.9666633606,32.579999999999998,-0.047694492257896563
42.762645222246867,701.05981079992148,-1004.9068927764901,32.240000000000002,-0.047734919935792743
42.775623009850669,700.80053060513387,-1001.6303062439,32.240000000000002,-0.047713381548588223
42.788604493770386,701.00013166493079,-1001.6303062439,32.25,-0.04763292666030336
42.801588667143179,701.14536213070994,-1003.57031822205,32.25,-0.047677034098138699
42.814569450501303,700.96230133882341,-1004.86588478088,32.329999999999998,-0.047862004075273662
42.82754817356669,700.85104553087524,-1005.32460212708,32.329999999999998,-0.048042063911633383
42.840531346285125,701.0913267953481,-1005.4945945739699,32.140000000000001,-0.048178126001076731
42.853508757221022,700.78019053851983,-1005.4945945739699,32.140000000000001,-0.048269953371924385
42.866483166192623,700.6180844664824,-1006.81209564209,32.159999999999997,-0.048257693026530268
42.879459589927201,700.72688166698629,-1006.01816177368,32.159999999999997,-0.048226911782134348
42.892437702459262,700.81807673145181,-1006.01816177368,32.560000000000002,-0.048209134903215635
42.905416944995132,700.87909693679001,-1006.98232650757,32.259999999999998,-0.048442604019031887
42.918393628465452,700.74090739742371,-1007.81583786011,32.460000000000001,-0.048784071373349648
42.931364562569158,700.43044160019917,-1007.04765319824,32.460000000000001,-0.049042675850084323
42.944334098655524,700.35494866387432,-1007.04765319824,32.259999999999998,-0.049203490424459324
42.957297815009909,700.04068313664595,-1009.50717926025,32.259999999999998,-0.049171904101879771
42.970251423409863,699.49485359761297,-1008.56256484985,32.140000000000001,-0.04906986012178411
42.98320165214443,699.31235166633292,-1003.40294837952,32.140000000000001,-0.049077089254339817
42.996159145195094,699.7046247360588,-1003.56435775757,32.439999999999998,-0.049106418672975841
43.009117397790106,699.74564013069084,-1003.56435775757,32.439999999999998,-0.04920515542208774
43.02207284400005,699.59409533697885,-1004.20641899109,32.119999999999997,-0.049380294770997063
43.035033611166632,699.88142699538935,-1002.23612785339,32.560000000000002,-0.049561593267558372
43.048001036254284,700.24095473299053,-1002.23612785339,32.509999999999998,-0.049642680419173475
43.060971690963001,700.41535427093743,-1001.79839134216,32.509999999999998,-0.049630856761952447
43.073943689878959,700.48794146186879,-1004.49323654175,32.229999999999997,-0.049638314585905972
43.086918983608662,700.6658614039402,-1002.53844261169,32.229999999999997,-0.049850484356560011
43.09989804401976,700.8692621992368,-1002.53844261169,32.310000000000002,-0.050150072201674813
43.112873532291374,700.67636666704891,-1001.18494033813,32.310000000000002,-0.050365621637315817
43.125836240748129,699.98625666481178,-1002.31146812439,32.100000000000001,-0.050444339091068387
43.138793610656776,699.69797506703026,-1004.95433807373,32.5,-0.050425517061678464
43.151750109261734,699.65092466759688,-1002.4139881134,32.140000000000001,-0.050377744352628206
43.164708400145692,699.74770773356659,-1001.05714797974,32.140000000000001,-0.050263535231623142
43.177661235548165,699.45311173365656,-1001.05714797974,32.170000000000002,-0.050143116257138472
43.190619448820989,699.74351673243848,-1001.37090682983,32.170000000000002,-0.050075935820927696
43.203584425565424,700.10874419969718,-1000.60200691223,32.240000000000002,-0.05001292046539315
43.216548017743165,700.03397759804477,-1000.2658367156999,32.240000000000002,-0.049868724825088653
43.229505017192615,699.67797027006418,-1000.61750411987,32.350000000000001,-0.049587681681534435
43.242466732238277,699.93261246592238,-999.87077713012695,32.350000000000001,-0.049287046615178319
43.255431467874075,700.09572433316339,-999.00794029235794,32.259999999999998,-0.049079789055051844
43.268393748956797,699.96317846701822,-997.55287170410202,32.259999999999998,-0.049061687248682206
43.281351286503686,699.70702753163857,-996.80328369140602,32.159999999999997,-0.049125007870598196
43.294309084820988,699.72110913439644,-996.43564224243198,32.159999999999997,-0.049225385817934834
43.307262172716094,699.46674633586554,-996.79136276245094,32.409999999999997,-0.049248633699033102
43.320209069383914,699.13242006240625,-996.79136276245094,32.409999999999997,-0.049213638734832324
43.333150755821002,698.85106760242866,-998.21305274963402,32.439999999999998,-0.049040161279940722
43.346099679669138,699.24188779945791,-1000.49138069153,32.439999999999998,-0.048795801898077376
43.359061453698722,699.93579759765112,-1000.49138069153,32.520000000000003,-0.048741402311649903
43.372028353106224,700.21256800521599,-1001.09767913818,32.520000000000003,-0.04882900458114138
43.384995947902524,700.25011899994797,-998.90875816345203,32.159999999999997,-0.048995337759454846
43.397967031018474,700.43848826135957,-996.357202529907,32.159999999999997,-0.049084022433381745
43.410941433782703,700.61774926828252,-996.66810035705601,32.159999999999997,-0.048939573267603141
43.42391258830007,700.44234393788008,-996.58656120300304,32.159999999999997,-0.048675283581995119
43.436874667596292,699.95228199598876,-996.70290946960404,32.189999999999998,-0.048353974189215915
43.449837012837008,699.96664299882195,-996.35052680969204,32.189999999999998,-0.048048185804914052
43.462797994207484,699.8929940057144,-995.70345878601097,32.420000000000002,-0.047914287488396719
43.475750867898803,699.45517933103633,-995.70345878601097,32.420000000000002,-0.047837827975753831
43.488697518283963,699.11912079854517,-995.67008018493596,32.25,-0.047806777679891638
43.501647772888901,699.31374866670888,-995.88513374328602,32.329999999999998,-0.047710097084829095
43.514598775655564,699.35414939986174,-995.98169326782204,32.229999999999997,-0.047581223771486103
43.527552455456785,699.49870926588926,-996.50502204894997,32.229999999999997,-0.047417644203730097
43.540511331003735,699.77927953536187,-996.50502204894997,32.299999999999997,-0.04729697894668311
43.553473455830897,699.95474066663701,-996.84786796569801,32.299999999999997,-0.04733663983584669
43.56644417573213,700.41887466681794,-996.84786796569801,32.380000000000003,-0.047547923815050165
43.579415492713558,700.45111699691699,-995.92494964599598,32.380000000000003,-0.047727869823479832
43.592379520543169,700.05750279913559,-995.13769149780296,32.469999999999999,-0.047858449526088094
43.605345912898756,700.18518720180077,-997.98083305358898,32.469999999999999,-0.047867676863648422
43.618315612483954,700.36377760072799,-997.81537055969204,32.100000000000001,-0.047719865623843803
43.631277594508639,699.94702933283224,-997.54095077514603,32.100000000000001,-0.047647317664571039
43.644237269958019,699.82247426651907,-997.39575386047397,32.140000000000001,-0.0476376743359537
43.657202350182743,700.11433213524947,-996.55556678771995,32.140000000000001,-0.04768347574565994
43.670162174643202,699.8305208644756,-996.34671211242699,32.159999999999997,-0.047802978919117403
43.683117725369172,699.59973920255982,-996.34671211242699,32.159999999999997,-0.047859870311110074
43.696069949202531,699.42008700145652,-995.44835090637196,32.590000000000003,-0.047870435647416248
43.709028449116055,699.75899533007657,-995.54324150085404,32.590000000000003,-0.047841428053994446
43.721988402928446,699.83750586910389,-995.54324150085404,32.57,-0.04780582773232759
43.734943596645707,699.58046073202206,-998.53372573852505,32.57,-0.047800336032624839
43.747896684540763,699.4667463331175,-997.852563858032,32.539999999999999,-0.047858117354656719
43.760850025961751,699.48043673345092,-999.15242195129395,32.539999999999999,-0.047893269607667821
43.773798221308674,699.2025487338293,-1000.2748966217,32.189999999999998,-0.04791539679757674
43.786737380756847,698.71461020118227,-1000.2748966217,32.189999999999998,-0.047862857787751491
43.799671694222233,698.45292713112303,-1002.34794616699,32.189999999999998,-0.04789339895818049
43.812613049522199,698.83318619821898,-1000.9503364563,32.189999999999998,-0.047976328060102713
43.825555074339569,698.86934013761493,-1000.21934509277,32.189999999999998,-0.048219937210488686
43.838490465034603,698.51109753208846,-1000.21934509277,32.189999999999998,-0.048523296911531337
43.851428000877853,698.62693553534552,-1000.49996376038,32.420000000000002,-0.048749592776730521
43.864371278840729,698.93700999549367,-1001.15633010864,32.420000000000002,-0.048889681282655535
43.877319397612311,699.19841366547769,-1000.4944801330601,32.299999999999997,-0.048954311965223263
43.890271510722272,699.41410793767568,-1000.81849098206,32.299999999999997,-0.048940626697185415
43.90323521362474,700.03995673327358,-1000.81849098206,32.299999999999997,-0.048986308069704644
43.916206342271579,700.44094692926001,-1002.15363502502,32.189999999999998,-0.049043187043488728
43.92917585973094,700.35394280546677,-1001.4910697937,32.380000000000003,-0.049188727925857961
43.942138692364182,699.99296219516884,-1000.82206726074,32.380000000000003,-0.049327332526134346
43.955104364496343,700.14629513672128,-1001.3515949249301,32.450000000000003,-0.049405325618227101
43.968064143425906,699.82806219657527,-1000.62346458435,32.450000000000003,-0.049436689457851575
43.981024391120989,699.85337553451461,-1000.49781799316,32.530000000000001,-0.049458631416886736
43.993980253322199,699.61655886504946,-1000.49781799316,32.530000000000001,-0.04941944239812348
44.006935491537043,699.58286360179773,-1003.01384925842,32.189999999999998,-0.049482223887981187
44.019897056537069,699.92451000114102,-1006.9887638092,32.189999999999998,-0.049548230857982455
44.032857213169152,699.84845813276206,-1006.9887638092,32.189999999999998,-0.049563376232112592
44.045812990516062,699.61197673294464,-1004.94861602783,32.189999999999998,-0.049513205885019264
44.05877277669012,699.82845339899973,-1004.97937202454,32.560000000000002,-0.04948188033408249
44.071740974775295,700.28269659969499,-1005.29479980469,32.240000000000002,-0.049517388558183099
44.084708466091406,700.24453106989165,-1005.29479980469,32.359999999999999,-0.049640116178332853
44.097673046506159,700.08734239685896,-1004.62770462036,32.359999999999999,-0.049759429983142138
44.110640725120966,700.25464519927618,-1004.97150421143,32.189999999999998,-0.049964739009927893
44.123605376937036,700.09119806788328,-1002.42257118225,32.189999999999998,-0.050071970455981919
44.136568514837066,700.0094466017506,-1002.42257118225,32.369999999999997,-0.050009714645962849
44.149524468101269,699.62147626680201,-1002.46930122375,32.140000000000001,-0.049764757148222108
44.162478900203666,699.53933352954482,-1002.05492973328,32.479999999999997,-0.049509226033588358
44.175441532085188,699.98212160195612,-1000.40340423584,32.479999999999997,-0.049428359294158238
44.188409321423492,700.26062426855299,-1000.40340423584,32.560000000000002,-0.049442084919414771
44.201373277853058,700.0536471968112,-1000.11134147644,32.560000000000002,-0.049422305697971465
44.214343944977806,700.41602473603723,-1000.16450881958,32.140000000000001,-0.049411584104728679
44.227322525240709,700.84333419707036,-1003.02267074585,32.579999999999998,-0.049298972718625406
44.240299773713573,700.77141753444289,-1003.02267074585,32.170000000000002,-0.049181090047497926
44.253271377334627,700.46659553684708,-1003.10444831848,32.170000000000002,-0.049068291360514132
44.266247143969146,700.691398264138,-1003.10444831848,32.229999999999997,-0.048991842195055292
44.279221586055513,700.61987266378696,-1004.78339195251,32.229999999999997,-0.048985482296440473
44.292188362322271,700.20591840488737,-1004.78339195251,32.280000000000001,-0.049125851235230417
44.305146997795049,699.7663155301567,-1005.70511817932,32.280000000000001,-0.049196556210999234
44.318102691322174,699.60745046491661,-1004.37617301941,32.240000000000002,-0.049217967316120284
44.331059885314858,699.68847560462098,-1002.32696533203,32.240000000000002,-0.049067960223806245
44.34401781298272,699.72809406482884,-1001.99460983276,32.159999999999997,-0.048808297142650496
44.356979677039512,699.94065906662684,-1001.99460983276,32.159999999999997,-0.048515522438474616
44.369952293733334,700.52130146646459,-1002.1450519561801,32.119999999999997,-0.048218161488235586
44.38293281632221,700.9482197992694,-1001.8618106842,32.119999999999997,-0.048061140503154687
44.395913170237058,700.93911140188447,-1001.08098983765,32.530000000000001,-0.047991709370018232
44.408890307983974,700.76543833326195,-1001.08098983765,32.530000000000001,-0.04791026107089727
44.421874579662976,701.15067066618701,-1000.28467178345,32.619999999999997,-0.047869474315909107
44.434858311174082,701.12150159951545,-999.75061416625999,32.619999999999997,-0.047668807414987809
44.447837722383973,700.8882053341747,-999.75061416625999,32.509999999999998,-0.047597260109920936
44.46081459418766,700.75107739912869,-999.65286254882801,32.509999999999998,-0.047571201704554623
44.473790861666672,700.7184438666053,-998.51942062377896,32.229999999999997,-0.047581335529562049
44.486765609019777,700.63635706762057,-1002.40063667297,32.229999999999997,-0.047610987805693124
44.499739849318523,700.60897613230156,-1004.39548492432,32.259999999999998,-0.047579615686448709
44.512711277024771,700.45709613764188,-1003.09348106384,32.259999999999998,-0.047574348540674688
44.525688967356828,700.79527793098543,-1003.09348106384,32.399999999999999,-0.047673328468789092
44.53867075654329,701.01661606876451,-1000.12373924255,32.399999999999999,-0.047741622353175646
44.551649909053118,700.87423553101792,-1000.64420700073,32.140000000000001,-0.04779261123006158
44.564629216781455,700.88261732992237,-1000.64420700073,32.140000000000001,-0.047856328180387535
44.577603346357968,700.60299713172481,-1000.90885162354,32.140000000000001,-0.047870359072890625
44.590574643677812,700.45005527168473,-998.28362464904797,32.140000000000001,-0.047828667899749683
44.603535508116089,699.88667966678986,-998.53658676147495,32.189999999999998,-0.047690210242982471
44.616494404359287,699.7803971329148,-998.67010116577103,32.189999999999998,-0.047501588447208448
44.62945428780376,699.83370600170019,-998.67010116577103,32.579999999999998,-0.04739944926568139
44.642412033345742,699.7182592668197,-996.432065963745,32.579999999999998,-0.047425091679685352
44.65536243178768,699.32151586459031,-995.93353271484398,32.460000000000001,-0.047601218231598699
44.668312804359289,699.32011886696216,-995.93353271484398,32.460000000000001,-0.047710263687219527
44.681269822435745,699.67897612847173,-996.64545059204102,32.280000000000001,-0.047800389842673832
44.694229504093819,699.82280953616691,-997.30706214904797,32.280000000000001,-0.047896364703796546
44.707190537204951,699.8957880009707,-996.60682678222702,32.280000000000001,-0.047902328272830946
44.720160834904853,700.3960757949036,-996.60682678222702,32.280000000000001,-0.047928117628766531
44.73313718620247,700.72297007142924,-997.45774269104004,32.140000000000001,-0.048009916725410419
44.746114856874016,700.79421626346118,-996.58298492431595,32.380000000000003,-0.048218931381952886
44.759082457878961,700.2504542668479,-995.452880859375,32.140000000000001,-0.048583167501868585
44.772043757967936,699.9102048046766,-995.62025070190396,32.43,-0.048781595088891301
44.784998100044504,699.53447213476477,-996.16074562072697,32.090000000000003,-0.048813473226446878
44.797949894434637,699.39689706726574,-996.32239341735794,32.090000000000003,-0.048794943010557201
44.810889879655562,698.7592019299675,-996.32239341735794,32.159999999999997,-0.048700062971518708
44.823829929033366,698.7626664013153,-994.62223052978504,32.159999999999997,-0.048697448024290692
44.836776578385177,699.11906499767269,-994.10438537597702,32.170000000000002,-0.048739067796116371
44.849724580223437,699.19209926609699,-993.51263046264603,32.170000000000002,-0.048738789434377761
44.862668085843247,698.94930346964713,-993.51263046264603,32.539999999999999,-0.048790173604186832
44.875620198953101,699.41410793217972,-993.629932403564,32.539999999999999,-0.048771123918020805
44.888578899618601,699.76983593702937,-994.40431594848599,32.43,-0.048692612390527863
44.901536594455564,699.71552119609612,-991.76335334777798,32.43,-0.048664979015499731
44.914486212655582,699.27938280095736,-993.62301826477005,32.280000000000001,-0.048560537397513655
44.92743205693089,699.07559086644028,-993.62301826477005,32.280000000000001,-0.048536559980832776
44.940379103645675,699.14052259863558,-995.44787406921398,32.299999999999997,-0.048524346202575855
44.953322875209935,698.96366446973229,-996.62804603576706,32.299999999999997,-0.048470887251862535
44.966260066462979,698.6083276645594,-996.26421928405796,32.350000000000001,-0.048434317318915933
44.979201733238277,698.85000586620436,-996.26421928405796,32.350000000000001,-0.048373556799251927
44.992153009192656,699.36890153641957,-997.73383140563999,32.159999999999997,-0.04831787923058567
45.00510347903586,699.3253715328666,-998.14009666442905,32.369999999999997,-0.048358038894792392
45.018053663274053,699.30994886250915,-997.34854698181096,32.119999999999997,-0.048394727830965843
45.031009486151845,699.61443540084508,-996.44756317138695,32.119999999999997,-0.04851106761181135
45.04396979800498,699.85684006906638,-995.51892280578602,32.140000000000001,-0.0484828661289049
45.056926855403724,699.68109953222017,-996.32143974304199,32.140000000000001,-0.048325514006607229
45.069884192198778,699.69618693292978,-995.60379981994595,32.189999999999998,-0.048104571178697347
45.08284443885929,699.8533196676899,-995.60379981994595,32.189999999999998,-0.047855692812225258
45.095806232550608,699.93685933112715,-995.72849273681595,32.539999999999999,-0.047658652895561406
45.108765115340773,699.7796706690865,-998.74806404113804,32.539999999999999,-0.047690377880707069
45.121713544553067,699.21517746389065,-998.01349639892601,32.5,-0.047697902967997884
45.134657693819747,698.984060400423,-998.01349639892601,32.5,-0.047805418984691261
45.147596938122213,698.71919233328708,-996.16932868957497,32.299999999999997,-0.047684568498144515
45.16053907262836,698.87526333182302,-999.29332733154297,32.299999999999997,-0.047450770313286254
45.173479336209901,698.77423340339635,-999.29332733154297,32.280000000000001,-0.047188446752845004
45.186428715371591,699.26647473127684,-999.925136566162,32.280000000000001,-0.046944542684533866
45.199387552630874,699.77721200118606,-999.18270111083996,32.25,-0.046799783077789467
45.212348871346904,699.91121066583207,-1002.9239654541,32.32,-0.046692541282821173
45.225313899832102,700.11153820044933,-1002.9239654541,32.359999999999999,-0.046569311784017568
45.238281806102407,700.26693859648549,-1003.2691955566401,32.359999999999999,-0.046549459090336226
45.251261036222147,700.87842646619424,-1001.86824798584,32.119999999999997,-0.046419392650070466
45.264234815000023,700.58405400503079,-1002.22563743591,32.119999999999997,-0.04624615630295327
45.277199791744458,700.10874419969718,-1002.22563743591,32.119999999999997,-0.045986752956426805
45.290168250599905,700.29677819420897,-1003.5030841827401,32.119999999999997,-0.045765784257834258
45.303139307846905,700.43709133792765,-1003.1776428222699,32.140000000000001,-0.045661994566843243
45.316104804061773,700.13679560286391,-1000.49877166748,32.140000000000001,-0.045611568622691494
45.329065323911173,699.86807186745159,-1000.49877166748,32.57,-0.045497828267102046
45.342031840441976,700.19189266345802,-1003.23081016541,32.57,-0.045441800934923914
45.355004249140705,700.51006973128347,-1004.53090667725,32.57,-0.045187231152662405
45.367974389551904,700.38758220464183,-1003.53789329529,32.57,-0.044955622611870825
45.380945823465474,700.45743133309361,-1003.53789329529,32.549999999999997,-0.044743999217408188
45.393920804683951,700.64898579768192,-1006.24799728394,32.549999999999997,-0.044619825977854841
45.406899301128455,700.83880800323834,-1006.24799728394,32.189999999999998,-0.044569324495376733
45.419872820170376,700.57002826360122,-1007.85326957703,32.189999999999998,-0.044502446220308252
45.432842941954263,700.38657632974628,-1009.16624069214,32.210000000000001,-0.044463016092193032
45.445818105298827,700.65882060668309,-1007.04216957092,32.210000000000001,-0.044609425175764335
45.45879203412219,700.59215646156804,-1005.2764415741,32.460000000000001,-0.044706990527146835
45.471752878900006,699.88561800201353,-1006.47950172424,32.259999999999998,-0.044739084938909421
45.484707655592658,699.55794140307898,-1007.21502304077,32.359999999999999,-0.044618763236575348
45.497667779111097,699.84666999591354,-1007.21502304077,32.359999999999999,-0.044480319031009997
45.510630637614824,699.99435920104099,-1008.1205368042,32.359999999999999,-0.04438048435574516
45.52359541257286,700.09784773416379,-1005.93852996826,32.359999999999999,-0.044276195888795
45.536568302454299,700.53605359752646,-1007.33995437622,32.280000000000001,-0.044158397035257591
45.549546135588884,700.80298926753812,-1007.33995437622,32.280000000000001,-0.044134808702802668
45.562529451109839,701.0990381319009,-1009.49311256409,32.32,-0.044194151542785623
45.575507686783922,700.82472640048024,-1006.32238388062,32.32,-0.044330976281864047
45.588480160675267,700.51359013265994,-1007.19404220581,32.369999999999997,-0.044390541604191411
45.601451400046933,700.44692606998478,-1007.19404220581,32.369999999999997,-0.044393551846836125
45.614419468781449,700.27571166376651,-1010.5755329132101,32.43,-0.044410239076372079
45.627380547424686,699.89824673482281,-1013.69452476501,32.43,-0.044450194885649053
45.640334895708634,699.53480733296465,-1013.69452476501,32.119999999999997,-0.044566317357564056
45.653292589509853,699.71546526606767,-1013.4620666503901,32.119999999999997,-0.044786703461742274
45.666247542119798,699.56744093693624,-1013.75865936279,32.159999999999997,-0.045065117171736009
45.679199993609835,699.43238046187003,-1012.89510726929,32.159999999999997,-0.04539894871276428
45.692159597657998,699.81861860099048,-1012.89510726929,32.189999999999998,-0.045644379116901057
45.705130556598732,700.43178279970255,-1012.4146938324,32.189999999999998,-0.045792702585647799
45.718105212888844,700.63143966586813,-1012.15147972107,32.539999999999999,-0.045972886598750054
45.731081038506119,700.69458333266266,-1011.5327835083,32.539999999999999,-0.046107888014070904
45.744056227721011,700.66021760431124,-1011.5327835083,32.549999999999997,-0.046211742899919112
45.757030189658018,700.59394459841667,-1007.3230266570999,32.549999999999997,-0.046278747418938011
45.770001318306178,700.44094700070798,-1007.3230266570999,32.43,-0.046231104061112874
45.782964949806164,700.03610099904517,-1007.50255584717,32.43,-0.046199935798070427
45.795935376858004,700.40306079953189,-1006.81781768799,32.240000000000002,-0.046144717682919015
45.808911416680239,700.70615040069572,-1005.92303276062,32.240000000000002,-0.046140709892172671
45.821890886872829,700.89139039995143,-1007.24625587463,32.32,-0.046185646205763327
45.834867849739517,700.75599480088135,-1003.83973121643,32.32,-0.046236457096417508
45.847845292753064,700.78192273159971,-1003.3378601074201,32.380000000000003,-0.046412806128995933
45.860827238195036,701.02505386639757,-1003.3378601074201,32.380000000000003,-0.046513945690989711
45.873803537753119,700.72017613662911,-1004.44769859314,32.119999999999997,-0.046474071633061831
45.886781943134579,700.83389059873775,-1009.11426544189,32.119999999999997,-0.04640973276547012
45.899765466650585,701.1102698643341,-1009.11426544189,32.119999999999997,-0.046432654683528855
45.912751660992598,701.25449446895766,-1008.22019577026,32.119999999999997,-0.046636781965502937
45.925729129877851,700.78331980342375,-1006.35433197021,32.189999999999998,-0.046901083033781835
45.938696127591314,700.21787652695298,-1007.00044631958,32.189999999999998,-0.046970678699200179
45.951657004446979,699.88735020608544,-1007.49778747559,32.530000000000001,-0.047057036102897111
45.964615133901248,699.73899053036234,-1007.49778747559,32.530000000000001,-0.047016677756156769
45.977570768445673,699.60426539913999,-1004.50754165649,32.450000000000003,-0.046924035995631816
45.990528793385181,699.73334673348131,-1002.7706623077401,32.450000000000003,-0.04687225756609642
46.00349651753082,700.25710386442836,-1004.61387634277,32.310000000000002,-0.046774857780701534
46.016473558007362,700.76018573330964,-1003.9529800415,32.310000000000002,-0.046807557551304189
46.029453028200059,700.8913904054474,-1002.44426727295,32.280000000000001,-0.046858864110999043
46.042426716950672,700.57919253330681,-999.98784065246605,32.280000000000001,-0.046845883544620187
46.055405972939475,700.87982339512234,-998.03686141967796,32.350000000000001,-0.046828411933406026
46.068388346790151,701.04818793651168,-998.03686141967796,32.350000000000001,-0.046624375714122028
46.081363893011059,700.67949592920513,-999.30381774902298,32.490000000000002,-0.0463984244399877
46.094339998024694,700.70967073612019,-1000.60820579529,32.490000000000002,-0.046208235951627347
46.107319448556773,700.89032873242718,-1000.60820579529,32.079999999999998,-0.046212919469688432
46.120298801817313,700.88507606927078,-1000.17523765564,32.079999999999998,-0.046403583966223516
46.133268852201205,700.38272073016981,-1000.17523765564,32.119999999999997,-0.046623083245092782
46.146233731674158,700.10349153928883,-1000.21696090698,32.119999999999997,-0.046692907603079391
46.159198578033362,700.10170339694412,-999.74822998046898,32.549999999999997,-0.046658511790293733
46.172168069622238,700.35254579959474,-1000.6828308105499,32.189999999999998,-0.046483586645177544
46.185138970613629,700.42865353479851,-1000.75101852417,32.560000000000002,-0.046272519975566126
46.19811119097777,700.49989966362648,-998.31414222717297,32.560000000000002,-0.046166205363685243
46.211082884628361,700.47145713223108,-999.02725219726597,32.210000000000001,-0.046117785904310725
46.224054331995028,700.45815779966995,-999.02725219726597,32.479999999999997,-0.046067024684964229
46.237019399802406,700.11366159870181,-998.27027320861805,32.43,-0.045957999925339936
46.249978548537072,699.79403167191958,-996.94418907165505,32.43,-0.045759907613003081
46.262940166311147,699.92735980001805,-996.94418907165505,32.210000000000001,-0.045600075067047753
46.275902219737041,699.95088499836061,-996.78587913513195,32.210000000000001,-0.045440594354000399
46.288857931892601,699.6084564002681,-997.303247451782,32.259999999999998,-0.045349874223547339
46.301808181322244,699.31346920068177,-996.93679809570301,32.259999999999998,-0.045338767684158343
46.314759963295039,699.39622653071785,-996.35529518127396,32.240000000000002,-0.045315195908958647
46.327716241487657,699.63902240136395,-996.35529518127396,32.32,-0.045313219436556945
46.340672076782688,699.61510593189666,-995.55778503418003,32.189999999999998,-0.045261346837616546
46.353631902279091,699.83057680549621,-993.89743804931595,32.189999999999998,-0.045076839418014235
46.366602555951864,700.41529832991682,-995.75138092041004,32.369999999999997,-0.044867285629820598
46.379575192307421,700.52236319994086,-995.75138092041004,32.140000000000001,-0.044709251572325227
46.392542052392635,700.21044460146743,-996.07920646667503,32.490000000000002,-0.04472313759158035
46.405503039972871,699.89332933307026,-993.31688880920399,32.049999999999997,-0.044817819983775598
46.418460942804934,699.72675293127747,-993.31688880920399,32.549999999999997,-0.044841691851841045
46.431412627506134,699.39097386481353,-994.97509002685501,32.549999999999997,-0.044817184615053546
46.444354534355554,698.86296986866171,-996.19245529174805,32.119999999999997,-0.044699248132503075
46.457288620165492,698.44063373666154,-994.284629821777,32.57,-0.044688825598420322
46.470231859840752,698.9349424640659,-994.284629821777,32.189999999999998,-0.044856284640675488
46.48317578145182,698.97176699771751,-993.54863166809105,32.560000000000002,-0.045115788362759694
46.49611015907653,698.45639173437485,-993.54863166809105,32.210000000000001,-0.045415452785453454
46.509041555433349,698.29540326813435,-994.88711357116699,32.210000000000001,-0.045566877557295882
46.521980857683893,698.72232152949107,-994.95816230773903,32.509999999999998,-0.045465782491821878
46.534921933586432,698.81809873705322,-994.47584152221702,32.229999999999997,-0.045372328410354171
46.547863951159208,698.86894892969451,-993.43037605285599,32.25,-0.045323401895146116
46.560814817332087,699.34677333570494,-992.44666099548294,32.25,-0.045444759435999738
46.57377455797409,699.82599466789543,-993.41297149658203,32.32,-0.045758303668030104
46.586729718578972,699.57867266387336,-993.41297149658203,32.32,-0.046050839332911681
46.599674770195115,699.03278727175575,-993.64233016967796,32.229999999999997,-0.046301498595050776
46.612615170371562,698.78160952800931,-993.67547035217297,32.229999999999997,-0.046385819506480276
46.625560937035836,699.07139987080814,-993.67547035217297,32.32,-0.046325973752763761
46.638510120618498,699.25591346394333,-993.81566047668503,32.170000000000002,-0.04621497872745027
46.651451644591326,698.84229453239959,-993.83544921875,32.359999999999999,-0.0461632954992445
46.664397924517331,699.09911600432713,-993.56532096862804,32.359999999999999,-0.046334046249239244
46.67735483186916,699.67299699873888,-993.56532096862804,32.100000000000001,-0.046691779667095375
46.690307770751922,699.45869966920895,-992.562294006348,32.479999999999997,-0.04699667812181603
46.703260260530847,699.43444806199773,-992.98405647277798,32.119999999999997,-0.047148073919823084
46.716213667144508,699.48395713757566,-993.610620498657,32.549999999999997,-0.047040547554418999
46.729172777591351,699.79196412949989,-995.28408050537098,32.140000000000001,-0.04685213996228544
46.742137241074055,700.08102806617831,-994.78864669799805,32.140000000000001,-0.046835717641963127
46.75509893645809,699.93155073794219,-995.39518356323197,32.210000000000001,-0.046950050939049179
46.768058320093871,699.80671633200961,-997.57742881774902,32.210000000000001,-0.047257957565797114
46.781012030939543,699.50038566634066,-997.56526947021496,32.490000000000002,-0.047593299920475507
46.793956628276554,699.00825619851753,-997.56526947021496,32.210000000000001,-0.047763122452455793
46.806891096962985,698.46130906742746,-996.13833427429199,32.390000000000001,-0.047717040611920183
46.819827717004898,698.57748226338833,-998.24476242065396,32.390000000000001,-0.047535563094810739
46.832775243867928,699.16645060354995,-998.24476242065396,32.280000000000001,-0.04742483918786608
46.845735276324703,699.84175266560885,-999.53794479370094,32.210000000000001,-0.04753591699660592
46.858697303881542,699.9494880694325,-999.53794479370094,32.32,-0.047785866384486335
46.87166565201359,700.29079913042813,-999.33552742004395,32.210000000000001,-0.048111873782473308
46.884640750164159,700.65530013111061,-998.33130836486805,32.329999999999998,-0.04832669782010255
46.8976150556568,700.61249660237809,-997.07460403442406,32.329999999999998,-0.048263036748712795
46.910585118458037,700.38339126671769,-997.07961082458496,32.390000000000001,-0.047922302037964798
46.923551803661695,700.20100099763874,-998.282432556152,32.390000000000001,-0.047559330446643351
46.93652730435192,700.67703727229662,-1000.90789794922,32.140000000000001,-0.04733199253687366
46.949504917074066,700.79108699580911,-1000.90789794922,32.350000000000001,-0.047407174069007983
46.962477708649395,700.53074506754535,-1000.90527534485,32.119999999999997,-0.047636287700318337
46.975448740025911,700.4356943320555,-1000.3216266632101,32.119999999999997,-0.047879482929806726
46.98841786115549,700.33254099713247,-1000.43082237244,32.369999999999997,-0.047892193413405358
47.001382370169182,700.0834867395746,-1000.43082237244,32.119999999999997,-0.047683368126121735
47.014341584096314,699.79755206505217,-1003.81302833557,32.119999999999997,-0.047435887778261222
47.027305040716016,700.02665746391654,-1003.12352180481,32.119999999999997,-0.047247300131924699
47.040277507363022,700.51319893847938,-1003.12352180481,32.530000000000001,-0.047366872635927329
47.053253677570396,700.71319119795282,-1004.72736358643,32.530000000000001,-0.047656780936288307
47.06622686547535,700.55214686763554,-1007.479429245,32.140000000000001,-0.047913364445322834
47.079202431358041,700.68055766542921,-1004.66251373291,32.590000000000003,-0.048089428907974359
47.092179374562996,700.75493306740509,-1004.66251373291,32.140000000000001,-0.047995464669963073
47.105151295869199,700.48375053493658,-1006.16145133972,32.57,-0.047720626203115887
47.118115193313578,700.05046199638252,-1006.16145133972,32.210000000000001,-0.047472213497532716
47.131083989516107,700.31499493676665,-1005.13005256653,32.210000000000001,-0.047254851088015297
47.144054273764205,700.3953493970273,-1004.08577919006,32.490000000000002,-0.047259253139149505
47.157023161028405,700.31991226707123,-1004.08577919006,32.210000000000001,-0.047386813287314054
47.169994328998762,700.44307039896034,-1004.52852249146,32.240000000000002,-0.047321523435653705
47.18297802843211,701.11976940093939,-1004.5890808105499,32.240000000000002,-0.047230627388059651
47.195964995771604,701.29623633291419,-1005.83457946777,32.25,-0.047006625681531536
47.208952190767931,701.30852980157158,-1005.83457946777,32.25,-0.046841776411869145
47.221936929143212,701.17587226498108,-1005.78093528748,32.189999999999998,-0.046736161328131569
47.234920426788889,701.10887286670606,-1006.31356239319,32.189999999999998,-0.046624024914817992
47.247901650974086,700.98610600044526,-1008.71062278748,32.329999999999998,-0.04660407909103513
47.260880284011094,700.84618399869521,-1010.93983650208,32.119999999999997,-0.046543655916012859
47.273847202045658,700.21357386637146,-1011.79242134094,32.399999999999999,-0.046437319574582386
47.286815668145593,700.29716939663342,-1011.0330581665,32.399999999999999,-0.046375614279546916
47.299782982509889,700.23497567195773,-1011.0330581665,32.100000000000001,-0.046301274042801384
47.312746133861737,700.01017299962689,-1010.413646698,32.450000000000003,-0.046451010015627042
47.325707342890105,699.90528753207991,-1009.47999954224,32.119999999999997,-0.04668564018305732
47.33867392978761,700.19569246490971,-1010.11371612549,32.560000000000002,-0.046825065380486849
47.351640797117362,700.21083580663992,-1010.11371612549,32.140000000000001,-0.046795791843280581
47.364608015244485,700.229778864634,-1011.5344524383499,32.140000000000001,-0.046662095313416453
47.377577662054257,700.36092772765517,-1008.56256484985,32.189999999999998,-0.046464778069177697
47.39054877828395,700.44027640370427,-1007.31730461121,32.189999999999998,-0.04633095632784754
47.403519432991402,700.41535420223738,-1007.31730461121,32.420000000000002,-0.046326844021326363
47.416486826001197,700.23922252891862,-1007.76314735413,32.280000000000001,-0.046464979855118466
47.429450165687676,700.02034307003191,-1007.5318813324,32.210000000000001,-0.046713391525571031
47.442415661902444,700.13679559736795,-1004.95147705078,32.210000000000001,-0.046919954733359887
47.455383691316044,700.2735883342142,-1005.78570365906,32.369999999999997,-0.046926292900949337
47.468351636909858,700.26906206618617,-1005.78570365906,32.119999999999997,-0.046784858115793422
47.481320510722249,700.31918586919483,-1008.13770294189,32.140000000000001,-0.046643094263173056
47.494294992130861,700.62199606478748,-1007.9972743988,32.140000000000001,-0.046678012650761769
47.507269063758024,700.59986786682066,-1006.93416595459,32.57,-0.046832885385957278
47.52023936042346,700.39601993357496,-1006.93416595459,32.57,-0.04710032397641991
47.533206715144409,700.23715493153895,-1006.85214996338,32.439999999999998,-0.047264489240318057
47.546178402586413,700.47112186807919,-1007.10511207581,32.439999999999998,-0.04730901887836559
47.55914964195798,700.44692606448882,-1006.7892074585,32.280000000000001,-0.04722016346091517
47.572112260386461,699.98139513812771,-1006.7892074585,32.280000000000001,-0.047150515019357103
47.58507743167408,700.11924953150617,-1006.38604164124,32.280000000000001,-0.047141673663989588
47.598041570228375,700.06348193161637,-1006.432056427,32.280000000000001,-0.047400104296287146
47.610998088493886,699.65198633786918,-1006.432056427,32.159999999999997,-0.047710090874808798
47.623950130202431,699.41025226115539,-1005.13744354248,32.390000000000001,-0.048058264784385664
47.636901944254291,699.39795880074189,-1003.93986701965,32.509999999999998,-0.048298503582245224
47.649856767513626,699.5604560037558,-1000.96201896667,32.509999999999998,-0.048323235370569671
47.66281714455927,699.86036046494701,-1000.96201896667,32.119999999999997,-0.048277748541181199
47.67577600148023,699.7782737319144,-1000.65183639526,32.119999999999997,-0.048195705232134428
47.688741652916043,700.14517753367238,-1000.81038475037,32.159999999999997,-0.048302092278985409
47.701718530928424,700.75141266877654,-1000.63920021057,32.159999999999997,-0.048573262368309868
47.714696403386419,700.80511273174261,-1000.63920021057,32.5,-0.048807708339386316
47.727666271643251,700.3728858689567,-1001.17230415344,32.240000000000002,-0.048971285836168665
47.740635237553057,700.32415912952808,-998.57974052429199,32.380000000000003,-0.049008567713991383
47.753602987569124,700.25850086755258,-999.39632415771496,32.380000000000003,-0.04901202809402639
47.766564501862959,699.92177186721369,-999.39632415771496,32.280000000000001,-0.048944795916908278
47.779515342165418,699.34537633258071,-999.22418594360295,32.170000000000002,-0.048921623576375479
47.792468488009924,699.46987560351749,-998.23594093322697,32.119999999999997,-0.048979965762864994
47.805424233277812,699.61024446566864,-999.15337562561001,32.119999999999997,-0.049109136064699702
47.818376528513504,699.42394272744093,-999.15337562561001,32.549999999999997,-0.04915690463444887
47.83132959053701,699.46534926953746,-999.35173988342297,32.549999999999997,-0.049105611525955883
47.844285290274108,699.60778580326439,-998.85058403015103,32.159999999999997,-0.048929886478054636
47.857241424628455,699.63125513478258,-997.47157096862804,32.579999999999998,-0.048835062318410345
47.870199306764214,699.72563533097662,-997.68233299255405,32.210000000000001,-0.048810549907140274
47.883155876770331,699.65478033037721,-997.26891517639206,32.530000000000001,-0.048829149454236678
47.896117144781506,699.90847260335249,-997.61867523193405,32.240000000000002,-0.048897709283425475
47.909084336004952,700.22832606613326,-996.315956115723,32.240000000000002,-0.048916704124869904
47.922049624224677,700.12556386493475,-993.854761123657,32.43,-0.04887922977361786
47.93500284250365,699.47378706442248,-993.854761123657,32.259999999999998,-0.048765480103583198
47.947959938190166,699.68316707189194,-994.34351921081497,32.329999999999998,-0.048541865415090937
47.960918269430877,699.74988699864366,-995.347499847412,32.329999999999998,-0.048436413829776877
47.973874365497558,699.62918760060666,-995.347499847412,32.119999999999997,-0.048461161140480394
47.986830149053006,699.61231199434849,-996.71649932861305,32.119999999999997,-0.048477884588900837
47.999795839811156,700.14730094016886,-996.71649932861305,32.119999999999997,-0.048516166085086389
48.012772822338299,700.75705646565768,-998.89445304870605,32.119999999999997,-0.048469096007230365
48.025749862814841,700.76018573330964,-998.89445304870605,32.490000000000002,-0.048409678662779447
48.038722420524692,700.51811633198804,-996.22106552124001,32.100000000000001,-0.048350556235643029
48.051692827914806,700.40199906605574,-994.31180953979504,32.57,-0.048240081716754271
48.064661292980176,700.29711352980883,-994.426488876343,32.57,-0.048027836407112327
48.077622632392561,699.91232826888097,-994.426488876343,32.170000000000002,-0.047846351646531324
48.090573504774142,699.3471086053529,-997.42102622985794,32.549999999999997,-0.047620536966075898
48.103526384672833,699.45551452923621,-998.57044219970703,32.43,-0.047482979586735495
48.116476224320976,699.29134099996713,-997.09367752075195,32.43,-0.047356882648935485
48.129422464925916,699.09699266653058,-997.09367752075195,32.240000000000002,-0.047274879697819842
48.142356947064265,698.46203547079983,-994.98939514160202,32.240000000000002,-0.047159828245226722
48.155296768786407,698.75037299586188,-994.33255195617699,32.259999999999998,-0.047072160782353822
48.168238046475295,698.82899519983869,-997.56479263305698,32.280000000000001,-0.046931466915247841
48.181183696207469,699.06508553737933,-995.60785293579102,32.159999999999997,-0.046818782058433206
48.194136160114795,699.43305099566976,-995.60785293579102,32.380000000000003,-0.046764879175719004
48.20709948014072,700.01928139975973,-995.97883224487305,32.100000000000001,-0.046764915394654383
48.220062163761717,699.98491553400822,-998.73638153076195,32.100000000000001,-0.046757525867692974
48.233018343646847,699.63371379718683,-998.73638153076195,32.450000000000003,-0.046808173257786315
48.245966403434565,699.19522853649698,-997.56217002868596,32.140000000000001,-0.046844833219462839
48.258913117977819,699.12258533584509,-995.12267112731899,32.140000000000001,-0.046841004448755746
48.271859521045691,699.10576566511156,-998.624086380005,32.140000000000001,-0.046701747923621639
48.284801480670389,698.86581973349041,-998.624086380005,32.560000000000002,-0.046456375469292932
48.297743277830868,698.85704666620938,-1000.17547607422,32.560000000000002,-0.046264903825839671
48.310692857744442,699.27731533273356,-999.04489517211903,32.490000000000002,-0.046240135820360947
48.323649219754344,699.64354853473992,-999.21298027038597,32.490000000000002,-0.046354667800285951
48.33660041706424,699.36465473441876,-999.21298027038597,32.259999999999998,-0.046503178568182993
48.34955156263333,699.36186073091847,-999.98474121093705,32.310000000000002,-0.046606459136285264
48.362509763488909,699.74284620138667,-999.98474121093705,32.280000000000001,-0.046667257943873636
48.375466729824659,699.67618213046762,-1000.24318695068,32.280000000000001,-0.046632274363615958
48.388419759770372,699.46361706821358,-1000.48851966858,32.159999999999997,-0.046533339967304591
48.40137874604072,699.78525859914282,-1002.40802764893,32.439999999999998,-0.046473554231672688
48.414336031096298,699.69339300087768,-1003.85713577271,32.539999999999999,-0.046532599048236881
48.427290905060481,699.56319406623527,-1002.18391418457,32.539999999999999,-0.046741448136399966
48.440240231445628,699.26362479774809,-1004.74524497986,32.159999999999997,-0.046996382167538923
48.453186400648129,699.09313693505021,-1004.74524497986,32.159999999999997,-0.04714749236008136
48.466131283591416,699.02367893757491,-1003.59606742859,32.560000000000002,-0.047252389291365188
48.47908133123461,699.30257273240034,-1002.50649452209,32.229999999999997,-0.04736924026551332
48.492032276053095,699.35102019816168,-1003.17668914795,32.32,-0.047414317312999964
48.504987819534577,699.59934800013548,-1003.17668914795,32.32,-0.047502465960514842
48.517956284598775,700.29711346660486,-1003.81803512573,32.140000000000001,-0.047681739345698478
48.530924762081483,700.2977840663566,-1001.65772438049,32.140000000000001,-0.047874939109391473
48.543891363466692,700.1964748010588,-1000.8180141449,32.100000000000001,-0.048148405427648207
48.556864323714819,700.53985339897815,-1000.8180141449,32.100000000000001,-0.048326641940759245
48.569839142470308,700.64021279635301,-1001.82151794434,32.57,-0.048367681189246017
48.582809394639526,700.39361713799531,-1002.74229049683,32.159999999999997,-0.048380516883445572
48.595769914487605,699.86807179600373,-1003.99088859558,32.509999999999998,-0.048456039899573609
48.608729173946941,699.80001080440059,-1003.52740287781,32.509999999999998,-0.048585539269890544
48.621691786166728,699.98105986847986,-1003.48401069641,32.350000000000001,-0.048834229301623726
48.634656664604904,700.10343566147208,-1007.37524032593,32.350000000000001,-0.049036486694840363
48.647617392449398,699.87930360263294,-1007.37524032593,32.280000000000001,-0.049197964577354626
48.660583974172873,700.19541306758242,-1005.82265853882,32.229999999999997,-0.049377953012806189
48.673556375627214,700.50967853435498,-1005.16271591187,32.32,-0.049554541085136926
48.686529141333381,700.52934813312118,-1004.5993328094499,32.32,-0.049699139263311903
48.699497360114812,700.28381419724792,-1004.5993328094499,32.159999999999997,-0.049792335678732202
48.712466059045653,700.30974226536614,-1005.08952140808,32.439999999999998,-0.049846533478608249
48.725438513275321,700.51252840193172,-1005.08952140808,32.5,-0.049918400537254139
48.738411876062997,700.56159053466831,-1002.90322303772,32.5,-0.049956139797923384
48.751383739419751,700.48062126453647,-1002.90322303772,32.159999999999997,-0.05003009819269319
48.764356654136989,700.53739473107782,-1001.2731552124,32.159999999999997,-0.049999244509917627
48.77733050535187,700.58796560333576,-1000.86617469788,32.57,-0.050001430014784999
48.790304050262989,700.57142520077355,-1001.57141685486,32.189999999999998,-0.050044631998878958
48.803278440609823,700.61707872898671,-1000.3821849823,32.530000000000001,-0.050124218687793751
48.816259190854304,700.96051320197489,-1000.3821849823,32.189999999999998,-0.050109079521241245
48.829249191201228,701.46001873395483,-1000.53691864014,32.520000000000003,-0.05004191874620173
48.842239745167923,701.48991420125083,-1004.42600250244,32.520000000000003,-0.049924098161893408
48.855226516930891,701.28567520023262,-1003.81994247437,32.210000000000001,-0.049842644689816536
48.868216213045699,701.44359019969374,-1003.81994247437,32.450000000000003,-0.049812227693636517
48.881200087360497,701.12921299927211,-1003.20148468018,32.280000000000001,-0.049853940597446599
48.89417784288522,700.79879833510995,-1006.40106201172,32.280000000000001,-0.049824239686156221
48.907146093745673,700.28554646452369,-1007.16233253479,32.299999999999997,-0.049842114869608142
48.920113201149398,700.22379980085316,-1007.16233253479,32.299999999999997,-0.049818110548335327
48.933086869203763,700.57807493575399,-1004.7821998596201,32.189999999999998,-0.049703436800706838
48.94606122643588,700.61529053443019,-1003.39674949646,32.32,-0.049577130831815169
48.959025826512367,700.08840413033511,-1004.8394203186,32.119999999999997,-0.049418185113306118
48.971991056783963,700.12243466598272,-1003.3965110778799,32.460000000000001,-0.049289876801889849
48.984956410196304,700.12908426631122,-1002.00390815735,32.140000000000001,-0.049147190940257539
48.997924154003719,700.25816560065255,-1002.76255607605,32.140000000000001,-0.048870773364650989
49.010893651801247,700.35288106649455,-1002.76255607605,32.549999999999997,-0.048592757019164719
49.02386982200867,700.71319120070075,-1002.1059513092,32.119999999999997,-0.048448985648621171
49.036847252606144,700.78125226375198,-1001.02233886719,32.189999999999998,-0.048431365026079295
49.049818283981494,700.43569426885165,-1000.25534629822,32.189999999999998,-0.048513124799464652
49.062788535116148,700.39356127117071,-1001.34634971619,32.479999999999997,-0.048621261699056506
49.07575423311858,700.14769213160139,-1000.30040740967,32.479999999999997,-0.04866055626847076
49.0887174744988,700.01503453180692,-1000.30040740967,32.25,-0.048591614596746456
49.101675752964191,699.74703713106692,-1000.24056434631,32.25,-0.048461802717085403
49.114638507987678,699.98877126823663,-1001.90329551697,32.350000000000001,-0.048235968376629162
49.127608104091365,700.35818959922358,-1001.93309783936,32.140000000000001,-0.048167346458280316
49.140582597918488,700.622666664539,-1001.09815597534,32.460000000000001,-0.048234379954442366
49.15354895819388,700.18345487132092,-999.15695190429699,32.460000000000001,-0.048312558274813545
49.166513051217287,700.06102326371604,-998.97408485412598,32.119999999999997,-0.048385032763222278
49.179477013854381,700.05398240325508,-998.97408485412598,32.520000000000003,-0.048329971937288302
49.192439301146919,699.96351379712189,-998.77572059631302,32.579999999999998,-0.048118589652839182
49.205395383760461,699.62846113128239,-995.19395828247104,32.579999999999998,-0.047867391258387362
49.218350901371622,699.59795100250733,-995.83482742309604,32.159999999999997,-0.047618310070538572
49.231305594245661,699.55341519825481,-995.83482742309604,32.159999999999997,-0.047558421889596601
49.244257298608595,699.39203559828968,-996.440649032593,32.240000000000002,-0.047619262088516488
49.257200043648162,698.90823213674253,-997.02882766723599,32.240000000000002,-0.047752531245059841
49.270142574484041,698.89666513740929,-995.28598785400402,32.390000000000001,-0.047828170159989809
49.283085405412379,698.91287013017575,-995.28598785400402,32.25,-0.047809645119295148
49.296037161516061,699.39482959904183,-994.41361427307095,32.280000000000001,-0.047760985585037725
49.308987871433331,699.3383355325758,-995.30053138732899,32.280000000000001,-0.047707675645245008
49.321944480761744,699.65690373412565,-994.20094490051304,32.140000000000001,-0.047657079994685006
49.334906962596243,699.97401906297887,-994.20094490051304,32.140000000000001,-0.047757196136164269
49.347871061828442,700.06135853885996,-994.76647377014206,32.399999999999999,-0.047862533893395613
49.360831185346889,699.84666999591354,-995.47934532165505,32.119999999999997,-0.047964231213793659
49.373792121186426,699.89053533506615,-995.47934532165505,32.509999999999998,-0.047972695901362696
49.386750120255556,699.73194973310524,-995.71013450622604,32.509999999999998,-0.047932207169487963
49.399706755454396,699.65830073724976,-995.37038803100597,32.590000000000003,-0.048004348451334715
49.412651040281503,698.99138066370733,-994.36974525451706,32.590000000000003,-0.048096493507433946
49.425589576777782,698.68097079925928,-994.09151077270496,32.189999999999998,-0.048109129484681726
49.43853097036547,698.83525373514271,-996.30784988403298,32.549999999999997,-0.048071816564390871
49.451469220220901,698.66549219337719,-996.30784988403298,32.240000000000002,-0.048014679922829158
49.464409367906192,698.76797500549242,-996.08445167541504,32.240000000000002,-0.048041080849100887
49.477359629753074,699.31413973173335,-994.584560394287,32.390000000000001,-0.048167366120011358
49.490313770041972,699.52357560053133,-994.60268020629906,32.240000000000002,-0.048384450167891946
49.503268267338264,699.54285399962123,-994.73023414611805,32.310000000000002,-0.048673221220164577
49.516217620629675,699.26507773639685,-992.87056922912598,32.310000000000002,-0.048944694507593929
49.529160288059181,698.9040411933222,-992.45119094848599,32.159999999999997,-0.04916187272309841
49.542106281345717,699.08363747264093,-992.45119094848599,32.159999999999997,-0.04919017975563808
49.55505718063214,699.34856146705749,-993.80087852478005,32.159999999999997,-0.049009654257066333
49.568010138140792,699.45970546716035,-997.11871147155796,32.159999999999997,-0.048943504483722082
49.580965805798762,699.60605353049255,-996.11830711364701,32.490000000000002,-0.049008643254658625
49.593924960741973,699.79436693332343,-996.11830711364701,32.100000000000001,-0.049289415278928023
49.606885194985196,699.85264913389028,-994.59505081176803,32.579999999999998,-0.049633627964132412
49.619836386086391,699.3643194647708,-994.33112144470203,32.579999999999998,-0.049792693720286475
49.632787589604987,699.36499000406661,-994.33112144470203,32.159999999999997,-0.049786229307932382
49.645743094798753,699.59728046321163,-994.95816230773903,32.560000000000002,-0.049587930034663288
49.658707304754252,700.06733759714473,-994.97532844543503,32.479999999999997,-0.049325329148173815
49.671679271592566,700.4862092687888,-996.07729911804199,32.479999999999997,-0.049241392149490137
49.68465668252724,700.78019047256771,-997.25627899169899,32.210000000000001,-0.049332465148185338
49.697634190734576,700.78544319618015,-997.25627899169899,32.210000000000001,-0.04961264733548483
49.710604299066702,700.38584993461802,-997.88665771484398,32.259999999999998,-0.049823571202618384
49.723561148469074,699.66986772833889,-998.03042411804199,32.259999999999998,-0.049812694389961366
49.736514606823441,699.48675113557977,-997.57432937622104,32.210000000000001,-0.04956675072439809
49.749469292453043,699.55302399857828,-997.57432937622104,32.359999999999999,-0.049203598042979746
49.762426733764229,699.70183080400659,-999.62615966796898,32.140000000000001,-0.048924002589141223
49.775385122953125,699.75301620034372,-1002.17914581299,32.140000000000001,-0.048801426051038391
49.788347279860474,699.95647299711698,-1001.0666847229,32.140000000000001,-0.048888560591415303
49.801311866483928,700.08767766650681,-999.21607971191395,32.140000000000001,-0.049045515349867071
49.814274166193812,699.96418433366966,-999.21607971191395,32.119999999999997,-0.049115106877765442
49.827237446896326,700.01715793555525,-997.80678749084495,32.119999999999997,-0.048970096848241648
49.840205009612326,700.24838666397216,-997.80678749084495,32.530000000000001,-0.048674052166231989
49.853176106181515,700.43921473618002,-999.72248077392601,32.530000000000001,-0.04841967899741334
49.866147988165473,700.48162713393617,-1002.02417373657,32.600000000000001,-0.048301961893443907
49.879118811545673,700.42446253092226,-1002.1679401397701,32.600000000000001,-0.048373790663656539
49.892087276611143,700.29711353530479,-1002.1679401397701,32.140000000000001,-0.048507466498083913
49.905055287397531,700.27258246481449,-1000.67567825317,32.579999999999998,-0.048497273689460919
49.918019965084028,700.09259507100728,-1001.540184021,32.159999999999997,-0.048245953188934876
49.93098613599134,700.17322899454723,-1003.0083656311,32.159999999999997,-0.04783267879624406
49.943958590221001,700.51252840193172,-1003.0083656311,32.57,-0.047446726303960754
49.956936845555546,700.82578806525646,-1002.04920768738,32.189999999999998,-0.047336136921451569
49.969914100235826,700.77175273539069,-1003.23176383972,32.210000000000001,-0.047408864935792404
49.982886944587648,700.53359499832607,-1004.8234462738,32.210000000000001,-0.047580112392553754
49.995849588886458,699.98279213575586,-1005.8708190917999,32.57,-0.047573521733399467
50.008807990492649,699.75368673414346,-1005.8708190917999,32.57,-0.047373844102588297
50.02176134536662,699.48116319453129,-1005.60712814331,32.189999999999998,-0.047063591579569734
50.034713185288915,699.399355803866,-1005.7995319366501,32.479999999999997,-0.046771270118888396
50.047668345893904,699.57867266936955,-1006.98637962341,32.210000000000001,-0.046662899354841039
50.060627371486447,699.78738199739519,-1006.98637962341,32.460000000000001,-0.046831392165354542
50.073579452518551,699.41237573360377,-1008.13126564026,32.240000000000002,-0.047149262908513435
50.086529721609871,699.31453093140988,-1006.17265701294,32.240000000000002,-0.047388292021787889
50.099482224840713,699.4351744653701,-1005.56516647339,32.240000000000002,-0.047319676313662892
50.112438703783937,699.64986293412073,-1005.56516647339,32.240000000000002,-0.046994359128865119
50.125394124123453,699.59269833385486,-1005.52678108215,32.280000000000001,-0.046467320579400069
50.138359444423521,700.12729620365872,-1004.94790077209,32.310000000000002,-0.046149252189448819
50.15133530315434,700.69637146401521,-1004.8816204070999,32.170000000000002,-0.046118995588234277
50.164316579079014,700.98889993249747,-1004.98962402344,32.170000000000002,-0.046240252752970369
50.177298790464206,701.03941480053084,-1004.98962402344,32.100000000000001,-0.046433272460170413
50.190273797553061,700.65038279805799,-1005.4178237915,32.100000000000001,-0.046481037926003548
50.20324786297158,700.59953259992085,-1005.4178237915,32.539999999999999,-0.046367096817517495
50.216220947396344,700.54655893757922,-1004.225730896,32.159999999999997,-0.046183443110240342
50.229187833351837,700.21184159634754,-1005.60402870178,32.579999999999998,-0.046007253435766567
50.242156799261743,700.32415913502405,-1007.51495361328,32.579999999999998,-0.046018048499669825
50.255128102791353,700.4503905990407,-1007.51495361328,32.159999999999997,-0.046288086515286736
50.268100713276532,700.5209661995649,-1008.32986831665,32.57,-0.046653895535417281
50.281074277849442,700.57248693699762,-1008.32986831665,32.590000000000003,-0.046959051654353344
50.294049974117264,700.6875984626862,-1007.02571868896,32.590000000000003,-0.046971296477215735
50.307025415823524,700.67385213782018,-1007.02571868896,32.140000000000001,-0.04684104584141037
50.32000327482838,700.80438626241812,-1007.31992721558,32.140000000000001,-0.046821171417314331
50.332980198371551,700.7538713311809,-1006.5929889679001,32.210000000000001,-0.046915445062483914
50.345953672917254,700.56762546802179,-1005.20348548889,32.210000000000001,-0.047146331311215331
50.358925769106179,700.49319420196912,-1005.20348548889,32.579999999999998,-0.047354465351146041
50.371893383562934,700.2511806647243,-1005.04517555237,32.189999999999998,-0.047456528991904078
50.384859607244401,700.17607879892,-1004.93311882019,32.560000000000002,-0.047394173840287421
50.397826312109942,700.20206273935912,-1002.70223617554,32.560000000000002,-0.047191316261899062
50.410800039146856,700.58125999328661,-1002.70223617554,32.210000000000001,-0.047041665140776304
50.423775364955532,700.66759366846816,-1003.27897071838,32.509999999999998,-0.047151440133455527
50.436757433538297,701.03170346947411,-1002.57849693298,32.210000000000001,-0.047578926508237446
50.449739183402414,701.01449266226791,-999.367237091064,32.409999999999997,-0.048182952320343454
50.462723500612356,701.15312933683526,-998.93856048583996,32.240000000000002,-0.048628948214255181
50.475708460435861,701.1878304694867,-998.93856048583996,32.240000000000002,-0.048748860135806982
50.488685877580259,700.78052579717564,-998.771190643311,32.299999999999997,-0.048636678192166133
50.501664107044469,700.82439106762831,-1001.6415119171101,32.299999999999997,-0.048487087090400213
50.51464416190128,700.92296226769872,-1000.33044815063,32.25,-0.04851341351021931
50.527626620606206,701.05277006586834,-1000.33044815063,32.280000000000001,-0.048753535375164116
50.540609656729686,701.08395066798732,-1000.19407272339,32.240000000000002,-0.049234879099584967
50.55358736672347,700.79633966446158,-999.08924102783203,32.240000000000002,-0.049684996613445311
50.566562191686437,700.64054800004885,-996.73938751220703,32.299999999999997,-0.04994170843638613
50.579531859192613,700.36204533345199,-997.71189689636196,32.159999999999997,-0.049769389960506456
50.592498868290065,700.21849126262805,-997.71189689636196,32.140000000000001,-0.049328203830031114
50.60546437174937,700.13718680254044,-999.08232688903797,32.140000000000001,-0.049014090457281827
50.618437266804932,700.53633300034971,-997.45631217956497,32.380000000000003,-0.049064270116886598
50.631415782909848,700.83986966526641,-997.45631217956497,32.380000000000003,-0.049344873468758793
50.644396064388914,700.93519986953152,-996.74201011657703,32.43,-0.049690525564822265
50.657378257149439,701.03840906853111,-998.50893020629906,32.43,-0.049832397037387947
50.670355817096258,700.78823712823237,-998.50893020629906,32.140000000000001,-0.049776432828177355
50.683328290987603,700.51359013265994,-995.07403373718296,32.380000000000003,-0.049611949879536509
50.696299887365441,700.46620440312267,-993.83568763732899,32.119999999999997,-0.049404931357381235
50.70927251026913,700.52163679931652,-995.03707885742199,32.119999999999997,-0.049284015679081514
50.722248043037013,700.67876946537672,-997.17998504638695,32.409999999999997,-0.049345298772988794
50.735222128116085,700.60059427019303,-997.17998504638695,32.159999999999997,-0.04950538174101108
50.748192652439521,700.40831346543644,-996.45066261291504,32.350000000000001,-0.049644888689433474
50.761162104706159,700.35042239859433,-991.58668518066395,32.189999999999998,-0.049575284744089849
50.774132577288896,700.40551946743233,-993.31164360046398,32.369999999999997,-0.049337386670817232
50.787095579629614,700.0021263989222,-993.31164360046398,32.369999999999997,-0.049046001707515857
50.800055449621055,699.83297953787178,-993.94607543945301,32.140000000000001,-0.048909147993991396
50.813016209544422,699.88103586166483,-991.68419837951706,32.369999999999997,-0.048920873345356101
50.825975391392632,699.79581980327214,-992.67554283142101,32.119999999999997,-0.048977875460548569
50.838928134697539,699.4481384650793,-992.67554283142101,32.450000000000003,-0.048985607507448507
50.851874420833362,699.0994513344308,-994.060277938843,32.119999999999997,-0.048795942630294034
50.864818427297557,698.97634906661824,-992.17581748962402,32.119999999999997,-0.048453878196450806
50.877758002737089,698.73707373474883,-991.26100540161099,32.119999999999997,-0.048113501527002632
50.890693680072822,698.52657612972655,-991.26100540161099,32.119999999999997,-0.047967207307764201
50.903627440954345,698.42308760209971,-991.313695907593,32.450000000000003,-0.048090235019303929
50.91656648346914,698.70829579905376,-991.46938323974598,32.140000000000001,-0.048238409475043625
50.929508104713605,698.84754720105207,-991.71161651611305,32.469999999999999,-0.048373991416553151
50.942446588434613,698.67812093443047,-993.15881729125999,32.469999999999999,-0.048271071992547189
50.955385287396375,698.68974393524024,-993.15881729125999,32.439999999999998,-0.048049093328305981
50.968330955754389,699.06609133258291,-992.81692504882801,32.439999999999998,-0.047791420172331352
50.981282796711049,699.39941165969856,-992.63596534729004,32.119999999999997,-0.04763597622498527
50.994235391003713,699.44009180391879,-991.36137962341297,32.439999999999998,-0.047703825143614327
51.007192006541992,699.65723906697747,-990.45109748840298,32.090000000000003,-0.047939142418892883
51.020153916130838,699.94311779773136,-990.29350280761696,32.090000000000003,-0.048083697134762696
51.033110557538322,699.65863600414957,-989.75944519043003,32.409999999999997,-0.048044700589225206
51.046055590527203,699.03178139960812,-989.75944519043003,32.119999999999997,-0.047744566368122562
51.058995100772847,698.73355326467242,-989.18104171752896,32.159999999999997,-0.047370429253745669
51.071944791409919,699.28329440201037,-989.63308334350597,32.159999999999997,-0.04715625714082148
51.084895487875279,699.33760912920343,-989.63308334350597,32.359999999999999,-0.047147357836205661
51.097841124154364,699.06435907080311,-989.43400382995605,32.359999999999999,-0.04733984462126594
51.110788768985188,699.17282086425917,-988.66438865661598,32.439999999999998,-0.047602568649112907
51.123738888030864,699.30642846662874,-991.37878417968705,32.439999999999998,-0.047757628684781839
51.13668452430985,699.06435906530714,-991.47772789001499,32.119999999999997,-0.047677452158795361
51.149626197293898,698.85034113860036,-991.47772789001499,32.450000000000003,-0.047348896041837951
51.162563427869188,698.6104510655598,-991.48654937744095,32.100000000000001,-0.047068032953097361
51.175511194807406,699.17941466371508,-991.10054969787598,32.100000000000001,-0.047019156110316547
51.188460027592598,699.2369704004534,-990.86046218872104,32.119999999999997,-0.047271920161562529
51.201408515787691,699.21836253516324,-990.86046218872104,32.119999999999997,-0.047588125905617229
51.214358875941961,699.3194483304145,-991.99652671813999,32.520000000000003,-0.047791958268902805
51.22731179516299,699.45763793573258,-992.70772933959995,32.140000000000001,-0.047805063011922423
51.240262647883959,699.34604693233246,-992.26903915405296,32.57,-0.047693390191882769
51.253211863545651,699.25764573121933,-992.26903915405296,32.57,-0.047555605155613592
51.266165283612345,699.48468360140396,-992.57111549377396,32.630000000000003,-0.047504502452273389
51.279127992069149,699.9862566675597,-993.51811408996605,32.630000000000003,-0.047555559625082774
51.292092072674038,700.0603526639643,-993.51811408996605,32.140000000000001,-0.047758611746958113
51.305052390735817,699.8571753359663,-996.19865417480503,32.579999999999998,-0.047892857756726116
51.318014079912373,699.93121553424623,-996.19865417480503,32.189999999999998,-0.04792688621427562
51.330976178869157,699.95334366626082,-995.80502510070801,32.189999999999998,-0.047906506806083035
51.343937634180243,699.91858679868892,-995.22876739501896,32.57,-0.047894452388169875
51.35689468536912,699.68076419936824,-993.20054054260197,32.210000000000001,-0.048049655225044445
51.369848468651853,699.50429726739355,-992.66052246093705,32.479999999999997,-0.048340813567768988
51.38280942311728,699.89154113301777,-997.12991714477505,32.259999999999998,-0.048668479753211417
51.395771482751869,699.95122026800846,-998.27384948730503,32.460000000000001,-0.048928938597800245
51.408727228021029,699.6102445343688,-998.27384948730503,32.460000000000001,-0.049084679533994272
51.421685064625947,699.72317666582421,-998.51036071777298,32.229999999999997,-0.04922650237084087
51.434650703643243,700.14450693392064,-997.99299240112305,32.280000000000001,-0.049407140661194289
51.447615797321056,700.11505860182581,-997.99299240112305,32.170000000000002,-0.049628053480952415
51.460583152041956,700.23715492879091,-997.78938293456997,32.170000000000002,-0.049955414399860738
51.4735544234927,700.44865834000871,-997.17783927917503,32.350000000000001,-0.050355256017656093
51.486529488530905,700.65351206296202,-999.23944473266602,32.350000000000001,-0.050632156845824935
51.499500130821005,700.41468366568972,-998.47841262817406,32.310000000000002,-0.050675892788970375
51.512467198901263,700.22167633390086,-998.47841262817406,32.310000000000002,-0.050529892452221177
51.525438412402501,700.44552906686079,-998.61025810241699,32.189999999999998,-0.050388372812410806
51.538417823612342,700.88820533142678,-996.92225456237804,32.350000000000001,-0.05040089599731714
51.551401257101247,701.10540840085423,-996.31810188293503,32.119999999999997,-0.050504780892182209
51.56437918750737,700.80824193069463,-996.31810188293503,32.119999999999997,-0.050637444687290159
51.57735970388638,700.94788446641746,-996.79613113403298,32.420000000000002,-0.050737909558321137
51.590345494655551,701.23270153514306,-997.75910377502396,32.119999999999997,-0.050755722654445008
51.603323061846957,700.78862833615278,-999.54819679260197,32.159999999999997,-0.050535228930881256
51.616294144962964,700.43848826410772,-999.54819679260197,32.159999999999997,-0.050300875056862163
51.629272341314852,700.82260300222777,-1001.69610977173,32.420000000000002,-0.050120489257768241
51.642252552425902,700.93139999663185,-1004.21643257141,32.420000000000002,-0.050169854527848383
51.655227111445697,700.62618706866351,-1004.1565895080601,32.409999999999997,-0.050417834685628209
51.668195316775311,700.2830877993714,-1003.61561775208,32.409999999999997,-0.050628699569247967
51.681167101487681,700.47637446803162,-1003.61561775208,32.439999999999998,-0.05071355961263397
51.694139704729693,700.5205750685883,-1002.68363952637,32.439999999999998,-0.050732182959592052
51.707111560843281,700.4802301335601,-1002.48646736145,32.079999999999998,-0.050715525738207853
51.720077232975285,700.14629512847728,-1002.21252441406,32.079999999999998,-0.050760326493250206
51.733046639711091,700.34796373344193,-1003.05724143982,32.090000000000003,-0.050814645365036756
51.746019542009819,700.53672413132608,-1003.98826599121,32.090000000000003,-0.050914117858733794
51.758984641896227,700.11539386597769,-1002.71797180176,32.140000000000001,-0.050946276427169632
51.771947559382753,699.99754427231358,-1002.71797180176,32.140000000000001,-0.05083032366268065
51.784915186258019,700.25185126447604,-1001.29652023315,32.57,-0.050578096673944181
51.797890395133273,700.66127926359138,-1001.48749351501,32.57,-0.050354657901218909
51.810865941354386,700.67949594019706,-1001.05428695679,32.560000000000002,-0.050224847057299127
51.823838524934565,700.51951332961607,-1001.05428695679,32.560000000000002,-0.050262896757509279
51.836815286013575,700.74509826664791,-1000.3523826599099,32.210000000000001,-0.050364300194502089
51.8497869413765,700.46938959805527,-1000.46610832214,32.490000000000002,-0.050404606801454657
51.862753106074145,700.17289367268734,-1002.7835369110099,32.210000000000001,-0.050210848243056334
51.875712321035742,699.79760792638081,-1002.7835369110099,32.210000000000001,-0.049963871843652877
51.888675790072895,700.02732800596016,-1005.13935089111,32.210000000000001,-0.049671863929838037
51.901643040278991,700.23151112916185,-1006.96158409119,32.210000000000001,-0.049578432613915632
51.914611057275295,700.27291780041435,-1007.44915008545,32.280000000000001,-0.049676959299197042
51.927575520756776,700.0810280002263,-1007.44915008545,32.280000000000001,-0.049868240537701079
51.940539229867944,700.04029200292143,-1005.38206100464,32.259999999999998,-0.050078045782888721
51.953497073716029,699.72356779680081,-1004.5530796051,32.259999999999998,-0.050133961355006237
51.966449836682671,699.44920019855567,-1002.65693664551,32.170000000000002,-0.049887657578594369
51.979400137853119,699.31626320418184,-1002.65693664551,32.170000000000002,-0.049566137086039845
51.992358572574069,699.75547493144802,-1001.82795524597,32.359999999999999,-0.04929407292701888
52.005322911880242,700.07432253307297,-1003.38053703308,32.140000000000001,-0.049241735703185276
52.018283938781501,699.89545266811876,-1001.81794166565,32.490000000000002,-0.049336457417417719
52.031243549039488,699.81895393109448,-1001.28650665283,32.490000000000002,-0.049401012559369101
52.04420615401483,699.98066866880345,-1001.28650665283,32.509999999999998,-0.04935959767872334
52.057167097098763,699.89092653199464,-1001.66583061218,32.509999999999998,-0.049267235315678268
52.070132553991336,700.13467219911558,-1001.81269645691,32.549999999999997,-0.049126496952256071
52.083102805125932,700.39356126842279,-1001.6016960144,32.549999999999997,-0.049034809278850691
52.096083717834524,700.96928626375973,-1004.19163703918,32.210000000000001,-0.049085379060458248
52.109063039016043,700.88334380199478,-1004.37378883362,32.210000000000001,-0.049320519383974096
52.122035278007345,700.50090553027803,-1002.92658805847,32.189999999999998,-0.049521923065221796
52.135003594060464,700.28906686864821,-1002.92658805847,32.189999999999998,-0.049627370510420557
52.147967986142014,700.07717240339787,-1002.3179054260301,32.520000000000003,-0.049532170717955723
52.160927096588907,699.79196413224781,-1001.94382667542,32.189999999999998,-0.049316857216827881
52.173886998660542,699.83471186835175,-1003.24702262878,32.490000000000002,-0.049178191564455832
52.186849773344434,699.98983293026481,-1003.35931777954,32.490000000000002,-0.049273571413362735
52.199815386492673,700.14311000499276,-1001.1000633239699,32.399999999999999,-0.049542696732580924
52.212780986187624,700.14238352742427,-999.57084655761696,32.399999999999999,-0.049797810820569062
52.225734275869087,699.47764279865089,-999.57084655761696,32.25,-0.049866019851013597
52.238688890097528,699.54916833579796,-999.79829788207996,32.280000000000001,-0.049773698878485817
52.25164927438766,699.86075166737146,-999.42994117736805,32.259999999999998,-0.049589414977630746
52.264610164695043,699.88807659846589,-997.74646759033203,32.259999999999998,-0.049582914345018166
52.277577030990123,700.21077993431936,-998.72279167175304,32.359999999999999,-0.049777101311053638
52.290549887758011,700.53426546617379,-999.12381172180199,32.359999999999999,-0.050155058916975678
52.303522607932173,700.52688940476492,-999.12381172180199,32.439999999999998,-0.050664978722145593
52.316488390788862,700.15227426095817,-995.75710296630905,32.439999999999998,-0.051046926527751259
52.329447903774032,699.81370119923804,-994.34781074523903,32.100000000000001,-0.051140637239983106
52.34241006688891,699.95680820356074,-994.34781074523903,32.100000000000001,-0.051045555413833404
52.355377447481466,700.23855199786692,-996.52194976806595,32.5,-0.050909674416369843
52.368348211877745,700.42127739919374,-999.19414520263695,32.119999999999997,-0.050946910761677081
52.381322043430892,700.58690386985961,-999.79662895202603,32.159999999999997,-0.051154181774837409
52.394301240435873,700.87663826888968,-999.79662895202603,32.159999999999997,-0.051521380534824683
52.407284420397573,701.09171793182054,-999.19033050537098,32.57,-0.05186012428653318
52.420260830679062,700.72615520040995,-998.36111068725597,32.57,-0.052016497486006556
52.433223423237067,699.97999813225567,-998.41713905334495,32.170000000000002,-0.051865518712965776
52.446184144872859,699.87896833298498,-998.40879440307594,32.549999999999997,-0.051525752576789367
52.459150023965499,700.15747100232988,-998.24905395507801,32.490000000000002,-0.051293570755418003
52.472111356134619,699.91193713240841,-997.72930145263695,32.490000000000002,-0.051310897494503759
52.485067010339556,699.60532706666413,-997.72930145263695,32.210000000000001,-0.051501080807516419
52.498025879677805,699.77894426571402,-997.75075912475597,32.210000000000001,-0.051762875582778103
52.510980247623429,699.53586906369299,-998.72112274169899,32.259999999999998,-0.051886896706375259
52.523929372223449,699.25272840091475,-996.34814262390103,32.259999999999998,-0.05187910774535763
52.53687478808893,699.05245673587012,-996.34814262390103,32.310000000000002,-0.051784210113831532
52.549827395834626,699.44081826774709,-997.33972549438499,32.310000000000002,-0.051638250135522361
52.562783367724762,699.62248206750166,-997.94220924377396,32.240000000000002,-0.05162046083971817
52.575744056246918,699.87718019613646,-1000.15878677368,32.240000000000002,-0.05168425022781311
52.588699418637027,699.5895690662029,-1000.15878677368,32.189999999999998,-0.051797698768935418
52.601657911307385,699.75860419909998,-1000.51689147949,32.189999999999998,-0.051972531816332698
52.61461820453458,699.85583426836683,-999.40204620361305,32.100000000000001,-0.051951687783501357
52.62757672928273,699.76033640042385,-996.85001373291004,32.100000000000001,-0.05180795676966761
52.640526907311056,699.30961352965721,-998.74043464660599,32.420000000000002,-0.051590584010981481
52.653481002069121,699.52111693537915,-1000.55456161499,32.420000000000002,-0.051441165722084285
52.666433824019784,699.45238533578015,-998.98576736450195,32.5,-0.051399690823710133
52.67938226047535,699.21556860036299,-997.81322479248001,32.5,-0.051415437418244371
52.692328975018505,699.12258533034912,-998.665332794189,32.560000000000002,-0.051392078813437429
52.705280471386438,699.3808038686044,-999.51791763305698,32.560000000000002,-0.05117552147940653
52.718228648106148,699.20154286442971,-999.51791763305698,32.140000000000001,-0.050810553754105002
52.73117316058886,699.00367406641283,-999.886035919189,32.140000000000001,-0.050423481603778297
52.744117062538251,698.9707052669894,-997.01523780822697,32.159999999999997,-0.05017695017018322
52.757064296553104,699.15063680221579,-997.01523780822697,32.159999999999997,-0.050157547617047278
52.770015955385148,699.38957693038947,-996.99759483337402,32.539999999999999,-0.050216246810062239
52.78296412589637,699.2012076057739,-1002.87127494812,32.189999999999998,-0.050169366101312389
52.795909165093846,699.03211666375989,-1002.3558139801,32.520000000000003,-0.050039809816775985
52.808859302765462,699.30743426732818,-1002.3558139801,32.520000000000003,-0.049892637050423669
52.821812761119723,699.48675113008358,-1000.96130371094,32.159999999999997,-0.04983126289265586
52.834761080642018,699.20925420373044,-1000.1435279846201,32.590000000000003,-0.049801378820956491
52.84771502018036,699.51273507052269,-1001.42908096313,32.590000000000003,-0.049861352891276411
52.860674370701169,699.80492812371301,-1002.84147262573,32.590000000000003,-0.05000435436708487
52.873633473904995,699.79157300676741,-1003.24940681458,32.189999999999998,-0.050141576470925202
52.886594117929612,699.87477732910872,-1002.18653678894,32.189999999999998,-0.050187719364523369
52.899557489695113,700.0220753373078,-1001.13606452942,32.170000000000002,-0.050004327463052708
52.912523986564189,700.19083092998176,-1000.42629241943,32.170000000000002,-0.049644520298099827
52.925488436595032,700.08030166555386,-1000.8456707000699,32.170000000000002,-0.049370592459934602
52.938449800841951,699.9136693337324,-1000.8456707000699,32.170000000000002,-0.049214194424858276
52.951411282022249,699.91998373586114,-1000.65922737122,32.509999999999998,-0.049230915804187952
52.964372705254263,699.91685452866511,-1000.79321861267,32.509999999999998,-0.04936836245920901
52.977331387292601,699.7688300703777,-1003.10277938843,32.479999999999997,-0.0494664390045048
52.990280609164159,699.25798106407103,-1002.85649299622,32.479999999999997,-0.049470901075097634
53.003231481545633,699.34710859985671,-1004.39953804016,32.469999999999999,-0.049377185188535871
53.016187597272825,699.63024926813091,-1004.39953804016,32.469999999999999,-0.049257615787736832
53.029141763432101,699.52497260090752,-1005.65314292908,32.25,-0.049150932787015857
53.042088205822211,699.10788906611197,-1005.09190559387,32.25,-0.049180946208108346
53.05503694754573,699.23205307014882,-1005.09190559387,32.259999999999998,-0.049340496253634646
53.067993283685205,699.64215153161604,-1006.08587265015,32.259999999999998,-0.049470005970117852
53.080949691227218,699.64600726859237,-1005.46932220459,32.280000000000001,-0.04962213440813245
53.093903864630832,699.52536379508797,-1004.03642654419,32.280000000000001,-0.049752331235771712
53.10686022043209,699.64321326784011,-1002.61545181274,32.210000000000001,-0.04987264051999897
53.119821493617287,699.90875200067978,-1002.61545181274,32.210000000000001,-0.049959394252207648
53.132786346185185,700.10203866659197,-1003.4904479980499,32.229999999999997,-0.04995761025211571
53.145747016080279,699.87617433498087,-1003.31974029541,32.229999999999997,-0.049925827317212859
53.158714526022223,700.24553686509535,-1001.85227394104,32.140000000000001,-0.049955618257182269
53.171686174140767,700.46899840112678,-1001.68132781982,32.140000000000001,-0.05002726593673823
53.184662298817294,700.71073253280042,-1001.68132781982,32.359999999999999,-0.050085955817241741
53.197634519181491,700.49989966637429,-1002.46644020081,32.359999999999999,-0.050045187688396019
53.210605842371614,700.45145226656496,-1003.25155258179,32.43,-0.050034535427530398
53.223582882848156,700.76018573330964,-1002.5036334991501,32.43,-0.050139487203077822
53.236566958949453,701.14010947030147,-1001.08575820923,32.5,-0.050350381061398067
53.249550301374043,701.10049092765371,-1004.33039665222,32.5,-0.050543190702986504
53.262534410588884,701.14189760165402,-1007.19380378723,32.140000000000001,-0.050676249794834261
53.275521715275318,701.31445306722776,-1007.19380378723,32.140000000000001,-0.050772438860208102
53.288505492318528,701.12396033336768,-1007.4729919433599,32.5,-0.050950428057458218
53.301480857448219,700.66971700351655,-1005.61285018921,32.119999999999997,-0.051083376423154629
53.314454993233383,700.60333239862462,-1004.64582443237,32.159999999999997,-0.051180394366319347
53.32742458933707,700.35818959922358,-1004.74834442139,32.159999999999997,-0.051304388582983675
53.34039504846789,700.40479306405996,-1003.96037101746,32.520000000000003,-0.051441651044806018
53.353364819454399,700.36763327175231,-1002.71582603455,32.520000000000003,-0.051622481810369873
53.366335597303717,700.42200386302204,-1002.71582603455,32.560000000000002,-0.051684290584675573
53.379311591593897,700.70369166959154,-1002.34031677246,32.560000000000002,-0.051654923913805564
53.392288801777759,700.769349928819,-1000.68926811218,32.560000000000002,-0.051606488931695761
53.405262009344398,700.55320859836388,-1000.13756752014,32.560000000000002,-0.051586154020328276
53.41823925781614,700.77141747398684,-999.94993209838901,32.159999999999997,-0.051701791170081328
53.43122451566169,701.20392365990381,-999.77588653564396,32.159999999999997,-0.051836250349631414
53.444211405391329,701.29204540048602,-999.77588653564396,32.159999999999997,-0.052072086060259266
53.457190173988877,700.8535042674755,-998.06857109069801,32.159999999999997,-0.052294352401803863
53.470168831861749,700.8475251349945,-999.40776824951195,32.170000000000002,-0.052425564369676138
53.483139395507372,700.4104368636888,-999.40776824951195,32.170000000000002,-0.052283646332314145
53.49610251995437,700.00872013792218,-1001.72901153564,32.57,-0.052014176423303325
53.509062306127149,699.82845333029979,-1002.41136550903,32.57,-0.05175829968410256
53.522027120408652,700.0999712011162,-1001.11556053162,32.549999999999997,-0.051714819338575323
53.534991304493779,700.06594059676854,-999.94587898254395,32.549999999999997,-0.051835077917738295
53.547956124982704,700.10030640206412,-999.94587898254395,32.189999999999998,-0.051967959022641855
53.560917106353131,699.89299400296647,-1000.19812583923,32.549999999999997,-0.052002034046056342
53.573872734688862,699.60393012949214,-999.15075302124001,32.170000000000002,-0.051983901195793679
53.586827121260477,699.53687486714057,-999.15075302124001,32.170000000000002,-0.051860842438376263
53.599778890817248,699.39555606561828,-998.26693534851097,32.590000000000003,-0.051595607979177886
53.612730704869115,699.39795880074189,-999.58729743957497,32.170000000000002,-0.051226398597046065
53.625688503186417,699.72110913439644,-998.88992309570301,32.240000000000002,-0.051021339992327268
53.638651914274064,700.02419873281235,-995.93043327331497,32.240000000000002,-0.050969415654973087
53.651609023412291,699.68389346427239,-994.37785148620605,32.43,-0.05108704169625243
53.66456227997903,699.47585460409425,-995.26357650756802,32.43,-0.051103668907958213
53.677517577177753,699.58604873077843,-995.75591087341297,32.450000000000003,-0.050984873539668671
53.690471178334541,699.49446246663649,-995.75591087341297,32.450000000000003,-0.050804870616459753
53.703426163022129,699.56917313001622,-994.82560157775902,32.240000000000002,-0.05062180881605749
53.716389060848094,699.9964826020414,-992.92993545532204,32.450000000000003,-0.050429058157015955
53.729362827208675,700.58338347123106,-992.92993545532204,32.210000000000001,-0.050280787464612488
53.742340387155544,700.78823713098041,-994.12488937377896,32.210000000000001,-0.05016112079145929
53.755308281009832,700.26626813138591,-995.43857574462902,32.210000000000001,-0.05011258957278749
53.768271009127147,699.98731833508384,-993.46828460693405,32.210000000000001,-0.050003069142036081
53.78122975532343,699.77229459943362,-992.32125282287598,32.280000000000001,-0.049822260107395815
53.794184760707431,699.57029073581293,-992.32125282287598,32.280000000000001,-0.049569397750344406
53.807134762819786,699.30011406724793,-994.33732032775902,32.310000000000002,-0.049379509355714918
53.820078118393845,698.94120099936981,-995.54896354675304,32.310000000000002,-0.049306691313814599
53.83302174715562,698.95595313592753,-995.54896354675304,32.259999999999998,-0.04933875261055784
53.845971659239503,699.29525252957205,-994.009971618652,32.25,-0.049262181337396335
53.858913241161673,698.84542379730374,-993.16310882568405,32.25,-0.049119947685603745
53.871851108140767,698.64481687085515,-993.86954307556096,32.25,-0.048915074310690039
53.884798622586402,699.16578006425414,-993.86954307556096,32.299999999999997,-0.048694032140368347
53.897749410114805,699.34252653370413,-991.95241928100597,32.299999999999997,-0.048595956630712055
53.910702913999998,699.48920980073194,-991.95241928100597,32.350000000000001,-0.048575699329916795
53.923659113545696,699.63477546745901,-992.13743209838901,32.350000000000001,-0.0485939284156219
53.936616755608654,699.71267139996746,-992.74611473083496,32.390000000000001,-0.048688953328620797
53.949572169739525,699.59236306695493,-993.76106262206997,32.390000000000001,-0.04860237758147342
53.962526199304918,699.51759653125464,-993.57032775878895,32.119999999999997,-0.048467646249848798
53.975481294716069,699.57515220204095,-994.29750442504906,32.119999999999997,-0.048352085674010697
53.988440405162962,699.79196413224781,-994.332313537598,32.140000000000001,-0.048320252033890898
54.001405037318527,700.09013640035903,-994.332313537598,32.140000000000001,-0.048450933148459732
54.014364478902536,699.80984553645771,-993.70431900024403,32.57,-0.048676168338467746
54.027318619191384,699.52357559778341,-993.90149116516102,32.189999999999998,-0.048882439732349243
54.040274123350628,699.59722459913507,-993.31140518188499,32.439999999999998,-0.04903534116753918
54.053233039255609,699.78145886913887,-992.68102645874001,32.439999999999998,-0.048972299943510184
54.066184184824699,699.36186073091847,-992.989063262939,32.329999999999998,-0.048742232223604486
54.079137818060509,699.49619473391238,-994.64893341064396,32.329999999999998,-0.048519597492456469
54.092100722093853,699.99681780024127,-996.12927436828602,32.210000000000001,-0.048401368159748479
54.105065712291321,700.10947066352549,-996.12927436828602,32.210000000000001,-0.048517655167253156
54.118023678246914,699.73016160175268,-994.82989311218296,32.359999999999999,-0.048696655365842313
54.130982853886422,699.79548453362429,-996.68049812316895,32.359999999999999,-0.048897400912364664
54.143941756338272,699.78073239981461,-996.68049812316895,32.119999999999997,-0.048920428380158393
54.156899788521045,699.73373786995387,-996.76394462585404,32.450000000000003,-0.048773103496984771
54.169850518098777,699.33939719735213,-996.04058265686001,32.560000000000002,-0.048612105762658779
54.182807789701265,699.69266653430122,-996.14834785461403,32.560000000000002,-0.048527974221200566
54.195771148014906,700.02134893668347,-997.142553329468,32.119999999999997,-0.048625781718846746
54.208734981301234,700.04699746183064,-998.58880043029797,32.119999999999997,-0.048790616500192008
54.221694305953093,699.80353120028099,-998.58880043029797,32.159999999999997,-0.04887726571799985
54.234655273871603,699.89226759959422,-1001.67393684387,32.159999999999997,-0.048897161872510579
54.247624999325957,700.36517453515205,-1000.26273727417,32.159999999999997,-0.04880989384287969
54.260595420167938,700.40272546668018,-999.30691719055199,32.159999999999997,-0.04872600340889055
54.273566887196274,700.45921953039829,-999.30691719055199,32.579999999999998,-0.048675261851224207
54.286542770762999,700.69771260306266,-1001.76501274109,32.579999999999998,-0.048719712842907346
54.299519493555565,700.74303079842423,-1003.13925743103,32.530000000000001,-0.048842787121533386
54.312492518996308,700.54337380035474,-1002.05588340759,32.530000000000001,-0.048974988361246009
54.32545749574075,700.10874419969718,-1001.08528137207,32.420000000000002,-0.049040719038701212
54.338424206814885,700.20239800351089,-1001.28531455994,32.420000000000002,-0.049092593705816381
54.351389293248161,700.11466739665332,-1001.76954269409,32.229999999999997,-0.049057599777102431
54.364349475751844,699.84985519909003,-1001.76954269409,32.229999999999997,-0.049009236196816783
54.377305544912353,699.62773466745398,-1003.49473953247,32.259999999999998,-0.048968158661270751
54.390262413976565,699.67092946731111,-1004.14371490479,32.259999999999998,-0.049047826064470258
54.403221056692558,699.76670666388122,-1004.84013557434,32.299999999999997,-0.049254157476487259
54.416178724624679,699.71406833439153,-1004.84013557434,32.299999999999997,-0.049363122217568937
54.429133449577797,699.55514746827873,-1005.9521198272701,32.170000000000002,-0.049236378528732222
54.442093937346897,699.86633953147577,-1006.37865066528,32.170000000000002,-0.049117828407823506
54.455062408621011,700.2974488022046,-1006.37865066528,32.100000000000001,-0.049018493542935977
54.468031361077735,700.32343266295163,-1006.02054595947,32.100000000000001,-0.049089792493652661
54.480995097093796,700.04174486737418,-1005.27882575989,32.460000000000001,-0.049173728458732399
54.493959689927166,700.08801300210666,-1007.31420516968,32.140000000000001,-0.04923563864510045
54.506923978527105,700.0715843963975,-1007.31420516968,32.5,-0.049192470808001335
54.519883452190086,699.81157780098556,-1005.94162940979,32.5,-0.049051784184977583
54.532841952103702,699.75899533557254,-1004.01663780212,32.530000000000001,-0.048758830460660672
54.545808578323445,700.19781586591023,-1003.98325920105,32.530000000000001,-0.048500741313374597
54.55878083076788,700.5016319996023,-1006.0691833496099,32.560000000000002,-0.048308376636831206
54.571752569948195,700.47391573692744,-1006.0691833496099,32.560000000000002,-0.048222870875147331
54.584726986165457,700.61847573211082,-1006.07061386108,32.170000000000002,-0.048193518693408675
54.597705514687661,700.84054019906625,-1004.77695465088,32.170000000000002,-0.048193005430608178
54.610684751016002,700.87876173034601,-1003.69071960449,32.159999999999997,-0.048127150576919325
54.623659913324673,700.65876466841041,-1004.69923019409,32.159999999999997,-0.048013468169560397
54.636627793725928,700.26554166755761,-1004.69923019409,32.57,-0.047803823317862454
54.649598032443237,700.39289073462294,-1005.5911540985099,32.189999999999998,-0.047604918687178172
54.662567823090107,700.36869493103256,-1006.17957115173,32.390000000000001,-0.047493575968054244
54.67552751199262,699.82320073584333,-1007.23481178284,32.390000000000001,-0.047485287197524415
54.688488804838329,699.90981366820392,-1007.39717483521,32.280000000000001,-0.047525708666265418
54.701453436993788,700.09013639486307,-1008.74543190002,32.280000000000001,-0.047523201339695155
54.714418802824746,700.12975487155893,-1010.10274887085,32.159999999999997,-0.04735571746168437
54.727383993772825,700.12031119628227,-1010.10274887085,32.159999999999997,-0.047058642116757296
54.740350010493913,700.16490293880736,-1009.95850563049,32.350000000000001,-0.046768427514833392
54.753320041216071,700.38165899669377,-1005.9142112731899,32.350000000000001,-0.046636202476022418
54.766294053859262,700.59668273234411,-1006.13880157471,32.450000000000003,-0.04652924939119811
54.779266748163046,700.52549240438884,-1006.13880157471,32.450000000000003,-0.046456852512954498
54.792240859112354,700.60199126232521,-1008.76712799072,32.539999999999999,-0.046329797348275831
54.805217308716031,700.72827859866243,-1008.76712799072,32.539999999999999,-0.046213714197990904
54.81819204261722,700.6356306642482,-1008.2368850708,32.140000000000001,-0.046139417423143425
54.83116009169138,700.27465000448626,-1006.07705116272,32.140000000000001,-0.04612238974133482
54.844126062881578,700.16244427090714,-1005.05089759827,32.579999999999998,-0.046171680506539879
54.857099978253025,700.59143005819567,-1007.04479217529,32.189999999999998,-0.046333521603971431
54.870071372845636,700.45530800079325,-1006.5777301788301,32.229999999999997,-0.0464685344035407
54.883041865088927,700.40658113770451,-1006.5777301788301,32.229999999999997,-0.046551934339867526
54.896016664182682,700.63915106287675,-1006.44707679749,32.490000000000002,-0.046583230917630482
54.908999578199939,701.07735693173538,-1005.6214332580601,32.490000000000002,-0.046561789802831009
54.921978612740759,700.86786520435669,-1005.6214332580601,32.390000000000001,-0.046652390931685668
54.934952658497544,700.5984708664447,-1006.02459907532,32.390000000000001,-0.04677086033744457
54.947925125145723,700.51319900168335,-1005.83672523499,32.329999999999998,-0.046996547737648532
54.960898923584004,700.58511566705897,-1003.85189056396,32.329999999999998,-0.047223483107919295
54.973868559011201,700.36031306892414,-1002.22539901733,32.259999999999998,-0.047328908824128248
54.986831572734594,700.0027410631493,-1002.22539901733,32.259999999999998,-0.047333416425506342
54.999796192471692,700.08946580335532,-1001.27339363098,32.240000000000002,-0.047220255557616303
55.012768484238322,700.50375539785477,-1000.99587440491,32.329999999999998,-0.047104540798257911
55.02574284147039,700.61529053168226,-1001.92713737488,32.380000000000003,-0.047080661687331569
55.038717491551907,700.63110440171613,-1002.32696533203,32.380000000000003,-0.04712941124986092
55.051700683932168,701.09238853432021,-1001.11556053162,32.100000000000001,-0.047363142173112105
55.064690737054264,701.46286859328757,-1000.13065338135,32.100000000000001,-0.047601386905217237
55.077682959122249,701.57999167091134,-998.31438064575195,32.119999999999997,-0.047771224958202588
55.090669420444449,701.26891139907173,-998.31438064575195,32.119999999999997,-0.04776623927833766
55.103655718266708,701.26008240176202,-997.83754348754906,32.159999999999997,-0.047694286330619153
55.116640580818526,701.18257779808619,-1000.27465820313,32.159999999999997,-0.04761192947643611
55.129618497772782,700.80751553007019,-998.25501441955601,32.530000000000001,-0.047628741918710318
55.142589022095095,700.4083134049805,-998.25501441955601,32.530000000000001,-0.04778979035703193
55.155561696738275,700.52443073136862,-1000.1425743103,32.439999999999998,-0.048029264435198761
55.168535424809853,700.58131586560728,-1000.07820129395,32.439999999999998,-0.048217991779791781
55.181500271169163,700.10170340244008,-1000.07820129395,32.380000000000003,-0.048283843530073485
55.194459718962989,699.81018086656138,-999.49383735656704,32.380000000000003,-0.048253520702891364
55.20741834822595,699.76598020005292,-998.05617332458496,32.210000000000001,-0.048228917228880321
55.22037957691483,699.90634919960416,-999.095678329468,32.210000000000001,-0.048285619251766811
55.233339999492635,699.86281920154727,-1000.47063827515,32.259999999999998,-0.048354926208567829
55.246297485298768,699.7042335308862,-1000.68855285645,32.259999999999998,-0.048434958896691388
55.259258914739526,699.91718980106089,-999.42517280578602,32.329999999999998,-0.04856905899945483
55.272224339553027,700.13293992909166,-997.67279624938999,32.329999999999998,-0.048805306561991273
55.285180923011161,699.65550673924565,-996.00744247436501,32.159999999999997,-0.049036316987058112
55.298128462292652,699.16712120055354,-996.00744247436501,32.159999999999997,-0.049116209976568952
55.311076054349371,699.16997106263432,-996.27447128295898,32.140000000000001,-0.049085346981281953
55.324023646406133,699.16997106538236,-997.25961685180698,32.140000000000001,-0.049023890040036891
55.336967742898757,698.98121060154619,-995.04899978637695,32.119999999999997,-0.049042337470719101
55.349908981265507,698.82687180433413,-995.04899978637695,32.119999999999997,-0.049066979231433175
55.362864219480251,699.58286359630165,-994.29392814636196,32.420000000000002,-0.049067147904186599
55.37582517498025,699.89159699984248,-995.70178985595703,32.420000000000002,-0.049093318067170863
55.38878010171976,699.56604393381213,-997.72739410400402,32.5,-0.049094684007674805
55.401730967892647,699.34677333570494,-997.28608131408703,32.5,-0.049105735702596645
55.414681996529687,699.35554640023781,-995.58949470519997,32.159999999999997,-0.049073028688624197
55.42763506476296,699.4656845968932,-996.17505073547397,32.57,-0.048999948840866503
55.440578940842023,698.96930826936125,-996.84238433837902,32.170000000000002,-0.04890183504196273
55.4535225758124,698.95628840007942,-997.07221984863304,32.170000000000002,-0.048827536197362929
55.466469700138319,699.14471359976369,-996.22344970703102,32.229999999999997,-0.048806934307283931
55.479421800830828,699.41343739563195,-995.26429176330601,32.229999999999997,-0.048753925495742007
55.492364961860439,698.93069559886101,-994.56596374511696,32.259999999999998,-0.048747549039363076
55.505303875025945,698.7013109373213,-994.56596374511696,32.259999999999998,-0.048785120662867505
55.518253116558014,699.25904273159529,-993.06321144104004,32.25,-0.048720786968944156
55.531201709269133,699.2240064007442,-994.31371688842796,32.25,-0.048524543850080648
55.544145084503711,698.94226266689407,-994.31371688842796,32.100000000000001,-0.048223170968623746
55.557089376574034,698.99177179743174,-994.24290657043503,32.100000000000001,-0.048015502591973735
55.570046089382728,699.66249166967793,-993.583202362061,32.520000000000003,-0.047958723993696509
55.583006220145712,699.84706120108592,-993.76416206359897,32.140000000000001,-0.047942662818640944
55.595964621753119,699.75368680009547,-994.57406997680698,32.579999999999998,-0.047912048176024798
55.608921978208635,699.69724859770599,-994.57406997680698,32.579999999999998,-0.047822469430569392
55.621884343111134,699.96770473504625,-995.33247947692905,32.57,-0.047715519451086007
55.634850027660484,700.14696566502516,-994.81391906738304,32.57,-0.047597891340410564
55.647806129935759,699.62952286475866,-994.81391906738304,32.539999999999999,-0.047335397037667128
55.660759600707415,699.48742166937939,-996.59991264343296,32.539999999999999,-0.04705308833033716
55.673714235632161,699.55028593609882,-997.933387756348,32.240000000000002,-0.046917872710103628
55.686669356913633,699.57654919966899,-996.54412269592297,32.240000000000002,-0.046879200057548018
55.699618540497518,699.25591352989545,-996.54412269592297,32.259999999999998,-0.046853365169453168
55.712566743087663,699.20293986755382,-996.26493453979504,32.259999999999998,-0.046780616458556024
55.725519440861731,699.44567979992712,-997.32518196106003,32.299999999999997,-0.046631142290671744
55.738475380672845,699.62074980022567,-997.39980697631802,32.299999999999997,-0.046521958170754579
55.751428234701315,699.45411753710403,-997.39980697631802,32.159999999999997,-0.046481018264221616
55.764378809059323,699.33101533249555,-998.69084358215298,32.159999999999997,-0.046528658518283389
55.777337658737068,699.77788259818976,-998.69084358215298,32.159999999999997,-0.046688509690991815
55.790294723377755,699.68149059724465,-999.73750114440895,32.159999999999997,-0.0468785108786752
55.803243100850722,699.21238354008244,-999.73750114440895,32.140000000000001,-0.046993188767691207
55.816188867514789,699.07139985981598,-998.45600128173805,32.140000000000001,-0.046990172316756423
55.829138674049396,699.28955286861446,-998.18444252014206,32.479999999999997,-0.046972839369278818
55.842096791085197,699.73831993335864,-1000.1859664917,32.479999999999997,-0.046999523830092406
55.855054354502457,699.70842453201465,-1000.33235549927,32.549999999999997,-0.047098912505385143
55.868013029297529,699.76843893390514,-1000.86283683777,32.549999999999997,-0.047292870779463023
55.880980091169143,700.22134106700082,-1000.86283683777,32.170000000000002,-0.047460431232101204
55.893953084532136,700.54164160177868,-999.51672554016102,32.560000000000002,-0.047583380300075431
55.906919412728357,700.18172259580103,-999.31001663207996,32.189999999999998,-0.047614420246260031
55.919884700949346,700.12556393363479,-999.31001663207996,32.189999999999998,-0.047549620891295101
55.932859636635818,700.64652706932566,-999.53222274780296,32.399999999999999,-0.047419618607753483
55.945836170059273,700.73280486669046,-1003.78632545471,32.25,-0.047369501036240096
55.95880678544443,700.41323079848905,-1002.91204452515,32.299999999999997,-0.047465094054369307
55.97178487210617,700.81667973382366,-1000.93555450439,32.299999999999997,-0.047702939352112873
55.984763166764225,700.82791153495691,-1000.93555450439,32.119999999999997,-0.048032020115152327
55.997737803392603,700.63037793239175,-1002.01988220215,32.119999999999997,-0.048268846131529798
56.010705878337085,700.27604700211441,-1005.1326751709,32.140000000000001,-0.048365000014014864
56.023669699207396,700.04632699673084,-1005.68962097168,32.140000000000001,-0.048404596746352523
56.036636864559242,700.22692899980518,-1004.85706329346,32.170000000000002,-0.048505373091189893
56.049606324070425,700.35081360376671,-1006.51025772095,32.170000000000002,-0.048659070291339583
56.062575646986403,700.34343746266586,-1006.51025772095,32.560000000000002,-0.048826544855363148
56.075549074966695,700.56511093604479,-1007.30729103088,32.560000000000002,-0.049002566892672107
56.088530025961731,700.97135373198364,-1007.27009773254,32.469999999999999,-0.04914478916164116
56.101510678935895,700.95526060477039,-1005.99646568298,32.469999999999999,-0.049176994297824864
56.11448395169505,700.55672899424428,-1005.99646568298,32.210000000000001,-0.049171476728966115
56.12745940685307,700.67457853294843,-1005.27453422546,32.299999999999997,-0.049149952829010059
56.140436343848151,700.75459773455316,-1005.27453422546,32.259999999999998,-0.049180537461082675
56.153411941809921,700.68228993545313,-1006.73341751099,32.259999999999998,-0.049297960681850432
56.166382531324651,700.41183379536506,-1007.35640525818,32.390000000000001,-0.049398473152553878
56.179356505680268,700.59461520366438,-1005.84149360657,32.390000000000001,-0.049542687419153478
56.192332006370343,700.67703726405284,-1006.25610351563,32.530000000000001,-0.049633191277282426
56.205302472743206,700.4051841345804,-1003.33881378174,32.530000000000001,-0.049679349693106993
56.218272801488943,700.39775226955078,-1004.43506240845,32.119999999999997,-0.049759652465893658
56.23124281358394,700.38065313004222,-1004.43506240845,32.119999999999997,-0.049857240583890128
56.244214279576489,700.45916359762168,-1008.30054283142,32.189999999999998,-0.050020571797448607
56.257186856948124,700.51917806821223,-1009.50384140015,32.189999999999998,-0.050150229491044918
56.270152002366693,700.11785260257807,-1009.50384140015,32.210000000000001,-0.050186121629621577
56.283113237262945,699.90668439780404,-1010.03932952881,32.210000000000001,-0.050196226478910741
56.29607284751981,699.81895387063844,-1009.78827476501,32.420000000000002,-0.050146536279751235
56.309028501725969,699.60532713261603,-1007.66754150391,32.420000000000002,-0.050124741262902138
56.321977788788921,699.26150139949561,-1007.66754150391,32.280000000000001,-0.050198670682869685
56.334930390325923,699.44048299809924,-1007.31921195984,32.280000000000001,-0.050297288429823409
56.347885400885268,699.57057020458819,-1008.67366790771,32.189999999999998,-0.050381216117216972
56.360844472009923,699.78984073124741,-1011.57236099243,32.189999999999998,-0.050417068931873546
56.373799957541955,699.59621872973537,-1009.96398925781,32.420000000000002,-0.050361912903897507
56.38676234831356,699.96910166672228,-1008.9647769928,32.420000000000002,-0.050264208887506226
56.399723699109842,699.91294299905996,-1008.9647769928,32.460000000000001,-0.050177534834756989
56.412687675200068,700.05470887257934,-1006.58845901489,32.460000000000001,-0.050155428342015043
56.425651561261674,700.04984732665946,-1005.74636459351,32.5,-0.050199197397635377
56.438619136396291,700.24905726921986,-1005.74636459351,32.5,-0.050299126240218775
56.451590732775351,700.46620446907457,-1006.25205039978,32.140000000000001,-0.05033065668432013
56.464557176870471,700.18798113660091,-1005.2444934845,32.140000000000001,-0.050222505298395809
56.477516606035813,699.80917492846197,-1005.2444934845,32.140000000000001,-0.049974150540737824
56.490476501898755,699.83437659870401,-1007.48682022095,32.140000000000001,-0.049706984103672844
56.503443323696295,700.20837706729162,-1007.48682022095,32.189999999999998,-0.04945730480025199
56.516408085202421,700.09712133079131,-1008.75496864319,32.189999999999998,-0.049349817757343095
56.529371613222217,700.03051306898897,-1008.53157043457,32.479999999999997,-0.049339584591145187
56.542345438566663,700.58656860021165,-1007.89356231689,32.479999999999997,-0.049333613779606107
56.555317300888895,700.4805654004598,-1007.56931304932,32.350000000000001,-0.049263486223819944
56.568283563893822,700.17820226587241,-1006.77084922791,32.350000000000001,-0.049073514010786155
56.581244304155554,699.87997413368464,-1007.2848796844499,32.229999999999997,-0.048811718200495645
56.594209859354343,700.13998073459265,-1007.2848796844499,32.229999999999997,-0.048599999604245395
56.60717153611234,699.93054493174657,-1006.75916671753,32.32,-0.048499486098258673
56.620130268856812,699.7715682015571,-1005.96117973328,32.32,-0.048499461262757497
56.633089437253105,699.79509339989988,-1005.96117973328,32.399999999999999,-0.048509092173064469
56.646047651560501,699.74357259926308,-1005.94687461853,32.399999999999999,-0.048521457032401426
56.659007820611151,699.84912873526173,-1004.78076934814,32.549999999999997,-0.048489089434044369
56.671963045374085,699.58213719842536,-1000.52857398987,32.549999999999997,-0.048357397317983823
56.684922090628362,699.78844373087134,-1000.52857398987,32.159999999999997,-0.048193148233289601
56.697894901865418,700.5318068010215,-1001.43003463745,32.159999999999997,-0.048101589911363783
56.710876821436962,701.02365686327335,-1002.45261192322,32.539999999999999,-0.048040513776862068
56.72386239903706,701.22119040538257,-1003.27062606812,32.240000000000002,-0.048100526133986798
56.736848384349408,701.24320686695182,-1002.67720222473,32.259999999999998,-0.048179302571304053
56.749834897411098,701.27170533112394,-1002.11501121521,32.259999999999998,-0.048302611750025086
56.762815549349419,700.95520466924575,-1002.37727165222,32.140000000000001,-0.048281926041338234
56.77578652898513,700.43290032855543,-1001.31130218506,32.140000000000001,-0.048164815332102817
56.788752863390094,700.18205786819681,-1000.63467025757,32.119999999999997,-0.048070300577021503
56.801722608506132,700.36623626588016,-1000.63467025757,32.119999999999997,-0.048108361660106076
56.814692209785171,700.35846906799895,-1001.15180015564,32.140000000000001,-0.04826664303707548
56.827660668640718,700.29677819970493,-999.93443489074696,32.140000000000001,-0.048410119487658297
56.84062596410493,700.1259550673592,-1000.28944015503,32.530000000000001,-0.048493770881895125
56.853587996835849,699.94976746950772,-999.30882453918503,32.530000000000001,-0.048487323025778482
56.866550226178987,699.96038452946993,-999.30882453918503,32.409999999999997,-0.048409155052947565
56.879507095241976,699.6709294013591,-997.26796150207497,32.409999999999997,-0.048314562686886907
56.892468881690121,699.93646820015067,-997.10559844970703,32.32,-0.048340222695057819
56.905442907785179,700.59740913296832,-998.89636039733898,32.32,-0.04853109208206037
56.918420383913542,700.78371093165219,-999.45402145385697,32.280000000000001,-0.048829682377445109
56.931394689406183,700.61249660237809,-998.98529052734398,32.280000000000001,-0.049149828652114855
56.944363596332067,700.32097399779934,-998.98529052734398,32.390000000000001,-0.049245808687007703
56.957329461971668,700.15674453850158,-997.55620956420898,32.390000000000001,-0.049192902320623184
56.970287617296307,699.74038753073842,-996.62446975707996,32.460000000000001,-0.049106972292231689
56.98323891291232,699.36996326439987,-998.35419654846203,32.460000000000001,-0.049058187546253788
56.996199789767985,699.88735020608544,-999.37820434570301,32.119999999999997,-0.049117471401908731
57.009162323341968,699.97681299503097,-999.37820434570301,32.119999999999997,-0.049307912379900135
57.022124890030916,699.97860120332768,-1000.55146217346,32.140000000000001,-0.049559658185826624
57.035080219308611,699.58778099530616,-997.786045074463,32.140000000000001,-0.049826378623530169
57.048036789314828,699.65478033587328,-997.26557731628395,32.189999999999998,-0.04987364427873156
57.060989441556792,699.44322106607478,-997.26557731628395,32.189999999999998,-0.049727477339744593
57.073942848170404,699.48395713482751,-997.06411361694302,32.509999999999998,-0.049480224648303955
57.086892687818498,699.29134099721909,-998.177051544189,32.509999999999998,-0.049279864048436706
57.09984426904068,699.38538599796118,-998.40950965881302,32.409999999999997,-0.049240333545577955
57.112795751955638,699.38007740752414,-1000.17046928406,32.409999999999997,-0.04931042384755259
57.125739354846935,698.95455613005549,-999.49741363525402,32.240000000000002,-0.049398785662864882
57.138676942429662,698.62972946739751,-997.40934371948197,32.240000000000002,-0.049523209324637857
57.151614308564213,698.61777126564004,-998.15678596496605,32.310000000000002,-0.049653195051127801
57.164551246290159,698.59463720102178,-998.15678596496605,32.310000000000002,-0.049738747377099102
57.177486826355526,698.52132352977412,-999.01151657104504,32.420000000000002,-0.049722694481459925
57.190425823339538,698.70583713664939,-1000.32734870911,32.420000000000002,-0.049768731825475775
57.203377749150647,699.40399380004737,-1000.1232624054001,32.530000000000001,-0.049899866183539157
57.216332980121003,699.58247239937316,-1000.69236755371,32.530000000000001,-0.050073281550950047
57.229287282874111,699.53234866781236,-1001.75547599792,32.159999999999997,-0.050196986024019112
57.242240631539545,699.48082793312744,-1000.9331703186,32.159999999999997,-0.050146566290447434
57.255196232969155,699.60247719908728,-1000.9331703186,32.159999999999997,-0.050094711283078644
57.268155472766665,699.79894906542825,-1000.7758140564,32.159999999999997,-0.05004574027262304
57.281114420750619,699.78319113366695,-1000.62346458435,32.189999999999998,-0.049911065855574109
57.294072167327165,699.71831513364441,-1002.53653526306,32.189999999999998,-0.049809220557096058
57.307030685866728,699.76000113627197,-1002.53653526306,32.490000000000002,-0.04972952107568715
57.319989439307456,699.77268579911004,-1003.1476020813,32.490000000000002,-0.049688445611369224
57.332941617609926,699.41762833355631,-1002.49743461609,32.359999999999999,-0.049697875769848257
57.345888085870364,699.10928606374011,-1002.04253196716,32.359999999999999,-0.049616938663317477
57.358839087602405,699.35409353028911,-1000.95391273499,32.170000000000002,-0.049494602200351998
57.371790896480249,699.3976794034146,-1000.95391273499,32.170000000000002,-0.049408193056154841
57.384739514025959,699.22534746834367,-1002.54130363464,32.380000000000003,-0.049353796573846954
57.397688977006155,699.27100093060506,-1002.57253646851,32.380000000000003,-0.049351039859119011
57.410643637801222,699.55168293372685,-1002.57253646851,32.520000000000003,-0.049312241996166031
57.423597070285162,699.48535413245554,-1003.87835502625,32.520000000000003,-0.049172135898109627
57.436548052355519,699.35303179956088,-1005.21540641785,32.140000000000001,-0.049055563285445664
57.449503876269155,699.61449133636972,-1005.6114196777301,32.57,-0.04900342784811261
57.462462992924699,699.79229939914785,-1005.6114196777301,32.189999999999998,-0.049042511316631988
57.475425655850614,699.98379799965937,-1002.3775100708,32.189999999999998,-0.049150100805563396
57.488383226511097,699.70881566573905,-1001.9166469574,32.240000000000002,-0.049192918878997967
57.501334690798735,699.37907153262859,-1003.92508506775,32.240000000000002,-0.049132400501679191
57.514289578216058,699.56392053555976,-1003.92508506775,32.420000000000002,-0.049031886995997802
57.527248798351835,699.79788733195198,-1003.06153297424,32.420000000000002,-0.048841493617780653
57.540211163254341,699.96770473504625,-1001.71208381653,32.100000000000001,-0.048682659657245775
57.553175367001195,700.06700233024492,-1004.16564941406,32.100000000000001,-0.048593893233140235
57.566147872971612,700.51532240268375,-1004.18591499329,32.140000000000001,-0.04858811178958778
57.579120729739508,700.53426546617379,-1002.13623046875,32.140000000000001,-0.04859223651340154
57.59208675266914,700.16523820021121,-1002.13623046875,32.189999999999998,-0.048623474107090933
57.605051475887699,700.09505380211158,-1004.7543048858601,32.189999999999998,-0.048595995952647471
57.618015815193864,700.07432253307297,-1004.7543048858601,32.399999999999999,-0.048557321230797534
57.630980863339566,700.11259986797359,-1005.73444366455,32.399999999999999,-0.04843645832548242
57.643943371044443,699.97541606335494,-1007.43436813354,32.210000000000001,-0.048377008901346316
57.656909802722225,700.18731060005337,-1006.67142868042,32.210000000000001,-0.048344114588172678
57.66987379226422,700.05543526770771,-1006.67142868042,32.119999999999997,-0.048427298251157609
57.682841484330936,700.25537160264844,-1006.71029090881,32.119999999999997,-0.048570007912855158
57.695806506607482,700.11120293354952,-1007.95555114746,32.460000000000001,-0.048625474381389873
57.70877363263704,700.22480559605674,-1006.71792030334,32.460000000000001,-0.048648343523970447
57.721740369581553,700.20379500388685,-1006.04271888733,32.560000000000002,-0.048666045897505193
57.734716091718489,700.68899539436234,-1005.36513328552,32.560000000000002,-0.04872592579943788
57.747687727419788,700.46832787007497,-1003.95631790161,32.5,-0.048779372332756837
57.760661922188916,700.60651753310128,-1002.83360481262,32.5,-0.04878927746580667
57.773637884399918,700.70195939407154,-1002.71677970886,32.240000000000002,-0.048856186783852174
57.786613131562945,700.66334680326315,-1002.71677970886,32.240000000000002,-0.048891619468863098
57.799588235923487,700.6556354694585,-1002.95996665955,32.310000000000002,-0.048978793331429869
57.812568239039543,700.92016826694669,-1003.72576713562,32.310000000000002,-0.049043205669478493
57.825555303651903,701.30148906751856,-1001.81174278259,32.390000000000001,-0.049208473000866212
57.83854267352968,701.31797339990419,-1001.52564048767,32.390000000000001,-0.049537408889589032
57.851524684164218,701.02857426502601,-1001.52564048767,32.159999999999997,-0.049835001635141922
57.864508357727139,701.11837239781539,-1004.76145744324,32.159999999999997,-0.049943904289099103
57.877488925845633,700.95067839846968,-1006.48236274719,32.140000000000001,-0.05003444643357486
57.890469753701296,700.96470420585104,-1006.48236274719,32.140000000000001,-0.050017540860232246
57.903444689387662,700.64652706382969,-1005.0086975097699,32.079999999999998,-0.050095325955600609
57.916419690267915,700.6500475339061,-1005.97929954529,32.079999999999998,-0.050262946427850071
57.929396288883993,700.73632526806693,-1004.97841835022,32.560000000000002,-0.050398720842890703
57.942365279628383,700.32550019712744,-1003.87144088745,32.560000000000002,-0.050581369756304659
57.955322636083999,699.69724860320196,-1003.87144088745,32.530000000000001,-0.050766633615928855
57.968280791408695,699.74038753348623,-1003.17192077637,32.530000000000001,-0.050832667491641621
57.98123890120123,699.73792879688597,-1001.42645835876,32.380000000000003,-0.050868900078165379
57.994197251067881,699.75089279934321,-1001.08313560486,32.380000000000003,-0.050714181528780163
58.007151476211128,699.52815773538418,-1001.98268890381,32.280000000000001,-0.05059087752403281
58.020119395934572,700.26766506580998,-1003.13329696655,32.280000000000001,-0.050625101559487455
58.033087984142007,700.30376320158541,-1000.69785118103,32.329999999999998,-0.050846575241922112
58.046053402746914,700.13260466493978,-1000.69785118103,32.329999999999998,-0.051121792445811214
58.059014247523407,699.88561793056556,-998.59452247619595,32.439999999999998,-0.051325799690343836
58.071976111581471,699.940659135327,-1000.97680091858,32.439999999999998,-0.05146687229540773
58.084940360859214,700.06946099814513,-1000.97680091858,32.119999999999997,-0.051523661241174336
58.097904414559252,700.0588998022597,-1000.10085105896,32.119999999999997,-0.051488137493218886
58.110868858380279,700.07996633545008,-999.66144561767601,32.140000000000001,-0.051436994431235103
58.12383416626173,700.1266255984109,-1000.73742866516,32.140000000000001,-0.05144614312365238
58.136796953362968,699.99050346681258,-1000.73742866516,32.159999999999997,-0.051554443520904408
58.149753576144512,699.65763020345014,-1000.74863433838,32.159999999999997,-0.051683150231449856
58.162705617853106,699.41025226390343,-999.68791007995605,32.549999999999997,-0.051731503463991683
58.175661213075294,699.60214199813959,-997.70545959472702,32.549999999999997,-0.051652233426266535
58.188619257675263,699.73440839825764,-997.70545959472702,32.549999999999997,-0.051568036691172464
58.201573827407387,699.54676553472234,-997.71451950073197,32.549999999999997,-0.051468546605344036
58.214528396104988,699.54670967064567,-997.46322631835903,32.469999999999999,-0.051360589761939808
58.227485297248172,699.67266173183907,-997.12967872619595,32.469999999999999,-0.05122110247611357
58.240439373379076,699.5201110687276,-999.57823753356899,32.229999999999997,-0.051084741328985959
58.253390590349383,699.36571639644683,-998.38042259216297,32.229999999999997,-0.050920542949305134
58.266340436207393,699.29167633281884,-996.32620811462402,32.280000000000001,-0.050840301232329022
58.279291029191342,699.33202113319521,-995.28002738952603,32.280000000000001,-0.050751586547298819
58.292248041058031,699.67864080111576,-994.48132514953602,32.399999999999999,-0.050682198875958644
58.305206632034547,699.76391273182901,-994.48132514953602,32.399999999999999,-0.050638865472464802
58.318160135919797,699.48920980347998,-996.25802040100098,32.119999999999997,-0.050579380864727477
58.331115932928384,699.61303846367286,-995.56064605712902,32.119999999999997,-0.050485057549318875
58.344076401037022,699.86527786669944,-995.56064605712902,32.159999999999997,-0.050343772809959726
58.357041526792585,700.11679080040187,-993.24893951416004,32.159999999999997,-0.050214018879546969
58.370007536270407,700.16451180233503,-993.24893951416004,32.140000000000001,-0.050168883882354028
58.382976643948176,700.33181459925618,-992.42854118347202,32.140000000000001,-0.050179233981110467
58.395944771667878,700.2788968641953,-993.30973625183105,32.57,-0.050259682660799922
58.408907039297517,699.96245200044189,-993.30973625183105,32.57,-0.050222121385446433
58.421860256543241,699.47373126904574,-993.44182014465298,32.560000000000002,-0.05009889913113217
58.434814618279049,699.53553373358898,-994.24839019775402,32.560000000000002,-0.049837262678946309
58.447769447746971,699.56079126790769,-993.92366409301803,32.490000000000002,-0.04951557661887751
58.460724276180223,699.56073539558702,-994.26198005676304,32.490000000000002,-0.049345015237123827
58.473680599902409,699.64148099781619,-994.35830116271995,32.240000000000002,-0.049270161737323348
58.486637929454396,699.69579580744926,-994.91548538207996,32.240000000000002,-0.049379542469360257
58.499597293428444,699.80565459853335,-994.67015266418503,32.229999999999997,-0.049542087233320202
58.512546120004991,699.23663513355348,-994.67015266418503,32.229999999999997,-0.049526121260917363
58.525492224014819,699.0896165309257,-993.73674392700195,32.259999999999998,-0.049433420515708176
58.538440692549358,699.21730086489106,-995.75090408325195,32.259999999999998,-0.04920964439727251
58.551394326819739,699.49625060073697,-995.89443206787098,32.189999999999998,-0.048958847506629238
58.564351858156854,699.7066922042826,-995.89443206787098,32.189999999999998,-0.048835748391738688
58.577315521737084,700.03783333227318,-995.30935287475597,32.409999999999997,-0.048772928615025281
58.590287145019815,700.46765726757542,-994.52757835388195,32.119999999999997,-0.048811107665748102
58.603256181296317,700.32795893097989,-995.21756172180199,32.119999999999997,-0.048895063292253543
58.616221625771601,700.13400166531596,-996.24538421630905,32.119999999999997,-0.048897056322521143
58.629190824512357,700.33673200100873,-996.06132507324196,32.57,-0.048851925466257731
58.642162096997573,700.44871420133734,-996.30141258239701,32.57,-0.048720942189528826
58.655132867602497,700.42161266609355,-996.30141258239701,32.539999999999999,-0.048568166998441971
58.668096766082719,700.05051793190717,-996.91987037658703,32.539999999999999,-0.048572804985666899
58.681061697296322,700.10628553454501,-996.60563468933105,32.210000000000001,-0.048571015811245052
58.694027479117267,700.15221833092949,-996.40035629272495,32.380000000000003,-0.048685747509190497
58.706988908558074,699.91718980380892,-997.41077423095703,32.299999999999997,-0.048672661393025764
58.719948019005017,699.79196413499585,-997.76625633239701,32.299999999999997,-0.048618448070923317
58.732909721633341,699.93194192937472,-997.76625633239701,32.310000000000002,-0.048545872172233343
58.745875146446998,700.13293993733566,-996.12784385681096,32.310000000000002,-0.048496967387948869
58.758838472681511,700.01961666391151,-996.34146690368596,32.189999999999998,-0.048503380062448961
58.771798524798847,699.84281433588114,-999.09186363220203,32.399999999999999,-0.04854365044980459
58.784757699403684,699.79542866130373,-1000.45204162598,32.079999999999998,-0.048619336965628361
58.797719778700007,699.95228200148472,-999.032020568848,32.079999999999998,-0.048749057782955553
58.810683495054285,700.04068313114999,-998.65365028381302,32.119999999999997,-0.048815372089243247
58.82364552261113,699.9494880694325,-998.65365028381302,32.119999999999997,-0.048833897130090571
58.836611453443197,700.16026493163395,-1000.13160705566,32.159999999999997,-0.048863198607121162
58.84957548127403,700.05750286508749,-1001.0616779327401,32.159999999999997,-0.049033005617943715
58.862536196700063,699.87863300562924,-1001.4636516570999,32.549999999999997,-0.0492436728539569
58.875488472274071,699.42288099671259,-1001.4636516570999,32.549999999999997,-0.049451013197967734
58.888440638159302,699.41695780250461,-1002.21848487854,32.380000000000003,-0.049505777035206443
58.901395428304987,699.55866786690729,-1001.61290168762,32.380000000000003,-0.049494433526886129
58.914355642886427,699.85158739766598,-1001.61290168762,32.189999999999998,-0.049399247185317824
58.927317117857974,699.91964846346514,-999.62043762206997,32.189999999999998,-0.049334322618886858
58.940284257340714,700.22553206812916,-999.31788444518997,32.420000000000002,-0.04929400566464847
58.953257237250575,700.5409151324543,-1004.05216217041,32.420000000000002,-0.04939799817849197
58.966226573619792,700.34416393748631,-1004.05216217041,32.520000000000003,-0.04961996856672634
58.979188782266625,699.95926692916908,-1001.71422958374,32.520000000000003,-0.049850317752592022
58.992151004365425,699.95999333528948,-1001.71422958374,32.549999999999997,-0.049956460586327668
59.005111634938231,699.87405093123255,-1002.95042991638,32.549999999999997,-0.050012061579145194
59.018066151895127,699.54391567264145,-1003.63731384277,32.189999999999998,-0.050007066585038604
59.031019681650655,699.49060679836009,-1004.79602813721,32.189999999999998,-0.050073168757590818
59.04397348355927,699.50530306534517,-1005.54823875427,32.240000000000002,-0.050195618015187744
59.056928929769164,699.59409533423093,-1005.6827068328899,32.240000000000002,-0.050317867555069548
59.069886533543233,699.71060379983965,-1005.6827068328899,32.259999999999998,-0.050416793673185856
59.082842485772865,699.6214203999773,-1004.86516952515,32.259999999999998,-0.050463441552763465
59.095804824803714,699.96630766597002,-1004.86516952515,32.140000000000001,-0.050368535641617425
59.108772790059263,700.2701237996622,-1005.68652153015,32.140000000000001,-0.050295349210215459
59.121740910534584,700.27850566726681,-1005.81192970276,32.119999999999997,-0.050163896132533227
59.13471117512217,700.39428772950305,-1003.84855270386,32.119999999999997,-0.050098541089069012
59.147683141960478,700.4862092687888,-1003.16405296326,32.140000000000001,-0.050093561618410158
59.160657193925914,700.59880613334451,-1003.98707389832,32.140000000000001,-0.050003830756845884
59.173630947867927,700.58271286873139,-1003.98707389832,32.57,-0.049887650335835247
59.186606240561787,700.66580546841556,-1003.40104103088,32.57,-0.049779462730721105
59.199578389525932,700.49604406405001,-1003.58867645264,32.520000000000003,-0.049611721187884247
59.212548959379085,700.41077207013279,-1002.7680397033701,32.520000000000003,-0.049560082455027799
59.225516223038213,700.23223759299015,-1004.45508956909,32.43,-0.049474543581123472
59.238482654716044,700.18731060280129,-1004.45508956909,32.43,-0.049431674802980829
59.251452340848161,700.36305113415153,-1005.53488731384,32.259999999999998,-0.04945735550607961
59.264421897629603,700.35606619822317,-1005.22446632385,32.259999999999998,-0.049450217435501542
59.277390830425922,700.32237100092357,-1005.22446632385,32.259999999999998,-0.04948017394385034
59.290363134609841,700.50442593165451,-1005.01847267151,32.259999999999998,-0.049394981728778514
59.303338057879067,700.64585653827385,-1005.58876991272,32.259999999999998,-0.049260524619031638
59.316311596582665,700.57108999432955,-1006.07347488403,32.329999999999998,-0.049227445075594907
59.329281314793853,700.36478340417545,-1006.07347488403,32.159999999999997,-0.049203872266791272
59.342249033765363,700.25682446160522,-1003.40795516968,32.159999999999997,-0.049242840872300887
59.355218466371596,700.34936073656604,-1003.51572036743,32.119999999999997,-0.049291737377525187
59.368188231148139,700.36729793340453,-1003.41820716858,32.119999999999997,-0.049203754298084358
59.381156546166643,700.28901099907557,-1003.41820716858,32.140000000000001,-0.049099569311523983
59.394125811134643,700.34030827195784,-1002.65550613403,32.140000000000001,-0.048902624596545964
59.407101058297513,700.66334679501915,-1002.21252441406,32.57,-0.048754828878458847
59.420078768291297,700.79633966446158,-1001.23834609985,32.57,-0.048658949219225527
59.433059368490134,700.95241073719353,-1001.64794921875,32.57,-0.048614742442082602
59.446044373843208,701.19028906593894,-1001.46698951721,32.57,-0.048613329935153902
59.459037453764189,701.62631573292447,-1001.46698951721,32.460000000000001,-0.048665002816124743
59.472029839332123,701.58882066822093,-1000.44822692871,32.460000000000001,-0.04864733355704956
59.48501396096426,701.14256813545376,-999.75180625915505,32.210000000000001,-0.048581586322186468
59.497997224744466,701.09624413114875,-999.91416931152298,32.210000000000001,-0.048395203839395023
59.510978618636983,700.99527019595484,-1001.97672843933,32.280000000000001,-0.04830669611687461
59.523965358319806,701.2839428725008,-1000.31566619873,32.280000000000001,-0.048371558594756191
59.536949031882777,701.11837240056343,-1000.31566619873,32.350000000000001,-0.048573416553713049
59.549929554470332,700.94821972782131,-998.390674591064,32.350000000000001,-0.048817385815252939
59.562908095411103,700.84121080156592,-998.25000762939396,32.140000000000001,-0.048906655154008043
59.575882420564248,700.61355826990223,-997.91169166564896,32.140000000000001,-0.048834296563179905
59.588848111323465,700.14730099787687,-996.98257446289097,32.119999999999997,-0.048633526182377713
59.601809463153096,699.91299879993267,-996.56701087951706,32.119999999999997,-0.048417855674011988
59.614778603944401,700.33360273060873,-996.32835388183605,32.159999999999997,-0.048342911112335643
59.627750219983973,700.46726613659882,-995.13506889343296,32.159999999999997,-0.048371024635908269
59.640723921151931,700.57986306985458,-994.19093132018997,32.43,-0.048517396466838475
59.653701019576602,700.76331493226155,-993.74198913574196,32.43,-0.048725252142537021
59.666676384707415,700.66971706397248,-993.74198913574196,32.390000000000001,-0.048848980416332878
59.679646609971591,700.39216426529856,-992.58089065551803,32.390000000000001,-0.048833374554524182
59.692610748525979,700.06348193711233,-992.25950241088901,32.509999999999998,-0.048723671998901499
59.705572118982666,699.91400466108826,-992.87295341491699,32.509999999999998,-0.048609105869589886
59.718531308075363,699.79621100569682,-992.85769462585404,32.159999999999997,-0.048679107179288306
59.731494036192579,699.98731832958788,-991.34993553161598,32.159999999999997,-0.048858091855498394
59.744452835164189,699.77514446701048,-991.17732048034702,32.140000000000001,-0.049070363036128342
59.75741139302589,699.76212453177664,-991.17732048034702,32.140000000000001,-0.049257079758831257
59.770370658693878,699.8003460713004,-992.13695526123001,32.560000000000002,-0.049429249224808104
59.783325624755633,699.56816733481253,-990.11445045471203,32.189999999999998,-0.049564178204548191
59.796275366097518,699.28603246174202,-990.60273170471203,32.530000000000001,-0.049622803925426895
59.809234515867921,699.79408760194826,-991.38307571411099,32.530000000000001,-0.049635601333839416
59.822191839209843,699.6954604636054,-991.27912521362305,32.509999999999998,-0.049737599781775818
59.835141036245645,699.25663993326771,-989.79806900024403,32.509999999999998,-0.049922583210570644
59.848086288612393,699.04362780451254,-989.79806900024403,32.229999999999997,-0.050067076872360124
59.861030009471634,698.96092639900883,-989.097118377686,32.539999999999999,-0.050173913024524126
59.873969363462983,698.72511553299125,-989.87436294555698,32.210000000000001,-0.050215613510888948
59.886907061769222,698.63570853667443,-990.79084396362305,32.210000000000001,-0.050274349956137887
59.899848215281516,698.82228966398554,-990.53955078125,32.210000000000001,-0.050464197992429134
59.912796060865439,699.18366153166789,-989.53270912170399,32.210000000000001,-0.050618828584363416
59.925749395043212,699.48004559972651,-989.53270912170399,32.229999999999997,-0.050826640800148572
59.938697649372884,699.20573380235385,-989.16554450988804,32.229999999999997,-0.050967849997822702
59.951642448496344,699.01915266679885,-989.73727226257301,32.280000000000001,-0.05100493733226022
59.964591638288923,699.2562487995433,-989.73727226257301,32.280000000000001,-0.051029316252851425
59.977545830317361,699.52636953533158,-987.74886131286598,32.159999999999997,-0.050962640799312314
59.990498216616047,699.42886012919359,-987.66756057739303,32.159999999999997,-0.050905391366986706
60.003451948158073,699.50150326938945,-987.66756057739303,32.100000000000001,-0.051012850470020389
60.016409733022243,699.72038266507218,-989.38703536987305,32.100000000000001,-0.051133750627213266
60.029366608295099,699.67126473421092,-989.535093307495,32.479999999999997,-0.051262206915030202
60.042316616616048,699.30044933139982,-988.21115493774403,32.479999999999997,-0.051196544533956452
60.055259687618502,698.92583413263299,-988.21115493774403,32.57,-0.051050267905424523
60.068211755197574,699.41164926977547,-987.526893615723,32.57,-0.05092824291748678
60.081161134359313,699.26647473402477,-987.14876174926803,32.57,-0.050790453743239629
60.094112149543271,699.35481993366159,-988.87515068054199,32.57,-0.050684978357198776
60.107064210913641,699.41131400012773,-988.87515068054199,32.210000000000001,-0.050622793949563642
60.12001787105303,699.49764752691715,-988.27743530273403,32.210000000000001,-0.050600010693969244
60.132968755853078,699.34777920235649,-988.91019821167004,32.189999999999998,-0.05065240379801126
60.145910371922241,698.84726773502496,-989.27092552185104,32.189999999999998,-0.050489417173176752
60.158851577176563,698.82508373343762,-989.73369598388695,32.210000000000001,-0.050316045267511246
60.171800110902495,699.22082120031564,-989.73369598388695,32.210000000000001,-0.050208423699403544
60.184754946579019,699.56112653205957,-990.52548408508301,32.420000000000002,-0.050268958631941994
60.197705935893815,699.3534229992373,-989.53294754028298,32.420000000000002,-0.050414160100731402
60.210653677996326,699.17807353565968,-988.270044326782,32.329999999999998,-0.050489478226239302
60.223610455997544,699.66601206555845,-989.10689353942905,32.329999999999998,-0.050496718741465885
60.236567343688861,699.67193533121474,-989.74943161010697,32.259999999999998,-0.050452436423808381
60.249518574112351,699.36644286851924,-991.18518829345703,32.259999999999998,-0.050282467984263751
60.262474708466705,699.63125513478258,-991.18518829345703,32.280000000000001,-0.050151434002674113
60.275445941628398,700.44659073163689,-992.26832389831497,32.280000000000001,-0.050078581811285404
60.288419746276546,700.5854509999109,-992.32578277587902,32.359999999999999,-0.050086001347518116
60.30138589959131,700.17227899746831,-992.72060394287098,32.359999999999999,-0.050109155061246927
60.314346451519683,699.86980413197955,-992.72060394287098,32.479999999999997,-0.049960913343645719
60.327307036560576,699.87159220837214,-992.01345443725597,32.479999999999997,-0.049750511016489952
60.340265788965361,699.77262985808943,-994.20332908630405,32.119999999999997,-0.04952335626626414
60.353221859161657,699.6277906002307,-994.13681030273403,32.119999999999997,-0.049337356660629925
60.366178429167881,699.65478033587328,-994.13681030273403,32.159999999999997,-0.049374647851778301
60.379136903211126,699.75759833519635,-995.42212486267101,32.159999999999997,-0.049431528895060264
60.392100755124616,700.04800332848231,-996.80233001708996,32.189999999999998,-0.049582468344588071
60.405057578658088,699.66847080765467,-996.071338653564,32.189999999999998,-0.049724535395058889
60.418017533503679,699.83756166173259,-997.35975265502896,32.509999999999998,-0.049806534208603669
60.43098320563584,700.14629513672128,-997.35975265502896,32.509999999999998,-0.049767432112771411
60.443949532798811,700.18166680042441,-998.435497283936,32.189999999999998,-0.049631252056707591
60.456917971993846,700.29571653218068,-1001.06453895569,32.490000000000002,-0.049478995303768925
60.469892089151848,700.60232653197306,-1001.00040435791,32.450000000000003,-0.049538862787798357
60.482869896417277,700.80159233311406,-1001.00040435791,32.450000000000003,-0.049742146705191108
60.495844124298777,700.60830560124975,-1000.33259391785,32.210000000000001,-0.049929026927691536
60.508812114388867,700.27146486451375,-998.05688858032204,32.210000000000001,-0.049980671868787165
60.521778715774019,700.19647479831076,-999.101161956787,32.240000000000002,-0.049895308910955158
60.534750980635849,700.50230253889799,-999.101161956787,32.240000000000002,-0.049719804276765561
60.547727099102516,700.71039719994872,-1000.1308917999301,32.359999999999999,-0.04953759204948914
60.560702411457953,700.6668671936477,-1000.67973136902,32.25,-0.049423305317860967
60.573679582319784,700.76722653881063,-1001.61123275757,32.25,-0.049446999198727769
60.586663294169107,701.12043986329115,-1002.78568267822,32.25,-0.049678315925052209
60.599645421737065,701.03488866990267,-1002.53915786743,32.140000000000001,-0.049901510485018369
60.612619311238234,700.59003306331556,-1002.68816947937,32.140000000000001,-0.05003273176616542
60.625592901681472,700.57388393462577,-1002.68816947937,32.119999999999997,-0.049990735326388598
60.638568838023467,700.70056246789147,-1004.78792190552,32.119999999999997,-0.049915210240406467
60.651537810141924,700.32449439642789,-1006.19029998779,32.530000000000001,-0.049927268797824262
60.664498668370378,699.88634433668597,-1006.78825378418,32.530000000000001,-0.050052583423291268
60.677463046999961,700.07644599727746,-1006.24680519104,32.560000000000002,-0.050357773692886174
60.690431472742013,700.2949900711003,-1006.24680519104,32.560000000000002,-0.050771617226957465
60.703394558901245,700.00665259825041,-1005.4178237915,32.549999999999997,-0.05109999018320055
60.716352916012383,699.75128400176766,-1004.29224967957,32.549999999999997,-0.051323135072317026
60.729311493535867,699.76318626800071,-1004.29224967957,32.189999999999998,-0.051375844825818466
60.742272493533299,699.89399986137403,-1003.70526313782,32.189999999999998,-0.051370711169247539
60.755236443753056,700.05331186670719,-1004.03904914856,32.43,-0.05141228126895131
60.768200368102427,700.05191486633123,-1003.9267539978,32.210000000000001,-0.051453741680382338
60.781168540318554,700.28129967076688,-1003.9267539978,32.210000000000001,-0.051588465769502288
60.794145360381492,700.74828339837666,-1002.95090675354,32.210000000000001,-0.051795288712378429
60.807126162366622,700.96330719723096,-1001.0566711425799,32.390000000000001,-0.05197348797457859
60.820097524880261,700.45357573626518,-1001.31416320801,32.390000000000001,-0.052128249986167198
60.833070654835815,700.54901759998359,-1003.44181060791,32.299999999999997,-0.05216785189171521
60.846042108411169,700.4584930693178,-1004.50682640076,32.299999999999997,-0.052201335007135252
60.859007935764275,700.15467706752975,-1005.39422035217,32.210000000000001,-0.052227683158183262
60.871971119195038,700.01190526140681,-1006.03318214417,32.210000000000001,-0.052324226126013854
60.884938791601193,700.25430993237615,-1006.12902641296,32.299999999999997,-0.052503209768111112
60.897904761756827,700.16238840408255,-1006.12902641296,32.299999999999997,-0.052670181418757338
60.9108682514889,700.02844553206523,-1006.11138343811,32.43,-0.05283240953183297
60.923828218753052,699.83823226423237,-1003.1189918518101,32.43,-0.052887011939942483
60.9367857697519,699.70775393775887,-1003.1189918518101,32.509999999999998,-0.052861833115853782
60.949749284320902,700.02978672607253,-1004.24480438232,32.509999999999998,-0.052896932595829387
60.962709460614775,699.84951986898614,-1004.24480438232,32.119999999999997,-0.052850658280744894
60.975668310291347,699.77788253498579,-1004.37927246094,32.119999999999997,-0.052876818097308438
60.988638724924677,700.40239019978037,-1004.37927246094,32.159999999999997,-0.052935581446589546
61.00161077558154,700.49073547086482,-1004.51159477234,32.159999999999997,-0.052923393538506405
61.014578474892645,700.25576279957693,-1003.51238250732,32.57,-0.052967874539562636
61.027540780811123,699.96451959782155,-1000.6275177002,32.159999999999997,-0.052973769812062914
61.040506445698746,700.14590393154879,-999.50766563415505,32.560000000000002,-0.052906413458711152
61.053470389711123,700.05297666850743,-1000.1235008239699,32.560000000000002,-0.052873713689075383
61.066436815179088,700.18697526994936,-1001.33681297302,32.560000000000002,-0.052876352436012415
61.07940537130613,700.3020308601134,-1000.4825592041,32.560000000000002,-0.052909033579047748
61.092383236521009,700.80472160351394,-999.99499320983898,32.5,-0.052933421813931507
61.105361056203726,700.80226286691368,-999.99499320983898,32.5,-0.052887188891654301
61.118328930396281,700.26520639790965,-1001.72662734985,32.210000000000001,-0.052816258329167039
61.131296791135853,700.26447993682928,-999.95207786560104,32.210000000000001,-0.052705835549811619
61.144267465504981,700.41641593296572,-999.95207786560104,32.229999999999997,-0.052622450100885926
61.157238204032105,700.41988046476968,-999.13835525512695,32.229999999999997,-0.052573662251042874
61.170209891472837,700.47112179937915,-999.48883056640602,32.280000000000001,-0.052493050072777242
61.183178616274155,700.31113927123829,-999.459266662598,32.280000000000001,-0.052438057545056718
61.196145347008702,700.20345966553919,-999.22871589660599,32.240000000000002,-0.052264562496608838
61.209112279530871,700.21435619702447,-999.04847145080601,32.240000000000002,-0.052017424668788628
61.222071649713563,699.80598986543339,-998.52514266967796,32.210000000000001,-0.051844028962498116
61.235026965538324,699.58705453697382,-997.60746955871605,32.210000000000001,-0.051777890572231852
61.247990636361664,700.03822446050174,-997.06840515136696,32.229999999999997,-0.051771991161600923
61.260954735593863,700.06135853885996,-997.06840515136696,32.229999999999997,-0.051823684738822748
61.273923947786386,700.33745839613709,-997.64037132263195,32.259999999999998,-0.051846209292272238
61.286895785274083,700.47922433560836,-996.08612060546898,32.259999999999998,-0.051853505688012572
61.299872422176605,700.73839273629085,-996.60062789917004,32.259999999999998,-0.051806676718541618
61.312844889859306,700.51325486576002,-997.90692329406704,32.259999999999998,-0.051711589718214677
61.325808118822231,700.01436399800718,-997.90692329406704,32.240000000000002,-0.051522020043153156
61.3387747067543,700.19574833173431,-997.29633331298805,32.240000000000002,-0.051442175689259614
61.351749284399979,700.62719286661513,-996.93584442138695,32.299999999999997,-0.051414326039922693
61.364726182072822,700.75247433355287,-997.52497673034702,32.299999999999997,-0.051441183312739898
61.377702144285195,700.70195946826755,-997.01547622680698,32.189999999999998,-0.051409689088133703
61.390676390793914,700.60931147064946,-997.13706970214798,32.189999999999998,-0.051365415047857042
61.403650436550699,700.5984708664447,-995.14389038085903,32.170000000000002,-0.051294872537620245
61.416622507903718,700.49185306292179,-995.14389038085903,32.170000000000002,-0.051195449713653335
61.429582734902397,699.85225792871768,-994.40860748291004,32.369999999999997,-0.051141933847346541
61.442541897090145,699.79475813849604,-994.29821968078602,32.369999999999997,-0.051060195805088325
61.455501806404897,699.8351029965803,-995.91898918151901,32.439999999999998,-0.050988424982800873
61.468454927413553,699.46853446721809,-995.91898918151901,32.439999999999998,-0.050992259962510486
61.481400355696323,699.05312726966986,-997.36642837524403,32.469999999999999,-0.050946492701223971
61.494346655283955,699.10017773230732,-995.70131301879906,32.469999999999999,-0.050951971981853021
61.507290803517229,698.98400459680249,-995.82791328430199,32.140000000000001,-0.05099394048216175
61.520234088723477,698.93740113746219,-995.82791328430199,32.140000000000001,-0.051082990442386705
61.533176970358049,698.91560826685122,-995.94426155090298,32.140000000000001,-0.051225364828991281
61.546123815286393,699.12962613035415,-996.20532989501896,32.140000000000001,-0.051320069986324719
61.559069211491412,699.05139507109391,-996.20532989501896,32.119999999999997,-0.051320622571365965
61.572013684651779,699.00155065991635,-995.87106704711903,32.119999999999997,-0.051341877421687741
61.584957879450563,698.98651913427523,-996.86360359191895,32.539999999999999,-0.051326811727525928
61.597901540291311,698.9576854004556,-996.04439735412598,32.539999999999999,-0.051496284496248781
61.610848034422283,699.11068307236008,-996.04439735412598,32.549999999999997,-0.051611174519203828
61.623796549522226,699.21981539686806,-996.010780334473,32.549999999999997,-0.051741245099126899
61.636739132097482,698.89945906396554,-995.95808982849098,32.57,-0.051866975715396467
61.649690063462984,699.35029373708142,-996.00648880004906,32.57,-0.051902819216930934
61.662643112035752,699.46462292936894,-996.34265899658203,32.189999999999998,-0.051876574547646701
61.675592192138232,699.25032553388701,-997.47896194457996,32.189999999999998,-0.051774277041160936
61.688538256825971,699.08749313816929,-997.47896194457996,32.210000000000001,-0.05172017754790454
61.701487759128412,699.27312433160546,-996.18721008300804,32.210000000000001,-0.051802536472348795
61.714437858512355,699.30536673315237,-995.27573585510197,32.490000000000002,-0.051855820541306177
61.727389342461784,699.38013326885277,-996.32382392883301,32.25,-0.051954075072731941
61.740339987186381,699.3348151284514,-997.45941162109398,32.409999999999997,-0.05205123892132367
61.753293790129625,699.50535893491781,-998.12650680542004,32.409999999999997,-0.05215583576055597
61.766246416502433,699.44182413165061,-1000.31709671021,32.25,-0.052282641537331399
61.779193943366728,699.16645067224988,-1001.70159339905,32.310000000000002,-0.052355146035622101
61.792135480791366,698.84302093027611,-1001.10793113708,32.189999999999998,-0.052429288625269958
61.805076173817255,698.79742339804341,-999.67718124389603,32.189999999999998,-0.052532342573202502
61.818023530972908,699.15728640529233,-999.67718124389603,32.359999999999999,-0.052678354290841459
61.830967862365469,698.99389519843214,-1000.17547607422,32.359999999999999,-0.052812706885373283
61.843909814747001,698.86542860251382,-1000.49185752869,32.170000000000002,-0.052918528930908204
61.856863286553072,699.4874775279601,-1002.76207923889,32.450000000000003,-0.0529985709320012
61.869817855250574,699.54670966514959,-1003.15380096436,32.119999999999997,-0.053087840270501861
61.882771281525969,699.48501887105169,-1003.15380096436,32.509999999999998,-0.053146965801910542
61.895725415606165,699.5232403308836,-1001.3899803161599,32.119999999999997,-0.053216605965120879
61.90869158030371,700.17289366719137,-999.80449676513695,32.119999999999997,-0.053252176277618198
61.921656121396275,700.08521899860648,-998.74687194824196,32.549999999999997,-0.053220576503175236
61.934616622618513,699.86706600080004,-999.35436248779297,32.140000000000001,-0.053133639610404897
61.947577369088947,699.88030940333249,-1002.20680236816,32.210000000000001,-0.053056084239834732
61.960537961374072,699.87198339705674,-1001.0449886322,32.210000000000001,-0.053052889803991303
61.973494127806177,699.63298733335853,-1000.2589225769,32.390000000000001,-0.053147193457058199
61.986448340532128,699.52748720158445,-1000.2589225769,32.390000000000001,-0.053168716323104978
61.999398121196307,699.28815586549035,-1002.05302238464,32.210000000000001,-0.053099473524249437
62.012356387244402,699.74636659726718,-1004.62913513184,32.210000000000001,-0.052995465488332207
62.025319186764207,699.99117406931225,-1004.80651855469,32.329999999999998,-0.052837066145098553
62.038282363986426,700.01157000000296,-1004.60982322693,32.170000000000002,-0.052796474968371754
62.051248113728398,700.15048606640153,-1004.60982322693,32.409999999999997,-0.052872701651333516
62.064223673401223,700.6802223325775,-1006.05344772339,32.409999999999997,-0.053025122938131636
62.077198413511162,700.6359659366442,-1006.70528411865,32.119999999999997,-0.053115872045117175
62.090170782887597,700.50794632753491,-1005.81002235413,32.479999999999997,-0.053171560996556087
62.103143054991371,700.50269360392247,-1004.34136390686,32.509999999999998,-0.05310586653528826
62.116118439783918,700.67077879744875,-1003.57294082642,32.509999999999998,-0.053011349712846399
62.129094382334515,700.70089773204325,-1004.91309165955,32.140000000000001,-0.052838181663433764
62.142069915102489,700.67876947087268,-1004.91309165955,32.140000000000001,-0.052683882207444035
62.155048332901188,700.83456112978956,-1004.31799888611,32.159999999999997,-0.052651909904096558
62.168024665572823,700.72196426798166,-1003.3302307128901,32.159999999999997,-0.052635538287718976
62.181005610360536,700.97101853653169,-1003.3302307128901,32.57,-0.052626880092455121
62.19398339175553,700.80019532998995,-1003.4041404724099,32.119999999999997,-0.052443983861450022
62.206959853776553,700.7289491352102,-1002.29907035828,32.57,-0.052211069398493563
62.219940291511186,700.94363766991273,-1003.99732589722,32.57,-0.052065027671125301
62.232925726307379,701.21347899463376,-1005.15747070313,32.189999999999998,-0.051972178948294118
62.245911459128422,701.22957233619093,-1005.15747070313,32.530000000000001,-0.052079704279381821
62.258896496560517,701.19202133321483,-1006.69145584106,32.210000000000001,-0.052261384617460861
62.271885626639438,701.41302426180198,-1007.72023200989,32.509999999999998,-0.052397033820373896
62.284866351013541,700.9591162015987,-1005.31101226807,32.240000000000002,-0.052461077769480655
62.297839077396247,700.52722466616876,-1005.31101226807,32.240000000000002,-0.052348982749177923
62.310809361644495,700.3953494052713,-1006.08158111572,32.420000000000002,-0.052157499723410009
62.323778490018512,700.332932196809,-1006.14833831787,32.229999999999997,-0.052015990432412125
62.336747721872868,700.33852013510921,-1006.09993934631,32.240000000000002,-0.052026967621797336
62.34971139166052,700.0381685332211,-1006.09993934631,32.240000000000002,-0.052086948933451484
62.362677551185207,700.17261433306817,-1005.53464889526,32.399999999999999,-0.052100385849174702
62.375641507613551,700.05364713085919,-1005.0323009491,32.399999999999999,-0.051938617187527465
62.388603710051896,699.95893167051315,-1005.0323009491,32.259999999999998,-0.051737795065817938
62.401565490290132,699.93613286455081,-1003.68595123291,32.280000000000001,-0.051543340086093008
62.414533721490123,700.28448479974747,-1003.68595123291,32.170000000000002,-0.051498079879011595
62.427509748893897,700.70547980369201,-1004.09269332886,32.170000000000002,-0.051613501789840907
62.440487607899975,700.80438632837024,-1003.97181510925,32.350000000000001,-0.051815831619910525
62.453457462704947,700.37215946833237,-1003.73983383179,32.350000000000001,-0.052134963786882531
62.466432217301268,700.6367482013452,-1002.84266471863,32.380000000000003,-0.052323460371241408
62.479401259786513,700.32829420337566,-1004.67491149902,32.380000000000003,-0.052251351169436064
62.492364820921026,700.03230126354549,-1005.56945800781,32.159999999999997,-0.051995226078938445
62.505323339460531,699.76000113352404,-1005.56945800781,32.380000000000003,-0.051793066991476344
62.518287523545759,700.06594060226462,-1005.00082969666,32.119999999999997,-0.051926149882676888
62.531257814003723,700.39568472987901,-1001.20258331299,32.119999999999997,-0.052288381589705002
62.54422611660376,700.28834040207187,-1001.71899795532,32.369999999999997,-0.052666730349707105
62.557190853274079,700.09578019724006,-1001.71899795532,32.159999999999997,-0.05287965863003357
62.570157467077799,700.19714540081043,-999.78995323181096,32.140000000000001,-0.052905955041700918
62.5831160828889,699.76525379942859,-999.59492683410599,32.140000000000001,-0.052740689780828846
62.596072620816095,699.65304806859729,-999.59492683410599,32.380000000000003,-0.052537136815023151
62.609027046709947,699.53899826814097,-998.99172782897904,32.380000000000003,-0.05237530916884435
62.621985344836972,699.74809885904722,-998.09789657592796,32.079999999999998,-0.05248884359990439
62.634947917734564,699.97893647022738,-998.70109558105503,32.460000000000001,-0.052734057729477937
62.647906521128377,699.76458326562886,-997.58291244506802,32.119999999999997,-0.052921406717292209
62.660858595950664,699.41204040349999,-997.58291244506802,32.479999999999997,-0.052937355098581433
62.673815647140763,699.68076426532025,-996.49095535278298,32.119999999999997,-0.052863480523640809
62.686772235772814,699.65578613107687,-994.640111923218,32.119999999999997,-0.052793921074715179
62.699726474367928,699.52888413600851,-994.89879608154297,32.439999999999998,-0.052896271355813998
62.712681706374127,699.5825283348978,-994.89879608154297,32.119999999999997,-0.053010427703071121
62.72564309028273,699.91473106446063,-997.26581573486305,32.100000000000001,-0.053167616326639952
62.738610346697577,700.23184640155785,-997.183799743652,32.100000000000001,-0.053312740184500912
62.751572166259272,699.93825633150334,-995.65768241882301,32.409999999999997,-0.053416887919234414
62.764528522060523,699.64321326784011,-995.65768241882301,32.409999999999997,-0.053412642122441484
62.777485169677774,699.65897133150554,-994.61627006530796,32.140000000000001,-0.053289748935744341
62.790441798666642,699.65796539890187,-995.04995346069302,32.359999999999999,-0.05321645798653199
62.803395029364182,699.47445766692226,-996.93822860717796,32.140000000000001,-0.053266000209087276
62.816341373448182,699.10258053613086,-996.42324447631802,32.390000000000001,-0.053375711043108579
62.829288537096296,699.14683699801617,-994.28677558898903,32.159999999999997,-0.053490264754211606
62.842239500540714,699.35202599886134,-995.25880813598599,32.159999999999997,-0.053361352118678748
62.85518933398027,699.29100573581525,-995.58496475219704,32.329999999999998,-0.053112034996215023
62.868136152003657,699.12817326315349,-995.58496475219704,32.140000000000001,-0.053016946960604806
62.881097212019739,699.89724086817148,-995.55802345275902,32.140000000000001,-0.053039449783639607
62.894062772393873,700.1402602033678,-991.68610572814896,32.140000000000001,-0.05321263335680531
62.907024962413551,699.95826106251752,-991.68610572814896,32.329999999999998,-0.053392756315521907
62.919977134507427,699.41729306940442,-992.08998680114701,32.329999999999998,-0.053374352347399311
62.932934217775383,699.68249646939216,-992.64287948608398,32.359999999999999,-0.053258684152277462
62.945891450055576,699.69054313055278,-992.24758148193405,32.359999999999999,-0.052938059799477098
62.958842102024668,699.33520633087585,-992.24758148193405,32.140000000000001,-0.052620075229609486
62.971797671376578,699.60074500325936,-992.07901954650902,32.369999999999997,-0.052506329698519684
62.984760186324671,699.97580719707946,-992.92349815368596,32.159999999999997,-0.052655345449597275
62.997728845932102,700.30761880116165,-992.44856834411598,32.159999999999997,-0.052958278813009546
63.010692367744525,700.03017787078909,-992.47527122497604,32.409999999999997,-0.053109977808459941
63.023660747955539,700.2925313949562,-992.47527122497604,32.140000000000001,-0.052941065902464508
63.036632461266649,700.47251879975533,-993.08419227600098,32.07,-0.052656044976621033
63.049605902698808,700.56583733666923,-992.75708198547397,32.07,-0.052200755518723399
63.062573549234536,700.25291292925226,-992.66862869262695,32.490000000000002,-0.051840002545507559
63.075540455886376,700.21295919939655,-992.66862869262695,32.490000000000002,-0.051697864093263476
63.088511947749403,700.4605606034936,-992.29669570922795,32.140000000000001,-0.051707916168295814
63.101478783000033,700.20910353386796,-992.24567413330101,32.539999999999999,-0.051796292471925236
63.114430006179035,699.36605166609479,-991.80626869201706,32.590000000000003,-0.051757409753961578
63.127377929372862,699.18785246684411,-991.80626869201706,32.590000000000003,-0.051476510447761387
63.140331659880268,699.5014473998167,-990.98801612854004,32.140000000000001,-0.051110223349245788
63.15328648934819,699.56079126790769,-992.08259582519497,32.140000000000001,-0.050764816503107574
63.166240344030911,699.50815286696991,-993.29853057861305,32.590000000000003,-0.050632257220822909
63.179202195670356,699.93998853007929,-993.211269378662,32.159999999999997,-0.050770970474292319
63.192170485854327,700.28766993422414,-993.33667755126896,32.57,-0.050957947969248678
63.205138164469176,700.25464520202411,-994.23551559448197,32.159999999999997,-0.051034510963095574
63.218102822493798,700.09153332928713,-994.23551559448197,32.539999999999999,-0.050847376178769103
63.231064485800076,699.92981853936624,-996.69742584228504,32.539999999999999,-0.050573092367987703
63.244035394034526,700.42904466027892,-996.95038795471203,32.539999999999999,-0.050373013234487542
63.257007218069141,700.47849786903203,-994.31133270263695,32.539999999999999,-0.050313408589105206
63.269971161045731,700.05292073573071,-994.31133270263695,32.210000000000001,-0.050405011408670347
63.282932798481532,699.92842153349409,-995.66435813903797,32.530000000000001,-0.050486597335481262
63.295890479865463,699.71479473226782,-994.73786354064896,32.189999999999998,-0.050498932185394245
63.308841748576576,699.3685103999469,-994.32611465454102,32.189999999999998,-0.050300838838486558
63.321782513003726,698.80127906631969,-994.32611465454102,32.479999999999997,-0.049879508505608593
63.334727083435787,699.00680333131675,-995.96667289733898,32.210000000000001,-0.049586539259726843
63.347678807460504,699.39309733451398,-998.23045730590798,32.210000000000001,-0.049486801855442165
63.360634331281531,699.59828633535915,-998.29435348510697,32.210000000000001,-0.049612817044488416
63.373589199035798,699.56285873063541,-999.40466880798294,32.369999999999997,-0.049873543902715811
63.386545769042016,699.65478033587328,-999.40466880798294,32.369999999999997,-0.049969256957981142
63.399502138296306,699.64393973166841,-999.21727180481003,32.32,-0.049901322150228578
63.412453212465408,699.35800513134222,-1001.20854377747,32.32,-0.049715439478323332
63.425399849398808,699.11839440341691,-1001.20854377747,32.25,-0.049455801231701874
63.438350806633409,699.35169066875756,-1001.5127658844,32.280000000000001,-0.04937113883531178
63.45130854596669,699.71792399717185,-1002.10523605347,32.299999999999997,-0.049541195232612682
63.464262731787649,699.52603433163574,-1002.80427932739,32.299999999999997,-0.04980752658558138
63.477214975282742,699.42114873493279,-1001.68609619141,32.189999999999998,-0.050051715224633649
63.490169900986466,699.56598800103552,-1001.68609619141,32.350000000000001,-0.050076298001375939
63.503131110014834,699.90528753207991,-1002.11882591248,32.420000000000002,-0.049904741139797176
63.516092266266661,699.90243759855116,-1001.84082984924,32.420000000000002,-0.049739669387586817
63.529053065512414,699.88315927090935,-1001.87158584595,32.119999999999997,-0.04955026838532961
63.542023220409845,700.38836446109894,-1001.59406661987,32.119999999999997,-0.049561414246755794
63.554996642180278,700.56477560319286,-1001.59406661987,32.479999999999997,-0.049647995166197521
63.567970089820982,700.56617259807308,-1001.9805431366,32.100000000000001,-0.049833759871889406
63.580939529670324,700.34975186479448,-1002.25925445557,32.509999999999998,-0.049948964474246224
63.593908956067914,700.34902546966623,-1002.63643264771,32.140000000000001,-0.049910934434851111
63.606880578316023,700.46760139800267,-1004.79292869568,32.560000000000002,-0.049790610662968277
63.619850258239545,700.36271586999987,-1005.42545318604,32.560000000000002,-0.049788121961471789
63.632818223495043,700.27012379691428,-1007.44962692261,32.159999999999997,-0.049939486715992937
63.645786617158024,700.29325780107638,-1009.49025154114,32.579999999999998,-0.050239471924953642
63.658758766121004,700.49604400084593,-1010.2500915527301,32.549999999999997,-0.05053298651291397
63.671724398930877,700.14417173297295,-1009.48596000671,32.549999999999997,-0.050736249734768181
63.684686601369116,699.9589316650173,-1007.16829299927,32.189999999999998,-0.050887970461040384
63.697654234451811,700.25218646542373,-1007.16829299927,32.189999999999998,-0.050932049957728293
63.710623212779005,700.32482966882378,-1005.70201873779,32.159999999999997,-0.050887788334896884
63.723590859316111,700.25291300344827,-1006.34574890137,32.159999999999997,-0.050933557666037493
63.736559571698812,700.31046866599058,-1006.34574890137,32.509999999999998,-0.050952229648765543
63.749538593822237,700.86719466506099,-1006.08229637146,32.240000000000002,-0.051038292133163306
63.762522007649416,701.10434666737785,-1004.63461875916,32.469999999999999,-0.051093709965368279
63.775504790246913,701.07026026490576,-1002.13599205017,32.469999999999999,-0.051104826852857319
63.788487177549399,701.04891433438809,-1002.13599205017,32.210000000000001,-0.051130552051305421
63.801473794091379,701.27729326667622,-1003.20792198181,32.399999999999999,-0.051100240606285284
63.814461352303688,701.32814346481337,-1003.3073425292999,32.369999999999997,-0.051096687092637427
63.827443694075292,701.04645566648776,-1001.15132331848,32.369999999999997,-0.051156816383185803
63.840422241224758,700.84154607121377,-1001.15132331848,32.259999999999998,-0.051278278438694695
63.853403375380203,700.98124439406945,-1001.6617774963401,32.259999999999998,-0.051452535100120378
63.866390004340793,701.2779638719237,-1004.50134277344,32.229999999999997,-0.051457775342676461
63.879369870862966,700.91279219729381,-1007.08556175232,32.229999999999997,-0.051296410253877642
63.892347716416012,700.80365986454183,-1006.61396980286,32.229999999999997,-0.051146519059958415
63.90533528808146,701.32886993413763,-1004.64391708374,32.32,-0.05109922546539071
63.918321254766653,701.24220100030027,-1004.64391708374,32.189999999999998,-0.051218300229582576
63.931300062686383,700.85562766572787,-1003.60822677612,32.189999999999998,-0.051311524584318313
63.944274659992523,700.62825453139135,-1004.4960975647,32.32,-0.051205742896460078
63.957250134812426,700.67564027466869,-1007.06434249878,32.140000000000001,-0.051057671920346832
63.970230411117264,700.9349204612123,-1008.27813148499,32.380000000000003,-0.050744333614219872
63.983203494507407,700.5465030680067,-1003.20339202881,32.119999999999997,-0.050532515677338921
63.996173623535832,700.38696753491877,-1002.7604103088401,32.450000000000003,-0.050400891858779391
64.00914896797039,700.66859946641966,-1002.7604103088401,32.450000000000003,-0.050296360213284722
64.022126502046888,700.78684013060422,-1002.67553329468,32.469999999999999,-0.050325446450780915
64.035098196732164,700.47151300455164,-1001.87873840332,32.469999999999999,-0.050268059389086017
64.048067193685199,700.32583546402736,-1000.17762184143,32.119999999999997,-0.050131615458124945
64.061044559090163,700.77773186787147,-1000.17762184143,32.479999999999997,-0.049977556078086793
64.074022594011083,700.81388573032348,-1000.75840950012,32.119999999999997,-0.04977043821504637
64.086995463197539,700.53493606867357,-1000.0827312469499,32.119999999999997,-0.049613391359486357
64.099970308856811,700.64166560034971,-1000.28848648071,32.100000000000001,-0.049545241312759163
64.1129498307901,700.89418439795554,-1000.32639503479,32.100000000000001,-0.049564916019038313
64.125928592143268,700.85311307054701,-1000.32639503479,32.100000000000001,-0.049673684147186023
64.13890246922719,700.58936253226386,-998.79431724548294,32.100000000000001,-0.049770359570157761
64.151872454418523,700.37920033154148,-999.14979934692406,32.549999999999997,-0.049872447012456814
64.164842726249375,700.39467886597549,-1000.57291984558,32.549999999999997,-0.049904999840313637
64.177808248334571,700.13819260049206,-1000.53977966309,32.140000000000001,-0.04986071855651452
64.190763843556752,699.60214199813959,-999.27258491516102,32.549999999999997,-0.049788321678728903
64.203716515460499,699.44428280229897,-998.65412712097202,32.579999999999998,-0.049755916827476307
64.216669791688929,699.47691633482259,-1000.09608268738,32.579999999999998,-0.049741466839898392
64.229620879308669,699.35873146601455,-1000.09608268738,32.189999999999998,-0.049687696413597562
64.242564930270404,698.97875193364598,-999.91154670715298,32.189999999999998,-0.049585818002339285
64.25551612758025,699.36465473167073,-998.15177917480503,32.560000000000002,-0.049511705422166291
64.268470691102451,699.54643019912248,-996.62566184997604,32.170000000000002,-0.049532237979359232
64.281423089818588,699.42953067123722,-996.62566184997604,32.170000000000002,-0.049561921299535995
64.294371902943212,699.23590873018122,-995.41497230529797,32.170000000000002,-0.04961836151814266
64.30732462141232,699.44679733152793,-994.62342262268101,32.590000000000003,-0.049655992123227098
64.320281054824704,699.64740426896833,-994.81868743896496,32.590000000000003,-0.049655763432643503
64.33324082754568,699.82772693242339,-994.96340751647904,32.210000000000001,-0.049680750816601491
64.34619835888391,699.70669226473865,-993.29209327697697,32.539999999999999,-0.049702993904803448
64.35916007392963,699.93261246867041,-993.30592155456497,32.189999999999998,-0.049689858116567696
64.372127493843152,700.24067533016751,-993.30592155456497,32.57,-0.049717966466115746
64.385086123107442,699.76598027150078,-994.40383911132801,32.170000000000002,-0.049751030488343853
64.398038307618506,699.41796359770808,-994.52829360961903,32.170000000000002,-0.049829785194432187
64.410995624753056,699.69512526540541,-993.02387237548805,32.549999999999997,-0.049922054426968628
64.423951473501276,699.61583240396908,-993.02387237548805,32.229999999999997,-0.050015788939214822
64.436903581437051,699.4138285321045,-994.11725997924805,32.189999999999998,-0.050162025210019175
64.449850698518532,699.14432240008716,-994.12441253662098,32.189999999999998,-0.050242837103455479
64.462793912324699,698.93354553238976,-992.82526969909702,32.479999999999997,-0.050333911138655284
64.475742315666665,699.21378046626251,-992.82526969909702,32.479999999999997,-0.050406789199607102
64.488688543853087,699.09632206677884,-993.53528022766102,32.189999999999998,-0.050305998367012376
64.501628710164255,698.76898080344415,-995.77903747558605,32.460000000000001,-0.05025530440917117
64.514574457166646,699.07033812908787,-995.77903747558605,32.210000000000001,-0.050197283012612608
64.527527830666756,699.48216900622288,-995.28622627258301,32.490000000000002,-0.05019080928571152
64.540478411234531,699.3313506598513,-994.42934989929199,32.210000000000001,-0.050327471561446145
64.553423345917253,699.0264728668792,-992.44880676269497,32.210000000000001,-0.050391265088180606
64.566373276627175,699.29625833576767,-992.82813072204601,32.439999999999998,-0.050513028270108305
64.579323499153048,699.31201639668495,-993.92223358154297,32.240000000000002,-0.050579259793020526
64.592267634967911,698.98333400254671,-993.92223358154297,32.210000000000001,-0.050566482046847931
64.605214311223492,699.12051780166928,-993.85404586792004,32.210000000000001,-0.050635789002427621
64.618166905517327,699.44009186712276,-995.16606330871605,32.43,-0.050718892986207562
64.631124586901151,699.71479472677186,-995.82052230834995,32.43,-0.050859973868041627
64.644080299056824,699.60845640576417,-995.82052230834995,32.350000000000001,-0.050955918720758143
64.657030834092581,699.32889193149515,-995.19228935241699,32.350000000000001,-0.050940320102522793
64.669987806637039,699.67651740011536,-994.99750137329102,32.240000000000002,-0.050949515360957716
64.682949638614801,699.93892679935107,-995.38779258728005,32.299999999999997,-0.050927863145721369
64.695907540412392,699.72669706994895,-994.81225013732899,32.280000000000001,-0.050870680974341283
64.708865228006189,699.71513006511964,-995.20325660705601,32.280000000000001,-0.050857541048127557
64.721829828081454,700.08840406438321,-996.83165550231899,32.159999999999997,-0.05088995417742255
64.734798721555578,700.32024760267097,-996.83165550231899,32.359999999999999,-0.051061693165501035
64.747759728796325,699.89439100059462,-997.28894233703602,32.43,-0.051265611417248565
64.760713109539509,699.48256013170351,-998.75116348266602,32.43,-0.051356626467458796
64.773668159419771,699.57269353414074,-998.82626533508301,32.100000000000001,-0.05141368756570705
64.786622156906148,699.51586426397876,-998.82626533508301,32.100000000000001,-0.051432145345049078
64.799574634266705,699.4337774704901,-999.13048744201706,32.119999999999997,-0.051435839590659144
64.812527715953124,699.46641106621769,-997.98011779785202,32.119999999999997,-0.051454890312057557
64.825482440904906,699.55514739683076,-1000.47397613525,32.509999999999998,-0.051454545721857814
64.838446624991363,700.06594066821663,-1000.47397613525,32.119999999999997,-0.051535828453311831
64.85141069110864,700.0595703333114,-1002.50577926636,32.579999999999998,-0.051574580784563548
64.864378461821062,700.25961847060125,-1000.04291534424,32.579999999999998,-0.051555933636980446
64.877348823680336,700.39954040090333,-999.32241439819302,32.170000000000002,-0.05150618238628505
64.890324278838307,700.67457853020039,-999.32241439819302,32.579999999999998,-0.051435456714265262
64.903297460534617,700.55181160073573,-999.664306640625,32.530000000000001,-0.051308813401546076
64.916266640648217,700.33572613435717,-999.24898147582996,32.530000000000001,-0.051196273416147402
64.929239283212311,700.5226984613447,-999.24898147582996,32.210000000000001,-0.0510519080692311
64.942209197001262,700.37534460280904,-1001.17945671082,32.210000000000001,-0.05085192413716233
64.955175738367871,700.1932337970095,-1003.0996799469,32.240000000000002,-0.050714114266765982
64.968144119613612,700.29258727002468,-1003.8514137268101,32.240000000000002,-0.050618377410519409
64.981115222391338,700.43954999758387,-1002.7451515197801,32.32,-0.050561823364237139
64.994082258393846,700.21994413532479,-1003.5924911499,32.280000000000001,-0.050485779841735266
65.007041965922298,699.82420653654287,-1004.90021705627,32.229999999999997,-0.050408610453205244
65.020000329240773,699.75161919721961,-1004.90021705627,32.229999999999997,-0.050381310283670426
65.032960595562955,699.85438139841813,-1004.7214031219499,32.310000000000002,-0.050365468486890573
65.045922986335739,699.96910172992625,-1006.22248649597,32.189999999999998,-0.050400449997650379
65.058888385279019,700.13154293695959,-1006.89244270325,32.159999999999997,-0.050452856552945145
65.07185423229258,700.15573873230596,-1005.73992729187,32.159999999999997,-0.050568659271484691
65.084823704220995,700.35148413481841,-1005.52010536194,32.390000000000001,-0.050763188756949809
65.097790252830876,700.19362493348194,-1005.52010536194,32.390000000000001,-0.050840717221757585
65.110746420298767,699.63304326613502,-1005.15246391296,32.460000000000001,-0.05082153094267599
65.123702776101297,699.64321333654016,-1007.99298286438,32.460000000000001,-0.050667249080242532
65.136664342135887,699.92456586796584,-1006.06369972229,32.119999999999997,-0.050431257113797624
65.149623523983948,699.79581979502825,-1006.06369972229,32.520000000000003,-0.050306371930894822
65.162583426055576,699.83471186835175,-1002.5007724762,32.100000000000001,-0.050302487280488195
65.175550891500038,700.24313400081564,-1003.35502624512,32.100000000000001,-0.050360145461009913
65.188523201892608,700.50476119855432,-1003.35502624512,32.560000000000002,-0.050536391014572551
65.201492090192559,700.3199681970998,-1004.4670104980499,32.159999999999997,-0.050599160086476122
65.214458157618509,700.16764100128682,-1004.35590744019,32.210000000000001,-0.050588113565426189
65.227426525412326,700.29186086665231,-1005.41615486145,32.210000000000001,-0.050480293316260645
65.240398621600036,700.49319413601722,-1006.57606124878,32.590000000000003,-0.050367735738985037
65.253375733477796,700.76404139883789,-1006.57606124878,32.590000000000003,-0.050344767254705096
65.266345433062995,700.36377760072799,-1007.65585899353,32.140000000000001,-0.050372305428912509
65.279312248651777,700.20804179489585,-1007.32660293579,32.560000000000002,-0.050550935168705693
65.292278010812367,700.15115667164935,-1007.32660293579,32.210000000000001,-0.050832530897301165
65.305238823509882,699.8838856660376,-1006.68358802795,32.479999999999997,-0.050993087804814527
65.318192014885128,699.47233426317382,-1006.9441795349099,32.229999999999997,-0.05108860735309749
65.331147702203722,699.60711520351276,-1007.97605514526,32.229999999999997,-0.051106072754647583
65.344106363546871,699.76771253053278,-1008.01849365234,32.210000000000001,-0.051068844687789848
65.357066611242004,699.85337553726254,-1007.47609138489,32.210000000000001,-0.051074022840931432
65.370025220844468,699.76491853252867,-1007.47609138489,32.210000000000001,-0.051090973946433312
65.382988722995108,700.0291161345649,-1005.33056259155,32.210000000000001,-0.051202923059019037
65.39595889031115,700.38903506634665,-1005.33056259155,32.359999999999999,-0.051360680825087893
65.408930005506122,700.44022052863556,-1005.34057617188,32.359999999999999,-0.051409080625072261
65.421899627480286,700.35958660509573,-1004.46891784668,32.259999999999998,-0.051369653600211521
65.434874218577775,700.62791926449165,-1001.99580192566,32.189999999999998,-0.051242827126727113
65.447849471949453,700.66368207016308,-1001.99580192566,32.259999999999998,-0.051160332642360563
65.460822472555606,700.54203273275516,-1001.90162658691,32.25,-0.051166696680530907
65.473786169249479,700.03962146912181,-1001.22976303101,32.259999999999998,-0.051194266933405723
65.486751860007431,700.14730092917694,-1003.84473800659,32.259999999999998,-0.051267249509369041
65.49971993495187,700.27604699936637,-1003.84473800659,32.159999999999997,-0.051392656232809406
65.512687445928378,700.24559273191994,-1004.85944747925,32.329999999999998,-0.051456981648334142
65.52565279209756,700.12869313533486,-1002.10976600647,32.329999999999998,-0.051594411746507085
65.538623102216079,700.3967464001513,-1002.1958351135301,32.329999999999998,-0.051670756397005316
65.551593802455628,700.41781293608983,-1002.1958351135301,32.140000000000001,-0.051776157277560422
65.564557531227152,700.04135366220169,-1003.66902351379,32.140000000000001,-0.051867964987084146
65.577516921071634,699.80705160165746,-1003.67331504822,32.460000000000001,-0.051901789588584345
65.590483060934531,700.17155259684387,-1001.63006782532,32.119999999999997,-0.051984441362473668
65.603449330148109,700.17853753277234,-1002.45189666748,32.460000000000001,-0.05210460577599741
65.616414663898709,700.12802253283508,-1002.4452209472699,32.119999999999997,-0.052234731199624296
65.629376950156782,699.96345793579326,-1001.62029266357,32.520000000000003,-0.052421739738677239
65.64234003010742,700.00631733409864,-1000.74005126953,32.520000000000003,-0.052595292735304749
65.655303863395062,700.04699753327861,-1000.08225440979,32.119999999999997,-0.052774712029986508
65.668269080213577,700.12170819940638,-1000.08225440979,32.549999999999997,-0.052799862912520666
65.681233946234514,700.10276513042027,-1000.40078163147,32.57,-0.052710333839441605
65.694209070255567,700.65669713698264,-1000.58221817017,32.57,-0.052675654490485647
65.707193399882755,701.15379986788707,-1000.98133087158,32.189999999999998,-0.052624113029678024
65.720181250944449,701.34395733209919,-1000.98133087158,32.189999999999998,-0.052667120471353669
65.733163910399981,701.06361059862525,-1000.57363510132,32.159999999999997,-0.052767381484910447
65.746149656672841,701.23029873406745,-999.11189079284702,32.159999999999997,-0.052893611911760882
65.759130282742007,700.95380773482168,-998.18897247314396,32.609999999999999,-0.052953953337927621
65.772100027858031,700.36623626588016,-998.12555313110295,32.210000000000001,-0.052817503196946253
65.785070513892578,700.40624586530873,-998.42190742492699,32.579999999999998,-0.052554389047503612
65.798048099709874,700.78963413410452,-1002.5875568389901,32.579999999999998,-0.052351515946837957
65.81102472419505,700.73772219974308,-1002.5875568389901,32.170000000000002,-0.052304590741008565
65.823995859051806,700.44128226485986,-1000.95200538635,32.600000000000001,-0.052357787886729616
65.836962720172863,700.21050053699207,-998.52466583251896,32.590000000000003,-0.052399083764810082
65.84992620266172,700.0280543983406,-998.30341339111305,32.590000000000003,-0.052357205292671502
65.862890873104959,700.09220393453484,-998.30341339111305,32.159999999999997,-0.052185673266848358
65.87585201693949,699.90176706475143,-998.14772605895996,32.159999999999997,-0.051909528879413844
65.888813426718514,699.91612806758462,-996.00076675415005,32.159999999999997,-0.051628872752470599
65.901782230164173,700.3153860649951,-996.82497978210404,32.159999999999997,-0.051555686320050864
65.914751039818569,700.31572133739087,-996.82497978210404,32.579999999999998,-0.051602870226498489
65.927709096835827,699.73507893205726,-996.97375297546398,32.140000000000001,-0.051670901269744385
65.940658612590227,699.27385073772575,-996.01650238037098,32.560000000000002,-0.051678758528110359
65.953610595316064,699.40706719537877,-996.13022804260197,32.560000000000002,-0.051574837415989241
65.966564008138221,699.48429239623135,-995.74971199035599,32.159999999999997,-0.051357849604161759
65.979515270640732,699.36817513579524,-995.74971199035599,32.57,-0.051116499428642083
65.992472536034569,699.6923312674013,-996.73390388488804,32.140000000000001,-0.050841254285539324
66.005437129901296,700.08806880297925,-999.80235099792503,32.549999999999997,-0.05075807476124481
66.018399176083975,699.9504938646362,-999.10306930542004,32.140000000000001,-0.05080930785088985
66.031356616359318,699.70177486848195,-999.10306930542004,32.140000000000001,-0.050937742408241206
66.044309983650578,699.48183372833114,-997.41196632385197,32.170000000000002,-0.050973171988521873
66.057257224908653,699.15102793594042,-996.16456031799305,32.170000000000002,-0.050782869672587695
66.070203719039469,699.11068306411607,-996.58799171447697,32.590000000000003,-0.050485537697405367
66.083146822120952,698.92756639990887,-998.26121330261196,32.189999999999998,-0.050229238758857521
66.096092678813548,699.07626140024001,-999.42779541015602,32.549999999999997,-0.050126316232462186
66.109040609250599,699.18824360056863,-999.75514411926304,32.549999999999997,-0.050233422467559068
66.121988824258082,699.20361040410148,-998.83651733398403,32.159999999999997,-0.050337879608025986
66.13493024475062,698.83670659684731,-997.28465080261196,32.490000000000002,-0.050456664628571707
66.147868169679001,698.64794613301126,-996.787071228027,32.399999999999999,-0.050422420931894911
66.160811454885149,698.937401131966,-995.93901634216297,32.399999999999999,-0.050293206133082427
66.173759936872827,699.21802733421532,-996.48022651672397,32.259999999999998,-0.050144712957723887
66.186708561661703,699.22573859932015,-996.48022651672397,32.259999999999998,-0.050157462763614158
66.199667853200069,699.80174307167636,-998.65579605102505,32.280000000000001,-0.050346757181972665
66.212630094960488,699.96105506326967,-997.891664505005,32.280000000000001,-0.050670094787450243
66.225590511328377,699.86248386594741,-997.41554260253895,32.170000000000002,-0.050876104375321689
66.238544853403724,699.53447206881276,-996.665000915527,32.329999999999998,-0.050931954755635347
66.251497778834633,699.45797326858451,-996.665000915527,32.140000000000001,-0.050851104573562234
66.26445025619509,699.43377746499414,-998.07620048522904,32.140000000000001,-0.050724795501059856
66.277401303458021,699.35655219818943,-999.76348876953102,32.369999999999997,-0.050550620587929931
66.290348954498754,699.17315619985891,-999.76348876953102,32.140000000000001,-0.050425855442672134
66.303299151154292,699.31061939905692,-1002.2394657135,32.420000000000002,-0.050489630343213278
66.316251420519762,699.42254573530874,-999.21393394470203,32.100000000000001,-0.050631417996713099
66.329206366919692,699.56710559584042,-999.21393394470203,32.5,-0.050812427781603754
66.34216149441113,699.57688453801688,-999.01270866393997,32.5,-0.050792201526075519
66.355118006467904,699.65165106547329,-999.50027465820301,32.600000000000001,-0.050596920772831983
66.368073874877709,699.61689412920134,-1001.42407417297,32.600000000000001,-0.050493784041625737
66.381022428265467,699.22188293928775,-1001.34825706482,32.159999999999997,-0.050529596498402073
66.393968857203717,699.10716266548752,-1001.1737346649199,32.609999999999999,-0.05065045629868159
66.406920678500072,699.39835000316634,-1004.21643257141,32.189999999999998,-0.050800429242983017
66.419868439228424,699.17907933086326,-1005.45191764832,32.189999999999998,-0.050918765158368386
66.432815419717301,699.13694639913433,-1003.0579566955601,32.549999999999997,-0.051041769070199097
66.445761875560549,699.10861553543623,-1003.0579566955601,32.189999999999998,-0.051167684917495092
66.458714293937092,699.43059233326551,-1001.97744369507,32.189999999999998,-0.051311633239038007
66.471666563302449,699.42254572981278,-1003.0357837677,32.189999999999998,-0.051528941839371546
66.484622659369137,699.62918760060666,-1004.36663627625,32.450000000000003,-0.051779246165042855
66.497578046595052,699.59091019975426,-1004.6374797820999,32.450000000000003,-0.051979723697010642
66.510540438402501,699.96915760224692,-1004.6374797820999,32.409999999999997,-0.052184691238479575
66.523511878524729,700.45776659999353,-1004.44507598877,32.409999999999997,-0.052219250548620082
66.536482578764179,700.41781293059364,-1003.58915328979,32.229999999999997,-0.052231193209118842
66.549449561991352,700.21709426774805,-1002.54249572754,32.390000000000001,-0.052269928984285771
66.562422289409852,700.52728059894548,-1002.81047821045,32.210000000000001,-0.05236579001778377
66.575397231306198,700.64686240217759,-1004.80890274048,32.210000000000001,-0.052432014297122652
66.588366255164232,700.32728833397618,-1004.80890274048,32.399999999999999,-0.052556023001188112
66.601334902354367,700.30694826736203,-1006.59012794495,32.240000000000002,-0.052604301728295083
66.614306758467947,700.4802301335601,-1007.0161819458,32.399999999999999,-0.052680599812877447
66.62728172002592,700.64792413015778,-1009.36675071716,32.240000000000002,-0.052749693600863276
66.640252504083932,700.42233913266978,-1008.3224773406999,32.299999999999997,-0.05280362959488194
66.65321987225802,700.23788140086322,-1008.3224773406999,32.299999999999997,-0.05288985661293559
66.666188083796328,700.28342306901925,-1007.79175758362,32.240000000000002,-0.053100979162246542
66.67915580173333,700.25676859752855,-1008.71181488037,32.240000000000002,-0.053193423276233588
66.692126599244475,700.42306560199415,-1009.39106941223,32.310000000000002,-0.05325650899835991
66.705098150091374,700.46374573247431,-1009.39106941223,32.140000000000001,-0.053153715820289028
66.718079126956781,700.9727507323596,-1010.64658164978,32.380000000000003,-0.053103599282684912
66.731061988199983,701.07450713285857,-1006.49333000183,32.380000000000003,-0.053113956624912917
66.744039971381483,700.8110918010193,-1004.76789474487,32.119999999999997,-0.053221359848399735
66.757012418367879,700.51213726545916,-1004.69541549683,32.530000000000001,-0.053347199119796108
66.769988491303664,700.70793853204827,-1004.69541549683,32.549999999999997,-0.05343852668158957
66.78296294580737,700.62054320033474,-1006.8118572235099,32.549999999999997,-0.053422623831289158
66.795931476065462,700.30063393668127,-1006.8118572235099,32.159999999999997,-0.053325527244406278
66.808903916841984,700.51180193260734,-1007.13539123535,32.159999999999997,-0.053123795529908729
66.821880158450625,700.71704686622923,-1006.64353370667,32.57,-0.052946735586567005
66.834856009938278,700.69598033303873,-1005.50556182861,32.210000000000001,-0.052919070132159018
66.847827191361759,700.44379686828472,-1006.31928443909,32.420000000000002,-0.052981282480687147
66.860799943614794,700.5286216637968,-1006.56032562256,32.259999999999998,-0.053032911899709045
66.873771696248184,700.47464220350378,-1006.56032562256,32.189999999999998,-0.053020928883162038
66.886744565433318,700.53493599722549,-1006.99424743652,32.189999999999998,-0.052892296677237223
66.899709997491371,700.13333113426415,-1007.93528556824,32.140000000000001,-0.052725717217277444
66.912673635201216,700.03643633189711,-1008.30841064453,32.140000000000001,-0.052565306218142642
66.925635454761689,699.93825626555122,-1007.5376033783,32.460000000000001,-0.052504665734596979
66.938597742054327,699.96351380261808,-1006.65092468262,32.100000000000001,-0.05247634421628463
66.951551602946921,699.50848819982173,-1006.65092468262,32.560000000000002,-0.052584854678893816
66.964505002316045,699.48356593240305,-1007.11846351624,32.560000000000002,-0.052612437347941667
66.977458492749378,699.4884834001075,-1005.48577308655,32.170000000000002,-0.052577917360296357
66.990410672086469,699.41768420312894,-1004.6706199646,32.549999999999997,-0.052348883408394553
67.003362141549403,699.3793509986557,-1004.6706199646,32.490000000000002,-0.052100447937316975
67.016323727245734,699.92562760144199,-1003.11613082886,32.490000000000002,-0.051967405403691339
67.029288528072826,700.09924466309189,-1001.98769569397,32.189999999999998,-0.052031367602772112
67.04225427781607,700.15048613510146,-1000.41913986206,32.189999999999998,-0.05213978079501181
67.055221125483939,700.20977406491977,-1000.41913986206,32.259999999999998,-0.052285250276829121
67.068195216771613,700.60092953434491,-999.75943565368596,32.259999999999998,-0.052381385531543312
67.081169158013637,700.59282706956367,-999.51791763305698,32.280000000000001,-0.052366813437585848
67.094143340364198,700.6058469306015,-1001.68442726135,32.280000000000001,-0.052231699228142442
67.10711036291363,700.21921766874846,-1003.24034690857,32.159999999999997,-0.052082803513539416
67.120078809351838,700.29610766315727,-1003.24034690857,32.159999999999997,-0.052057204559754169
67.133048489275254,700.36271586450368,-1001.59478187561,32.189999999999998,-0.052281865435171354
67.146013789913539,700.12623446743441,-999.13120269775402,32.189999999999998,-0.052487143418471195
67.158973959998804,699.84918460483436,-998.86488914489701,32.170000000000002,-0.052652086854739703
67.171938097518535,700.06342606479177,-998.86488914489701,32.170000000000002,-0.052619580593460308
67.184899027149413,699.89020006816622,-999.91893768310501,32.280000000000001,-0.052461658294346222
67.197854570630852,699.59934799738744,-998.10981750488304,32.280000000000001,-0.052314694556795577
67.210805086004996,699.32783020351485,-997.18642234802201,32.329999999999998,-0.052222214224890928
67.223760116224696,699.57163186386845,-997.64895439147904,32.329999999999998,-0.052111869056667509
67.236718291209954,699.74144920375863,-997.64895439147904,32.329999999999998,-0.052162332252900581
67.249677849727178,699.81615993034234,-999.75824356079102,32.329999999999998,-0.052279725464091695
67.26263405548147,699.63511073161089,-999.21894073486305,32.140000000000001,-0.052436262161428798
67.275592029716009,699.73060866550577,-996.44637107849098,32.140000000000001,-0.052526003370940447
67.288551120501282,699.79090240426763,-995.04733085632301,32.119999999999997,-0.052546620782228069
67.301508976767934,699.72423839930059,-995.27955055236805,32.119999999999997,-0.052556783581834202
67.314460693548156,699.39270613208953,-995.15247344970703,32.079999999999998,-0.052580504367089387
67.327418692617286,699.73194973310524,-995.15247344970703,32.079999999999998,-0.052586870475215604
67.340385429561806,700.20379500388685,-994.23503875732399,32.509999999999998,-0.052626952529715214
67.353353836676547,700.29398419620486,-995.40781974792503,32.509999999999998,-0.052710865726501653
67.366320080021012,700.1771406010962,-997.81513214111305,32.549999999999997,-0.052899232961976302
67.37929270913213,700.52197200026433,-996.64163589477505,32.549999999999997,-0.05310999540003155
67.392262077580256,700.34589619926612,-993.87335777282703,32.549999999999997,-0.053284640113198813
67.405225293090155,700.01363753417877,-994.75598335266102,32.549999999999997,-0.053409629812080001
67.418182623676614,699.69585166877789,-995.85533142089798,32.189999999999998,-0.05341926693057527
67.431139479287637,699.6702029952387,-995.85533142089798,32.189999999999998,-0.053352908127564248
67.444102416435783,699.99860600029376,-996.23012542724598,32.170000000000002,-0.053244099641739852
67.457061786618539,699.80598986818131,-994.93360519409202,32.170000000000002,-0.053183691989452865
67.470021676271656,699.83404126860012,-993.82662773132301,32.390000000000001,-0.053213993086576518
67.482984118783961,699.97189566472639,-992.82121658325195,32.259999999999998,-0.053366205343911413
67.495945528563041,699.91612807033277,-993.29519271850597,32.329999999999998,-0.053510176430948735
67.508904177488915,699.76704199673316,-994.00806427001896,32.329999999999998,-0.053571423308821302
67.521864094046933,699.83549413305286,-994.09246444702103,32.329999999999998,-0.053571827915833439
67.534826776633309,699.98485966443559,-994.09246444702103,32.329999999999998,-0.053542812043249691
67.547795183749372,700.29398426765283,-992.63811111450195,32.259999999999998,-0.05344140136334509
67.560760777237007,700.14204833197255,-995.00560760498001,32.259999999999998,-0.053348660261934994
67.573726071665376,700.12589913183456,-995.00560760498001,32.280000000000001,-0.053303648406303104
67.586697148572782,700.43815299995572,-995.86677551269497,32.280000000000001,-0.053384364064704079
67.599666542891342,700.34729320239023,-995.86677551269497,32.369999999999997,-0.053577726293267541
67.612632156039581,700.14311000499276,-994.31419372558605,32.369999999999997,-0.053697821373548997
67.625598763633377,700.19681006521057,-993.65663528442406,32.100000000000001,-0.05369117069534321
67.638569222762982,700.40479299810795,-994.00162696838402,32.479999999999997,-0.053612012415897567
67.651539604282661,700.40060206293163,-995.87345123291004,32.07,-0.053426493993633105
67.664506166345731,700.19435140555436,-996.48618698120094,32.07,-0.053323405897637052
67.677472513169164,700.18272846520051,-996.16646766662598,32.119999999999997,-0.05331523716409068
67.690439094892682,700.19541307033046,-996.16646766662598,32.119999999999997,-0.053349883398587074
67.703403876059213,700.0981829928196,-993.766307830811,32.119999999999997,-0.05333721534211211
67.716362881991358,699.7863203353669,-996.78158760070801,32.119999999999997,-0.053257667976303172
67.729319049459292,699.63304326888317,-995.95928192138695,32.539999999999999,-0.053083416488240512
67.742273306681469,699.52988999716399,-995.95928192138695,32.539999999999999,-0.052918067409371258
67.755223595433293,699.31559259893413,-998.36802482605003,32.590000000000003,-0.052737685747237542
67.768165912065427,698.88509813532824,-999.13978576660202,32.590000000000003,-0.052575902599359618
67.781110878827221,699.02820513690301,-999.13978576660202,32.159999999999997,-0.052460774572139095
67.794060166924652,699.26155726082425,-999.47619438171398,32.57,-0.052447617053590426
67.807010981358005,699.34397940090469,-998.60119819641102,32.140000000000001,-0.052379408022891441
67.819960385354321,699.26781580162435,-998.51775169372604,32.140000000000001,-0.052352871539241855
67.832914571174015,699.5260342629357,-998.68917465209995,32.159999999999997,-0.052268001146941592
67.845870966298776,699.64533673754056,-998.68917465209995,32.159999999999997,-0.052238062230724185
67.858822968685175,699.40812886565095,-998.50893020629906,32.189999999999998,-0.052148074739108215
67.871772386133316,699.26854219950053,-1001.38640403748,32.189999999999998,-0.052056089043250965
67.884727273550695,699.5639205383078,-1001.38640403748,32.490000000000002,-0.051937386807607379
67.897685422665475,699.74005219788648,-1000.9779930114699,32.490000000000002,-0.051822281545423267
67.910645377512381,699.83756173318056,-1000.39124488831,32.359999999999999,-0.051703701417278793
67.923606864901217,699.92031899726499,-997.96247482299805,32.359999999999999,-0.051604004369144134
67.936569808258071,699.9989412699415,-998.95000457763695,32.240000000000002,-0.051509199871027332
67.949534745680211,700.10662079594886,-998.95000457763695,32.240000000000002,-0.051486126871125228
67.962500346411161,700.14243947119292,-999.69530105590798,32.299999999999997,-0.051423735503066746
67.9754618731222,699.92244239551735,-998.61097335815396,32.299999999999997,-0.051347798564107358
67.988423822033383,699.94524120422773,-998.46792221069302,32.380000000000003,-0.051189302983344821
68.001384426735811,699.87265393085636,-1000.0214576721201,32.380000000000003,-0.051029547013747116
68.014345765113518,699.9122723965603,-1000.7905960083,32.399999999999999,-0.050887875258438547
68.027303887324678,699.73859940213367,-1001.26314163208,32.399999999999999,-0.050870643721598406
68.040264121566665,699.85264906793827,-1001.26314163208,32.090000000000003,-0.050925010193617212
68.053229312516024,700.12031126498232,-1000.66828727722,32.090000000000003,-0.051100171273959001
68.066195712114776,700.18557833277737,-1001.1634826660199,32.140000000000001,-0.051258436093724068
68.079155991888939,699.85510780453853,-1001.85894966125,32.140000000000001,-0.051330785370870324
68.092120292907438,700.07225499889739,-1001.67369842529,32.189999999999998,-0.051229459544347954
68.105085483855618,700.12031120177824,-1001.35350227356,32.189999999999998,-0.051134723341543939
68.118049277820973,700.04487412953029,-1000.41365623474,32.460000000000001,-0.05105635979090966
68.131010791080243,699.92171600038898,-999.77946281433105,32.460000000000001,-0.051037238704140814
68.143974812701259,700.05716753498371,-999.77946281433105,32.409999999999997,-0.051065888255194126
68.156942732424696,700.26766506580998,-999.87030029296898,32.409999999999997,-0.051142189443641635
68.169915062478992,700.50582293203047,-1000.45490264893,32.280000000000001,-0.051250309786945149
68.182888452170346,700.56304333316893,-1000.53596496582,32.280000000000001,-0.051357645747247341
68.195865714095021,700.77214393231918,-997.92528152465798,32.310000000000002,-0.051394841736964333
68.208845697550572,700.91910659942232,-997.54595756530796,32.310000000000002,-0.051443141160474944
68.221822016769167,700.72123780415336,-998.80075454711903,32.399999999999999,-0.051542845451114282
68.234793698001198,700.4707865297313,-999.763965606689,32.399999999999999,-0.051667667511100433
68.247769672630866,700.70263000206717,-1000.23460388184,32.530000000000001,-0.051790161264810015
68.260742731185161,700.5451619317073,-1000.23460388184,32.530000000000001,-0.051880318464106449
68.273710487409915,700.25883613720032,-999.71580505371105,32.119999999999997,-0.051944302393856369
68.286675873937071,700.13087246636383,-999.74083900451706,32.119999999999997,-0.052039947153961583
68.29964084343824,700.10835306322474,-1001.7330646514901,32.189999999999998,-0.052165685015178494
68.312609003235863,700.28062907101514,-1001.7330646514901,32.189999999999998,-0.052331745002775487
68.325576182040734,700.22765546363348,-1000.95152854919,32.579999999999998,-0.052565220328662912
68.338543685774084,700.24520160094346,-1002.11381912231,32.159999999999997,-0.052704305077025788
68.351519654195059,700.70229473241943,-1001.15418434143,32.509999999999998,-0.052791253353026778
68.364499221659287,700.89664306860391,-998.21591377258301,32.509999999999998,-0.052802088773181835
68.377478088562953,700.85881279745661,-998.18539619445801,32.420000000000002,-0.052691105131862336
68.390453296403734,700.66122340226275,-1000.1537799835201,32.420000000000002,-0.052571181828657443
68.403438113423491,701.180119066982,-1000.1537799835201,32.240000000000002,-0.052550051154416653
68.416424333635831,701.25589146658581,-1000.03623962402,32.390000000000001,-0.052676755520758171
68.429407097606173,701.0692543982542,-998.14796447753895,32.210000000000001,-0.05289564116106564
68.4423896215025,701.05629040129293,-997.51114845275902,32.210000000000001,-0.053086291170454041
68.455375802392552,701.25376806283748,-997.51114845275902,32.240000000000002,-0.053206921244510472
68.468361527969151,701.22918113651451,-998.02947044372604,32.240000000000002,-0.053258364399105557
68.481339693276539,700.82092659902855,-998.66461753845203,32.240000000000002,-0.05327617956549064
68.494314270922274,700.62719286936317,-998.30412864685104,32.240000000000002,-0.053310439818201327
68.507291525602398,700.77175272714669,-998.30412864685104,32.299999999999997,-0.053346538916336214
68.520269612264244,700.81667973931962,-998.23045730590798,32.299999999999997,-0.053463349532146105
68.533245029134534,700.67251099602458,-998.37708473205601,32.25,-0.053573131767482671
68.546216865587667,700.47916846878377,-998.19302558898903,32.299999999999997,-0.053581768232586272
68.559187364040824,700.40691647055633,-999.02582168579102,32.259999999999998,-0.05348211361376351
68.572157466162977,700.38551459627013,-999.02582168579102,32.259999999999998,-0.053289694089903195
68.585124313830946,700.20977407041585,-998.74758720397904,32.240000000000002,-0.053120087831875468
68.598082780630875,699.75720719597598,-997.425317764282,32.240000000000002,-0.053036061839796027
68.611044866135842,699.95261726838464,-996.72484397888195,32.259999999999998,-0.053123879348771025
68.624006178644393,699.91087546213623,-995.72467803955101,32.259999999999998,-0.053168343794302249
68.636962560316036,699.6446102682163,-995.05829811096203,32.310000000000002,-0.053240231548944673
68.649916499853049,699.51273499907472,-994.66848373413097,32.310000000000002,-0.0532214157279466
68.662870458017224,699.51374086572628,-994.50111389160202,32.159999999999997,-0.053087367366192274
68.67582222757288,699.39555600516223,-994.50111389160202,32.159999999999997,-0.052873933066842203
68.68877343109142,699.36499000131857,-996.45638465881302,32.090000000000003,-0.052725563033350041
68.701736776986451,700.02067833143576,-995.13459205627396,32.090000000000003,-0.052687738918331672
68.714703846102495,700.22173226667735,-993.56317520141602,32.119999999999997,-0.052754807596415605
68.727674142767938,700.39601993357496,-993.36886405944801,32.119999999999997,-0.052823175985880794
68.740640724491413,700.19541306758242,-993.36886405944801,32.530000000000001,-0.05277777504531049
68.753604108674054,700.02274586286364,-992.90132522582996,32.530000000000001,-0.05271157456695285
68.766564953451919,699.88561800476157,-992.475986480713,32.170000000000002,-0.052621293191880761
68.779526662288887,699.93227719627453,-991.39428138732899,32.490000000000002,-0.052533636076802573
68.792482816303647,699.63231679681076,-992.30623245239303,32.189999999999998,-0.05243891539658118
68.805439490824668,699.66042413550213,-993.40081214904797,32.299999999999997,-0.052326023577612978
68.818400088283937,699.87226279987999,-992.41042137145996,32.280000000000001,-0.052284109923857847
68.831352787092626,699.44573566949975,-992.06233024597202,32.280000000000001,-0.052284421399598026
68.844298968712323,699.09380746335387,-990.70692062377896,32.329999999999998,-0.052254159624257127
68.857249068096323,699.30536673590041,-991.26148223876896,32.329999999999998,-0.052086245268246206
68.870199174723425,699.30575786412885,-992.83313751220703,32.490000000000002,-0.051903586006375978
68.883148358307423,699.25591353539141,-992.83313751220703,32.490000000000002,-0.051758895731347197
68.896097490150652,699.25311953463915,-991.13488197326706,32.119999999999997,-0.051760585564578569
68.909048582944422,699.35901086334172,-989.45546150207497,32.119999999999997,-0.0517851072873423
68.922004367535763,699.61236793262128,-989.57943916320801,32.159999999999997,-0.051759167884693959
68.934956760041985,699.42919533563736,-989.57943916320801,32.159999999999997,-0.05168516085288196
68.947905307222172,699.22154773009584,-991.84489250183105,32.57,-0.051581743691100787
68.960858680722225,699.48216900347495,-991.65248870849598,32.159999999999997,-0.05153478537218583
68.973821441953092,699.9891064664364,-991.65248870849598,32.57,-0.051530910033985307
68.986789764216127,700.28940220424806,-991.40167236328102,32.57,-0.05158020493910212
68.999755884417354,700.17049086611576,-992.91610717773403,32.560000000000002,-0.051709440433249577
69.012722849018502,700.21608846155243,-993.27325820922795,32.560000000000002,-0.05177447675841805
69.025685440541935,699.97994226543096,-993.27325820922795,32.530000000000001,-0.051675967664860913
69.038638613290217,699.47132840751431,-993.002891540527,32.530000000000001,-0.051504756427136721
69.051588777866627,699.30888712628496,-991.74141883850098,32.229999999999997,-0.051334225054552568
69.064545997728416,699.68987253629712,-990.16046524047795,32.229999999999997,-0.051360599075367254
69.077506264050612,699.85438139841813,-992.85554885864303,32.259999999999998,-0.051488004003506907
69.090465562832136,699.80213420265295,-994.80009078979504,32.259999999999998,-0.051658614021081441
69.103419573770367,699.51659066460309,-994.80009078979504,32.299999999999997,-0.051814380825311902
69.116374974449428,699.59163666907875,-994.81916427612305,32.299999999999997,-0.051980589826323052
69.129328205146862,699.47445766142619,-994.73547935485794,32.159999999999997,-0.052007500909749024
69.142271996372841,698.96472620320844,-993.82925033569302,32.159999999999997,-0.051940902032771089
69.155215742066673,698.96226746660818,-993.72935295105003,32.119999999999997,-0.051836119964598804
69.168170175204963,699.53938946781739,-995.12720108032204,32.119999999999997,-0.05183523210390481
69.18113412542472,700.05331186670719,-995.97716331481899,32.100000000000001,-0.05200362039864348
69.194093475945735,699.80492813470505,-995.97716331481899,32.100000000000001,-0.052286180563629013
69.207047915292563,699.53972472922123,-995.05400657653797,32.520000000000003,-0.052441118491544383
69.220005179651835,699.6922754005767,-994.26054954528797,32.520000000000003,-0.052574406273772176
69.232961691708709,699.65165107096925,-996.93536758422795,32.560000000000002,-0.052630666435631433
69.245916572917338,699.5635852659118,-996.93536758422795,32.560000000000002,-0.052646487537279865
69.258870933618525,699.53547786401646,-995.09668350219704,32.57,-0.052643934678448565
69.271837937542003,700.2182118680488,-998.77285957336403,32.57,-0.05264405057592738
69.284809819525961,700.48162713393617,-998.80814552307095,32.189999999999998,-0.052700844695922115
69.297775107746958,700.12556393363479,-998.80814552307095,32.189999999999998,-0.052798235167889562
69.310737927961796,699.99229160091306,-998.27957153320301,32.170000000000002,-0.052792826253699618
69.323703507996285,700.14132186264806,-997.31874465942406,32.170000000000002,-0.052749860203202818
69.336670095928412,700.19574833448246,-997.82371520996105,32.210000000000001,-0.052729527361333212
69.34963727473334,700.22765546638152,-996.670961380005,32.210000000000001,-0.052778768456299259
69.362604213464252,700.21469146942047,-996.670961380005,32.539999999999999,-0.052965148869185713
69.375569709680235,700.13679566332007,-997.68304824829102,32.539999999999999,-0.053155954099158784
69.388534238355618,700.08454847030271,-1000.59509277344,32.560000000000002,-0.053320394622558845
69.401491542035856,699.69439873287706,-1000.6775856018101,32.560000000000002,-0.053458750867772589
69.414446591917283,699.5726935973446,-1000.21028518677,32.520000000000003,-0.053461916330187757
69.427409275538281,699.98491553400822,-1002.58469581604,32.520000000000003,-0.053424016675214597
69.440373933564175,700.09153339798706,-1002.58469581604,32.210000000000001,-0.053395635138105184
69.453337948976596,700.05683227083193,-1003.17025184631,32.210000000000001,-0.053456464989484809
69.466307472644459,700.3542780641227,-1003.07464599609,32.210000000000001,-0.053705444766390803
69.479281810216065,700.61422886690593,-1002.43878364563,32.210000000000001,-0.053971392206003006
69.492250444988855,700.30627773081426,-1002.43878364563,32.530000000000001,-0.054130299637809028
69.505214492480249,700.05856453535966,-1002.75921821594,32.210000000000001,-0.054144055272184202
69.518181241841958,700.20446553219074,-999.77874755859398,32.509999999999998,-0.054068563298880525
69.531152695417262,700.45849306656987,-999.02915954589798,32.509999999999998,-0.053930133580207415
69.544123726793785,700.4356943320555,-1002.4199485778799,32.439999999999998,-0.053826066561743283
69.557092783765412,700.32907646807666,-1002.4199485778799,32.439999999999998,-0.053742907733343531
69.57005634386546,700.03224540221686,-1003.70192527771,32.299999999999997,-0.053719798517406714
69.583021580345701,700.12276993288253,-1002.99501419067,32.299999999999997,-0.053742286852633277
69.595982723144488,699.90171113472286,-1002.91919708252,32.240000000000002,-0.053719191086371652
69.60893846220489,699.60990926197292,-1002.91919708252,32.240000000000002,-0.053593964419780468
69.621894154697557,699.60739460358798,-1003.30948829651,32.280000000000001,-0.053443713113485988
69.634854590727116,699.86354559667552,-1005.03849983215,32.280000000000001,-0.053362494541046121
69.647815052627166,699.86494260254767,-1005.03849983215,32.280000000000001,-0.053420525251133902
69.660774603900009,699.81576873341385,-1005.87487220764,32.280000000000001,-0.053578731085909395
69.673731479172815,699.67126473146288,-1006.45112991333,32.210000000000001,-0.053734847654720412
69.686690979740845,699.81303067368231,-1005.53846359253,32.210000000000001,-0.053859307533800319
69.699651005988912,699.84141739596089,-1005.4969787597699,32.259999999999998,-0.053955878441811447
69.712606744012362,699.60985326599234,-1005.64432144165,32.259999999999998,-0.05396761103532461
69.72556360686788,699.67059419766315,-1005.62858581543,32.259999999999998,-0.053889357173828187
69.738524256066711,699.87505673742794,-1005.1257610320999,32.259999999999998,-0.053705086723615202
69.75148580968397,699.92389533141795,-1004.43172454834,32.280000000000001,-0.053558601065874498
69.764444841486423,699.78771733299504,-1004.43172454834,32.280000000000001,-0.053446473968329244
69.777406556532043,699.93261246317434,-1003.2768249511701,32.259999999999998,-0.053428644313983253
69.790375619712364,700.32941173772451,-1001.16920471191,32.259999999999998,-0.053392095076320742
69.803349021822186,700.56371393017264,-1001.41215324402,32.259999999999998,-0.053358040750124125
69.816320768246996,700.47430693935189,-1002.10165977478,32.259999999999998,-0.053294418999906452
69.829293222476508,700.51252839368772,-1002.10165977478,32.280000000000001,-0.053263104830419218
69.84227297827654,700.9068132022129,-1000.98514556885,32.280000000000001,-0.053229872137473239
69.855250557885199,700.78929886720448,-999.83477592468296,32.259999999999998,-0.053168060258131949
69.868221634791325,700.4381529312559,-1001.94382667542,32.25,-0.053114581645280476
69.881198453820971,700.74822760025199,-1004.2636394500699,32.25,-0.053082854590891383
69.894172740686443,700.61149073572653,-1002.7782917022701,32.25,-0.053054462704358811
69.907144836874139,700.49319413601722,-1001.50322914124,32.299999999999997,-0.053086241499044576
69.920108260380246,700.02486932981606,-1001.50322914124,32.299999999999997,-0.053104821385173272
69.933070210325909,699.94529706555636,-999.80711936950695,32.359999999999999,-0.05317330877781442
69.946031541460513,699.91188126833185,-1002.99644470215,32.359999999999999,-0.053254336946424619
69.9589885409099,699.67797026731614,-1002.99644470215,32.170000000000002,-0.053233635715867589
69.971942044795156,699.48920980347998,-1004.63032722473,32.369999999999997,-0.05308303982008581
69.984902499450556,699.86455139187922,-1002.07448005676,32.119999999999997,-0.053004186807479606
69.997867710060476,700.1213729352545,-998.95596504211403,32.119999999999997,-0.052944841897388108
70.010831464702477,700.04275066807372,-998.95596504211403,32.140000000000001,-0.052920837575402842
70.023795258667931,700.04487413502625,-999.82857704162598,32.140000000000001,-0.052930903103876152
70.036765049314852,700.3686949337806,-1001.25193595886,32.409999999999997,-0.05302223480380025
70.04973710721606,700.49112666504539,-999.61042404174805,32.159999999999997,-0.05323955064897936
70.062706241797557,700.33326740050484,-997.87139892578102,32.479999999999997,-0.053428713645495313
70.075672426158093,700.17395546936757,-997.43103981018101,32.479999999999997,-0.053477966123030449
70.088644919709907,700.51465179743604,-998.11339378356899,32.450000000000003,-0.053464628548853935
70.101617308746953,700.50900800055513,-998.41427803039505,32.450000000000003,-0.053462669666904279
70.11458541577035,700.27777926389433,-997.752904891968,32.450000000000003,-0.053582576413261057
70.127553472088906,700.27504120141475,-997.752904891968,32.450000000000003,-0.053726404698787401
70.140523912592613,700.40378720015633,-997.62749671936001,32.090000000000003,-0.053892147003524585
70.153498698233335,700.63842459904845,-997.52211570739701,32.090000000000003,-0.054024767337243366
70.166474309646858,700.68301633058161,-997.52211570739701,32.140000000000001,-0.054047991417818395
70.179445451746929,700.44167340408046,-997.45702743530296,32.140000000000001,-0.05400346281688613
70.192415995730883,700.40937513296058,-997.45702743530296,32.07,-0.053910223974800157
70.205388150902451,700.49637926499793,-997.45488166809105,32.07,-0.053875928537368695
70.218353023132138,700.10310040281627,-997.43199348449696,32.469999999999999,-0.05394658384203338
70.231315946827209,699.99787953371742,-997.42889404296898,32.469999999999999,-0.054134984190135599
70.244283670974113,700.25710393312852,-997.98655509948696,32.090000000000003,-0.054345367891047158
70.257253286739584,700.35925133544788,-996.78349494934105,32.490000000000002,-0.054533168052501871
70.270221134027196,700.26375353070887,-996.263027191162,32.460000000000001,-0.054646277179128351
70.28318942420988,700.28766986552421,-996.263027191162,32.460000000000001,-0.054721356265799943
70.296157863404929,700.29571653218068,-995.888233184814,32.119999999999997,-0.054727852757890112
70.30912654888273,700.30901580153784,-994.38953399658203,32.119999999999997,-0.054834926914675806
70.322094741795055,700.28241726557167,-993.17193031311001,32.119999999999997,-0.054926253440982439
70.335064181644455,700.34975186754252,-993.17193031311001,32.119999999999997,-0.0550975329764112
70.348038519214839,700.61422880095392,-995.36371231079102,32.100000000000001,-0.055291815142809397
70.361010843060541,700.5054876678787,-994.90213394165005,32.100000000000001,-0.055340669221469803
70.373976800797507,700.16171779608692,-994.90213394165005,32.530000000000001,-0.055228343439406261
70.386936040595117,699.79894907092421,-995.41664123535202,32.530000000000001,-0.055041406303042585
70.399893617464144,699.7091509271429,-995.68986892700195,32.590000000000003,-0.054932769594040316
70.412854196296294,699.87125693597636,-995.38040161132801,32.590000000000003,-0.054961748213219634
70.42581020750994,699.624605537202,-997.01309204101597,32.57,-0.054950536125876762
70.438758838507468,699.22607386621996,-998.28672409057594,32.57,-0.054869079547390301
70.451710179655578,699.37242199825209,-997.297763824463,32.189999999999998,-0.05480240306151947
70.46466360489508,699.48496293277913,-995.02372741699196,32.189999999999998,-0.05470998274698699
70.477608683416065,699.03424013346057,-994.45533752441395,32.560000000000002,-0.054590943165989232
70.490549103253016,698.78267119553357,-994.45533752441395,32.170000000000002,-0.054464646510982997
70.503493063151865,698.97383453738928,-996.43778800964401,32.210000000000001,-0.05438270978578405
70.51643626971358,698.93315433271323,-997.05266952514603,32.210000000000001,-0.054486684707547049
70.529375085607484,698.69605827141675,-995.07117271423294,32.409999999999997,-0.054616611450421425
70.542317602990124,698.89593866258895,-995.07117271423294,32.409999999999997,-0.054720148650051162
70.555262693928469,699.03491067000812,-993.63875389099098,32.299999999999997,-0.054663315208426343
70.568211936495103,699.25909859841988,-994.39454078674305,32.299999999999997,-0.054497142425027463
70.581161392232133,699.27060979962846,-995.561122894287,32.280000000000001,-0.054237976049060763
70.594110991806161,699.27837699750989,-995.72920799255405,32.210000000000001,-0.054103257134067169
70.607072076656777,699.8985819330228,-995.59140205383301,32.280000000000001,-0.054110278271679593
70.620044921007377,700.53359493237406,-994.24314498901401,32.280000000000001,-0.054206256237278122
70.633009202364292,700.07119327366502,-994.24314498901401,32.240000000000002,-0.054270453336250343
70.64597085946167,699.92948325872635,-995.66769599914505,32.280000000000001,-0.054180481367624114
70.658934808646961,700.05325600537856,-996.05226516723599,32.329999999999998,-0.053887109582854101
70.67188973538515,699.56604386236415,-994.97365951538097,32.329999999999998,-0.053576836361091
70.684839152834556,699.26854226820069,-994.97365951538097,32.140000000000001,-0.053346549263469371
70.697792650511118,699.48887453383213,-996.36673927307095,32.140000000000001,-0.05326233183304032
70.710748590322183,699.62074979747763,-997.14636802673294,32.100000000000001,-0.053205534609129551
70.723699819711157,699.36638700444269,-997.79748916625999,32.100000000000001,-0.053186439392076484
70.736646957488887,699.1454399976401,-997.79748916625999,32.490000000000002,-0.053145063833824134
70.749592502704985,699.05944166905044,-996.16432189941395,32.119999999999997,-0.05309497109689592
70.762534520277697,698.86894892694647,-994.84038352966297,32.57,-0.052970858910659564
70.775477486766675,698.92019040445211,-998.52180480956997,32.57,-0.052784663728595985
70.78842297403331,699.05631239865056,-1001.77311897278,32.579999999999998,-0.052624291015248223
70.801374151681529,699.36359300369043,-1001.77311897278,32.579999999999998,-0.05267932390145965
70.814334899187656,699.88036533061313,-1002.73036956787,32.549999999999997,-0.0528211239725574
70.827292691295085,699.72077380154474,-1002.02178955078,32.549999999999997,-0.053004476551990864
70.840244934790121,699.42114873218486,-1002.02178955078,32.210000000000001,-0.053121092625077103
70.853199464165442,699.54458626689711,-1001.9059181213401,32.210000000000001,-0.05317193352439193
70.866152694862919,699.47445766417422,-999.69363212585404,32.210000000000001,-0.053216698061872902
70.87910281390748,699.30642840617259,-1000.45990943909,32.210000000000001,-0.053159109212405242
70.892053836335833,699.35521113059008,-1001.24192237854,32.210000000000001,-0.053085240845754694
70.905013765312418,699.83616473555253,-1002.2621154785199,32.210000000000001,-0.052964287913338098
70.917975539342052,699.93579760039904,-1002.2621154785199,32.420000000000002,-0.05286278203098433
70.93093909323207,700.03191006112104,-1004.68873977661,32.420000000000002,-0.052785435690996946
70.943900360208573,699.90841673103193,-1004.68873977661,32.259999999999998,-0.05275450129449645
70.956865615314854,700.12377573907816,-1002.72631645203,32.350000000000001,-0.052885805359782302
70.969833873419745,700.28593766420022,-1001.65724754333,32.359999999999999,-0.053108792958663567
70.982800388915976,700.19183679663331,-1003.6563873291,32.359999999999999,-0.053239764852874266
70.995762410262955,699.94915273658069,-1006.04653358459,32.210000000000001,-0.053274376937882263
71.008726580896365,700.06521420438833,-1006.04653358459,32.210000000000001,-0.053244753637316788
71.021697995149481,700.45636966831739,-1006.94513320923,32.240000000000002,-0.053245843284409546
71.034665622024704,700.25185126172801,-1006.6158771514901,32.240000000000002,-0.053332329003641217
71.047628071780323,699.97228680394699,-1006.6158771514901,32.259999999999998,-0.053432915980237521
71.060599668158062,700.46620439762671,-1007.48705863953,32.259999999999998,-0.053634766695977255
71.07357016661112,700.40691646506048,-1006.19077682495,32.259999999999998,-0.053882122867044344
71.086542535987661,700.50794633303087,-1004.34398651123,32.259999999999998,-0.054096397426601717
71.099508259859306,700.14908906877349,-1004.34398651123,32.280000000000001,-0.054239485826257178
71.112481584358036,700.55952293179246,-1004.25219535828,32.240000000000002,-0.054235277282970451
71.125457221641938,700.68441333095757,-1006.48403167725,32.32,-0.054211672394888749
71.138433865788912,700.73878393596738,-1004.94456291199,32.159999999999997,-0.05421690228883589
71.151409931481524,700.70754740107191,-1003.44610214233,32.390000000000001,-0.054335044697442436
71.164395509080251,701.22119033118656,-1003.44610214233,32.390000000000001,-0.054618015677170395
71.177382332582695,701.28846913228472,-1003.57604026794,32.380000000000003,-0.054842469591604458
71.190362608887639,700.93492046670826,-1006.7558288574201,32.380000000000003,-0.054942945845560753
71.203334972055529,700.50761106613106,-1005.22661209106,32.399999999999999,-0.05497767383043934
71.216310661078964,700.68720726575771,-1005.22661209106,32.399999999999999,-0.055001646072892089
71.229290592795024,700.91631266737011,-1005.2096843719499,32.119999999999997,-0.055067076657990432
71.242266567423471,700.70262993611527,-1007.71260261536,32.119999999999997,-0.055179093032437669
71.255238079983926,700.46167826425039,-1008.0351829528799,32.119999999999997,-0.055452441382852595
71.268210344844533,700.5023024729461,-1007.33613967896,32.119999999999997,-0.055755291961464504
71.281182448276624,700.49358533294571,-1006.23106956482,32.119999999999997,-0.055975335546569298
71.294147684756808,700.1227699301345,-1007.45701789856,32.119999999999997,-0.056016012612775827
71.307110907509866,700.01402866515537,-1007.45701789856,32.549999999999997,-0.055949147789825203
71.320077930059242,700.21921766600042,-1007.08770751953,32.549999999999997,-0.055867894034140331
71.333047447519718,700.35394286592282,-1007.08770751953,32.140000000000001,-0.055887874008632918
71.34601117732592,700.04140953452247,-1007.28034973145,32.560000000000002,-0.055913381898812071
71.358976757360509,700.14132186814402,-1005.46789169312,32.560000000000002,-0.055992875454419354
71.371937661121024,699.88880306779026,-1005.46789169312,32.560000000000002,-0.056089485683958787
71.38489673845433,699.79017599814733,-1004.69541549683,32.189999999999998,-0.056085363029235794
71.397850801133359,699.51938466810316,-1004.21810150146,32.189999999999998,-0.055961142190315297
71.410806604350654,699.61337373332071,-1004.62317466736,32.189999999999998,-0.055832291642568491
71.423771574886388,700.10840893004934,-1005.48100471497,32.189999999999998,-0.055840097160281571
71.436744937672842,700.5615904687163,-1004.85730171204,32.210000000000001,-0.055965846403762246
71.449713994645705,700.32907653402856,-1001.9009113311801,32.210000000000001,-0.056122493826640037
71.462682069590187,700.27604700211441,-1002.0153522491501,32.399999999999999,-0.056179755678090228
71.475648079067895,700.16451179683895,-1002.0153522491501,32.399999999999999,-0.056128837167846952
71.488608989037019,699.88913833194215,-1001.7237663269,32.310000000000002,-0.055947425878944204
71.501565669766634,699.66075939965413,-1002.68745422363,32.310000000000002,-0.055716355434571409
71.514525123767982,699.81051607300526,-1002.93183326721,32.210000000000001,-0.055561148456919979
71.527489418577787,700.07191972924943,-1002.93183326721,32.210000000000001,-0.055480352084743181
71.540454719216072,700.12623446743441,-1003.21912765503,32.329999999999998,-0.055472142993978124
71.553409529022261,699.55972953443154,-1003.69596481323,32.329999999999998,-0.055395021206240139
71.56636291597404,699.48289539585528,-1003.31974029541,32.159999999999997,-0.055307759384950209
71.579312652142008,699.28575306991081,-1001.47676467896,32.350000000000001,-0.055137302518920468
71.592259775433348,699.14465773293909,-1001.44648551941,32.329999999999998,-0.054941685456267576
71.60520571801365,699.08089933596546,-1002.45881080627,32.329999999999998,-0.054736170503629306
71.618155038191418,699.26328959954833,-1000.5965232849099,32.159999999999997,-0.054597148878335756
71.631114894730899,699.83225313175149,-1000.3166198730499,32.159999999999997,-0.054522223976812896
71.644077519369148,699.98173046548357,-1000.5578994751,32.159999999999997,-0.054477056902072107
71.657037584939516,699.84354079970944,-999.259471893311,32.159999999999997,-0.054391779833414498
71.669999208922178,699.92769506416982,-999.259471893311,32.140000000000001,-0.054304037864088966
71.682967459782688,700.28554646727173,-997.43056297302201,32.140000000000001,-0.054239854215606155
71.695934937645703,700.24380460331531,-997.43056297302201,32.310000000000002,-0.054265422124633263
71.708896802738295,699.94071499940355,-995.330810546875,32.310000000000002,-0.054331477731218727
71.721867463655556,700.41568953234128,-993.965625762939,32.170000000000002,-0.054381770185505829
71.734844198864238,700.74370126901999,-995.40400505065895,32.329999999999998,-0.054365801107202287
71.74781566485801,700.45916366357358,-997.06912040710404,32.119999999999997,-0.054324278607934325
71.76078192165312,700.17786693576863,-996.14977836608898,32.380000000000003,-0.054272517768087655
71.773757442003657,700.67809892882894,-994.89974975585903,32.119999999999997,-0.054287939434611195
71.78673033706049,700.53633306904953,-994.89974975585903,32.119999999999997,-0.054328396088429189
71.799698763837114,700.29504593792512,-994.10367012023903,32.5,-0.054357092206009039
71.812653131782739,699.53586906369299,-993.05796623230003,32.090000000000003,-0.054218675940675115
71.825610189181532,699.6810995349681,-993.66950988769497,32.100000000000001,-0.054042632174427237
71.838566921651861,699.66355339765823,-993.66950988769497,32.100000000000001,-0.053801303729780259
71.851519210677736,699.42360739733704,-994.36306953430199,32.549999999999997,-0.05359635170865483
71.864466795491339,699.16957993440599,-993.57819557189896,32.549999999999997,-0.053534133153261526
71.877423638685173,699.66953246693504,-995.04065513610794,32.609999999999999,-0.053593490480136723
71.890387367456796,700.04135366769765,-995.04065513610794,32.609999999999999,-0.053659314288711221
71.903347302641976,699.83649999970442,-993.40176582336403,32.579999999999998,-0.053755794133879597
71.916305705284003,699.7537426696681,-992.00892448425304,32.579999999999998,-0.053747308750924691
71.929268589656729,699.99575612722106,-992.00892448425304,32.170000000000002,-0.05369083438364386
71.94223197487527,700.02280180113621,-992.74730682373001,32.170000000000002,-0.053547521432247884
71.95519441738773,699.97189567297039,-994.78697776794399,32.579999999999998,-0.05348985083361936
71.968160550006203,700.17116139716757,-993.99042129516602,32.189999999999998,-0.053526227258158698
71.981130802176537,700.39361719845124,-993.99042129516602,32.229999999999997,-0.053737797877448507
71.994099832243222,700.32762360087588,-994.33684349060104,32.229999999999997,-0.054038922405165883
72.007061703544451,699.94105026630348,-993.79301071167004,32.390000000000001,-0.054186037223389459
72.020019228674087,699.70635700058688,-993.04795265197697,32.390000000000001,-0.054144823095996525
72.032981262438312,699.9498232676325,-993.04795265197697,32.299999999999997,-0.054095712386266648
72.045949408784011,700.27990266764277,-992.02895164489701,32.299999999999997,-0.054005859418984378
72.058915951185242,700.19328966658202,-992.02895164489701,32.229999999999997,-0.053979110800123534
72.071881265276559,700.12696093126283,-994.65751647949196,32.229999999999997,-0.054009136640493276
72.084852758174009,700.4606164620742,-994.65751647949196,32.259999999999998,-0.054116084549919001
72.097818591735802,700.15501233717748,-994.00043487548805,32.259999999999998,-0.054168171352703423
72.110774830604953,699.63689893441153,-992.54608154296898,32.280000000000001,-0.054196498045854573
72.123726418034522,699.38572119616106,-992.61975288391102,32.280000000000001,-0.054093774200466196
72.136684534037073,699.7382641379819,-992.22254753112804,32.259999999999998,-0.053988861748024627
72.149643489262971,699.78358219869142,-992.22254753112804,32.259999999999998,-0.053951424649922572
72.162599779872934,699.6396929379116,-994.001865386963,32.25,-0.054092120585864871
72.175556557874046,699.66601206006249,-994.454383850098,32.25,-0.054319218421972987
72.188515387888884,699.77682080150964,-994.454383850098,32.210000000000001,-0.054515930305844992
72.201468534767869,699.46993146484624,-995.41544914245605,32.210000000000001,-0.054557425900775461
72.214417211297601,699.22853260556826,-995.67961692810104,32.100000000000001,-0.054465788933503033
72.227368174741926,699.35202599336537,-994.17495727539097,32.100000000000001,-0.054380294555864031
72.24033106014943,699.99581200503758,-994.17495727539097,32.329999999999998,-0.054410993017342479
72.253297367650617,700.18060506420011,-994.16017532348599,32.329999999999998,-0.054521724167504261
72.266258368682713,699.8940557336947,-993.97087097168003,32.390000000000001,-0.054629328142666349
72.27921584207165,699.70356300258265,-995.74851989746105,32.390000000000001,-0.054605412814585738
72.292178044509953,699.95893166776523,-996.19603157043503,32.450000000000003,-0.054473992850854185
72.305132145476506,699.52145219403508,-995.77713012695301,32.450000000000003,-0.054236067873447619
72.318079562650652,699.16052740384566,-996.01650238037098,32.119999999999997,-0.054061783270569173
72.331031507087644,699.40499959799888,-996.59943580627396,32.119999999999997,-0.053996045348573739
72.343991058361709,699.81576879936574,-996.57320976257301,32.119999999999997,-0.054136313911653272
72.356946024423522,699.56816733756057,-996.57320976257301,32.119999999999997,-0.054322121044417943
72.369895715059215,699.28329432781447,-996.27065658569302,32.43,-0.054432580040164297
72.382847152443233,699.37761873687589,-999.37653541564896,32.119999999999997,-0.054319144950192952
72.395801766671624,699.54916833304992,-1000.98776817322,32.409999999999997,-0.054098580859579436
72.40875390668765,699.4155608653324,-1000.4284381866501,32.409999999999997,-0.053867915024559669
72.421706169843247,699.42221040245704,-1000.4284381866501,32.490000000000002,-0.053748767822191706
72.434666799381475,699.87399506440772,-1000.07939338684,32.490000000000002,-0.053737983107457157
72.447633024098835,700.17613473719268,-1000.25701522827,32.140000000000001,-0.053830778019730463
72.460598298865477,700.12483739835841,-1000.3969669342,32.609999999999999,-0.053859339612416839
72.473555284862954,699.67724386394377,-1000.1060962677,32.189999999999998,-0.053793362651839538
72.48651508345435,699.8291239355475,-999.32670593261696,32.189999999999998,-0.053566164441242341
72.499484899971549,700.3700919286606,-1000.21624565125,32.210000000000001,-0.053266254771473093
72.512451851119749,700.21536200322009,-1000.21624565125,32.210000000000001,-0.052993822221729145
72.525412612077787,699.8810917339855,-1000.16355514526,32.229999999999997,-0.052850734856746288
72.538379218635853,700.196754135182,-998.32606315612804,32.229999999999997,-0.052809382063784799
72.551350158949475,700.43077693579903,-998.32606315612804,32.380000000000003,-0.052783930052389176
72.564316104269153,700.16104726228707,-999.44043159484897,32.380000000000003,-0.052583330413074947
72.577277189120977,699.89858199897481,-1000.18835067749,32.25,-0.052320286631903405
72.590243452124682,700.17820219992041,-999.80378150939896,32.25,-0.0521013968516333
72.603215542104962,700.49285893506931,-999.80378150939896,32.159999999999997,-0.051990174170866828
72.616190327745684,700.63842459904845,-998.515844345093,32.159999999999997,-0.052024893876634358
72.629160827233363,700.406972334633,-1001.1043548584,32.409999999999997,-0.05210302045828643
72.642128967369189,700.27956733479084,-1004.67109680176,32.409999999999997,-0.052113408843135228
72.655102032133357,700.545497264559,-1005.49674034119,32.530000000000001,-0.052106928908300293
72.668069750070401,700.25676860027659,-1005.49674034119,32.530000000000001,-0.052005834877295334
72.681032854856838,700.00765846764989,-1005.31673431396,32.170000000000002,-0.051900714428790934
72.694004425365407,700.46480746320265,-1004.12964820862,32.560000000000002,-0.051919059414315738
72.70697945211478,700.65144446558224,-1005.81169128418,32.210000000000001,-0.051986625831752439
72.719950263077735,700.42379199987056,-1006.20865821838,32.210000000000001,-0.052113762745693751
72.732914140861709,700.04940033435423,-1003.35764884949,32.210000000000001,-0.052189626212618662
72.745882022297479,700.26559753163417,-1002.97069549561,32.210000000000001,-0.052152146687392931
72.758856567864186,700.62546060208729,-1002.97069549561,32.210000000000001,-0.051933157567102789
72.771829755770412,700.55214693633559,-1005.21516799927,32.210000000000001,-0.05161323377630412
72.784805743851891,700.70335639994369,-1004.69779968262,32.25,-0.051378252812826694
72.797794017112381,701.36675606661356,-1004.69779968262,32.25,-0.051321351072326868
72.810789150082684,701.73718039615619,-1003.31473350525,32.210000000000001,-0.05153944612358205
72.823779060402458,701.45515726772692,-1004.49061393738,32.210000000000001,-0.051829348215398509
72.836757244335828,700.82193240247614,-1005.47623634338,32.189999999999998,-0.052047006578785929
72.849740839253059,701.11412552986258,-1003.98206710815,32.189999999999998,-0.052111322680984999
72.862728534059343,701.33551953996221,-1005.01036643982,32.329999999999998,-0.052036827222280792
72.87571092136173,701.04891432889212,-1005.01036643982,32.329999999999998,-0.051919054239680497
72.888689547156801,700.84579293367062,-1004.3158531189,32.5,-0.051908915241717153
72.901673135865479,701.11379026845862,-1004.11820411682,32.5,-0.052090655598389698
72.914654223455571,700.97872986484037,-1004.11820411682,32.57,-0.05236259868550016
72.927626515221021,700.5037553346508,-1003.73983383179,32.57,-0.052587021555990307
72.940592433635743,700.1595943950864,-1003.14497947693,32.189999999999998,-0.052661824349657833
72.953563647138367,700.44552914105668,-1001.13534927368,32.189999999999998,-0.052665311636269446
72.966538771159321,700.65669713148668,-1001.13534927368,32.210000000000001,-0.052585286191261231
72.979512323314822,700.57181639770204,-1000.23746490479,32.210000000000001,-0.052548280605730129
72.992484165976492,700.47950373018762,-1000.90789794922,32.229999999999997,-0.052547116453456957
73.005460310313637,700.71179420582064,-1001.80983543396,32.229999999999997,-0.05257900390357486
73.018436649193816,700.72229952938562,-1001.55138969421,32.409999999999997,-0.052674201627712261
73.031408108977814,700.45882833621783,-1001.55138969421,32.409999999999997,-0.052732166109746022
73.044376716845662,700.30482486361359,-1000.21576881409,32.350000000000001,-0.0527728618015861
73.057349898541972,700.55181160073573,-999.95613098144497,32.350000000000001,-0.052869931483927934
73.070323327556792,700.56516680012135,-999.95613098144497,32.359999999999999,-0.052955932915721142
73.083291188296258,700.26447993133331,-999.30691719055199,32.359999999999999,-0.053091435175175901
73.096253604938241,699.97049866709847,-998.73852729797397,32.259999999999998,-0.053301791970172409
73.109218413009927,700.09963587101231,-1000.0593662262,32.259999999999998,-0.053439438342857686
73.12218152503948,700.00804959587845,-1001.55711174011,32.259999999999998,-0.053447229372406306
73.135138770772812,699.69126959987716,-1001.55711174011,32.259999999999998,-0.053389894051720524
73.148099536903658,699.88137106536078,-1002.07090377808,32.240000000000002,-0.053415036655601628
73.161066963027196,700.2410106712631,-999.34577941894497,32.329999999999998,-0.053596959139130117
73.174030848054386,700.04979146807887,-997.48778343200695,32.189999999999998,-0.053819261698337867
73.186985846195057,699.56989959659245,-997.97415733337402,32.189999999999998,-0.053969561639944312
73.199936627513594,699.3421912008522,-998.60548973083496,32.159999999999997,-0.054000225952494145
73.212886668948087,699.30223746275237,-997.938632965088,32.159999999999997,-0.053943900597049912
73.22584073162713,699.51938466810316,-997.938632965088,32.119999999999997,-0.053813644788034194
73.238793585656822,699.45411760305615,-997.49660491943405,32.119999999999997,-0.053675055710747543
73.251745783621018,699.41869006703246,-997.297763824463,32.409999999999997,-0.053581575759971169
73.264704555686464,699.77369153385769,-996.76418304443405,32.409999999999997,-0.053691644634376291
73.277659280639469,699.55514746278277,-996.76418304443405,32.490000000000002,-0.053899757977394464
73.290609711160485,699.32324813461412,-995.17560005188,32.490000000000002,-0.054033671816392646
73.303559980251862,699.3145309341578,-993.424892425537,32.549999999999997,-0.054019902728780052
73.316514322327208,699.53447206881276,-995.02372741699196,32.549999999999997,-0.053855644332185051
73.329473568333313,699.79928432958013,-995.02372741699196,32.170000000000002,-0.053666282651252589
73.342433867769145,699.85616953526664,-994.04335021972702,32.170000000000002,-0.053537821190072631
73.355391690920982,699.72245019924787,-993.90149116516102,32.189999999999998,-0.053487601171875176
73.368360169438375,700.29783993867716,-993.54743957519497,32.189999999999998,-0.053529508618307124
73.381321676488938,699.92138073074113,-991.81175231933605,32.210000000000001,-0.05358933884984813
73.394275726750578,699.51871412880757,-991.81175231933605,32.210000000000001,-0.053620422258490563
73.407231452358062,699.60918280364058,-992.28549003601097,32.369999999999997,-0.05350767117402902
73.420187846446993,699.64528080201592,-992.61736869812,32.369999999999997,-0.053278325745878152
73.433145553701294,699.71619173264401,-994.96483802795399,32.380000000000003,-0.053041911580187937
73.446097673020972,699.41444326228361,-994.96483802795399,32.380000000000003,-0.052908371305937313
73.459047454719709,699.28821173231506,-993.93749237060501,32.43,-0.052856982995605824
73.471999367077743,699.40326733347092,-993.23225021362305,32.43,-0.05288592850063091
73.484950499195122,699.36113433853814,-993.28494071960404,32.210000000000001,-0.052775960001020202
73.497896622866634,699.09067826165403,-993.28494071960404,32.210000000000001,-0.052624521776601915
73.51084675536427,699.30715487274892,-992.07258224487305,32.399999999999999,-0.052488743224193973
73.523800759059242,699.51619952813053,-991.84966087341297,32.210000000000001,-0.052366307419172912
73.536753281950595,699.43623613289435,-991.61863327026401,32.43,-0.052311122416496394
73.549699314559263,699.08576086814526,-992.48337745666504,32.229999999999997,-0.052297056341155418
73.562651940932071,699.44182413165061,-994.73142623901401,32.329999999999998,-0.052354627599000579
73.575612045824727,699.84566420345789,-993.86286735534702,32.329999999999998,-0.052439458667686095
73.588569323635753,699.69300179570519,-993.86286735534702,32.229999999999997,-0.052414761027730489
73.601530519211096,699.90456106825161,-993.53289604187,32.229999999999997,-0.052372439661011627
73.614499711742042,700.33639667090495,-994.93360519409202,32.159999999999997,-0.052298636485961385
73.627469768333356,700.38305593111784,-995.87273597717297,32.159999999999997,-0.052304151984253588
73.640432218090154,699.97228686715084,-995.075464248657,32.369999999999997,-0.052304994315078318
73.65338963249512,699.70037786810599,-995.075464248657,32.369999999999997,-0.052243301438047882
73.666345351892573,699.60884746254476,-995.27025222778298,32.490000000000002,-0.052106571900502628
73.679303747291385,699.75335153594358,-995.147705078125,32.490000000000002,-0.051969584698334861
73.692262500732113,699.77268579911004,-995.147705078125,32.549999999999997,-0.051771516188047907
73.705215692106179,699.47233419996974,-994.94338035583496,32.549999999999997,-0.051663606944112594
73.718174691829617,699.78598506571905,-994.61698532104504,32.170000000000002,-0.051633506599529332
73.731135504527145,699.8838856660376,-996.79422378540005,32.170000000000002,-0.051684260575048047
73.74409041160493,699.56498220033586,-998.71563911438,32.229999999999997,-0.051756517753864723
73.757040725192567,699.3169337324855,-998.71563911438,32.229999999999997,-0.05173759638348787
73.769997269329636,699.65338340144922,-998.82459640502896,32.280000000000001,-0.051687438455570021
73.782957353525987,699.84454660315691,-998.26669692993198,32.310000000000002,-0.051660853334929133
73.795917393225977,699.84214379933326,-999.16577339172397,32.170000000000002,-0.051676300871880895
73.808874587218497,699.68847559637697,-999.16577339172397,32.170000000000002,-0.05173952939643419
73.821829344249366,699.55687966685468,-999.27115440368596,32.100000000000001,-0.051821359536309543
73.834784589707425,699.58325473552213,-1000.1585483551,32.100000000000001,-0.052001075818363461
73.847741380127104,699.66668266256227,-1000.1585483551,32.210000000000001,-0.05214210392706025
73.860695831891391,699.54039527126508,-998.49390983581497,32.210000000000001,-0.052198063995290429
73.873654254195003,699.75480439490025,-998.11005592346203,32.490000000000002,-0.052128997113932089
73.886620049467965,700.15294473979782,-999.88102912902798,32.490000000000002,-0.052009970983881749
73.899585337688904,700.12556393088676,-999.88102912902798,32.329999999999998,-0.05196880859683637
73.912548923657994,700.03364233114496,-1002.3307800292999,32.329999999999998,-0.052029209003921571
73.925522182964116,700.55600253041598,-1002.6309490203899,32.25,-0.052052595548043951
73.938493961467941,700.47603920662777,-1003.42154502869,32.25,-0.052077518774870678
73.951466207702509,700.50129666675036,-1003.42154502869,32.299999999999997,-0.0521581464754136
73.964437459492544,700.44759666149253,-1002.57539749146,32.299999999999997,-0.05226828985749269
73.977410745703708,700.55745540311261,-1001.68585777283,32.439999999999998,-0.052363871492645694
73.9903737594272,700.00274106864526,-1005.81407546997,32.439999999999998,-0.052445324965129679
74.003328965562972,699.5811313317738,-1005.81407546997,32.549999999999997,-0.052595497625873996
74.016275947085148,699.13700219725888,-1005.7954788208,32.549999999999997,-0.052816403201041001
74.029223883732115,699.18857893616837,-1005.7954788208,32.159999999999997,-0.053025942503003951
74.042176153096264,699.42254566386089,-1007.8763961792,32.159999999999997,-0.053208801480197514
74.055130293386384,699.52357566648345,-1008.19230079651,32.210000000000001,-0.053350783677286101
74.068085888607342,699.60214193218746,-1008.19230079651,32.210000000000001,-0.053523473648262786
74.081048493583907,699.98066873475545,-1006.97660446167,32.460000000000001,-0.053738796461851181
74.094014295066643,700.15328006715356,-1007.19523429871,32.210000000000001,-0.053937702129548952
74.106976387814825,699.95300840210916,-1007.19523429871,32.280000000000001,-0.054074561015723992
74.119935445487712,699.78911433611916,-1008.4331035614,32.280000000000001,-0.054181981831647533
74.132902812627179,700.23782553129047,-1006.28900527954,32.240000000000002,-0.054245073762114814
74.1458728112692,700.37992666896184,-1003.36885452271,32.240000000000002,-0.054246340360156055
74.158838015670412,700.12103766560676,-1003.36885452271,32.140000000000001,-0.054158239314349203
74.171799899388887,699.94172079735517,-1003.17215919495,32.140000000000001,-0.054068158689781945
74.184767240658033,700.23642853366243,-1003.94916534424,32.399999999999999,-0.054146815090929966
74.197732191533319,700.10734726527312,-1004.38857078552,32.399999999999999,-0.05425669252922459
74.210695589167969,700.02347227173198,-1005.45787811279,32.520000000000003,-0.054371638429894502
74.223661929782764,700.1823931983007,-1007.14039802551,32.520000000000003,-0.054376623075646599
74.236628270397546,700.1823931983007,-1007.56597518921,32.549999999999997,-0.054308601344454144
74.249597014859262,700.31220093326658,-1007.61437416077,32.549999999999997,-0.054286988451204103
74.262565389896267,700.29225199762891,-1007.18760490417,32.189999999999998,-0.054263162115196148
74.275527182553105,699.93680346979852,-1007.7977180481,32.189999999999998,-0.054212553013027173
74.288494537274019,700.23715492879091,-1007.7977180481,32.189999999999998,-0.05427588398192365
74.301462651540788,700.27817040586297,-1009.60040092468,32.189999999999998,-0.05427308690972258
74.314427725556811,700.11399686560173,-1008.24046134949,32.259999999999998,-0.054372358652762118
74.327393877837011,700.17222313064372,-1005.75542449951,32.259999999999998,-0.054415879356932928
74.340363512229644,700.36025720209943,-1007.11750984192,32.159999999999997,-0.054322233837573612
74.353331412292576,700.26660339828572,-1007.50756263733,32.159999999999997,-0.054180753520512874
74.36629356919876,699.95647293391289,-1007.91668891907,32.100000000000001,-0.054041409036655608
74.3792575121753,700.05292073298278,-1007.91668891907,32.100000000000001,-0.053931846179238532
74.392227530478991,700.38098839968995,-1005.91444969177,32.140000000000001,-0.053880997000965318
74.405201913581493,700.61668753480637,-1004.97269630432,32.140000000000001,-0.053798386619374389
74.418176829607404,700.64546539905348,-1004.97269630432,32.590000000000003,-0.053694516212317557
74.431155318808692,700.83841686951371,-1005.57684898376,32.590000000000003,-0.053558931168622217
74.444133809043223,700.83847266489045,-1005.00464439392,32.530000000000001,-0.053535748480192928
74.457110673603751,700.75068626815232,-1002.32696533203,32.530000000000001,-0.053521166038644305
74.470083894622249,700.55393499898821,-1003.43585014343,32.420000000000002,-0.053493803781170773
74.483053054039488,700.33460853130828,-1003.43585014343,32.420000000000002,-0.05344016787838942
74.496029283230826,700.71637633242949,-1005.61189651489,32.280000000000001,-0.053418412183781065
74.509006478927247,700.7685676064101,-1004.3549537658701,32.280000000000001,-0.053323107875134286
74.521977848684003,700.45396686449385,-1004.0042400360099,32.359999999999999,-0.053313088913950847
74.534951309776559,700.5668989986973,-1003.94749641418,32.359999999999999,-0.053242548471481708
74.547925102007468,700.58478046885909,-1003.79014015198,32.409999999999997,-0.0532617740744325
74.560896042321048,700.43077693305088,-1004.02545928955,32.409999999999997,-0.053256270992974877
74.573862512285174,700.18937806278109,-1003.8387775421101,32.119999999999997,-0.053262390816096114
74.586834225596277,700.47251879975533,-1003.8387775421101,32.119999999999997,-0.05318851003118609
74.599810435125931,700.71531460170115,-1002.2521018981899,32.100000000000001,-0.053104373314889076
74.612785448423438,700.65071806495791,-1000.89621543884,32.100000000000001,-0.05298685385934044
74.625756876129586,700.45709613214581,-1000.89621543884,32.189999999999998,-0.052892319444563636
74.638729083042023,700.49917327124604,-999.534130096436,32.189999999999998,-0.052774675811916236
74.651700276881471,700.44446733063648,-999.534130096436,32.549999999999997,-0.052731540053433633
74.664669814002465,700.35500453344696,-999.48453903198197,32.549999999999997,-0.052696805861435415
74.677641338979029,700.46234873484616,-998.90589714050304,32.490000000000002,-0.052711417276972074
74.690616664787711,700.66759366846816,-999.52983856201195,32.490000000000002,-0.052727231135657825
74.703598096966672,700.99733766417853,-1000.89001655579,32.229999999999997,-0.05271092988465069
74.716580964418583,701.07484240250642,-1001.47438049316,32.32,-0.052700506316505996
74.729557069432161,700.70967073337226,-999.48191642761196,32.25,-0.052649960335116347
74.74253236833583,700.66614079851945,-998.53467941284202,32.25,-0.05262065264877791
74.755511007582669,700.8465193287991,-999.67670440673805,32.329999999999998,-0.052677414690614127
74.7684880604765,700.76085626710926,-999.51577186584495,32.329999999999998,-0.052671234847423608
74.781456883582763,700.31644773801531,-999.62544441223099,32.369999999999997,-0.052654729741690269
74.794424621181477,700.2578303310047,-999.62544441223099,32.369999999999997,-0.052632612900441168
74.807382977256879,699.75122807173921,-1000.68259239197,32.090000000000003,-0.052641180032811381
74.820333589903726,699.33308292987533,-997.39289283752396,32.090000000000003,-0.052711489713672392
74.833278454219752,699.0226730654274,-997.39289283752396,32.450000000000003,-0.052731040244684772
74.846223745908645,699.04575120001698,-999.33767318725597,32.100000000000001,-0.052757556032541383
74.859172507292584,699.23311473217711,-1001.0313987731899,32.119999999999997,-0.052811765214477634
74.872127323307367,699.56006479858331,-1000.38957595825,32.119999999999997,-0.052892899967291872
74.885080554004958,699.47445766967019,-999.45092201232899,32.450000000000003,-0.052932635362857194
74.898031687156745,699.36119019711884,-999.45092201232899,32.450000000000003,-0.052968177736649753
74.910989458569105,699.71965626719566,-999.76086616516102,32.479999999999997,-0.053034833527999821
74.923941111192605,699.38924166898562,-996.41871452331497,32.479999999999997,-0.053202826529560904
74.936884252561711,698.92963393133675,-996.41871452331497,32.509999999999998,-0.053373372388630186
74.949831175100002,699.13381706827829,-995.39875984191895,32.509999999999998,-0.053503107692951392
74.962779286628418,699.19802253450121,-997.16782569885197,32.100000000000001,-0.053572760274319432
74.975724722155576,699.05351846659835,-998.63100051879906,32.100000000000001,-0.053681143455506709
74.988672580155523,699.1843319967677,-997.73907661438,32.140000000000001,-0.053775772037449418
75.001626071623477,699.48853926968025,-997.86257743835404,32.140000000000001,-0.053862623042419365
75.014581088390202,699.57090540278818,-997.86257743835404,32.159999999999997,-0.053943958546094656
75.027534137997534,699.46467879619377,-998.24070930481003,32.159999999999997,-0.054036737936497783
75.040490097470425,699.62181153644997,-997.48706817626896,32.549999999999997,-0.054080207936367634
75.053445855155601,699.61091499946849,-996.78659439086903,32.549999999999997,-0.05406564101556964
75.066406387422191,699.86874239575536,-997.03025817871105,32.399999999999999,-0.053943447355132922
75.079364699001232,699.74882526791555,-997.77793884277298,32.399999999999999,-0.053828672195187638
75.092317416435762,699.44674146470322,-996.33932113647495,32.310000000000002,-0.053687599590683525
75.105270166985207,699.44852967025179,-996.33932113647495,32.310000000000002,-0.053680586732131268
75.118219778976538,699.27904753130952,-995.63074111938499,32.280000000000001,-0.053644032320495069
75.131165584962943,699.07352326631258,-997.506141662598,32.280000000000001,-0.053691095154828637
75.144108843265414,698.93594833346538,-997.506141662598,32.369999999999997,-0.053742232008318791
75.157057077934525,699.20467213208167,-997.82919883728005,32.369999999999997,-0.053803542007428679
75.169998135211131,698.81709293635367,-998.59595298767101,32.520000000000003,-0.05380796992909289
75.18293995099755,698.85805246690904,-999.30787086486805,32.520000000000003,-0.053821538264470434
75.195885795271579,699.07559079774035,-999.30787086486805,32.140000000000001,-0.053806529483510314
75.208834693249344,699.24049079908195,-999.01294708251896,32.140000000000001,-0.053817205544288503
75.221795005102521,699.85684007181442,-999.38774108886696,32.189999999999998,-0.053811886657454483
75.234757344134593,699.96630773192214,-999.12810325622604,32.189999999999998,-0.053801554150524102
75.247724984461726,700.25257766510038,-997.69854545593296,32.210000000000001,-0.053685630360684716
75.260691384060536,700.18557833552529,-997.69854545593296,32.210000000000001,-0.053589839694440047
75.273649948132103,699.76245986462834,-998.11506271362305,32.399999999999999,-0.053428210732067077
75.286599587028419,699.28050040125834,-998.152256011963,32.399999999999999,-0.053207700451349885
75.299544008448194,698.99875666740809,-998.152256011963,32.32,-0.052996389567147362
75.312489521586386,699.0577094622306,-999.53055381774902,32.32,-0.052848950856298135
75.325437516181424,699.19170813237247,-1000.59175491333,32.210000000000001,-0.052789405195396474
75.338384087922208,699.11487400204044,-1000.74577331543,32.210000000000001,-0.052848884629109222
75.351333616095062,699.27452133472946,-1000.79369544983,32.399999999999999,-0.052801433744000967
75.364287171719695,699.49200373003623,-1002.57802009583,32.399999999999999,-0.052781479639631271
75.377239921233354,699.44847373747518,-1003.53527069092,32.5,-0.052727610907321455
75.390189657401265,699.28575306716277,-1002.50148773193,32.5,-0.052687241177146911
75.40314776719508,699.73792886558613,-1002.50148773193,32.579999999999998,-0.052669745767037951
75.416110619488876,699.99402386544114,-1003.1406879425,32.579999999999998,-0.05265062260980434
75.429071691922189,699.89791139922306,-1005.44881820679,32.170000000000002,-0.0526474054070925
75.442030600582797,699.78106767221038,-1005.46860694885,32.170000000000002,-0.052666834865736381
75.454994622203714,700.05716752948774,-1005.46860694885,32.210000000000001,-0.052694478588661005
75.467959851440781,700.12237880190605,-1003.8847923278799,32.210000000000001,-0.052833384316679298
75.480925438718444,700.14171299362465,-1003.45206260681,32.259999999999998,-0.052893355281352965
75.493888057146918,699.98139513812771,-1003.31807136536,32.259999999999998,-0.052869304392841161
75.506851942175331,700.04979153403076,-1003.31807136536,32.240000000000002,-0.052758091026265462
75.519822921811155,700.4329003340514,-1004.06742095947,32.240000000000002,-0.052539140193085469
75.532797877159354,700.64758880280192,-1003.2160282135,32.189999999999998,-0.052398931648294109
75.545765120122283,700.23111999818548,-1003.32403182983,32.189999999999998,-0.052399035129192778
75.558740530783979,700.67217573187281,-1003.32403182983,32.159999999999997,-0.052441420653908007
75.571717466745667,700.75454193093265,-1004.6246051788301,32.159999999999997,-0.05245222296158817
75.58469139556918,700.59215646981204,-1005.59425354004,32.369999999999997,-0.052435040060110884
75.597664499655579,700.54762066555952,-1004.48656082153,32.369999999999997,-0.052436729892477142
75.610647945561723,701.10607893190593,-1005.18584251404,32.5,-0.052472482331677742
75.623626733819734,700.8545659322516,-1005.18584251404,32.5,-0.052492010096686831
75.636600825107408,700.60092953434491,-1009.17100906372,32.539999999999999,-0.052533914438337631
75.649567262993827,700.18764586695318,-1009.51337814331,32.539999999999999,-0.052590293602762184
75.662533103798793,700.15540346815408,-1009.51337814331,32.140000000000001,-0.052764260519676608
75.67549743068767,700.07365199927335,-1009.15026664734,32.140000000000001,-0.052912322183634626
75.688461867264209,700.07957513302563,-1008.7573528289799,32.210000000000001,-0.052993773585144961
75.701426453888885,700.0876777324587,-1009.8609924316401,32.210000000000001,-0.05299675278384576
75.714391716238282,700.1241668673066,-1009.19008255005,32.240000000000002,-0.053054303344218609
75.72736413218027,700.5104608677558,-1008.57877731323,32.240000000000002,-0.053228810428220134
75.740335475032126,700.45251400004111,-1008.57877731323,32.490000000000002,-0.053467790906029954
75.753301230983965,700.15082139925335,-1006.32333755493,32.490000000000002,-0.05359540486490505
75.766267369812397,700.17149673551523,-1006.32333755493,32.469999999999999,-0.05369230484032974
75.779232003001255,700.09019219848358,-1005.82575798035,32.469999999999999,-0.053725840730159284
75.792192626330888,699.87365980025595,-1006.25371932983,32.229999999999997,-0.053772717300778483
75.805159882745741,700.23184640155785,-1006.70790672302,32.409999999999997,-0.053801416522681479
75.818131720233282,700.47922432736436,-1006.70790672302,32.189999999999998,-0.053879791456190186
75.831105161665434,700.56583733666923,-1005.95808029175,32.189999999999998,-0.054155655412388211
75.844074243472875,700.33041760162803,-1004.47010993958,32.280000000000001,-0.054535621569837364
75.857042403270384,700.28062906551918,-1005.1474571228,32.280000000000001,-0.054701681558299464
75.870007756683947,700.12908433226335,-1008.3301067352299,32.350000000000001,-0.054738284605858299
75.882970823181495,700.0055908675223,-1008.3301067352299,32.350000000000001,-0.054628851098394118
75.895929414158118,699.76391273732509,-1008.45575332642,32.140000000000001,-0.054560455804031661
75.908887296293813,699.72563532822858,-1007.87758827209,32.140000000000001,-0.054672316957741558
75.921850570787626,700.0168226659074,-1007.87758827209,32.119999999999997,-0.054981180776542883
75.934817626451817,700.22100586605313,-1007.54547119141,32.119999999999997,-0.055254011725721343
75.947780283167873,699.98346266680755,-1007.11297988892,32.119999999999997,-0.055557563900803984
75.960740212144501,699.83616473830045,-1005.67150115967,32.119999999999997,-0.055669041143447388
75.973703142048166,699.99821479786931,-1003.0689239502,32.43,-0.055628454105105675
75.986663786074104,699.87477740055681,-1003.0689239502,32.43,-0.055434455474063553
75.999617789769175,699.51619953362649,-1004.49371337891,32.490000000000002,-0.055194086292087385
76.012576127217216,699.7502221940955,-1004.03070449829,32.490000000000002,-0.055137591228148458
76.025541863507428,700.14975967127316,-1004.03070449829,32.450000000000003,-0.055381777799331296
76.038509269969126,700.23994893229099,-1003.36265563965,32.450000000000003,-0.055680524350024199
76.051473492341927,700.06800813094446,-1001.18184089661,32.100000000000001,-0.05592185589884166
76.064443906976578,700.40239027122823,-1003.4806728363,32.100000000000001,-0.056000651998551511
76.077412917382745,700.32656193335174,-1003.03864479065,32.119999999999997,-0.055955584264695858
76.090384305765383,700.45497266244536,-1001.54900550842,32.119999999999997,-0.055813485135303188
76.103354882862973,700.41116326980921,-1001.54900550842,32.119999999999997,-0.05568415340388129
76.116324186118547,700.34237580063768,-1003.2489299774199,32.119999999999997,-0.055686568634462863
76.129299413619734,700.66228506429104,-1003.2489299774199,32.549999999999997,-0.055867826772685932
76.142271276977766,700.48062133323651,-1003.40032577515,32.549999999999997,-0.056027029123689336
76.155231406704999,699.84700527105724,-1002.96235084534,32.600000000000001,-0.056099228352901494
76.168189152246981,699.7182592668197,-1000.69189071655,32.600000000000001,-0.055977600728911434
76.181153934449455,700.09823893384032,-1000.69189071655,32.579999999999998,-0.055830152705398102
76.194114064176546,699.84700526281324,-1000.3600120544399,32.579999999999998,-0.055710154895486128
76.207068939175358,699.56324993580802,-998.72255325317406,32.170000000000002,-0.055635696690288124
76.220032979423479,700.05817339888733,-997.18213081359897,32.170000000000002,-0.055549951890429501
76.232999593225927,700.19714533211049,-997.78723716735794,32.189999999999998,-0.055460578036866451
76.245964342314764,700.09645079699169,-997.78723716735794,32.189999999999998,-0.05536607052769936
76.258919730575258,699.59096606657897,-998.52824211120605,32.140000000000001,-0.05524208562217247
76.271882751543188,700.00313226832179,-997.35093116760197,32.140000000000001,-0.055048871372096117
76.284844408639501,699.92948320101846,-997.35093116760197,32.560000000000002,-0.05491439149542994
76.297809462993797,700.11293513212536,-996.65474891662598,32.560000000000002,-0.054918844251730221
76.310773900606179,700.07963106855027,-997.47967720031704,32.57,-0.055067938648103533
76.323741254293836,700.23709913341418,-999.52626228332497,32.57,-0.055125820346761827
76.336715819521061,700.62652226961143,-999.10283088684105,32.57,-0.055045487565976069
76.34969030713826,700.62233132893925,-999.10283088684105,32.57,-0.054829793257188883
76.362662709628339,700.50973446438343,-998.732089996338,32.189999999999998,-0.054650486757240352
76.375640997042012,700.82752033802842,-996.23084068298294,32.189999999999998,-0.054590472329956188
76.388618037518555,700.76018573330964,-995.644569396973,32.170000000000002,-0.054675139900472632
76.401593187409929,700.65809413461079,-996.08969688415505,32.170000000000002,-0.054753390657849468
76.414563114651855,700.37607106388941,-996.08969688415505,32.170000000000002,-0.054821138166807955
76.427534723446925,700.46687493417437,-998.96311759948696,32.170000000000002,-0.054734747648855012
76.440504494433341,700.36763326625635,-998.96311759948696,32.579999999999998,-0.05448114437329566
76.453468600908707,700.06174966983644,-998.44217300415005,32.579999999999998,-0.054130346203623114
76.466430797138258,699.95859639536945,-998.13246726989701,32.560000000000002,-0.053894732975187008
76.479394018856738,700.01397279833054,-995.23210525512695,32.560000000000002,-0.053922331166664818
76.49235518856176,699.90316407062357,-995.23210525512695,32.560000000000002,-0.054107217324683037
76.50531264849883,699.70283660195832,-993.48402023315396,32.560000000000002,-0.054214632966734663
76.518265268661764,699.4414887987989,-993.48402023315396,32.159999999999997,-0.054182427831670515
76.531222378834514,699.68394932834894,-993.62134933471702,32.159999999999997,-0.054063349961425276
76.544184230475338,699.9399886042753,-994.12775039672795,32.159999999999997,-0.053808197586276106
76.557146938932092,699.98625666481178,-993.735790252686,32.159999999999997,-0.053619113233020314
76.570112494130882,700.13998073459265,-994.22144889831497,32.600000000000001,-0.053653571133795576
76.583083934254319,700.45776666594554,-995.19920349121105,32.090000000000003,-0.053827102399295945
76.596053471375313,700.35500453344696,-995.19920349121105,32.57,-0.05409252415922218
76.609013192355533,699.82493293167124,-995.15557289123501,32.57,-0.054261377080482495
76.621966735562964,699.49133320173235,-994.62866783142101,32.549999999999997,-0.054201177423902125
76.634920699935847,699.51407613537413,-995.98765373230003,32.549999999999997,-0.053984154429796538
76.647873288021032,699.43975660022295,-995.98765373230003,32.57,-0.053704986348922561
76.660822049403748,699.23311466622499,-996.49167060852005,32.57,-0.053547552475632018
76.67377495517286,699.45691153236032,-995.68080902099598,32.140000000000001,-0.053608839709807274
76.686733851416065,699.7803971329148,-995.74589729309105,32.140000000000001,-0.053774856236981985
76.699689069970304,699.58180192877751,-994.48847770690895,32.159999999999997,-0.053984301372186155
76.71264026727907,699.3646546739626,-994.48847770690895,32.159999999999997,-0.054046478535993502
76.725588709944461,699.21590393046699,-994.35305595397904,32.619999999999997,-0.053964582168369461
76.738538446112415,699.28575306991081,-996.52290344238304,32.140000000000001,-0.053810470013362033
76.751485083045665,699.1183943951728,-997.47753143310501,32.549999999999997,-0.053684858398589087
76.764432076985173,699.13767273380677,-997.86400794982899,32.549999999999997,-0.053736545765129061
76.77737854524571,699.10928606923608,-997.86400794982899,32.57,-0.053942269748604554
76.790330093354356,699.38359786660862,-997.15447425842297,32.57,-0.054179895669293744
76.803281115781473,699.35521106463796,-997.15447425842297,32.600000000000001,-0.054310378100412962
76.816227875856796,699.12504406694939,-996.71769142150902,32.600000000000001,-0.054284466636723823
76.829174045059247,699.09313693230217,-997.62558937072697,32.119999999999997,-0.05421261820513637
76.84212929672718,699.58359006837406,-1000.73719024658,32.119999999999997,-0.054228055394089862
76.855082806821017,699.48954506763187,-1000.80680847168,32.159999999999997,-0.054326240593952684
76.868035277972837,699.43344219809421,-1000.3116130828899,32.159999999999997,-0.054532686868775895
76.880994783714797,699.81331006551363,-1000.3116130828899,32.159999999999997,-0.05476695485372237
76.893953075632155,699.74776353718721,-1000.3035068512,32.159999999999997,-0.054936809465082503
76.906915050413659,699.94663820185565,-999.93181228637695,32.590000000000003,-0.054938182648600009
76.91987227751973,699.69026372772953,-998.610019683838,32.590000000000003,-0.054737917250673035
76.932830360407479,699.73647593792941,-998.63147735595703,32.159999999999997,-0.054546889538406439
76.94579528541243,700.10595026764497,-1000.7667541503901,32.579999999999998,-0.05446907029436391
76.958760599502426,700.12696085981486,-1000.40864944458,32.560000000000002,-0.05459540420134968
76.971724718395038,700.06242020088825,-999.83000755310104,32.560000000000002,-0.054845097991968114
76.984685660443162,699.89087059921803,-999.39990043640103,32.170000000000002,-0.05506529576211986
76.997650851392677,700.12031127322632,-1001.63102149963,32.170000000000002,-0.055162756600628193
77.010609773504925,699.7817940618429,-1002.8140544891399,32.210000000000001,-0.055104247810883134
77.023562621324743,699.45378227020444,-1002.8140544891399,32.210000000000001,-0.054982500149655174
77.036519308264232,699.66109473250594,-1001.81412696838,32.210000000000001,-0.054990655432152355
77.049483946628399,700.09047166451091,-1002.2292137146,32.210000000000001,-0.055116648889308138
77.06245211987904,700.28135553484356,-1002.32124328613,32.43,-0.055337707616019943
77.075419187959241,700.22167633115271,-1002.32124328613,32.43,-0.055565791618220367
77.088389329404919,700.38763806597058,-1001.6186237335201,32.240000000000002,-0.055678847969826688
77.101364278544423,700.64725353315407,-1000.68211555481,32.32,-0.05564181444436949
77.114336043596325,700.47531280325541,-999.24397468566895,32.280000000000001,-0.055491123348224987
77.127302312809945,700.17853753552026,-997.76005744934105,32.280000000000001,-0.055255643609857082
77.140272369401259,700.38305593111784,-997.575283050537,32.25,-0.055032333152208547
77.153247174703722,700.63948633252471,-997.66325950622604,32.25,-0.054852747254627465
77.166224333146928,700.76655593356293,-997.16281890869095,32.259999999999998,-0.054762686291893029
77.179199826593901,700.67664613582429,-997.16281890869095,32.259999999999998,-0.054709936181834458
77.192176614577704,700.7465511256047,-997.62916564941395,32.25,-0.054669796178646327
77.205157902919765,700.98957047179317,-998.95191192626896,32.310000000000002,-0.054630971409727405
77.218134709530844,700.74755699775221,-998.95191192626896,32.189999999999998,-0.054592107318822185
77.231108632145663,700.59182120016419,-998.64792823791504,32.189999999999998,-0.05453937893861853
77.244088453137095,700.91033353763737,-998.64792823791504,32.119999999999997,-0.054521466500998851
77.257073062161766,701.16888733180053,-1001.40786170959,32.119999999999997,-0.054516556361699386
77.270053545427174,700.94609633231698,-1001.40786170959,32.140000000000001,-0.054473489937069727
77.283027168983949,700.57567206597832,-1002.87675857544,32.140000000000001,-0.05439540060790609
77.296008614616099,700.99806413625095,-1002.80070304871,32.57,-0.054300406740021546
77.308986895820965,700.82718506288461,-999.86338615417503,32.57,-0.054283049991918929
77.321959394548131,700.51493126621131,-999.99117851257301,32.549999999999997,-0.054277596581056547
77.334926937603711,700.24732500194386,-999.99117851257301,32.549999999999997,-0.05425427936864978
77.347899729178991,700.53074506479732,-998.82578849792503,32.469999999999999,-0.054203772709958881
77.36087521124206,700.67603140564506,-996.72174453735295,32.469999999999999,-0.054115471946996695
77.373849925481522,700.63456893077205,-996.72174453735295,32.210000000000001,-0.053938477196476611
77.386824399646912,700.62160493106285,-997.53403663635197,32.210000000000001,-0.053724026720796035
77.399804279622217,700.91351866661807,-998.28457832336403,32.25,-0.053538535204141292
77.412787342650546,701.08540352969192,-997.30682373046898,32.25,-0.053529145402473832
77.425762296964166,700.64753293597721,-996.53792381286598,32.259999999999998,-0.053666712094071235
77.438735407259315,700.54795593795541,-996.53792381286598,32.259999999999998,-0.053799249645279656
77.451708777290165,700.56198166564479,-997.17974662780796,32.210000000000001,-0.053865997534094191
77.464685064429631,700.7195055313814,-996.92273139953602,32.210000000000001,-0.05388294036155368
77.477653399109869,700.29007273255183,-996.01817131042503,32.159999999999997,-0.053862007334766794
77.490618012638265,700.08913053370748,-996.01817131042503,32.159999999999997,-0.05387917885321699
77.503585633304894,700.25151599757612,-997.427940368652,32.140000000000001,-0.053874630894772874
77.516555962049395,700.39775220359888,-997.80726432800304,32.140000000000001,-0.053996004991355054
77.529523901434629,700.26872680203417,-995.55659294128395,32.409999999999997,-0.054236862601546545
77.542485993148233,699.95295253528445,-995.55659294128395,32.409999999999997,-0.054513949693175315
77.555446851377766,699.88634439439386,-994.14753913879395,32.140000000000001,-0.05460238394569681
77.568407474706234,699.87365973705198,-996.17981910705601,32.439999999999998,-0.054453123981198552
77.581363505580285,699.62566719923029,-996.86193466186501,32.509999999999998,-0.054255853303231891
77.594316113325931,699.44081826499905,-994.91381645202603,32.509999999999998,-0.054126489492888147
77.607277178516085,699.89752026824658,-994.91381645202603,32.119999999999997,-0.054152266433057802
77.620241219798743,700.05822926296389,-993.58153343200695,32.119999999999997,-0.054307837659637578
77.633202286023405,699.89757613232325,-994.13561820983898,32.119999999999997,-0.05442103888439008
77.646161629301261,699.80453700372857,-993.88384819030796,32.119999999999997,-0.05456847552614854
77.659125183191435,700.03191006936493,-991.91498756408703,32.140000000000001,-0.054689361196347396
77.672091101606156,700.1595943950864,-989.73870277404797,32.140000000000001,-0.054690235604058418
77.685053460300011,699.96736946814622,-988.79265785217297,32.57,-0.054659303276954029
77.69801982678517,700.18379019867677,-988.79265785217297,32.57,-0.054620308802084856
77.710991351761791,700.46234873759431,-990.39483070373501,32.57,-0.05470021524371356
77.723961233471556,700.37361232728915,-990.14520645141602,32.57,-0.054868835334478526
77.7369293022074,700.2757117352146,-990.14520645141602,32.5,-0.054938915289319996
77.74989294095181,700.03649219872182,-989.488124847412,32.5,-0.054924350438783208
77.762856513469146,700.03291593601648,-989.68958854675304,32.210000000000001,-0.054925477339076843
77.775816137177827,699.81968026851484,-989.54677581787098,32.210000000000001,-0.054953668472763693
77.788768939466649,699.45132359680804,-989.54677581787098,32.210000000000001,-0.054964057893557322
77.801718200660559,699.26010447056763,-990.45586585998501,32.210000000000001,-0.054939809358456729
77.814676674703691,699.75759832970039,-991.33586883544899,32.210000000000001,-0.054984536642635057
77.827631133712373,699.54078646819346,-990.67258834838901,32.210000000000001,-0.055086352966310842
77.84058399394938,699.45445279850799,-990.06056785583496,32.399999999999999,-0.055147846125320837
77.853537224646914,699.47445766692226,-991.22953414917004,32.399999999999999,-0.055188168253838245
77.866496301980263,699.79017600089526,-990.88478088378895,32.280000000000001,-0.055135011465234106
77.879451280459207,699.56883786311641,-988.41381072998001,32.280000000000001,-0.055121257900102361
77.89240084071109,699.27625360200534,-989.044189453125,32.170000000000002,-0.055211805221045358
77.905348472090154,699.1720944691308,-989.044189453125,32.170000000000002,-0.055298076735059008
77.918297960940833,699.27239793647698,-990.12923240661598,32.390000000000001,-0.055357036698749848
77.931245020072865,699.14119312968717,-989.99524116516102,32.390000000000001,-0.055458996857744108
77.944188012430885,698.92158733338022,-991.34922027587902,32.450000000000003,-0.055470389002801275
77.957136014269096,699.19209926334906,-990.31662940979004,32.450000000000003,-0.055483605505016402
77.970093123407324,699.68389346427239,-990.31662940979004,32.5,-0.055480364502290214
77.983057209187606,700.06063213548759,-989.59684371948197,32.5,-0.055476221152537572
77.99601967239515,699.97301320731924,-990.28706550598099,32.140000000000001,-0.055531475485097702
78.008986688737053,700.21888246230458,-990.84043502807594,32.140000000000001,-0.055602179426957249
78.021960740702525,700.59880613609255,-991.47224426269497,32.159999999999997,-0.05559819543541103
78.034925619140708,700.10343566147208,-991.22691154480003,32.159999999999997,-0.055604903027632734
78.047886554978973,699.89053526636621,-990.68236351013195,32.210000000000001,-0.055563327751868834
78.060846724029631,699.84912873526173,-990.68236351013195,32.210000000000001,-0.055523919354524533
78.073808089312294,699.91372526376097,-988.88683319091797,32.460000000000001,-0.055476235639226261
78.086761924334652,699.50709120768977,-991.09721183776901,32.460000000000001,-0.055383135460571511
78.099709437745716,699.16572419742954,-992.87033081054699,32.299999999999997,-0.055187573241622434
78.112657296781506,699.18438793229234,-992.87033081054699,32.299999999999997,-0.055004761864457574
78.125612014490173,699.5547562686022,-995.05758285522495,32.280000000000001,-0.054959147754105195
78.138566109248131,699.52111692988319,-993.78752708435104,32.280000000000001,-0.054979798280055933
78.151515611550622,699.27312433435338,-993.78752708435104,32.299999999999997,-0.054986049523543946
78.16447587166428,699.85404613701428,-994.24099922180199,32.299999999999997,-0.055052847084225941
78.177442998728395,700.22486146288145,-996.03319168090798,32.329999999999998,-0.055063814958300823
78.190411580726021,700.30342787148152,-994.93861198425304,32.329999999999998,-0.054998369886971793
78.203376992087655,700.13221352846722,-995.22399902343705,32.359999999999999,-0.054829422797578693
78.216347347738335,700.39920513675156,-995.22399902343705,32.359999999999999,-0.05463273057528506
78.229321581828387,700.6086408626536,-995.53704261779797,32.140000000000001,-0.054498171019363002
78.242290379065437,700.31505080084321,-997.30420112609897,32.140000000000001,-0.054468480455358452
78.255252106529568,699.93328306292608,-997.30420112609897,32.119999999999997,-0.054476647120526502
78.268215049886422,699.9989412699415,-996.98328971862804,32.119999999999997,-0.054479827069375909
78.281180488153112,700.13366640116396,-996.17862701416004,32.140000000000001,-0.054376704825011023
78.294140598219741,699.84594359803702,-999.38440322875999,32.140000000000001,-0.054195583280670416
78.307097733227181,699.68529040144438,-998.97766113281205,32.560000000000002,-0.053940156681099055
78.32006547807039,700.25822153342926,-998.97766113281205,32.560000000000002,-0.053666170893329306
78.33303766532093,700.49811152952577,-998.39711189269997,32.509999999999998,-0.053546663580876092
78.346009034042041,700.45391093996113,-1000.02241134644,32.509999999999998,-0.053556089598934487
78.358973432332135,700.07750766480171,-999.12071228027298,32.359999999999999,-0.053682010620051505
78.371936427429588,700.00173526244987,-999.12071228027298,32.359999999999999,-0.053782137110495919
78.384893050209911,699.65763013749802,-999.50718879699696,32.259999999999998,-0.053727280140865696
78.397845474796213,699.43092766062136,-1000.63157081604,32.259999999999998,-0.053726479204171368
78.410792624991345,699.14611053693568,-1000.63157081604,32.25,-0.0538170472192789
78.423741607823501,699.24507293668262,-1003.65424156189,32.25,-0.05384356611242555
78.436695858835805,699.52955466431229,-1004.72784042358,32.240000000000002,-0.054006529970747875
78.449645490488905,699.28010926753382,-1005.54823875427,32.240000000000002,-0.054201419567824913
78.462596291469126,699.34325293158031,-1001.09052658081,32.229999999999997,-0.054440980570042298
78.475552290264261,699.62393493745037,-1001.6162395477299,32.229999999999997,-0.054672747436199695
78.488507729230832,699.59370419501033,-1002.4082660675,32.170000000000002,-0.054673116860781058
78.501460154851813,699.43098353294192,-1002.3028850555399,32.170000000000002,-0.054560167094752782
78.514412755353078,699.44042706807056,-1002.3028850555399,32.140000000000001,-0.054476058317007879
78.527370865146992,699.73792887108198,-1002.35342979431,32.140000000000001,-0.054437775785946156
78.540332639176526,699.93579759490308,-1000.94842910767,32.350000000000001,-0.054499549377413976
78.553298089860448,700.13433693221566,-1005.04112243652,32.350000000000001,-0.054495429827370344
78.566260305750603,699.95965806838967,-1004.8291683197,32.329999999999998,-0.054552616137542635
78.579225255590202,700.10729133799248,-1004.8291683197,32.329999999999998,-0.054598035704153593
78.592193227054395,700.27045906656213,-1001.5881061554001,32.390000000000001,-0.054689308421327236
78.605155085938279,699.9403797297557,-1005.7270526886,32.390000000000001,-0.054687212946207563
78.618110915024772,699.61477067049282,-1007.23743438721,32.140000000000001,-0.054732145119682912
78.63107320231731,699.96351379712189,-1007.23743438721,32.140000000000001,-0.054815470551236437
78.644033579362912,699.86036046219897,-1007.23671913147,32.409999999999997,-0.055030577091839158
78.656990304588945,699.66316220622571,-1007.70592689514,32.140000000000001,-0.055215209721889723
78.669950051440765,699.82632999799932,-1008.28385353088,32.140000000000001,-0.055387105999694534
78.68291553523828,700.13612506631637,-1008.28385353088,32.140000000000001,-0.055524673726168101
78.695880621671563,700.11466739665332,-1007.31062889099,32.439999999999998,-0.055682882666437186
78.708842233237036,699.92702453586605,-1007.15684890747,32.439999999999998,-0.055826049710981256
78.72180517659379,699.99894126444576,-1007.62605667114,32.509999999999998,-0.05595294655070121
78.734766612243291,699.91752507345666,-1007.62605667114,32.509999999999998,-0.056017985981210605
78.747728854003725,699.96105506326967,-1007.93528556824,32.530000000000001,-0.056133620026640511
78.760691439318563,699.97960700127908,-1006.53505325317,32.530000000000001,-0.056177764716455393
78.77365538333089,700.0529766657595,-1006.53505325317,32.140000000000001,-0.056135258119778771
78.786625122237012,700.3659009302803,-1005.29170036316,32.140000000000001,-0.056059905843917367
78.799602012667904,700.75208326852828,-1005.12433052063,32.159999999999997,-0.056094886320818792
78.812576539607448,700.62445473543573,-1003.01051139832,32.159999999999997,-0.056212244348357789
78.825548889322263,700.50688459955472,-1002.78830528259,32.140000000000001,-0.056370424313163067
78.838527748982756,700.85842166648001,-1002.78830528259,32.140000000000001,-0.056436794499659181
78.85149898110987,700.44653486481229,-1003.12256813049,32.590000000000003,-0.056447425028837879
78.86446333386786,700.07504893094949,-1004.0717124939,32.590000000000003,-0.056429634697801309
78.877428732812362,700.1315430029116,-1004.0717124939,32.549999999999997,-0.056451028212266753
78.890394761951853,700.16557353306314,-1004.48679924011,32.549999999999997,-0.056473051921785894
78.903359108501192,700.07471366404957,-1004.16541099548,32.189999999999998,-0.05662658148314232
78.916327625306195,700.29990747010493,-1003.76152992249,32.579999999999998,-0.05687958353911178
78.929293732055498,700.16976446274339,-1003.76152992249,32.189999999999998,-0.057082817786469071
78.942265823069135,700.49291473594201,-1001.9268989563,32.189999999999998,-0.057245684373047903
78.955235035261708,700.33745839888513,-1002.16889381409,32.549999999999997,-0.057291929712617699
78.968197113523402,699.95222613191197,-1002.77996063232,32.210000000000001,-0.057146471613369484
78.981162987441962,700.15719160225467,-1002.77996063232,32.259999999999998,-0.05703121216690174
78.99413770789134,700.6349042663719,-1001.91807746887,32.259999999999998,-0.05697894634524852
79.007113806696282,700.70933546647234,-1000.60725212097,32.460000000000001,-0.056969465480229423
79.020086364406126,700.51811633198804,-999.68075752258301,32.460000000000001,-0.057027186784024013
79.0330678224568,700.99873473600269,-999.68075752258301,32.409999999999997,-0.057051228359719042
79.046053770516053,701.24119519960072,-999.68075752258301,32.409999999999997,-0.056960485461939568
79.059034500064229,700.95939560167392,-999.51195716857899,32.350000000000001,-0.056829739155159757
79.072012340443152,700.80338046171869,-999.39107894897495,32.350000000000001,-0.056660815866086338
79.084993421824748,700.97839460618457,-999.045848846436,32.259999999999998,-0.056629495488665256
79.097979232255597,701.23376326587118,-998.88134002685501,32.259999999999998,-0.056748413998515844
79.110960781367936,701.00365206630727,-998.88134002685501,32.350000000000001,-0.056883103938859848
79.12393893218767,700.8201442656275,-998.69823455810501,32.350000000000001,-0.056914064205585008
79.136917714237029,700.85423066535179,-1000.35119056702,32.32,-0.056767959354943873
79.149894897516049,700.76789706711429,-1000.35119056702,32.32,-0.056506010392955899
79.162869684191392,700.63848046862097,-1000.38576126099,32.170000000000002,-0.056201599331319962
79.175840279914809,700.41216906501279,-999.72510337829601,32.170000000000002,-0.055901965953740557
79.188812044966681,700.47531280050748,-1000.74458122253,32.140000000000001,-0.055807098332605325
79.201787396644505,700.66899060289222,-1001.09767913818,32.140000000000001,-0.055792092655408576
79.21475992848525,700.5167194003119,-999.29070472717297,32.140000000000001,-0.055816344296206313
79.227715686170427,699.61091499946849,-995.596885681152,32.140000000000001,-0.055804962498384084
79.240669697108657,699.51659066460309,-995.596885681152,32.380000000000003,-0.055629560308588552
79.253620816808649,699.36046379924244,-996.58894538879395,32.380000000000003,-0.05537608120956819
79.266571514308623,699.33766499877606,-996.970653533936,32.329999999999998,-0.055151348933548186
79.279520327432138,699.23590866972506,-999.07445907592796,32.329999999999998,-0.05509949496207333
79.292481620278963,699.90981372866008,-999.07445907592796,32.359999999999999,-0.055283666070892287
79.305448460703715,700.20938293669133,-997.67684936523403,32.359999999999999,-0.055619816606652571
79.318411904904963,700.02598686691283,-996.97041511535599,32.159999999999997,-0.055842767986903789
79.331369345180207,699.7017748629861,-996.37126922607399,32.159999999999997,-0.055838517017104058
79.344323485469104,699.52357560053133,-996.37126922607399,32.159999999999997,-0.055625106518073668
79.357282796667874,699.80280473370465,-995.56088447570801,32.159999999999997,-0.055365569682802117
79.370242440038282,699.82074200199099,-995.06306648254395,32.119999999999997,-0.055170067482192102
79.383201309376531,699.77894426571402,-996.73962593078602,32.119999999999997,-0.055135142885448213
79.396161693665505,699.86075160416749,-995.70727348327603,32.439999999999998,-0.055283201443403755
79.409124259319725,699.97854532825886,-995.70727348327603,32.439999999999998,-0.055492282327644027
79.422079738643262,699.59588347107956,-993.71719360351597,32.5,-0.05562571291219702
79.435024965140755,699.04223086459251,-994.55714225768997,32.5,-0.055546300071637779
79.447972018064249,699.14085786828332,-994.59910392761196,32.57,-0.055272409484179864
79.46092022065433,699.20293986480567,-995.07665634155296,32.57,-0.05503487255724266
79.473869449769111,699.25837219779567,-995.07665634155296,32.189999999999998,-0.054955858116067041
79.486821842276541,699.42919540158937,-995.20826339721702,32.189999999999998,-0.055135403656480321
79.49978208376298,699.85304026761469,-996.02365493774403,32.210000000000001,-0.055444084314923543
79.512742369745737,699.85544306869031,-996.02365493774403,32.210000000000001,-0.055769405637699283
79.525691663018506,699.26183672959962,-995.90420722961403,32.229999999999997,-0.055889525553431033
79.538636760165431,699.03524593416,-992.69366264343296,32.229999999999997,-0.055830854301359957
79.551585366328368,699.22473279862049,-993.06964874267601,32.350000000000001,-0.055625572179267918
79.564535354988919,699.29938766937164,-993.06964874267601,32.350000000000001,-0.055589394436855087
79.577484382316072,699.24747566631038,-994.90952491760197,32.280000000000001,-0.055689467115978289
79.5904337738951,699.26714526782462,-996.165990829468,32.280000000000001,-0.055983106916015317
79.603388863098729,699.57481699559708,-996.165990829468,32.210000000000001,-0.056265931990672487
79.616341431522287,699.43869487224265,-995.58329582214401,32.210000000000001,-0.056294443914188509
79.62928687946669,699.05418899765016,-994.50159072875999,32.32,-0.056126907260648673
79.64222813749511,698.82793353506247,-993.75891685485794,32.32,-0.055821070241034845
79.655177963690122,699.29061453064264,-994.21596527099598,32.450000000000003,-0.055546264888036559
79.668134820337045,699.67025893351149,-994.21596527099598,32.450000000000003,-0.055494575449963154
79.681089603238291,699.55827666723076,-996.86217308044399,32.539999999999999,-0.05554566987622786
79.694043321328451,699.500776868765,-996.67954444885197,32.539999999999999,-0.05579200366338681
79.706998079393884,699.55693553367928,-996.67954444885197,32.119999999999997,-0.055975507322831644
79.719944768067833,699.12118839317702,-996.01531028747604,32.119999999999997,-0.055917337950737521
79.732882121785195,698.61710073733616,-994.96221542358398,32.140000000000001,-0.055675322397122709
79.745822521961742,698.78160953350539,-998.13628196716297,32.140000000000001,-0.055463426849669532
79.758769782881444,699.15208966392049,-998.13628196716297,32.159999999999997,-0.055401638771360361
79.771722259207436,699.43372160366539,-998.57163429260197,32.159999999999997,-0.055654442145355983
79.784673015690117,699.34085006455268,-998.49414825439396,32.539999999999999,-0.055929749375023458
79.797622803598784,699.28854706791492,-1001.38568878174,32.539999999999999,-0.056175841018666739
79.810577144639552,699.53441620198817,-1001.38568878174,32.43,-0.056287262381508829
79.823533851239503,699.66215639728216,-1000.21886825562,32.43,-0.056299460637386681
79.836487537249425,699.49904453553722,-1000.21886825562,32.280000000000001,-0.05627988837534894
79.849450161887617,699.98173046273564,-1000.9491443634,32.280000000000001,-0.056277971921540736
79.86242705956046,700.75247433355287,-1000.9491443634,32.240000000000002,-0.056413542478394724
79.875397707024703,700.41496306851298,-1002.81977653503,32.240000000000002,-0.056596758463640394
79.88836203391368,700.07365200476931,-1002.32648849487,32.329999999999998,-0.056708442667623142
79.901329745642016,700.25643333062874,-1000.91791152954,32.329999999999998,-0.056732400423946977
79.914299425565432,700.36271586450368,-1000.91600418091,32.390000000000001,-0.056569565915323104
79.927265513688909,700.16875866753981,-1000.91600418091,32.390000000000001,-0.056366510689837064
79.940230431449322,700.10555906247248,-1002.4986267089801,32.119999999999997,-0.056259263720284419
79.953201599418506,700.44307033575649,-1003.40223312378,32.119999999999997,-0.056302938609400409
79.966175728995012,700.60299713172481,-1003.50141525269,32.090000000000003,-0.056488379421957752
79.979151275216026,700.67949593470098,-1003.50141525269,32.090000000000003,-0.05668445697198387
79.992115491380233,700.06767286679258,-1004.75287437439,32.079999999999998,-0.056664937486187623
80.005079623725919,700.06314666746448,-1005.74254989624,32.079999999999998,-0.056567382480869614
80.018047705913574,700.27643813309101,-1005.75280189514,32.549999999999997,-0.056430861974517806
80.031014234862951,700.19256326595769,-1005.75280189514,32.549999999999997,-0.05633754759186637
80.043979990813554,700.15082133330145,-1004.549741745,32.140000000000001,-0.056458204570463855
80.056955413892609,700.67284626842059,-1004.92548942566,32.57,-0.056709228082549065
80.069931414392599,700.70402699969532,-1004.64534759521,32.579999999999998,-0.056895785447554449
80.082901705883913,700.39574053075182,-1004.57453727722,32.579999999999998,-0.05685887195887715
80.095867260049445,700.13992493921592,-1004.7128200531,32.159999999999997,-0.056644470120391428
80.108838986812373,700.47324519763163,-1003.37314605713,32.159999999999997,-0.056428697167275409
80.121811843580218,700.53426546342587,-1002.1502971649199,32.189999999999998,-0.056272727540141572
80.134783913898815,700.49179720434108,-1002.50935554504,32.189999999999998,-0.056293332534747276
80.147751274829631,700.23749026439066,-1003.49187850952,32.229999999999997,-0.056334625308555479
80.160719642622283,700.29186080344834,-1004.56523895264,32.229999999999997,-0.056445321274250934
80.173691154146894,700.46162232872587,-1005.85436820984,32.329999999999998,-0.056469139331809387
80.186657502004991,700.18278433752118,-1005.76543807983,32.329999999999998,-0.05635351563391975
80.199616670401241,699.79509339715196,-1005.76543807983,32.259999999999998,-0.056046981157136265
80.212580607169187,700.05258546883101,-1005.73539733887,32.259999999999998,-0.055827273883120157
80.225550495087688,700.37394759968493,-1006.7880153656,32.210000000000001,-0.055751232429658161
80.238517830148197,700.23609326676274,-1007.0903301239,32.210000000000001,-0.055835414677147546
80.25148047444695,699.98279213300782,-1006.0565471649199,32.32,-0.056048848975836056
80.264442722416078,699.9613903329174,-1006.0741901397701,32.32,-0.056190808406005342
80.277409427281526,700.20206273386304,-1006.04248046875,32.369999999999997,-0.056222476478407314
80.290371350323454,699.9438442643077,-1006.04248046875,32.369999999999997,-0.056179541473381098
80.303329186928423,699.72317666857236,-1007.04383850098,32.469999999999999,-0.056048533362372352
80.316291642892594,699.97262206535083,-1004.48441505432,32.469999999999999,-0.056042760196556955
80.329257925558025,700.17926393339678,-1004.95600700378,32.079999999999998,-0.056244326340944895
80.342217880404888,699.83756173043253,-1004.95600700378,32.079999999999998,-0.056524640983843549
80.355170948638275,699.46568460238916,-1005.69844245911,32.100000000000001,-0.056765044315206327
80.368126200304985,699.58359000242217,-1004.62126731873,32.100000000000001,-0.056788947225943465
80.381079255086391,699.46495819626898,-1002.81429290771,32.140000000000001,-0.05666925054433318
80.394029250988936,699.29977873714415,-1002.81429290771,32.140000000000001,-0.056491174423846734
80.406983339538243,699.52078166298338,-1003.28540802002,32.539999999999999,-0.056434118499215945
80.419946743382681,700.02380759908783,-1005.13386726379,32.539999999999999,-0.056569857729586691
80.432921984337099,700.66301153911138,-1003.71718406677,32.549999999999997,-0.056778286687035454
80.445895354366669,700.56198159694475,-1004.00543212891,32.549999999999997,-0.057091713985591291
80.458862306550628,700.21541793324877,-1002.99143791199,32.549999999999997,-0.05740500986556147
80.471836390595087,700.60053840062039,-1001.60431861877,32.549999999999997,-0.057482530052988416
80.484808058374085,700.470060065903,-1003.30376625061,32.119999999999997,-0.057440371147984906
80.497770072479,699.94876166606014,-1003.30376625061,32.119999999999997,-0.057275151419933661
80.510728384058041,699.74882526791555,-1006.11209869385,32.159999999999997,-0.057224162544014613
80.523694191749357,700.15361533130556,-1004.24957275391,32.159999999999997,-0.057415195430305793
80.536658246483981,700.0589556690843,-1001.17635726929,32.159999999999997,-0.057675386260899832
80.549615550165484,699.69439880157711,-1000.37598609924,32.159999999999997,-0.057852131624432673
80.562574250830934,699.76983593428122,-1000.37598609924,32.579999999999998,-0.057855762747838532
80.575536706795063,699.9726220626028,-1001.0085105896,32.579999999999998,-0.057717052597979823
80.588502093322163,700.1308724636159,-1000.95295906067,32.539999999999999,-0.057480690173095164
80.60146441269265,699.96524600668999,-1000.5214214325,32.539999999999999,-0.05728836688656018
80.614425997353138,699.92557166591735,-999.66454505920399,32.530000000000001,-0.057265126249035257
80.627396061188946,700.38344713354229,-999.59778785705601,32.530000000000001,-0.057421439430882015
80.640368469887676,700.51006973128347,-999.74036216735794,32.170000000000002,-0.057539109968579354
80.653337097416028,700.30588653113773,-999.74036216735794,32.170000000000002,-0.057556607448949519
80.666304405571566,700.23464039956195,-998.54040145874001,32.189999999999998,-0.057543281258512539
80.679277165069195,700.52901287171733,-997.25103378295898,32.189999999999998,-0.057588631494120329
80.692245792597546,700.30588653113773,-997.530698776245,32.210000000000001,-0.057696485891502038
80.70520370060369,699.7270323313528,-997.530698776245,32.210000000000001,-0.057769061790599124
80.718170100202485,700.18557833552529,-999.68552589416504,32.409999999999997,-0.057853314404425836
80.731138733939588,700.30622180353373,-999.68552589416504,32.409999999999997,-0.058004593268551251
80.744106601923448,700.2648711282618,-1000.0307559967,32.229999999999997,-0.058149239047365596
80.757071390334531,700.09857419799209,-998.74448776245094,32.450000000000003,-0.058222660381457896
80.770037626433378,700.17674933821581,-997.60532379150402,32.210000000000001,-0.058150929915320462
80.783007456403709,700.37081839798509,-997.93505668640103,32.460000000000001,-0.058033507730650205
80.795978032466678,700.41110740023657,-998.67892265319801,32.189999999999998,-0.058032920997596341
80.808948447100008,700.40239019978037,-998.67892265319801,32.189999999999998,-0.05803535795793105
80.821914086118525,700.14450699987276,-997.15161323547397,32.210000000000001,-0.058034863322443432
80.834884506960506,700.40272546668018,-998.12602996826195,32.210000000000001,-0.0580575906974223
80.84785555075436,700.43636486860316,-997.46894836425804,32.259999999999998,-0.057995110336273387
80.860816427609876,699.88735019784156,-997.46894836425804,32.259999999999998,-0.057929336196767461
80.873777694586437,699.90841673377986,-995.82934379577603,32.259999999999998,-0.057835202250363267
80.886741008402439,700.01894606415988,-995.21374702453602,32.259999999999998,-0.057711263911362914
80.899701222983978,699.85158740316194,-995.38755416870094,32.189999999999998,-0.057673493606953313
80.912661476888829,699.85371086187047,-995.38755416870094,32.189999999999998,-0.057653699897752646
80.925630623888878,700.33393800300462,-996.23084068298294,32.390000000000001,-0.057698036026782251
80.9386072876963,700.73984560074348,-996.94871902465798,32.079999999999998,-0.057691467097228437
80.951582314446938,700.65144453428229,-997.61867523193405,32.460000000000001,-0.057631125673860584
80.964553897372852,700.46547799975019,-997.61867523193405,32.460000000000001,-0.057612099787810678
80.977531665314828,700.79946886616165,-996.24323844909702,32.57,-0.057647957775779385
80.990506945591392,700.66513493461571,-995.73826789856003,32.57,-0.057653416361327904
81.003477873487668,700.43010639925114,-995.73826789856003,32.159999999999997,-0.057615295259598936
81.016444473838263,700.19641893148605,-996.73795700073197,32.579999999999998,-0.057438317065163641
81.029411971361739,700.24486626809164,-997.08867073059105,32.189999999999998,-0.057312778920644063
81.042376739076516,700.09745659769135,-998.14844131469704,32.189999999999998,-0.05718928865243679
81.055333478790061,699.66394453138264,-998.14844131469704,32.189999999999998,-0.056904716830990333
81.068282707904984,699.25837220603955,-997.84493446350098,32.189999999999998,-0.056609030191908945
81.081234613019745,699.40287619699848,-997.83110618591297,32.210000000000001,-0.05636052745866451
81.094185810329634,699.36465473441876,-995.81408500671398,32.210000000000001,-0.056226316632548616
81.107130621870397,699.01982320059858,-994.78101730346702,32.5,-0.056211783860323009
81.120076239523485,699.06335326735541,-994.78101730346702,32.5,-0.056112058874399587
81.133032035496328,699.6129825336443,-996.71506881713901,32.210000000000001,-0.056005916040307718
81.145984611163058,699.43908600321924,-998.14891815185501,32.490000000000002,-0.055910718316017648
81.158932546774139,699.18852299789592,-996.78373336792004,32.439999999999998,-0.055879863599078365
81.17188054861235,699.19209926334906,-996.78373336792004,32.439999999999998,-0.055934402883253451
81.1848352859827,699.55581799933043,-995.54300308227505,32.189999999999998,-0.05593038267460386
81.19778786061481,699.4390301336465,-1000.09059906006,32.189999999999998,-0.055932413992744935
81.210736823785183,699.24401120045832,-998.78263473510697,32.240000000000002,-0.055927816364112697
81.223684389971567,699.16857406500628,-998.78263473510697,32.240000000000002,-0.055912936933461693
81.236637802795045,699.48429246767932,-995.49889564514206,32.409999999999997,-0.055868700146945685
81.249597880782758,699.8442113362571,-994.79103088378895,32.229999999999997,-0.055770192088671816
81.26255373573953,699.61616766537293,-996.54269218444801,32.359999999999999,-0.05569302580344717
81.275508591077724,699.5621882627878,-996.54269218444801,32.359999999999999,-0.055698846570614371
81.288479128853069,700.4090398688088,-996.72842025756802,32.259999999999998,-0.055765192956027478
81.301447983003683,700.31812413297052,-996.39701843261696,32.259999999999998,-0.055745282313606724
81.314409477635792,699.92071013373743,-996.34504318237305,32.210000000000001,-0.055729830636743215
81.327367424965445,699.72915580105303,-997.51901626586903,32.210000000000001,-0.055680070072365931
81.340326606813591,699.79581980052433,-998.35848808288597,32.32,-0.055757859307544268
81.353284755928371,699.74005219788648,-996.71316146850597,32.32,-0.055761441794264163
81.366234542802459,699.28849120109021,-998.61598014831497,32.280000000000001,-0.055763786658406624
81.379185552812402,699.3545405363343,-999.87554550170898,32.280000000000001,-0.055800546995335563
81.39214382403452,699.74664599459436,-999.87554550170898,32.329999999999998,-0.055874072843421579
81.40510101181728,699.68814026902112,-997.45345115661598,32.329999999999998,-0.055962524686191582
81.418060193666705,699.79581986922426,-997.68805503845203,32.170000000000002,-0.055990022503638305
81.431021635524715,699.91786033211258,-997.68805503845203,32.170000000000002,-0.055902936599642024
81.443994284297617,700.52303373648863,-1001.5709400177,32.189999999999998,-0.0559165763364875
81.456966537775244,700.50168779223088,-998.95095825195301,32.189999999999998,-0.055935352833209273
81.469934489577753,700.2693973358339,-998.95095825195301,32.189999999999998,-0.056027444078699744
81.482900323139461,700.15501233168175,-996.19722366332996,32.189999999999998,-0.056125631348365769
81.495871386593777,700.43742653337938,-997.00951576232899,32.310000000000002,-0.056154533391696355
81.50883506466171,700.03861566842227,-998.665332794189,32.310000000000002,-0.056083849113654299
81.521790725075249,699.60566233081602,-999.05371665954601,32.299999999999997,-0.056043620117172184
81.5347468470124,699.63058460647881,-999.05371665954601,32.299999999999997,-0.056012066909306643
81.547714356954344,700.24553686509535,-999.61924552917503,32.369999999999997,-0.056046384076287689
81.560682243564244,700.26587693445742,-1000.07319450378,32.369999999999997,-0.056097338804194125
81.573643283918543,699.89617913194718,-1001.01947784424,32.159999999999997,-0.056273881345434255
81.586611586519808,700.28834046802376,-999.29332733154297,32.159999999999997,-0.056521723874709905
81.599584267371569,700.5247659955204,-997.62296676635697,32.390000000000001,-0.056681995176504206
81.61255588341109,700.4672661338509,-1002.58111953735,32.119999999999997,-0.056749587464063792
81.625520931556835,700.11259987072151,-1003.02052497864,32.159999999999997,-0.056665102019741738
81.638489559086466,700.30588659983778,-1003.50761413574,32.159999999999997,-0.056533569263363399
81.651466599561743,700.76018566460948,-1004.70805168152,32.399999999999999,-0.056606585986677775
81.664443802502547,700.76895880333859,-1005.4178237915,32.399999999999999,-0.056692170392436035
81.677414716945634,700.42937992717896,-1005.88226318359,32.450000000000003,-0.056827792690553582
81.690383701481537,700.32516493847152,-1004.9524307251,32.450000000000003,-0.056979170896480143
81.703355330974077,700.4679925976792,-1002.6171207428,32.5,-0.057100253179969189
81.716326283704944,700.43144746685073,-1001.74498558044,32.5,-0.057150585990915201
81.729290487451863,700.06700233299284,-1003.61800193787,32.140000000000001,-0.057046480683814259
81.742265728406139,700.66301153086738,-1003.61800193787,32.140000000000001,-0.056794743157049715
81.755250531972806,701.17939260040566,-1004.04691696167,32.189999999999998,-0.056665137202732287
81.768236070250666,701.21906700438205,-1000.75602531433,32.189999999999998,-0.056593765814602841
81.781218099511136,701.02958006572567,-1000.34427642822,32.189999999999998,-0.056574373609058058
81.794206035427194,701.34853946695193,-1000.34427642822,32.189999999999998,-0.05652325331312847
81.807193385644467,701.31691173237994,-1000.52285194397,32.420000000000002,-0.056402564255405581
81.82017476504943,700.99448786804987,-1000.75435638428,32.420000000000002,-0.056399956552361567
81.833150350592533,700.6816193274575,-999.02272224426304,32.329999999999998,-0.056449138662439821
81.846126735003736,700.72475820552984,-999.02272224426304,32.329999999999998,-0.056564917580659693
81.859104984129686,700.82545280110469,-999.54891204833996,32.280000000000001,-0.056667389968596063
81.872075177314841,700.39043199802268,-1003.1776428222699,32.189999999999998,-0.056636916058756356
81.885037028955509,699.9399885960313,-1003.15618515015,32.299999999999997,-0.056666664572467197
81.898000440043205,700.02419873556028,-1003.15618515015,32.299999999999997,-0.056707360264103723
81.910972672824741,700.50057020292206,-1000.78392028809,32.140000000000001,-0.056711866829638767
81.923938169040724,700.13679566332007,-1001.12867355347,32.380000000000003,-0.056720449485660268
81.936898325672857,699.84845813550999,-1002.4881362915,32.479999999999997,-0.056593102505802025
81.949859858593854,699.92277773386525,-1002.61521339417,32.479999999999997,-0.056450284188825008
81.96282609572846,700.17680526824438,-1003.3099651336699,32.119999999999997,-0.056273697150352658
81.975789610296331,700.0297866656166,-999.82380867004395,32.119999999999997,-0.055982824414263173
81.9887458036346,699.63444026651121,-1000.79798698425,32.140000000000001,-0.055812286833490737
82.001704764034528,699.7838615960186,-1001.71208381653,32.140000000000001,-0.05564879108546214
82.014665005522247,699.85304033631473,-1001.44791603088,32.189999999999998,-0.055590176748170309
82.027623095653155,699.73686706890578,-1000.55360794067,32.189999999999998,-0.055625300026124709
82.040576780628342,699.49898866046851,-999.69768524169899,32.530000000000001,-0.055606816377321344
82.053531850170444,699.57375527311285,-999.54032897949196,32.530000000000001,-0.055670267384371724
82.066488654042033,699.66740906593463,-999.54032897949196,32.210000000000001,-0.055659093582968548
82.079443106842007,699.54045119854561,-999.89104270935104,32.359999999999999,-0.055476840998931444
82.09239915013336,699.62633773302991,-998.563051223755,32.25,-0.055382261052249818
82.105366380677722,700.2304493956857,-998.563051223755,32.25,-0.055400205568689576
82.118341576101258,700.66055287121105,-997.855186462402,32.310000000000002,-0.055591406093163348
82.131313841997553,700.50235840022674,-996.01125717163097,32.310000000000002,-0.055785041509440844
82.144280455800001,700.19714533211049,-996.01149559020996,32.390000000000001,-0.055932372601922312
82.1572467250123,700.17853746407229,-996.01149559020996,32.390000000000001,-0.056012303878237961
82.170207908170354,699.90389053445188,-995.43023109436001,32.450000000000003,-0.055955469401278983
82.183161353071682,699.48602467175124,-995.88632583618198,32.450000000000003,-0.055759552245607677
82.196111537308596,699.30994879380921,-995.47433853149403,32.07,-0.055595410779535656
82.209064475156737,699.45864379963632,-996.09160423278797,32.07,-0.055548268265640868
82.222019324286393,699.56185300138395,-996.09160423278797,32.119999999999997,-0.05563806949333891
82.234970521596296,699.36465473441876,-996.84906005859398,32.119999999999997,-0.055747101497248992
82.247916502464307,699.08296687288919,-994.26937103271496,32.189999999999998,-0.05572854127325845
82.260872494016084,699.62354379548174,-994.26937103271496,32.189999999999998,-0.055696606222043185
82.273833241521032,699.88036526740905,-993.85428428649902,32.600000000000001,-0.055628020522935057
82.286796749880324,700.02945140146483,-995.48745155334495,32.600000000000001,-0.055474772428251051
82.299760329640819,700.03330706699307,-996.88482284545898,32.560000000000002,-0.055375072276760133
82.312731880487661,700.46374572972627,-996.88482284545898,32.560000000000002,-0.055419968233590099
82.325702931524745,700.43675600232768,-995.58448791503895,32.509999999999998,-0.055657399610690536
82.338668531220975,700.14238359612432,-991.21761322021496,32.509999999999998,-0.055978311639878285
82.351627349853089,699.7762061345345,-991.21761322021496,32.210000000000001,-0.056090774014043172
82.364590604686498,700.01576100387911,-992.50626564025902,32.210000000000001,-0.056045818039383029
82.377550565740734,699.83789692863252,-993.15714836120605,32.240000000000002,-0.055983821964654804
82.39050477122224,699.52709600190792,-991.66345596313499,32.240000000000002,-0.055948424463143326
82.403462055243196,699.69333713130493,-991.66345596313499,32.359999999999999,-0.056009647540085541
82.416424465676528,699.97016340019843,-993.20220947265602,32.259999999999998,-0.056026208524500638
82.429385129362984,699.87583906808106,-993.20220947265602,32.240000000000002,-0.056069185957871859
82.442341594853062,699.64913646479624,-994.35997009277298,32.240000000000002,-0.056112407602984415
82.455300932956789,699.80425760090532,-993.04652214050304,32.159999999999997,-0.0560790414187489
82.468267150429597,700.17574353202019,-991.79697036743198,32.159999999999997,-0.056106450242494527
82.481233269597581,700.17043507073902,-993.12400817871105,32.119999999999997,-0.056065112973489657
82.494193939492575,699.87617432948491,-995.70846557617199,32.119999999999997,-0.056079179048474412
82.507151516361802,699.70915093813483,-995.43762207031205,32.490000000000002,-0.05628360642372135
82.520112387008709,699.88701493368967,-995.43762207031205,32.490000000000002,-0.056386553785617854
82.533067060221072,699.55235346752659,-995.49770355224598,32.509999999999998,-0.056438795807969178
82.546011624444446,699.0064680616689,-996.67549133300804,32.509999999999998,-0.056419321853365303
82.558957728454317,699.08961653367373,-994.75836753845203,32.590000000000003,-0.056379594737267259
82.57191772262226,699.83968506822907,-994.75836753845203,32.590000000000003,-0.056519551823181725
82.584879451120997,699.93333893249883,-993.18885803222702,32.229999999999997,-0.056609107801972279
82.597841406240732,699.94557646563158,-995.44572830200195,32.229999999999997,-0.056671313940683664
82.610807500572861,700.16909393443962,-995.44572830200195,32.5,-0.056712597401776879
82.623779213883964,700.47251879975533,-995.10264396667503,32.210000000000001,-0.056677357189889949
82.636755766967937,700.73386653421471,-995.18465995788597,32.240000000000002,-0.056622733050907738
82.649727993540722,700.50023493052629,-994.77720260620094,32.240000000000002,-0.056458002783657972
82.66269877139014,700.422003868518,-995.37491798400902,32.25,-0.056259134369059299
82.675671647819755,700.53532719965006,-995.644569396973,32.25,-0.056292699235675765
82.688642068662901,700.40272552988404,-995.644569396973,32.189999999999998,-0.056399161823855536
82.701600684474059,699.76525380217652,-995.919227600098,32.189999999999998,-0.056516199062023362
82.714554416016028,699.50150326664152,-998.31557273864701,32.090000000000003,-0.056494828313968334
82.727509374833303,699.56777613238808,-998.31557273864701,32.090000000000003,-0.056328085354211042
82.740465893100037,699.65198640382118,-999.51076507568405,32.539999999999999,-0.056281338134969619
82.7534200985815,699.52709599915988,-999.03297424316395,32.539999999999999,-0.056264883735420122
82.76638029971113,699.85086099978957,-1000.24819374084,32.549999999999997,-0.056345871546048303
82.779348875499949,700.30309259633759,-1000.70476531982,32.549999999999997,-0.056468929267877117
82.792312916782691,700.05822926845985,-1000.70476531982,32.460000000000001,-0.056605557393665351
82.805268850383996,699.62041447012177,-1000.58794021606,32.460000000000001,-0.0566966945499498
82.818228330256787,699.81191313108945,-1000.00214576721,32.229999999999997,-0.056596834005681634
82.831187174759293,699.77760313491058,-1000.1277923584,32.229999999999997,-0.056304727784178478
82.844149097799999,699.94384419835558,-1003.2184123992899,32.259999999999998,-0.05608459934492812
82.857107798465407,699.76983593153318,-1003.64351272583,32.259999999999998,-0.056015894644323355
82.870061373751867,699.49306546900834,-1002.21610069275,32.380000000000003,-0.056134932156790128
82.883019372820939,699.73194973035731,-1002.21610069275,32.380000000000003,-0.056278677656854563
82.895974111225925,699.55587386890318,-1002.48432159424,32.090000000000003,-0.056182038452869086
82.908916063606185,698.86542853381388,-1002.57205963135,32.090000000000003,-0.055935401468114126
82.921863870902484,699.18159400024012,-1003.58414649963,32.100000000000001,-0.055588504506408773
82.934818686917268,699.56006479858331,-1003.58414649963,32.100000000000001,-0.055195977911208637
82.947777588334489,699.78067653024198,-1004.56047058105,32.159999999999997,-0.054973330762462698
82.960737251366638,699.82180373546726,-1005.97953796387,32.159999999999997,-0.054948755229548195
82.97370192180864,700.09220386858283,-1005.97953796387,32.530000000000001,-0.055139237600601333
82.986664410887684,699.97441026815125,-1006.352186203,32.530000000000001,-0.055416722057602674
82.999619161709859,699.55654439720684,-1005.54299354553,32.420000000000002,-0.05550039000777162
83.012569007566697,699.29167626961487,-1006.07824325562,32.420000000000002,-0.055459627052645136
83.025519152482701,699.30782546425667,-1007.18474388123,32.259999999999998,-0.055325453479628334
83.038471175564183,699.4092463999998,-1008.08310508728,32.259999999999998,-0.055252334309121
83.051426303055536,699.57688453252081,-1008.7978839874301,32.32,-0.05536009971448095
83.064378494811081,699.41835480013265,-1008.43787193298,32.32,-0.055555956852016752
83.077335980617264,699.70423353363435,-1007.6076984405501,32.409999999999997,-0.055827683665225544
83.090298222377797,699.96105506876563,-1007.6076984405501,32.409999999999997,-0.056073656304725966
83.103255662653083,699.70177486573402,-1007.01880455017,32.43,-0.055990699263997204
83.11621063492349,699.56850260171257,-1005.89346885681,32.43,-0.055733109927393762
83.129173895965494,700.01609626803099,-1005.89346885681,32.090000000000003,-0.05538062813445925
83.142143797335819,700.37467399756133,-1006.95323944092,32.090000000000003,-0.055164287072752477
83.15511595871736,700.49671460334559,-1006.95323944092,32.119999999999997,-0.055234352540294594
83.168087386422243,700.45709606344587,-1007.99870491028,32.119999999999997,-0.055389431201189963
83.181062912982739,700.67843426717684,-1007.62486457825,32.57,-0.055584986176667468
83.194030020386407,700.22379979810512,-1007.31682777405,32.159999999999997,-0.055668605491320897
83.206996023655591,700.1641765354351,-1007.81297683716,32.549999999999997,-0.055566048249493398
83.219958382348167,699.9673693994464,-1008.29482078552,32.549999999999997,-0.055389606083098564
83.232921318461806,699.99855013621709,-1011.24620437622,32.5,-0.055201336120741407
83.245887470742005,700.17222313064372,-1011.24620437622,32.5,-0.055254496012956247
83.258858170981512,700.41781293334179,-1013.81397247314,32.450000000000003,-0.055550249914458935
83.271824576788902,700.18591359967718,-1012.0556354522701,32.450000000000003,-0.055904908933811316
83.284794062169198,700.35221053544285,-1010.08415222168,32.240000000000002,-0.056297600062158455
83.297764872097474,700.42373612755,-1010.08415222168,32.240000000000002,-0.056495311566428855
83.31073074498147,700.15713573543007,-1009.21320915222,32.259999999999998,-0.056528159313381295
83.323694227470384,700.02805440108864,-1009.95564460754,32.259999999999998,-0.056567417664267275
83.336658236674054,700.05649699843593,-1009.95564460754,32.299999999999997,-0.056597647359973878
83.349621412861808,700.01151413867433,-1009.19389724731,32.280000000000001,-0.05669476981774299
83.362589079059262,700.25397466272841,-1008.32557678223,32.189999999999998,-0.056901658989182036
83.375552789204946,700.0403478669981,-1009.27448272705,32.189999999999998,-0.057004009269873743
83.38852212453827,700.34410799921363,-1008.5308551788301,32.189999999999998,-0.057079379135169424
83.401490758276594,700.30622186948563,-1008.5308551788301,32.189999999999998,-0.057016835651510972
83.414456820529693,700.16736166716362,-1007.73143768311,32.189999999999998,-0.05690486584262338
83.42742741625311,700.41216906501279,-1007.1325302124,32.189999999999998,-0.056912764492015537
83.440405216275323,700.80120119938965,-1007.49921798706,32.32,-0.056996012313251278
83.453386194176474,700.97280666238828,-1007.49921798706,32.32,-0.057145637563386031
83.466362123274038,700.70017126821494,-1007.6003074646,32.350000000000001,-0.057276048594004203
83.479341022256818,700.86054507022834,-1007.88331031799,32.350000000000001,-0.057284622970711095
83.492321927721022,700.96889506683124,-1007.79676437378,32.329999999999998,-0.057296712571971033
83.505301573830906,700.90088993380868,-1007.53307342529,32.329999999999998,-0.057180976080823946
83.518278679500071,700.76370613468612,-1007.53307342529,32.170000000000002,-0.057117181519009762
83.531255206713652,700.73246953383853,-1004.57167625427,32.170000000000002,-0.057195217037615528
83.544235059783972,700.91206579666937,-1004.57167625427,32.359999999999999,-0.057372718841882699
83.557213328571649,700.82651453458084,-1003.80897521973,32.189999999999998,-0.057560706303556385
83.570187419860488,700.60092959754888,-1005.1791667938199,32.119999999999997,-0.057524156032391714
83.583162225161772,700.63948626932063,-1005.14769554138,32.119999999999997,-0.057265361149690032
83.59614126694693,700.86825639853726,-1005.14769554138,32.390000000000001,-0.057110882673864619
83.609118969697604,700.79594853623314,-1005.04970550537,32.390000000000001,-0.057000243622541302
83.622091287333433,700.50515233502676,-1004.41002845764,32.409999999999997,-0.057042553607352622
83.635069126677791,700.80332459489398,-1003.13854217529,32.409999999999997,-0.057115531009698475
83.648044296229628,700.65915579938689,-1003.87287139893,32.460000000000001,-0.057233866924524063
83.661018920442032,700.6297074700401,-1003.87287139893,32.460000000000001,-0.057280830417921605
83.673986105455569,700.22799073053352,-1002.9673576355,32.079999999999998,-0.057177610902474779
83.686952290849348,700.17401126474431,-1004.45032119751,32.079999999999998,-0.056926457004237395
83.699919949803743,700.25358353724789,-1002.49314308167,32.119999999999997,-0.056813736963668877
83.712889688709865,700.3659009302803,-1002.49314308167,32.119999999999997,-0.056835782402788484
83.725853645139537,700.05364720230705,-1001.45721435547,32.539999999999999,-0.057085313730470238
83.738821466556757,700.26235653033291,-1002.0649433136,32.159999999999997,-0.057276013410708315
83.75179264797903,700.44379680233283,-1001.08933448792,32.560000000000002,-0.057324479436965593
83.764761222733284,700.303036729513,-1001.08933448792,32.560000000000002,-0.05721477067218772
83.777719488781429,699.74636660001522,-999.544858932495,32.57,-0.05695159029637039
83.790677000458032,699.70563053675835,-998.543262481689,32.57,-0.056656726324957801
83.803639131495061,699.95507599948883,-999.18770790100098,32.57,-0.056378216379012733
83.816597052953114,699.72775873472506,-999.18770790100098,32.57,-0.056259949794019867
83.829547126466736,699.30396973552433,-998.69966506957996,32.189999999999998,-0.056337850788648156
83.842493958977727,699.12895559380638,-997.29967117309604,32.189999999999998,-0.056354591828640208
83.855437587739502,698.95595313592753,-997.69639968872104,32.210000000000001,-0.056195461915456671
83.86837927417659,698.85106760242866,-997.69639968872104,32.210000000000001,-0.055914109365558372
83.881321662208663,698.88895373215655,-999.39370155334495,32.460000000000001,-0.055642091771588159
83.894270072795067,699.21417166593892,-998.62742424011196,32.210000000000001,-0.055626464179975438
83.907226292002449,699.63583719818723,-997.68447875976597,32.420000000000002,-0.055816122847364064
83.920185616654351,699.80353120302891,-998.05903434753395,32.420000000000002,-0.055988602754255816
83.933139413387622,699.50502359656991,-997.42341041564896,32.32,-0.056143149525546693
83.946092364688894,699.45937026896058,-996.99616432189896,32.32,-0.056138181437813149
83.959048960565397,699.65617733075339,-996.11973762512196,32.329999999999998,-0.055909289254327275
83.972001509327129,699.43763313327054,-996.11973762512196,32.329999999999998,-0.055594291124036695
83.984953772483948,699.42221046840893,-996.59371376037598,32.240000000000002,-0.055370286313846988
83.997915526851799,699.93473586417474,-998.97742271423294,32.240000000000002,-0.0552576966577513
84.010875247833397,699.82493300586725,-997.84779548644997,32.229999999999997,-0.055378772732288715
84.023829082854334,699.50709113074583,-997.84779548644997,32.229999999999997,-0.05550913409124298
84.036779675839554,699.33202120189515,-994.83942985534702,32.259999999999998,-0.055580513758483489
84.049727832898753,699.20048119690546,-995.33247947692905,32.259999999999998,-0.055445861071696578
84.062668363460489,698.78865033351042,-995.33247947692905,32.210000000000001,-0.055073582463406261
84.075607639840754,698.72092453461096,-996.30975723266602,32.210000000000001,-0.054731565630711278
84.088546922430837,698.72125986471497,-997.042417526245,32.310000000000002,-0.054500447585750011
84.101488693720952,698.85564966583343,-998.404979705811,32.140000000000001,-0.054558479330917509
84.114439209095039,699.32783020076693,-998.82483482360794,32.140000000000001,-0.054792390307964546
84.12738893181114,699.28502666928637,-998.82483482360794,32.140000000000001,-0.054958201945028012
84.140332489170376,698.9520973989512,-999.07016754150402,32.369999999999997,-0.055003519065260235
84.153278437960537,699.08123466881727,-1001.11889839172,32.369999999999997,-0.054923906508461656
84.166221813195108,698.94226266689407,-1001.11889839172,32.369999999999997,-0.054805007659019002
84.179161505566697,698.7433880654296,-999.66979026794399,32.369999999999997,-0.054860457570603822
84.192103399998771,698.86229933211382,-998.96597862243596,32.409999999999997,-0.055030007949695349
84.20505432515553,699.34995846468564,-999.55296516418503,32.409999999999997,-0.055319397813434798
84.218004171012367,699.29167626961487,-999.55296516418503,32.100000000000001,-0.05557292347928703
84.230954601533327,699.32324813186608,-999.21298027038597,32.100000000000001,-0.055711531184293672
84.243908274091439,699.49831813766082,-998.94642829894997,32.079999999999998,-0.055738297394369904
84.256863343633327,699.57375526212093,-997.22886085510197,32.079999999999998,-0.055685659042234617
84.269820244775389,699.67266167138303,-997.22886085510197,32.479999999999997,-0.055640635804338964
84.282777666424735,699.70076906503436,-999.25231933593705,32.100000000000001,-0.055569478620664206
84.295737997939554,699.8579017997946,-1000.70881843567,32.490000000000002,-0.055527885754448246
84.308704923217334,700.21396500009598,-1000.70881843567,32.490000000000002,-0.055541334052231668
84.321672446612368,700.24626333167168,-999.92561340331997,32.469999999999999,-0.055482457909286007
84.334635493449454,700.00452920274597,-999.92561340331997,32.469999999999999,-0.0554364557483625
84.347598014606135,699.97614246123123,-1002.09975242615,32.460000000000001,-0.055352544618071493
84.360567454455534,700.34975186754252,-1002.11644172668,32.460000000000001,-0.055291310159476179
84.373530669965433,700.01363753417877,-1002.67362594604,32.119999999999997,-0.055311358429383325
84.38648901983214,699.75089280209136,-1002.67362594604,32.119999999999997,-0.055415137773088513
84.399454028655541,700.11047646422514,-1002.90870666504,32.520000000000003,-0.055592044566462988
84.412425079693847,700.43675606827969,-1008.43620300293,32.119999999999997,-0.055777256687775188
84.425394174953098,700.33114399950443,-1009.3445777893101,32.5,-0.055808632944030691
84.438357605702478,700.02526046628839,-1009.3445777893101,32.140000000000001,-0.055849935031368113
84.451327779227213,700.38937033599439,-1007.7300071716299,32.450000000000003,-0.05593846448613523
84.464299336282707,700.46408099662619,-1004.58598136902,32.450000000000003,-0.056111358312652342
84.477268977918555,700.36064833582384,-1004.58598136902,32.479999999999997,-0.056250485487477325
84.490239839586422,700.42653006509806,-1004.5509338378901,32.479999999999997,-0.056380774411359726
84.503215535854252,700.6875984626862,-1005.6140422820999,32.460000000000001,-0.056354546298211163
84.516192913676562,700.77840240441924,-1005.43785095215,32.460000000000001,-0.05630653041051463
84.529169343618562,700.7272168679342,-1005.99503517151,32.140000000000001,-0.056133849752507375
84.54214027772349,700.43044166615107,-1005.99503517151,32.140000000000001,-0.056066565836415706
84.555116025730896,700.69039240023449,-1006.01530075073,32.119999999999997,-0.056123537942794864
84.568090668569099,700.63071326249576,-1006.87098503113,32.119999999999997,-0.056281831736039074
84.581059133634611,700.29711353805271,-1006.87098503113,32.560000000000002,-0.05640159361052189
84.594020192614749,699.89718492715065,-1007.4017047882101,32.170000000000002,-0.056489977157673767
84.60698483201358,700.09052753683147,-1008.9123249054001,32.560000000000002,-0.056445316100531689
84.619949880159282,700.11259986797359,-1011.30175590515,32.560000000000002,-0.05635420895219543
84.632914362267826,700.08203386138189,-1011.30175590515,32.189999999999998,-0.056300421968741153
84.645873427183886,699.78950546709564,-1011.63816452026,32.520000000000003,-0.056342555002807548
84.658836721339526,700.01788440487951,-1011.63816452026,32.210000000000001,-0.056599889778450055
84.671797221525978,699.86701006802355,-1010.08796691895,32.490000000000002,-0.056861471383878766
84.684755032261734,699.72177973140015,-1010.06531715393,32.189999999999998,-0.056954737131676231
84.697709354675311,699.53341033258857,-1011.01279258728,32.189999999999998,-0.05687662503722174
84.710669127396329,699.82772693517143,-1011.00993156433,32.189999999999998,-0.056729364312248044
84.723633733681567,700.08873940273088,-1010.2477073669399,32.189999999999998,-0.056647286853509324
84.736599873544421,700.17155259409594,-1010.26058197021,32.170000000000002,-0.056614100725359662
84.749562036660521,699.95680826951275,-1010.26058197021,32.170000000000002,-0.056653632265486344
84.762525370137027,700.02000773168402,-1009.2532634735099,32.579999999999998,-0.056814027741987627
84.775492821096279,700.2423517993185,-1008.3808898925799,32.579999999999998,-0.056866474657198192
84.788455536796249,699.98664779853618,-1008.3808898925799,32.189999999999998,-0.056789044497178066
84.801414940092585,699.80777800228191,-1006.54792785645,32.560000000000002,-0.05661459225754191
84.814381526990189,700.19569247040567,-1006.29997253418,32.57,-0.056453190951130827
84.82734923871854,700.25643333062874,-1007.4348449707001,32.57,-0.056497684369479641
84.840313721861747,700.08208973370245,-1008.32509994507,32.189999999999998,-0.056663671921699431
84.853280121460458,700.18557833002944,-1008.32509994507,32.189999999999998,-0.05680508911533462
84.866250275323409,700.38830859977031,-1009.56892967224,32.079999999999998,-0.05687465580732471
84.879221027302449,700.42060686814193,-1011.17849349976,32.079999999999998,-0.056850021290387527
84.892191682011074,700.41535426544147,-1009.54341888428,32.140000000000001,-0.056789834051964853
84.905158932217319,700.23151113740596,-1008.87537002563,32.140000000000001,-0.056751471840222369
84.918129527940749,700.41216906501279,-1009.09733772278,32.57,-0.056806476785642587
84.931098149261729,700.30555133293797,-1007.63702392578,32.57,-0.056865542298661316
84.94406162450737,700.02766326461619,-1007.3380470275901,32.560000000000002,-0.056925831983259165
84.957019968165483,699.75055753793936,-1007.3380470275901,32.560000000000002,-0.056889292059380314
84.969985652714783,700.14696566227701,-1007.5035095214801,32.600000000000001,-0.056738555430720324
84.98294342516165,699.71971213127244,-1005.34129142761,32.600000000000001,-0.056539338288605488
84.99590241867655,699.7856498043152,-1005.34129142761,32.170000000000002,-0.056369253951480264
85.00886235386173,699.83649999970442,-1004.82726097107,32.170000000000002,-0.056316955014655029
85.021835398964157,700.54443553108285,-1004.82726097107,32.210000000000001,-0.056465269170076111
85.034806456209878,700.43709126922761,-1005.65600395203,32.210000000000001,-0.056718464733791281
85.047769873506127,700.02453399696412,-1004.90355491638,32.549999999999997,-0.056865784442024322
85.060737305838316,700.24134593816314,-1004.11939620972,32.189999999999998,-0.0568975932482714
85.073711084616079,700.58405399953472,-1004.14204597473,32.539999999999999,-0.056895263907016887
85.086682726525979,700.46866313422697,-1003.91292572021,32.539999999999999,-0.056876297004938778
85.099654544351836,700.47816259663625,-1004.59384918213,32.539999999999999,-0.056982564014755412
85.112627524261796,700.54091513795038,-1004.59384918213,32.539999999999999,-0.057165765513770395
85.125603687224682,700.71279999552826,-1004.52589988708,32.490000000000002,-0.057473352384598435
85.138572263013558,700.30309259908552,-1003.5538673400901,32.490000000000002,-0.057703782286479037
85.151533367526,699.89964367199502,-1002.29167938232,32.189999999999998,-0.05773823190793969
85.164497402600048,700.05789399881212,-1002.29167938232,32.189999999999998,-0.057657175800014053
85.177463749423424,700.18272846245259,-1002.5942325592,32.229999999999997,-0.057497797533396323
85.190427271235791,700.03017786804105,-1001.88446044922,32.229999999999997,-0.057437015283724732
85.203386011223444,699.7719593325337,-1000.65183639526,32.259999999999998,-0.05753682615836455
85.216349291925894,700.01715793280732,-1000.65183639526,32.259999999999998,-0.05765400206082872
85.229322278044449,700.54125040210215,-998.95262718200695,32.240000000000002,-0.057737716577371534
85.242293426353129,700.44200866823223,-999.41587448120094,32.240000000000002,-0.057807774800017205
85.255257168577785,700.04208013152618,-998.95024299621605,32.259999999999998,-0.057713266254701731
85.268227232413594,700.38344713354229,-996.58560752868596,32.259999999999998,-0.057611081542542075
85.28119889398404,700.46972480449915,-997.59936332702603,32.25,-0.057523905609968541
85.294172854887705,700.59388879754385,-1001.85036659241,32.25,-0.05756567956663762
85.307143139135789,700.3953493970273,-1002.9511451721201,32.259999999999998,-0.057818688865722424
85.320113209180249,700.3837824004421,-1000.63991546631,32.259999999999998,-0.058047427899139276
85.333086046286354,700.53320372994961,-998.52585792541504,32.280000000000001,-0.058263678930284134
85.346058831653139,700.53040980614151,-998.07500839233398,32.280000000000001,-0.058323052814058335
85.359027289475293,700.29672239608419,-998.07500839233398,32.280000000000001,-0.058275085563200428
85.371994715597552,700.24101060256328,-997.46632575988804,32.280000000000001,-0.058195241208492669
85.384969411211173,700.63356313556835,-997.46632575988804,32.189999999999998,-0.058190140666126863
85.39794168331602,700.50269366163059,-997.580528259277,32.189999999999998,-0.058300801448933535
85.410906276148168,700.08801293615454,-996.46568298339798,32.350000000000001,-0.058474861499104587
85.423871948280237,700.14629513122532,-995.66435813903797,32.090000000000003,-0.058519913711140945
85.436838853897456,700.2129033298238,-995.55110931396496,32.100000000000001,-0.058410128371379454
85.449802738924788,700.04979147632275,-995.11671066284202,32.100000000000001,-0.058196236689742643
85.462761387849383,699.76704192803311,-994.37212944030796,32.479999999999997,-0.058022874096334137
85.475724083888849,699.98558613101193,-994.37212944030796,32.479999999999997,-0.058032847526732309
85.488684117380245,699.84180853518149,-994.18330192565895,32.119999999999997,-0.058145518932192421
85.501641434513559,699.69512519945351,-998.91853332519497,32.479999999999997,-0.058170649118526492
85.514592592501216,699.36253133341825,-998.91853332519497,32.539999999999999,-0.058082750895114124
85.527541958209923,699.26574827019647,-999.53579902648903,32.539999999999999,-0.05789935071483774
85.540489043212332,699.14259013006324,-997.77793884277298,32.119999999999997,-0.057724482482261689
85.553438694527216,699.281171003758,-995.96643447875999,32.119999999999997,-0.057620325436136301
85.566387215835803,699.22015066376775,-998.07858467102005,32.549999999999997,-0.057605562937738497
85.579342674464215,699.59476593398267,-998.07858467102005,32.159999999999997,-0.057713408023168544
85.592304155644456,699.91998373311299,-998.030185699463,32.579999999999998,-0.057932217087372839
85.605261193381523,699.68003780149195,-996.65307998657204,32.119999999999997,-0.058127471969424818
85.618217497443297,699.64041933578801,-994.94194984436001,32.549999999999997,-0.058188469459241485
85.631175684845644,699.74211972656633,-995.79739570617699,32.549999999999997,-0.058105169898574179
85.644128272930885,699.43975660297076,-995.79739570617699,32.560000000000002,-0.057950053984783277
85.657077561029723,699.26155733776829,-994.72188949584995,32.560000000000002,-0.057823154040638397
85.670026685628315,699.2527283239707,-994.72188949584995,32.460000000000001,-0.057783513846250023
85.682979715574135,699.46361707370954,-995.08023262023903,32.460000000000001,-0.057824892509029072
85.69593345953335,699.50217379769322,-995.372533798218,32.240000000000002,-0.057836726514299247
85.708886676779073,699.47373126904574,-995.46122550964401,32.240000000000002,-0.057792964701997816
85.721833554820947,699.13141426170671,-995.46122550964401,32.25,-0.057625517041853744
85.734782998139522,699.26993920262476,-995.99146842956497,32.25,-0.057376647988452878
85.747731031022241,699.19377566654828,-995.99146842956497,32.310000000000002,-0.057184538907186798
85.760679116679,699.19662546542509,-996.46830558776901,32.310000000000002,-0.057016119566926655
85.773626611464223,699.16471840222584,-997.15995788574196,32.159999999999997,-0.05698063307313897
85.786581921080185,699.58671926183013,-998.33846092224098,32.159999999999997,-0.057021441558134718
85.799540401333402,699.75793367354424,-998.91448020935104,32.369999999999997,-0.056982188382341981
85.812494178406155,699.50396192904577,-997.96462059020996,32.119999999999997,-0.056921635858079252
85.825446935164251,699.44886493715182,-997.96462059020996,32.100000000000001,-0.056767442988227342
85.838401906398715,699.56844666069173,-997.95031547546398,32.100000000000001,-0.056559305843617264
85.851360009982756,699.73759353823016,-998.11363220214798,32.509999999999998,-0.0564496871076711
85.864318373302439,699.75161926317162,-998.27384948730503,32.509999999999998,-0.056413753578373596
85.87727651517406,699.73966106691,-997.13850021362305,32.549999999999997,-0.056474996315978195
85.890239334354362,699.99223573683651,-996.58775329589798,32.549999999999997,-0.056560446197300981
85.903199738304963,699.86181333214768,-996.76799774169899,32.57,-0.056560248549897961
85.916153780287601,699.51826706230634,-998.12102317810104,32.57,-0.056431229328532624
85.929107147579018,699.48183373657514,-998.12102317810104,32.140000000000001,-0.056229702506945207
85.942068253125925,699.89969953332366,-999.63784217834495,32.140000000000001,-0.05611570965785715
85.955032657624713,700.07784293444956,-999.33457374572697,32.579999999999998,-0.056185059041629182
85.967999057223466,700.18557833277737,-998.12841415405296,32.170000000000002,-0.056333768491398289
85.980964676580257,700.14344526639661,-998.24976921081497,32.560000000000002,-0.05648387699419713
85.993935103632154,700.40306080228004,-1000.33354759216,32.189999999999998,-0.056534522317082586
86.006898235322211,700.0091112634027,-1000.33354759216,32.509999999999998,-0.056502770425156765
86.019854123393841,699.61795586817345,-1001.02710723877,32.509999999999998,-0.056435444081788751
86.03281242772961,699.74843413144299,-1002.23469734192,32.520000000000003,-0.056429458781525436
86.045778788005009,700.18345487132092,-1002.23469734192,32.520000000000003,-0.056475450594959571
86.058749903200038,700.44022053138349,-1003.47590446472,32.359999999999999,-0.056669192594932215
86.071716530455561,700.19787179868695,-1000.45704841614,32.359999999999999,-0.056928267909481051
86.084686834365442,700.39641113325149,-999.14407730102505,32.210000000000001,-0.057118013501327336
86.097661568265508,700.63563060379226,-999.79686737060501,32.210000000000001,-0.057118231843454666
86.11063437329382,700.53147152862573,-999.79686737060501,32.32,-0.056970843837720615
86.123605716145718,700.45251400278903,-1001.09434127808,32.32,-0.05679860814567441
86.136581996041969,700.71911439765699,-1001.09434127808,32.450000000000003,-0.056758546787934669
86.149567294244434,701.20610293322488,-998.41070175170898,32.450000000000003,-0.056872678298367507
86.162558679158067,701.53478533560724,-997.81608581543003,32.119999999999997,-0.057034638398975018
86.175543514804986,701.18112493363355,-1000.39649009705,32.119999999999997,-0.05719968842092335
86.188528240761741,701.17520166522934,-1000.39649009705,32.119999999999997,-0.057278798064649916
86.201513583461704,701.20850579750447,-999.43017959594704,32.119999999999997,-0.057272023210617584
86.214496094940728,701.05561986749331,-998.13818931579601,32.189999999999998,-0.057212796268673226
86.227473648678995,700.78790186682852,-1000.24247169495,32.189999999999998,-0.057236034836903822
86.240455002213636,700.99309087042172,-1000.24247169495,32.590000000000003,-0.057390561947583213
86.253444496542002,701.43269373141243,-1001.02210044861,32.590000000000003,-0.057712737469878386
86.266428170104916,701.11837239781539,-1003.0038356781,32.579999999999998,-0.058030433331841123
86.279405035700009,700.75074213497692,-1003.2436847686801,32.579999999999998,-0.05816328960190506
86.292378671674086,700.57634259977806,-1003.2436847686801,32.57,-0.058203984258003869
86.305350664382715,700.48760626641695,-1003.27849388123,32.57,-0.058173214395617269
86.31831966857898,700.32622659775188,-1002.48003005981,32.210000000000001,-0.058110286997940769
86.331287958762985,700.28766993697207,-1001.91497802734,32.210000000000001,-0.058119819602900316
86.344260419201206,700.51286366333557,-1000.03504753113,32.210000000000001,-0.058235446404146213
86.35723502996052,700.62898100346376,-1000.03504753113,32.210000000000001,-0.058447939032447965
86.37020313077528,700.27744399699452,-998.58713150024403,32.420000000000002,-0.058514949762250489
86.383163644414807,699.86773653459989,-998.45242500305199,32.210000000000001,-0.058294501568759559
86.396123676871639,699.84175266835666,-998.09360504150402,32.280000000000001,-0.057981706534551737
86.40909068079506,700.21821186530087,-998.09360504150402,32.280000000000001,-0.057719049768006507
86.422058769191366,700.27677339999082,-997.22003936767601,32.259999999999998,-0.05762620518529063
86.435027708196372,700.3227062705713,-996.19030952453602,32.259999999999998,-0.057745099895279532
86.448001630811135,700.59182119741627,-995.73493003845203,32.259999999999998,-0.0579740872811128
86.460976923504901,700.66580546291959,-995.73493003845203,32.259999999999998,-0.058292035633877033
86.473945122625921,700.28275253521963,-995.84269523620605,32.25,-0.058391498814859076
86.486899814465446,699.55335933417814,-996.22511863708496,32.25,-0.058297411435337634
86.499856657659279,699.66953246693504,-996.51408195495605,32.240000000000002,-0.058116711055213509
86.512819230556772,699.97893646473153,-996.37866020202603,32.240000000000002,-0.058012064546658193
86.525782706837077,700.02771913693675,-995.694398880005,32.25,-0.058154497916013223
86.538744304950541,699.92629812699784,-994.51994895935104,32.25,-0.058416925991465973
86.551703830353105,699.81437173853385,-994.51994895935104,32.299999999999997,-0.058596144533047567
86.564665747185174,699.94350893145577,-994.78578567504906,32.299999999999997,-0.058640123655144615
86.577625293285209,699.81548940203868,-994.28272247314396,32.229999999999997,-0.058457935229154774
86.590582662158013,699.69791913150561,-991.29080772399902,32.229999999999997,-0.058167706138964624
86.603545409938292,699.988380134512,-991.29080772399902,32.210000000000001,-0.057922669997200381
86.616516870756755,700.45888419754647,-994.44842338562,32.210000000000001,-0.057815092925714233
86.629491792991416,700.64580067144925,-994.14706230163597,32.299999999999997,-0.057920692488395847
86.642459562669117,700.25956259553277,-992.95592308044399,32.299999999999997,-0.058113519723082561
86.655424474220936,700.10522379832071,-992.95592308044399,32.240000000000002,-0.058178347017871813
86.668383565007417,699.79090247021952,-992.01393127441395,32.259999999999998,-0.058000983877341199
86.681333170790097,699.27871226440971,-991.49537086486805,32.280000000000001,-0.05762512381705448
86.694283757565401,699.33168586629529,-990.88525772094704,32.280000000000001,-0.057333141771326979
86.707246486718603,699.98737427335664,-992.41876602172795,32.170000000000002,-0.057249187181529694
86.720214146707463,700.25363939857652,-992.41876602172795,32.170000000000002,-0.057386500347347658
86.733185151177821,700.43424139890294,-992.95020103454601,32.140000000000001,-0.057541742506717425
86.746150575992587,700.13293999779148,-993.21341514587402,32.140000000000001,-0.057705067512494719
86.759117378128352,700.20731533106755,-990.98205566406205,32.140000000000001,-0.057735743207257419
86.772083069922189,700.14735686744939,-990.98205566406205,32.140000000000001,-0.05766631828414126
86.785046246109943,700.01151413867433,-988.53492736816395,32.409999999999997,-0.057501170990907444
86.798005804625959,699.81615986439022,-991.299867630005,32.409999999999997,-0.057359563392882798
86.81096835786299,699.9778747999552,-991.299867630005,32.119999999999997,-0.057358329908944898
86.823928956356824,699.87231866670447,-990.42463302612305,32.43,-0.057483636256776625
86.836877561485238,699.22467693454394,-988.88611793518101,32.5,-0.057591165726147635
86.849822113290131,699.00579746466519,-987.71286010742199,32.5,-0.057614594697088357
86.862771543156796,699.26921279925227,-989.17293548583996,32.119999999999997,-0.057456823479715854
86.87571893446173,699.15913046667356,-990.65876007080101,32.119999999999997,-0.057274298742637328
86.888669858582688,699.34990253190892,-990.65876007080101,32.159999999999997,-0.057130091719611066
86.901625726992592,699.6168941346973,-988.76404762268101,32.159999999999997,-0.057179840901521034
86.914587734887647,699.9484263332082,-988.52610588073696,32.189999999999998,-0.057347376519574042
86.927551957261826,700.06800820514047,-988.52610588073696,32.189999999999998,-0.057485526841734157
86.940508768376574,699.66780019691112,-989.58992958068802,32.57,-0.057447286736473001
86.953464129733391,699.58951326807824,-990.54741859436001,32.57,-0.057261667939312352
86.966426787483911,699.9835185281363,-988.00778388977005,32.210000000000001,-0.057009668606843089
86.979394498177797,700.25637746929999,-988.00778388977005,32.579999999999998,-0.056872022234717587
86.992356773051867,699.96284320011819,-987.04433441162098,32.579999999999998,-0.056862882855778639
87.00531793551356,699.90277293140298,-990.79608917236305,32.579999999999998,-0.057011635767496689
87.018282892596261,700.10768246622104,-990.79608917236305,32.189999999999998,-0.057137864124187691
87.031242932296252,699.84214379933326,-991.70112609863304,32.189999999999998,-0.05714417538616743
87.044192680881508,699.28642360371043,-991.12010002136196,32.189999999999998,-0.057048581332398728
87.057145808098753,699.46886973136986,-990.43655395507801,32.189999999999998,-0.056847317350730633
87.070106892950591,699.89858199897481,-990.43655395507801,32.170000000000002,-0.056689801729500555
87.083073909291315,700.21888239910061,-991.44840240478504,32.170000000000002,-0.056713064097236615
87.096036553590068,699.98279213300782,-992.43235588073696,32.560000000000002,-0.056868914722008716
87.108997554622235,699.89405573644274,-992.41566658019997,32.560000000000002,-0.057134685210163558
87.121958554618544,699.8939998009181,-992.431640625,32.539999999999999,-0.057274307020476166
87.134913208170389,699.55129180000245,-993.90840530395496,32.539999999999999,-0.057229131667336758
87.147860248676537,699.14018733173566,-993.90840530395496,32.5,-0.05702546901147721
87.160806917688902,699.12012666794476,-994.49324607849098,32.5,-0.056848592227832041
87.173761785444498,699.5628588020835,-995.21446228027298,32.189999999999998,-0.056810755696437086
87.18671866796052,699.6716558651874,-995.21446228027298,32.189999999999998,-0.057001580587428761
87.199674015864204,699.58878679875386,-996.41680717468296,32.509999999999998,-0.057204868643155701
87.212632957639514,699.78285586676702,-995.59664726257301,32.210000000000001,-0.057414600418395315
87.22559713551604,700.06560533261677,-996.41752243042004,32.189999999999998,-0.057613558859942807
87.238559330709847,699.95854046534077,-995.50342559814396,32.189999999999998,-0.057660917647790154
87.251517493277802,699.7407786699589,-995.50342559814396,32.469999999999999,-0.057606846093747409
87.264479240402551,699.9343447359463,-995.95570564269997,32.469999999999999,-0.057517215609471109
87.2774482063123,700.32415912677993,-998.19397926330601,32.210000000000001,-0.057553743115192263
87.290410882690139,699.98452440303174,-997.88069725036598,32.43,-0.057733765700081333
87.303364802565369,699.51167326285042,-997.22480773925804,32.32,-0.057858176942271716
87.31631931331485,699.54358047169364,-997.71475791931096,32.32,-0.057826018374751882
87.329274343533285,699.5716317951684,-1000.1692771911599,32.25,-0.057741740925220435
87.342228523145636,699.52569906748386,-1000.1692771911599,32.25,-0.057648230965579861
87.355178531466748,699.30044933964393,-1001.31392478943,32.259999999999998,-0.057598913295630196
87.368129286914751,699.34079419223212,-999.80735778808605,32.280000000000001,-0.057633575051691435
87.38108591590489,699.65796546760191,-1000.89049339294,32.329999999999998,-0.05776044395179062
87.394042394848213,699.6498629396167,-1000.89049339294,32.329999999999998,-0.058018255771145583
87.406991039298774,699.22680033004826,-1001.00803375244,32.170000000000002,-0.058233783475710336
87.419943613932105,699.43903019959851,-1001.91903114319,32.170000000000002,-0.058241263032012332
87.432902178002493,699.76245980142437,-1001.7626285553,32.140000000000001,-0.058123890516461531
87.445856272760452,699.52111692988319,-1001.7626285553,32.140000000000001,-0.058002886879387767
87.458807483522264,699.36538113779102,-1002.3357868194601,32.380000000000003,-0.058023000342167438
87.471768387282737,699.88880306504223,-1001.86610221863,32.119999999999997,-0.058177278065656035
87.484730037135733,699.92909206179786,-1001.02257728577,32.43,-0.058322578874669025
87.497688686061693,699.76704200222912,-1001.59978866577,32.43,-0.058394135493672235
87.510643521738217,699.56112653205957,-1001.98864936829,32.399999999999999,-0.058370432299123545
87.5236042951136,699.88176227053327,-999.02701377868596,32.399999999999999,-0.058176311560531428
87.536570037611128,700.150094866725,-999.02701377868596,32.350000000000001,-0.05789210916305567
87.549537002212418,700.21608846979643,-999.22633171081497,32.350000000000001,-0.057571242666332526
87.562501537096239,700.08488372621059,-1002.21252441406,32.159999999999997,-0.057398736890132099
87.575469222954311,700.25503633574863,-1003.92913818359,32.159999999999997,-0.057390314629279626
87.588444632581485,700.67211986779614,-1002.54845619202,32.189999999999998,-0.057545687175412225
87.601416658403721,700.48939440051754,-1001.93572044373,32.189999999999998,-0.057622154967675053
87.614382329499989,700.14623919844871,-1001.93572044373,32.159999999999997,-0.057633007978892835
87.627346565326022,700.0687346057648,-1003.19314002991,32.159999999999997,-0.057555086288929566
87.640310626270448,700.05929099918819,-1004.67348098755,32.369999999999997,-0.057431308345352691
87.653268898527202,699.74670186416699,-1005.8765411377,32.369999999999997,-0.057411125551162734
87.666222388959255,699.48848333140768,-1006.93702697754,32.399999999999999,-0.057510380736183718
87.679181901944432,699.81370119923804,-1005.75852394104,32.399999999999999,-0.057719091159388912
87.692144026772866,699.95474073533705,-1006.61754608154,32.399999999999999,-0.057987829462810343
87.705104312755509,699.85544306319434,-1006.61754608154,32.399999999999999,-0.058122043393452942
87.718060076650659,699.61125033781639,-1005.25093078613,32.090000000000003,-0.058103040274576787
87.731022389812296,699.96491072879803,-1006.1275959014901,32.090000000000003,-0.05802126808221951
87.743988490353118,700.16942920408746,-1006.1275959014901,32.119999999999997,-0.057861392075027676
87.756954091083912,700.14243946294891,-1007.2185993194601,32.119999999999997,-0.057719791721848601
87.769920444116138,700.18306374034444,-1005.77116012573,32.119999999999997,-0.057691596448046445
87.782888526303736,700.27643813034285,-1003.42106819153,32.119999999999997,-0.057727240232680013
87.795864871392567,700.72263479628555,-1003.42106819153,32.560000000000002,-0.057830323154498826
87.808839372462998,700.62305780375959,-1004.04715538025,32.560000000000002,-0.057895603692935289
87.821803406501317,700.05783806878333,-1004.72831726074,32.119999999999997,-0.057888474935275776
87.834774951139565,700.4634104655745,-1002.62928009033,32.530000000000001,-0.057834709683457525
87.847749295954387,700.61462000063057,-1006.49046897888,32.539999999999999,-0.057764466230294319
87.860721723280278,700.51107559793502,-1008.92233848572,32.539999999999999,-0.057680151528223554
87.873696171575347,700.62020793343493,-1009.56702232361,32.119999999999997,-0.057728531667240207
87.886679345328346,701.0913826621728,-1008.65888595581,32.119999999999997,-0.057862164039260637
87.899663550779096,701.14709434027782,-1007.2493553161599,32.549999999999997,-0.058043180033001136
87.912642644304952,700.87105039654136,-1007.3714256286599,32.140000000000001,-0.05815965640889955
87.925620601616018,700.8096947978953,-1007.13896751404,32.170000000000002,-0.058191177537945019
87.938598837290058,700.82472639773232,-1005.3174495697,32.170000000000002,-0.058148545731023696
87.951576163371556,700.77560840091905,-1005.36751747131,32.560000000000002,-0.058130485315476682
87.964553047592588,700.75174793567658,-1006.62899017334,32.560000000000002,-0.058068061868547238
87.977527288927178,700.60903206782621,-1006.62899017334,32.520000000000003,-0.058064853979110174
87.990505245203721,700.80963893381863,-1007.12776184082,32.520000000000003,-0.058055135110690707
88.003481792079043,700.7335312673149,-1003.8616657257101,32.119999999999997,-0.058085245803984685
88.016455778851864,700.59528573196792,-1003.8616657257101,32.549999999999997,-0.058093685655798102
88.02942913542968,700.56125520181638,-1001.06978416443,32.079999999999998,-0.058113229977604416
88.042413387448121,701.14960899591483,-1000.83065032959,32.079999999999998,-0.058125816286088955
88.055397560819685,701.14536206475793,-1000.93531608582,32.119999999999997,-0.058150477706600298
88.06838112365925,701.11239333678247,-1001.6543865203899,32.119999999999997,-0.058212917712158967
88.081367090344443,701.24220100030027,-1001.77097320557,32.159999999999997,-0.058342302217328806
88.094354279132077,701.30819453192373,-1001.30224227905,32.159999999999997,-0.058472573549995813
88.107333579618512,700.88222626764593,-1001.20544433594,32.520000000000003,-0.058611049834432126
88.120298530492676,700.10734720481719,-1001.20544433594,32.520000000000003,-0.058641466829594369
88.133262363780233,700.04699752778265,-1000.5760192871099,32.590000000000003,-0.058700521994156825
88.146225956992637,700.03403347036533,-1000.13756752014,32.590000000000003,-0.058763528034533712
88.159190556034559,700.08834826351051,-1001.61528587341,32.579999999999998,-0.058763585984443568
88.172151297330871,699.88003000050924,-1001.61528587341,32.579999999999998,-0.058749224989803422
88.185113610492664,699.96491073704215,-1001.42335891724,32.119999999999997,-0.0587699634745791
88.198079352991371,700.15009492992908,-999.87459182739303,32.119999999999997,-0.058847188742299765
88.211045524933397,700.17328486961583,-998.73137474060104,32.579999999999998,-0.058911180951313404
88.223999094011162,699.49273019936049,-998.73137474060104,32.159999999999997,-0.058936837853074721
88.236956865423409,699.71965626169992,-996.504306793213,32.159999999999997,-0.059005337663364681
88.249920322042001,700.0266574034606,-996.38748168945301,32.159999999999997,-0.059108524064911717
88.262877957895043,699.71233606436761,-996.38748168945301,32.579999999999998,-0.05921427160394311
88.275826537154302,699.22328000011987,-997.51901626586903,32.579999999999998,-0.059252037770222067
88.288774940496324,699.21378046901043,-996.97685241699196,32.57,-0.05931066659623814
88.30172324760116,699.20858366168659,-997.58601188659702,32.57,-0.059347322417137804
88.31467210004692,699.23803207072547,-998.42143058776901,32.549999999999997,-0.059429785856848001
88.327620724837075,699.22573866801997,-997.11179733276401,32.549999999999997,-0.059387298921037314
88.340579120235788,699.7533515304475,-997.11179733276401,32.119999999999997,-0.059364557059725986
88.353548839481547,700.36483927100028,-996.22368812561001,32.119999999999997,-0.059329166801482515
88.366519006797532,700.38903506359861,-996.08707427978504,32.159999999999997,-0.059342169099446507
88.37948513320741,700.17082613301557,-995.02134323120094,32.159999999999997,-0.059351884863339269
88.392451915682756,700.20625366903926,-994.25053596496605,32.590000000000003,-0.059377511755676612
88.405419671908632,700.25883619765625,-993.38936805725098,32.119999999999997,-0.059339907020562403
88.418379828540722,699.84845813276206,-994.17495727539097,32.57,-0.059175763485654058
88.431330220774115,699.32118060318646,-994.17495727539097,32.57,-0.058925412595033769
88.444278013581496,699.18081159813914,-994.50659751892101,32.140000000000001,-0.058648825311441416
88.457228067434599,699.30290806800019,-994.34423446655296,32.609999999999999,-0.05846292815254215
88.470171449912442,698.94265380336651,-995.54872512817406,32.579999999999998,-0.058350909707375706
88.483110155082699,698.69007919389605,-995.54872512817406,32.579999999999998,-0.058302191189655378
88.496057448080208,699.15382186524459,-998.279809951782,32.210000000000001,-0.058337581446168629
88.509004168833329,699.12292066869702,-996.27399444580101,32.210000000000001,-0.058383966485267141
88.521948825154311,699.01144133299397,-996.27399444580101,32.549999999999997,-0.058391741994217802
88.534890472267875,698.84894413272821,-993.96252632141102,32.189999999999998,-0.05834646833379719
88.547836576277717,699.0896165309257,-994.20547485351597,32.159999999999997,-0.058291653791646865
88.560788286849444,699.39237087343372,-994.21596527099598,32.159999999999997,-0.058277817442376312
88.573738477296331,699.31028413215688,-994.21596527099598,32.579999999999998,-0.058243182591314127
88.586685575751872,699.14331659938773,-994.40383911132801,32.579999999999998,-0.058215430212804696
88.599634311265433,699.23171773180093,-995.16201019287098,32.159999999999997,-0.058233319884370187
88.612583780454372,699.27133620300083,-995.81718444824196,32.520000000000003,-0.058203244374270317
88.62552804044573,698.99003953290378,-995.42021751403797,32.57,-0.058127139798654998
88.638464554937144,698.57178253647874,-995.505332946777,32.57,-0.05801328250908213
88.651413888566665,699.26401599467658,-994.94814872741699,32.100000000000001,-0.057860360376623433
88.664366274865415,699.42886013194152,-994.38762664794899,32.100000000000001,-0.057779976891333171
88.677316023450558,699.28642359821447,-995.58854103088402,32.090000000000003,-0.057680443342487134
88.6902675260271,699.38113913275629,-995.58854103088402,32.090000000000003,-0.057616023760050948
88.703226558864188,699.78777320256756,-996.978759765625,32.119999999999997,-0.057500712573133869
88.716181218624683,699.55162706690226,-996.15430831909202,32.119999999999997,-0.057378429919555829
88.729129304281443,699.19662546542509,-995.88561058044399,32.359999999999999,-0.057329536518400233
88.742076857016073,699.16784766987791,-997.26533889770496,32.359999999999999,-0.057386308908998047
88.755026638714824,699.28821173231506,-997.86877632141102,32.170000000000002,-0.057482609731735405
88.767976270367868,699.28010926478566,-999.38726425170898,32.310000000000002,-0.057567193482778889
88.780924225639509,699.1895846681681,-1001.18613243103,32.280000000000001,-0.05755773228045772
88.793872760401229,699.22087713309213,-1001.18613243103,32.280000000000001,-0.057537451178121451
88.806829901618528,699.68562573429631,-1000.73075294495,32.189999999999998,-0.057530889493464091
88.819794442711199,700.08521900410256,-999.855995178223,32.189999999999998,-0.05761169104012346
88.832753566611174,699.79269059882427,-1000.5710124969499,32.159999999999997,-0.057662097323103949
88.845717632729574,700.05957039376722,-1000.5710124969499,32.159999999999997,-0.057745609018524505
88.858689164949311,700.46273986582275,-1001.98864936829,32.210000000000001,-0.057878161055251162
88.871663223124671,700.59914146894437,-999.82070922851597,32.210000000000001,-0.05794425598458626
88.88463001905194,700.20698007241162,-999.82070922851597,32.329999999999998,-0.057857243550843346
88.897598036046915,700.27291772896649,-999.62162971496605,32.329999999999998,-0.057656703929817289
88.910572379827116,700.61456413105782,-1001.7814636230499,32.170000000000002,-0.057371882721027376
88.923540767282731,700.29292260287662,-1003.25918197632,32.32,-0.057249581441663117
88.93650803714938,700.23257279943414,-1003.25918197632,32.280000000000001,-0.057203108444350337
88.949478418670438,700.40060213712763,-1003.29995155334,32.280000000000001,-0.057281787611399876
88.962450722853092,700.50442586295446,-1002.58159637451,32.189999999999998,-0.057409914830989027
88.9754222219605,700.46095180042209,-1004.6932697296101,32.189999999999998,-0.057519551159422803
88.988384541330902,699.96524600119392,-1004.2660236358601,32.229999999999997,-0.057521268931816937
89.001347563333297,700.00318812965054,-1004.2660236358601,32.229999999999997,-0.057450180045236075
89.014315059822209,700.24481040126705,-1004.9755573272701,32.229999999999997,-0.057357581745133404
89.027286753472808,700.47145713223108,-1010.02335548401,32.229999999999997,-0.057378899719745829
89.040252334542032,700.14137773771677,-1009.66596603394,32.299999999999997,-0.057532155058003173
89.053216310632052,700.05470886158741,-1008.40616226196,32.299999999999997,-0.057747172605006572
89.066187874930918,700.46447213859472,-1008.40616226196,32.299999999999997,-0.057991152214850065
89.079154137935788,700.17820226312449,-1008.5117816925,32.299999999999997,-0.058142155822730461
89.092110532025984,699.64528087071596,-1008.5117816925,32.229999999999997,-0.058221934983904135
89.10506530871848,699.55794139483498,-1006.69813156128,32.280000000000001,-0.058323733715397647
89.118025231485205,699.8358294027006,-1006.6845417022701,32.189999999999998,-0.058393881966111685
89.130988311437108,700.00631740279846,-1006.63661956787,32.189999999999998,-0.058521166858082105
89.143946056978976,699.71825926132374,-1008.43477249146,32.159999999999997,-0.058647056834898993
89.15691224858152,700.17434653714008,-1008.43477249146,32.159999999999997,-0.058849537744471089
89.169881609786444,700.34550506554172,-1008.32533836365,32.329999999999998,-0.059050745848373429
89.182848145977758,700.19295433098216,-1007.30037689209,32.159999999999997,-0.059164387897699448
89.195811335618444,700.01224059700667,-1007.28392601013,32.409999999999997,-0.059143841887370874
89.208775603523492,700.07046687304057,-1007.28392601013,32.409999999999997,-0.059179610883419588
89.221748116737089,700.51571353366035,-1006.78944587708,32.399999999999999,-0.059326303501990751
89.234721661649374,700.5714252639774,-1008.3987712860099,32.399999999999999,-0.059478805504294907
89.247687950523456,700.17959920029659,-1008.3987712860099,32.119999999999997,-0.059635283218423554
89.260654161787684,700.17540826786831,-1010.58340072632,32.399999999999999,-0.059758574804606099
89.2736214958136,700.23603739993791,-1010.31255722046,32.090000000000003,-0.059902267530515474
89.286580073337035,699.76318626525267,-1004.14538383484,32.090000000000003,-0.059987582886944786
89.299535643723516,699.60080087008419,-1003.84426116943,32.140000000000001,-0.060003925528469219
89.312498391502459,699.98838006306414,-1004.64773178101,32.140000000000001,-0.059946811654386575
89.325464608975324,700.17574353476823,-1004.64773178101,32.100000000000001,-0.059879756428216947
89.338430053450608,700.13400166531596,-1005.73658943176,32.100000000000001,-0.059890382818501675
89.35139044291482,699.86103106744667,-1005.73658943176,32.469999999999999,-0.059839879265711472
89.364357323696282,700.21156219902036,-1004.71711158752,32.469999999999999,-0.05976560836022355
89.377322845781535,700.1381926032401,-1005.0034523010301,32.450000000000003,-0.059678411731449922
89.390285444549406,699.98033346510749,-1003.26776504517,32.450000000000003,-0.059603211573325827
89.403249179530846,700.04168899780154,-1003.26776504517,32.399999999999999,-0.059584300550794583
89.416217301040689,700.27856153134337,-1002.5954246521,32.399999999999999,-0.059530967845609233
89.42919056655677,700.55633786876376,-1004.54878807068,32.119999999999997,-0.05947020629269751
89.442160876675345,700.39674640289923,-1004.54878807068,32.119999999999997,-0.059425683899291988
89.45512639255189,700.13785733359225,-1004.3306350708,32.100000000000001,-0.059445853241822083
89.468100289296331,700.59042419978812,-1003.16858291626,32.100000000000001,-0.059495190571263679
89.481073905609847,700.57528092950577,-1003.16858291626,32.140000000000001,-0.059528489492772563
89.494039849895046,700.16099140095844,-1004.43172454834,32.140000000000001,-0.059501142757983433
89.507005775554305,700.15998560025878,-1005.00845909119,32.490000000000002,-0.059439663050277071
89.519984056759284,700.82718506838057,-1005.00845909119,32.490000000000002,-0.059377295482182048
89.532961707769189,700.79315453548099,-1002.9282569885301,32.530000000000001,-0.05939040539917536
89.545935533112328,700.58656852876379,-1002.09593772888,32.530000000000001,-0.059451238354267459
89.558904121319756,700.30376320158541,-1002.82073020935,32.439999999999998,-0.059393175566682714
89.571873567377807,700.35008713444245,-1002.82073020935,32.439999999999998,-0.059358601768733969
89.584834190706161,699.87365973155602,-1004.20808792114,32.090000000000003,-0.059248820567052232
89.597789228169077,699.57202299759285,-1000.42486190796,32.090000000000003,-0.059114510400000306
89.61074577851484,699.65371867109695,-1000.42486190796,32.5,-0.059036195485797548
89.6237066036296,699.88455619708941,-999.79639053344704,32.090000000000003,-0.058968274129501286
89.6366721981518,700.14210419879703,-1001.21212005615,32.450000000000003,-0.058979553480741229
89.649638109323519,700.15920327235392,-1001.7409324646,32.119999999999997,-0.059041943815399331
89.662605125664186,700.21888239635246,-1000.86688995361,32.5,-0.059129243923086959
89.67558335512841,700.82439106762831,-1000.86688995361,32.5,-0.059220045804329331
89.688567159076513,701.12541319782031,-1000.11920928955,32.450000000000003,-0.059314326693428482
89.701542665975282,700.67737253370058,-997.34807014465298,32.450000000000003,-0.059404501484194752
89.714515471003693,700.53147153412158,-997.44868278503395,32.090000000000003,-0.05948912455859854
89.727501229693885,701.23096927061511,-997.44868278503395,32.420000000000002,-0.059541103740826981
89.740485254054335,701.13731546405336,-1000.16045570374,32.140000000000001,-0.059590845679265377
89.7534610662197,700.6938569292904,-999.22251701355003,32.140000000000001,-0.05963396798364546
89.76643467011607,700.57461040395003,-999.22251701355003,32.140000000000001,-0.059695417682996507
89.77940828746425,700.57533680182644,-997.25770950317406,32.140000000000001,-0.059670798687166168
89.792377188181533,700.32063873364757,-997.37644195556595,32.140000000000001,-0.059499054526487995
89.805345600470361,700.29426359628008,-997.66182899475098,32.140000000000001,-0.059204110875259744
89.818310265739456,700.09192453171158,-997.66182899475098,32.369999999999997,-0.058909862612364826
89.831284915820973,700.63110440171613,-994.33970451355003,32.369999999999997,-0.05879122556791444
89.844266879890156,701.02605973579705,-994.33970451355003,32.310000000000002,-0.058776210580089139
89.857241113980209,700.6086408626536,-994.59290504455601,32.310000000000002,-0.058766206105136387
89.870210918080204,700.36942140035694,-995.01800537109398,32.140000000000001,-0.058683459129154111
89.883184963836939,700.59847086369666,-995.75257301330601,32.359999999999999,-0.058544268830903579
89.896150648386396,700.1469656705209,-994.96889114379906,32.140000000000001,-0.058455055371339111
89.909108744727121,699.73720239900979,-993.90292167663597,32.140000000000001,-0.058505523742054762
89.922066081522274,699.69618693842563,-994.895458221436,32.140000000000001,-0.058607032729189677
89.93502690042844,699.88422093293764,-994.895458221436,32.140000000000001,-0.058755190628386585
89.947984237223395,699.6961869274337,-997.444629669189,32.100000000000001,-0.058920402079362333
89.960935791540734,699.38393313625647,-996.16932868957497,32.100000000000001,-0.059086955669657222
89.973893829932109,699.73407313410564,-995.95713615417503,32.420000000000002,-0.059194195395076754
89.986853875840737,699.84247906623318,-995.95713615417503,32.420000000000002,-0.059207553664639138
89.999810523456816,699.65897126830157,-996.91390991210903,32.390000000000001,-0.059180968543743807
90.012769562502399,699.78810846122349,-996.97709083557095,32.390000000000001,-0.05922098023129542
90.025733298518517,700.04174487012233,-994.656801223755,32.399999999999999,-0.059417149879447559
90.038699970270414,700.20027460251049,-994.656801223755,32.399999999999999,-0.059640898058313352
90.051659775070348,699.82945919695135,-993.39270591735794,32.140000000000001,-0.059693326345295034
90.064605931854345,699.09246633529847,-994.26651000976597,32.140000000000001,-0.059543513795246639
90.077548865228337,698.91840219615551,-994.38452720642101,32.140000000000001,-0.059293163939298954
90.090491494370383,698.90197367013832,-995.05829811096203,32.140000000000001,-0.059132699129351832
90.103430146765461,698.68722933456331,-994.53830718994095,32.159999999999997,-0.059137907292375391
90.116367714686419,698.62866773117344,-993.65329742431595,32.159999999999997,-0.059318637682330609
90.129311987095065,698.99071006670363,-994.05479431152298,32.329999999999998,-0.059637416981009592
90.142263477254303,699.38046859895667,-994.05479431152298,32.329999999999998,-0.059894011873223879
90.155212750865445,699.26077500161932,-993.84522438049305,32.350000000000001,-0.059879247305328204
90.168158563060501,699.07385853321239,-994.925498962402,32.350000000000001,-0.05966488478842167
90.18111632826421,699.71932100029608,-994.925498962402,32.140000000000001,-0.059438503036134537
90.194077848766696,699.9221071341135,-996.28353118896496,32.390000000000001,-0.059388879064621938
90.207039908402507,699.95122033396058,-996.28353118896496,32.119999999999997,-0.059542803921445953
90.219999226844394,699.80319586193309,-996.24872207641602,32.119999999999997,-0.059763976475324478
90.23296051348278,699.9094784727522,-996.42968177795399,32.450000000000003,-0.05995602036468492
90.245921780459327,699.90841673377986,-996.385097503662,32.119999999999997,-0.060059364057230502
90.258872399313546,699.33341812807521,-995.55850028991699,32.5,-0.060005963055460146
90.271816535128409,698.98333400254671,-994.20356750488304,32.140000000000001,-0.059814986048308726
90.284770942396378,699.53799247018924,-996.27423286438,32.560000000000002,-0.05958574927431777
90.297729545790091,699.76458326013289,-996.27423286438,32.560000000000002,-0.059446371677018717
90.310688357179046,699.77581500355802,-998.58427047729504,32.159999999999997,-0.059477689985959696
90.323642666140799,699.53268393471228,-994.63725090026901,32.539999999999999,-0.059625708186696554
90.336603920700057,699.90774619998024,-995.27406692504906,32.5,-0.059709006712996587
90.349564361903703,699.86382499675074,-995.27406692504906,32.5,-0.059552188548630834
90.362515429862924,699.35766979849029,-997.01333045959495,32.210000000000001,-0.0592470251848492
90.375463456535826,699.1934403364445,-997.67589569091797,32.210000000000001,-0.05901333565471064
90.388422287586408,699.77687673153821,-997.31087684631302,32.210000000000001,-0.058952807965338423
90.401382736033327,699.86421613322341,-997.31087684631302,32.210000000000001,-0.059040580978251649
90.414339163237059,699.64706900206852,-998.36564064025902,32.350000000000001,-0.05916959502599952
90.427291017646908,699.40013813177109,-998.98576736450195,32.280000000000001,-0.059258832285832778
90.440248470339498,699.70244539953364,-998.05760383606003,32.259999999999998,-0.059218803006455108
90.453207951245744,699.81196893745812,-996.92487716674805,32.259999999999998,-0.059080554378642229
90.46616779536788,699.83158259520383,-997.33495712280296,32.259999999999998,-0.058903106383813374
90.479130381718605,699.97966293955176,-998.30365180969204,32.259999999999998,-0.058835353702509648
90.492105212890067,700.64088325870466,-998.30365180969204,32.259999999999998,-0.058912196092004418
90.505082084693811,700.75107740187673,-998.70562553405796,32.259999999999998,-0.059049081884705173
90.518050042704914,700.26973259998579,-997.55167961120605,32.280000000000001,-0.059081416368857109
90.531015435440821,700.13120773875971,-995.99909782409702,32.280000000000001,-0.058939859477728757
90.543988357401233,700.53778586205442,-995.99909782409702,32.359999999999999,-0.058644647813167271
90.556961097237021,700.5279511327451,-996.38676643371605,32.359999999999999,-0.058333496044951839
90.56993282296547,700.47318933630299,-996.38676643371605,32.329999999999998,-0.058197182498412707
90.58290936363214,700.73319600041486,-996.11282348632801,32.329999999999998,-0.058373467375081214
90.595893049612357,701.11904293161513,-996.48523330688499,32.170000000000002,-0.05868430249327744
90.608873033067908,700.91910659942232,-996.83785438537598,32.170000000000002,-0.058943825876838246
90.621845669423465,700.52236319994086,-997.83468246459995,32.100000000000001,-0.058940773208392971
90.634815810869128,700.38763806597058,-1000.23198127747,32.100000000000001,-0.058706064398058755
90.647792447772872,700.73839280224274,-999.77445602417004,32.119999999999997,-0.058469301503783717
90.660772593691306,700.92787959525538,-1000.68116188049,32.119999999999997,-0.058364374562210802
90.67375003049753,700.78158753614775,-1000.68116188049,32.490000000000002,-0.058446756253421689
90.686727253098738,700.77002046536677,-1000.9906291961699,32.490000000000002,-0.058759509895687331
90.699707646337004,700.94123486608896,-1000.0627040863,32.539999999999999,-0.059096808027941337
90.712681314390139,700.57807486980198,-1000.0627040863,32.539999999999999,-0.059164356853043096
90.725645862727148,700.08561019828289,-999.20392036438,32.509999999999998,-0.05890611766107981
90.738606135258038,699.85471666806586,-1001.11985206604,32.509999999999998,-0.058447969042991495
90.751576341895046,700.39115839864701,-1001.11985206604,32.119999999999997,-0.058107713442960264
90.764552044371626,700.68793373508208,-999.61495399475098,32.119999999999997,-0.058011670285557877
90.777523958434557,700.48335939846402,-999.17745590209995,32.469999999999999,-0.05817276736051457
90.790501232776577,700.77281446886695,-999.26686286926304,32.090000000000003,-0.058395886379508162
90.803481352825955,700.92648266632727,-998.90255928039505,32.140000000000001,-0.058594945196867844
90.816454346187626,700.54164153033071,-998.90255928039505,32.140000000000001,-0.058651006676549704
90.829419199791374,700.10209460211661,-997.25341796875,32.399999999999999,-0.058545204293305605
90.84238539035924,700.17429066481952,-1000.35667419434,32.399999999999999,-0.058395225140154328
90.855356467266745,700.43815300545191,-1000.35667419434,32.380000000000003,-0.058423889179677432
90.868328518958023,700.49079132944541,-1003.3814907074,32.380000000000003,-0.058682773053993768
90.881292150459288,700.03610106774522,-1001.85132026672,32.350000000000001,-0.059055947801173146
90.894252079435773,699.83616473005657,-1001.97505950928,32.350000000000001,-0.059353838570704566
90.907215120064208,700.00419393584605,-1002.108335495,32.140000000000001,-0.059406066106112758
90.920173989402457,699.77894426571402,-1000.59604644775,32.140000000000001,-0.059220853986378115
90.933122217861651,699.20433679648193,-1000.59604644775,32.140000000000001,-0.059018379283620311
90.946076708949406,699.54251873821738,-998.37303161621105,32.140000000000001,-0.058957199669339481
90.959043511086435,700.20731539976759,-997.35403060913097,32.329999999999998,-0.059064821236378511
90.97201135320006,700.26347413612984,-998.72279167175304,32.119999999999997,-0.05913911697797828
90.984970319808696,699.78419686566644,-1000.16617774963,32.420000000000002,-0.059213589668643631
90.99793274369506,699.97088986402684,-996.74773216247604,32.420000000000002,-0.059193032275949513
91.010898987038303,700.17714053514419,-995.73969841003395,32.399999999999999,-0.059092894403190453
91.023862553346945,700.03258066636874,-995.73969841003395,32.399999999999999,-0.058966777804880736
91.03682742661104,700.10315626139686,-995.88799476623501,32.469999999999999,-0.058856301217002992
91.049790856324719,700.02520453900786,-995.48768997192406,32.469999999999999,-0.058986282803632079
91.062756242851933,700.13087246911186,-995.62406539917004,32.119999999999997,-0.059350735197856559
91.075724317796315,700.27604699661845,-995.62406539917004,32.119999999999997,-0.059642019785243965
91.08868735842475,700.00419393584605,-996.09661102294899,32.079999999999998,-0.059763649478681007
91.101650060671645,699.98592133195984,-996.57893180847202,32.079999999999998,-0.059683356019576229
91.114619929964164,700.37294179623746,-996.57893180847202,32.439999999999998,-0.059628921250107311
91.127587043576526,700.22413506775297,-995.23425102233898,32.100000000000001,-0.059669128515462286
91.140554923977732,700.26554166480946,-994.01521682739303,32.439999999999998,-0.059877321537634559
91.153530626454256,700.68793373233405,-992.60711669921898,32.439999999999998,-0.060223842867180924
91.16650504163583,700.61841980483018,-992.76137351989701,32.5,-0.060565724140716939
91.179469907656767,700.10276513042027,-994.50302124023403,32.5,-0.060614999383695592
91.192427192711108,699.69339293492555,-994.50302124023403,32.530000000000001,-0.060369697295042664
91.205388348963041,699.90243760404712,-993.37673187255905,32.530000000000001,-0.059970602805928204
91.218343158770352,699.55972959488747,-992.631435394287,32.100000000000001,-0.059672869328260443
91.231296383258012,699.47412233407033,-992.631435394287,32.100000000000001,-0.059567591588961043
91.244246807570335,699.32291286496627,-992.81501770019497,32.490000000000002,-0.059694542239289765
91.257199116258093,699.4246691390573,-993.09921264648403,32.140000000000001,-0.059887415005016188
91.270160954445728,699.93926213220277,-991.15204811096203,32.159999999999997,-0.060098702087677702
91.283121481538245,699.86846299568015,-991.15204811096203,32.159999999999997,-0.060134669766158257
91.296079409204992,699.72809400437302,-991.75572395324696,32.539999999999999,-0.059972991131917834
91.309045054432048,700.14484226127661,-992.67911911010697,32.539999999999999,-0.059778210189000716
91.32201304555808,700.27152080553435,-993.46971511840798,32.170000000000002,-0.059678730451017889
91.334981179485155,700.27923206239507,-993.080615997314,32.579999999999998,-0.059696572521078906
91.34794462265188,700.02593100283627,-992.22445487976097,32.57,-0.059825980827840651
91.360910235801242,700.14311006544858,-992.34485626220703,32.57,-0.059925037333126902
91.373877245933315,700.2185471322008,-991.16444587707497,32.159999999999997,-0.059974361211264864
91.386838064839537,699.88422093568556,-990.76676368713402,32.159999999999997,-0.059943230201474178
91.399796616492537,699.76178926212867,-990.76676368713402,32.579999999999998,-0.059848476407454776
91.412758117334505,699.92104546658925,-992.58708953857399,32.170000000000002,-0.059746948794482758
91.425719065591338,699.89120586886588,-992.58708953857399,32.159999999999997,-0.059714941307228729
91.438673609454312,699.54536860029827,-993.81923675537098,32.159999999999997,-0.059709637943231773
91.451628496870413,699.56392046960764,-994.57955360412598,32.579999999999998,-0.059616584330340235
91.464590491313658,699.94769993533203,-995.73111534118596,32.579999999999998,-0.059438688266601189
91.477557572846848,700.2224027922332,-995.73111534118596,32.159999999999997,-0.059283984203802875
91.490520788356733,700.01363753417877,-995.017051696777,32.539999999999999,-0.059143435209639522
91.503478969550585,699.74178446791052,-992.85459518432594,32.549999999999997,-0.059160963735531161
91.516441944986411,700.00067353446968,-992.744922637939,32.549999999999997,-0.059126205741330373
91.529406271875231,700.07365199652543,-994.17638778686501,32.159999999999997,-0.059116771444160915
91.542363232001222,699.67584680311165,-994.17638778686501,32.159999999999997,-0.059059485792136601
91.555318236350701,699.57023487173637,-994.54641342163097,32.140000000000001,-0.058934362604612094
91.568284505564264,700.17853753277234,-995.34082412719704,32.140000000000001,-0.05883651371619418
91.581250066972871,700.14031606469655,-995.49937248230003,32.159999999999997,-0.058732257327758761
91.5942119382741,699.94105026630348,-995.49937248230003,32.159999999999997,-0.058686085459052996
91.607174198660474,699.96206086396921,-994.79055404663097,32.57,-0.058756978768390276
91.620140007386468,700.15367120362623,-994.35305595397904,32.57,-0.058754306907400786
91.63310714686915,700.22553206538112,-995.71490287780796,32.539999999999999,-0.058679205055082118
91.646073351924684,700.17507299822034,-995.71490287780796,32.539999999999999,-0.058434189607584189
91.659040751143223,700.23955780131439,-997.58481979370094,32.159999999999997,-0.058125324754161149
91.672011217516086,700.4051841345804,-998.57473373413097,32.590000000000003,-0.05797299970300903
91.684981377588912,700.38864393262213,-998.57473373413097,32.189999999999998,-0.057910222353826403
91.697942281349427,699.88880306779026,-998.25453758239701,32.189999999999998,-0.057931060178367674
91.710895661058032,699.4825042648788,-997.55454063415505,32.189999999999998,-0.057996760846958678
91.723848950738216,699.47764272995084,-997.83635139465298,32.189999999999998,-0.058041500548124257
91.736798796596332,699.2916763383148,-997.83635139465298,32.240000000000002,-0.058062679859254562
91.749744134851795,699.04826579519784,-998.00848960876499,32.240000000000002,-0.057927052386756217
91.762690362003752,699.09626620545009,-999.742031097412,32.369999999999997,-0.057729952451651523
91.775646087609857,699.60918272944457,-1001.95360183716,32.369999999999997,-0.057658775605736831
91.788596577114845,699.32643326909078,-1001.95360183716,32.229999999999997,-0.057747905245777449
91.801546378475322,699.2892734657911,-1001.68132781982,32.329999999999998,-0.057975905430235133
91.814496658949409,699.31514560113294,-1000.78320503235,32.280000000000001,-0.058155602050303561
91.827451306291394,699.55095646715051,-1002.48885154724,32.280000000000001,-0.058319213696319858
91.840408494075376,699.68814033497313,-1002.48885154724,32.280000000000001,-0.058411605035337634
91.853360458174052,699.40606132872722,-1002.3021697998,32.280000000000001,-0.058423503198960398
91.866310661038341,699.31095467145269,-1001.59168243408,32.210000000000001,-0.058406315123254983
91.879266925776548,699.63829586333964,-1003.28898429871,32.310000000000002,-0.058393512541479432
91.892224392956848,699.70322773568273,-1003.28898429871,32.189999999999998,-0.058465396156769885
91.905177045199977,699.44322112927875,-1002.4223327636701,32.310000000000002,-0.058605135935891187
91.91813865676545,699.92702453586605,-1001.3744831085201,32.140000000000001,-0.05869382061042875
91.93110512776542,700.18943399830573,-1003.1316280365,32.140000000000001,-0.058692900671372679
91.944071234514894,700.16976447098727,-1003.68142127991,32.119999999999997,-0.058607797448831517
91.957030305639535,699.78984073124741,-1003.18431854248,32.119999999999997,-0.058562345803451377
91.969988843839459,699.76106279555233,-1002.9182434082001,32.100000000000001,-0.058604455034399199
91.982948156074016,699.80286066648125,-1004.0340423584,32.100000000000001,-0.058695115148955868
91.995904082432162,699.62002333914529,-1005.85460662842,32.539999999999999,-0.058786496519068095
92.008853922080206,699.29134099447094,-1005.85460662842,32.539999999999999,-0.058892913576157273
92.021806997558016,699.46607580206569,-1007.31301307678,32.549999999999997,-0.059055204813930666
92.034763145364181,699.63198153265887,-1005.78594207764,32.549999999999997,-0.05927530220806667
92.047718987903707,699.61549713432112,-1006.84118270874,32.590000000000003,-0.059464835664650814
92.060671906090064,699.45758206341202,-1008.64434242249,32.590000000000003,-0.059578773667999498
92.073622674991299,699.34152066705246,-1008.64434242249,32.159999999999997,-0.059626608465242918
92.086579667197526,699.67757913633955,-1008.33487510681,32.159999999999997,-0.059767503084482171
92.099539791751866,699.846725934186,-1007.59434700012,32.170000000000002,-0.059773899200760143
92.112502149409877,699.96731353262169,-1006.71553611755,32.170000000000002,-0.059705582550828293
92.125470835922258,700.30907166836244,-1006.14094734192,32.159999999999997,-0.05963655395622388
92.138441814523446,700.43284446447865,-1006.02149963379,32.159999999999997,-0.059609296213405626
92.151410982219701,700.33505559780951,-1004.22978401184,32.560000000000002,-0.059666309712642959
92.164371449293824,699.86522200262289,-1003.92174720764,32.560000000000002,-0.059706408323736242
92.177335575429652,700.06281133461266,-1003.92174720764,32.539999999999999,-0.05969736000657138
92.190301721501257,700.17188786649183,-1006.10423088074,32.539999999999999,-0.059737354102195162
92.203265034282737,700.01889020008321,-1007.17711448669,32.520000000000003,-0.059682146334634902
92.216229309430858,700.07085799852121,-1007.17711448669,32.520000000000003,-0.059654471566799476
92.229194331707404,700.11120293354952,-1006.82616233826,32.210000000000001,-0.059587562249313747
92.242162160367954,700.26274766955351,-1010.1103782653799,32.210000000000001,-0.059664023831861618
92.255129267771622,700.22379979810512,-1010.1103782653799,32.189999999999998,-0.059871946771559006
92.268094314882703,700.11254399840095,-1011.33823394775,32.189999999999998,-0.060013017305649244
92.28106259161359,700.2869434676478,-1009.79399681091,32.210000000000001,-0.060109121517539083
92.294036319686441,700.58131593430733,-1009.39202308655,32.210000000000001,-0.060199948234384404
92.307008572129661,700.50163193365029,-1008.51964950562,32.509999999999998,-0.060247641263568116
92.319977869176583,700.34204053373776,-1007.56430625916,32.509999999999998,-0.06044115767753476
92.332949471762959,700.46653966452652,-1007.56430625916,32.520000000000003,-0.060498007675905921
92.345916870981398,700.23955779581854,-1008.0361366272,32.520000000000003,-0.060525592416334532
92.358882289586418,700.13260467043574,-1008.141040802,32.590000000000003,-0.060470897910353441
92.371849753997566,700.24307820269098,-1008.141040802,32.590000000000003,-0.060251365519518159
92.38482717838518,700.78091693090005,-1007.30037689209,32.140000000000001,-0.059971468936105728
92.397807044908674,700.91279226874167,-1006.10399246216,32.140000000000001,-0.059655541553636969
92.410789470498784,701.05098186581586,-1006.10399246216,32.560000000000002,-0.059423310060754374
92.423774969453078,701.21694353193357,-1006.3388347625699,32.140000000000001,-0.059352150807021962
92.436762443846931,701.32361726823319,-1006.3388347625699,32.140000000000001,-0.059335856801827278
92.449750365275278,701.34775713080296,-1005.93590736389,32.140000000000001,-0.059445067825165933
92.462735533093891,701.19906220466794,-1004.6284198761,32.530000000000001,-0.059439543013853395
92.475715906669194,700.9401730666608,-1003.24249267578,32.530000000000001,-0.05934565638412434
92.488701112775374,701.20112973334778,-1005.08666038513,32.479999999999997,-0.059206981418324846
92.501682415604989,700.99035279969826,-1010.03766059875,32.479999999999997,-0.058987624942900337
92.514655025055603,700.52091033274007,-1009.07564163208,32.100000000000001,-0.058873485153559994
92.527624704979019,700.36271586450368,-1009.07564163208,32.469999999999999,-0.058979206821959611
92.540599380930914,700.63250140209232,-1007.81774520874,32.039999999999999,-0.059153291707835391
92.553572088686451,700.52621879951721,-1008.36515426636,32.039999999999999,-0.059345022050380225
92.566536154805007,700.05957040201122,-1008.36515426636,32.119999999999997,-0.059355862644966971
92.579496896101318,699.88003000050924,-1005.34462928772,32.119999999999997,-0.059200098944245425
92.592463646497592,700.20452139901533,-1003.45897674561,32.350000000000001,-0.05897457193951583
92.605429837066637,700.17429072802338,-1006.38866424561,32.170000000000002,-0.05873976792754667
92.618389727754277,699.83409713267667,-1006.08086585999,32.310000000000002,-0.058560857755193881
92.631354548244474,700.10030647076405,-1006.08086585999,32.310000000000002,-0.058531381396356462
92.644326261555534,700.4725187970073,-1005.48720359802,32.280000000000001,-0.058672244971499136
92.657295337154366,700.33008233747614,-1002.43949890137,32.280000000000001,-0.058847937940274979
92.670255791809936,699.8645514001231,-1002.04014778137,32.189999999999998,-0.058876960020843465
92.683215798396319,699.84035566523278,-1003.29494476318,32.329999999999998,-0.058765053335279635
92.696175123046856,699.8035311288329,-1003.29494476318,32.229999999999997,-0.058650788332793934
92.709134311104876,699.79615513337615,-1001.29675865173,32.229999999999997,-0.058602771410831901
92.722090791082678,699.64991880094533,-1003.10826301575,32.299999999999997,-0.058711134931611252
92.735049400685227,699.76491853802463,-1003.10826301575,32.299999999999997,-0.058804109899156187
92.748015338761732,700.16065613131059,-1001.76429748535,32.329999999999998,-0.058931403068660106
92.760981964982804,700.1978159373582,-999.63951110839798,32.329999999999998,-0.059013786829775983
92.773943531016073,699.92456579651775,-998.28410148620605,32.25,-0.058964459846042656
92.786903693858022,699.84879346561377,-999.23515319824196,32.25,-0.05876788455493355
92.799868897224727,700.12098180152998,-999.23515319824196,32.409999999999997,-0.058555478850682352
92.812827955930914,699.7891701342437,-1001.13391876221,32.210000000000001,-0.058433404191844042
92.825785253403723,699.69406353192937,-1000.41389465332,32.479999999999997,-0.05850830322268423
92.838749560630916,700.07259026854524,-998.72541427612305,32.210000000000001,-0.058653914472815684
92.85171132120864,699.93507119702667,-999.01175498962402,32.560000000000002,-0.058710058737552348
92.864667502128441,699.6337696695075,-1000.38242340088,32.560000000000002,-0.058724329703360792
92.877617731897587,699.3124075331574,-999.134302139282,32.590000000000003,-0.058732900975490089
92.890562750398757,699.03099906345915,-999.134302139282,32.590000000000003,-0.058782864361702075
92.903510738785201,699.19137286822058,-997.52330780029297,32.159999999999997,-0.058900338287127006
92.916460825751855,699.30469619935275,-999.56798553466797,32.579999999999998,-0.058959812546764287
92.929410645738272,699.29027926649076,-999.84931945800804,32.140000000000001,-0.059095462784197264
92.942362596384029,699.40533487039488,-999.84931945800804,32.140000000000001,-0.059231064384944278
92.955321804102454,699.79721679540432,-999.47810173034702,32.119999999999997,-0.059289182018370169
92.96827773770498,699.62041453607378,-999.48763847351097,32.119999999999997,-0.05923313295593001
92.981224972754404,699.15069266904061,-999.48763847351097,32.119999999999997,-0.059171319007345284
92.994183478876522,699.75933059422835,-999.38082695007301,32.119999999999997,-0.059155309572433722
93.007148539440792,700.11327047047325,-999.32169914245605,32.490000000000002,-0.059304859281697687
93.020107968607448,699.80917499990983,-997.25317955017101,32.490000000000002,-0.059378956341374495
93.03306108237156,699.4681432620456,-997.25317955017101,32.350000000000001,-0.059419412993462269
93.046011480813604,699.32151587008627,-996.76179885864303,32.350000000000001,-0.059265711655538164
93.058953024446836,698.84335619442788,-996.76179885864303,32.259999999999998,-0.05906024016372928
93.07189113770869,698.65811614021231,-997.05052375793503,32.259999999999998,-0.058872963611597551
93.08482514590861,698.43644279598936,-997.05052375793503,32.380000000000003,-0.058706811525569204
93.097768651528426,698.94930346964713,-998.39901924133301,32.380000000000003,-0.058718381656349232
93.110720362099954,699.39237086244157,-998.08287620544399,32.460000000000001,-0.058943597184880653
93.123676450923455,699.62879646963017,-997.841835021973,32.460000000000001,-0.059177801013408318
93.136623393123443,699.13487879900651,-998.43335151672397,32.57,-0.059329768021377724
93.149572778492612,699.2668099349728,-1000.71716308594,32.57,-0.059263231231524285
93.162523702614791,699.34990259786082,-1000.71716308594,32.170000000000002,-0.059081976197675252
93.175471574067871,699.18505846609196,-1001.70373916626,32.170000000000002,-0.059027336536771981
93.188423700630864,699.41483440150409,-1001.13677978516,32.600000000000001,-0.059150792657780858
93.201389378971612,700.14663040087316,-1000.38695335388,32.170000000000002,-0.059368853560565427
93.214355941034583,700.19435140005839,-999.20344352722202,32.579999999999998,-0.059555108762494736
93.227318649490115,699.98625659885977,-1001.1031627655,32.140000000000001,-0.059678837035069265
93.24027775993828,699.79196420094786,-1001.1031627655,32.579999999999998,-0.05957684686619303
93.253234771804969,699.67864080111576,-999.54295158386196,32.579999999999998,-0.059286763684890338
93.266192524590167,699.71865040054433,-998.40903282165505,32.549999999999997,-0.058940089204104505
93.279153395237032,699.88701493094175,-1000.98013877869,32.549999999999997,-0.058620504826936558
93.292119476116071,700.16836746786328,-1002.12574005127,32.590000000000003,-0.058502518674961292
93.305090539571609,700.4374265993315,-1002.12574005127,32.590000000000003,-0.058527145948579579
93.318062467086406,700.48408579908835,-1002.24566459656,32.140000000000001,-0.058467393326338574
93.331027814290195,700.12874900490738,-1001.18684768677,32.140000000000001,-0.058380776188165021
93.343984338765438,699.65232166247699,-1000.34523010254,32.159999999999997,-0.058228507016356207
93.356942578943247,699.74496960238707,-1000.34523010254,32.159999999999997,-0.058009473399190076
93.369895413311113,699.45305586408381,-1001.53136253357,32.560000000000002,-0.057796852456015145
93.382853386509865,699.73055273272928,-1006.52861595154,32.159999999999997,-0.057632620963757639
93.395814932882729,699.92350413448946,-1007.24315643311,32.57,-0.057654101400645197
93.408779156291359,700.06806406646911,-1007.24315643311,32.57,-0.057792504214319258
93.421735504849394,699.6428221341157,-1008.30984115601,32.57,-0.057854049114338363
93.434687007425936,699.38113913275629,-1007.4405670166,32.57,-0.05777336863989483
93.447646644587635,699.82040673234326,-1007.4405670166,32.539999999999999,-0.057669725889614103
93.460609561039547,699.99748840274094,-1007.1094036102299,32.539999999999999,-0.057673298029455283
93.473576798828404,700.23084059811026,-1007.52663612366,32.119999999999997,-0.057833993600348986
93.486546211772904,700.34829900308989,-1006.50477409363,32.119999999999997,-0.058008934267793355
93.499511312693883,700.1154497328024,-1005.0687789917,32.090000000000003,-0.05807478912178754
93.512474762069147,700.02626626424012,-1005.94019889832,32.090000000000003,-0.058002870323099427
93.525431930191388,699.68707860149686,-1005.94019889832,32.159999999999997,-0.057682433269296701
93.538382737380203,699.3435881957322,-1006.54768943787,32.159999999999997,-0.05732981902015237
93.551338333637062,699.60219787046015,-1006.54554367065,32.350000000000001,-0.057033123448975369
93.564307356460475,700.32723246440344,-1006.82353973389,32.350000000000001,-0.056954372881424783
93.577274762922286,700.23994893778706,-1007.9391002655,32.329999999999998,-0.057054133051203874
93.590240363653081,700.14243946294891,-1008.50701332092,32.329999999999998,-0.05731084073601405
93.603209621376536,700.33991706678535,-1007.74097442627,32.159999999999997,-0.057498785770462288
93.616177605258031,700.27112960036175,-1007.74097442627,32.369999999999997,-0.057533828333979319
93.629135072438274,699.70322773293481,-1009.2179775238,32.170000000000002,-0.05736431313818368
93.642091739716079,699.66003300177772,-1013.19980621338,32.170000000000002,-0.057121829853978512
93.655054786553123,700.00452919999782,-1014.17374610901,32.159999999999997,-0.057058728610032902
93.668022108160528,700.2353668001864,-1014.17374610901,32.159999999999997,-0.057287066139437653
93.680988689883947,700.1954130648345,-1012.31646537781,32.189999999999998,-0.05770560353890674
93.69394847502349,699.82839753492306,-1012.31646537781,32.189999999999998,-0.058159756784457298
93.706906624138256,699.74005219788648,-1012.04323768616,32.329999999999998,-0.0584445521232261
93.719867345774063,699.87896833298498,-1012.50195503235,32.329999999999998,-0.058542069876004792
93.732826527622223,699.79581980052433,-1012.1169090271,32.189999999999998,-0.058426404785104309
93.745787658003664,699.90104059817497,-1011.36827468872,32.329999999999998,-0.058298187536581676
93.758760138104876,700.51392546551187,-1010.73932647705,32.350000000000001,-0.058291374395795424
93.771739412719768,700.88082920406578,-1010.73932647705,32.350000000000001,-0.058460334935677941
93.784714725075361,700.66686720189171,-1009.67907905579,32.140000000000001,-0.058724407313271464
93.797682807263001,700.27643813309101,-1009.62042808533,32.140000000000001,-0.058899274508935798
93.810655937219778,700.54901766593559,-1009.62042808533,32.350000000000001,-0.05894943761271023
93.823627962006228,700.48933846774082,-1009.21106338501,32.170000000000002,-0.058881400359138705
93.836594257090127,700.17993453040049,-1007.53092765808,32.079999999999998,-0.058821212086094324
93.849559753304987,700.13679560286391,-1007.2717666626,32.079999999999998,-0.058867513304905646
93.862529381488827,700.35992192695551,-1009.7484588623,32.390000000000001,-0.058994221810751805
93.87549639782965,700.21888240459657,-1009.7484588623,32.390000000000001,-0.059222505530565565
93.888460387372859,700.05543533365983,-1012.4347209930399,32.350000000000001,-0.059471315600757975
93.901419769972847,699.80666039923301,-1008.22496414185,32.350000000000001,-0.059622814878747703
93.91438358359872,700.04593579705431,-1008.22496414185,32.140000000000001,-0.059741864808659735
93.927353049318597,700.35114887341456,-1007.8086853027301,32.380000000000003,-0.059707478309505069
93.940323113153084,700.38344706209443,-1008.53180885315,32.119999999999997,-0.059626164535023139
93.953290662417274,700.24766026609575,-1009.52410697937,32.119999999999997,-0.059687091657230254
93.966266611176508,700.70123299894328,-1008.30984115601,32.100000000000001,-0.059767398568402005
93.979236798154389,700.39009680531888,-1008.30984115601,32.100000000000001,-0.0598773153292936
93.992204788244464,700.27146486451375,-1008.02898406982,32.119999999999997,-0.059909178978379378
94.005167660200001,699.99508559891717,-1007.07459449768,32.119999999999997,-0.059890662215930666
94.018138120365435,700.40484893363259,-1007.07459449768,32.369999999999997,-0.059955003154394247
94.031105370571581,700.23151113190988,-1005.89084625244,32.369999999999997,-0.060044297327480088
94.044071678072825,700.18060506694803,-1005.93757629395,32.329999999999998,-0.060280421748709928
94.057036661025961,700.10907946934503,-1004.60648536682,32.329999999999998,-0.060522262420874141
94.070004730796327,700.27576759929116,-1004.60648536682,32.280000000000001,-0.060760065292257366
94.082971558802512,700.20871233419166,-1004.57334518433,32.280000000000001,-0.060842147924460889
94.0959397444704,700.28202606589514,-1004.8992633819601,32.240000000000002,-0.060771025923318678
94.108918538938269,700.85490126510354,-1004.55713272095,32.240000000000002,-0.060660975675208659
94.121906045409929,701.32534946955707,-1003.81374359131,32.280000000000001,-0.060676062064858115
94.13489729993826,701.52774453010613,-1003.81374359131,32.280000000000001,-0.060807549290196744
94.147886657674064,701.42531773320752,-1003.48424911499,32.369999999999997,-0.061006122786005139
94.160868096061719,700.99767293382649,-1003.7627220153799,32.369999999999997,-0.061210439436627399
94.173850217419769,701.03455333430281,-1002.32458114624,32.189999999999998,-0.061279316949693775
94.186823191120979,700.54057986555449,-1002.32458114624,32.189999999999998,-0.061202673240900625
94.19978514003212,699.94524120147969,-1000.65445899963,32.390000000000001,-0.061026910940052949
94.21274606241974,699.88980893169378,-1000.44798851013,32.189999999999998,-0.06081793560768501
94.225710454500017,700.07717233469782,-1000.22339820862,32.25,-0.06065559676896691
94.238673644140746,700.0122405997547,-1000.22339820862,32.25,-0.060645025223709112
94.251637088341994,700.02598686691283,-1000.86975097656,32.359999999999999,-0.060682568905913441
94.264603857365486,700.20552726841504,-998.49748611450195,32.359999999999999,-0.060695358034400682
94.277578474333353,700.62931626486761,-997.37930297851597,32.399999999999999,-0.060616921012240817
94.29055432685557,700.69603619986344,-998.58403205871605,32.399999999999999,-0.060370488919479992
94.303530386338267,700.70721206547194,-998.379945755005,32.460000000000001,-0.06012560489214528
94.316506367176473,700.70296526347101,-998.25835227966297,32.460000000000001,-0.05995482206241446
94.329484687703783,700.82930847487694,-998.25835227966297,32.25,-0.059965919288681349
94.342457486523443,700.53113626172581,-997.53689765930199,32.25,-0.060076855329361488
94.355423710205017,700.17607880441608,-997.65944480895996,32.229999999999997,-0.06011935778694058
94.368386529386441,699.99223579729255,-999.34053421020496,32.229999999999997,-0.060066590085412173
94.381349082622307,699.97787473675135,-999.34053421020496,32.210000000000001,-0.059945579204205283
94.394307413862975,699.74988699589574,-998.14343452453602,32.210000000000001,-0.05982562692594369
94.407256759909856,699.26468653122424,-995.62835693359398,32.509999999999998,-0.0597493278067905
94.420204689312271,699.18818773099588,-995.73183059692406,32.509999999999998,-0.059620566252235906
94.433156199132171,699.38153027472492,-995.73183059692406,32.159999999999997,-0.059488511954098676
94.446103933991424,699.17768239918712,-996.39487266540505,32.549999999999997,-0.059363243893326208
94.459053558401209,699.27971812831333,-997.07984924316395,32.549999999999997,-0.059246654726104124
94.4720110193728,699.70289246603488,-993.99971961975098,32.549999999999997,-0.059099764459722842
94.484970558227118,699.8150981336621,-995.54038047790505,32.210000000000001,-0.059003148020010443
94.49792694610862,699.64494560106812,-995.54038047790505,32.210000000000001,-0.058999688674546268
94.510874479181581,699.16678593914969,-995.67008018493596,32.210000000000001,-0.059030625141460638
94.523817361849396,698.91566406222796,-994.65727806091297,32.210000000000001,-0.059063952001318067
94.536759665028399,698.88437166600397,-996.04487419128395,32.240000000000002,-0.05907834300431352
94.549700514309791,698.80586119567636,-996.04487419128395,32.240000000000002,-0.058951972879766369
94.562639666514798,698.71421907020579,-996.95158004760697,32.460000000000001,-0.058891547636772887
94.575583100733397,698.94544780411877,-997.48492240905796,32.460000000000001,-0.058885444369329319
94.588540300933289,699.68881079457674,-997.48492240905796,32.399999999999999,-0.05900651423420266
94.60149571506544,699.59236313565498,-997.64442443847702,32.399999999999999,-0.05928907750335867
94.614447172109962,699.37868040440003,-996.41656875610295,32.359999999999999,-0.059607497725861672
94.627404982844453,699.72177966270033,-994.65441703796398,32.359999999999999,-0.059845267483345108
94.640365795543246,699.88388573473765,-994.65441703796398,32.210000000000001,-0.059873725598135252
94.653324775604901,699.78492332949497,-996.54769897460903,32.210000000000001,-0.059695162085836306
94.666277038761777,699.42221047115697,-996.54769897460903,32.210000000000001,-0.059530417331745196
94.679233089296289,699.6267288640064,-996.26660346984897,32.210000000000001,-0.059357138557198985
94.692185630814805,699.4372419995459,-996.26660346984897,32.259999999999998,-0.059317730159702015
94.705132931056752,699.1542130649209,-994.46582794189396,32.259999999999998,-0.059358408259665152
94.718079028857986,699.08928126677381,-994.19856071472202,32.259999999999998,-0.059371564743897438
94.731026678862989,699.17310026983046,-995.619297027588,32.259999999999998,-0.059321229862893773
94.743982969472839,699.63969293241564,-996.40917778015103,32.210000000000001,-0.059290515879748706
94.756941560449462,699.76391273732509,-997.25794792175304,32.210000000000001,-0.059200076179361683
94.76990163843702,699.8442113280131,-997.25794792175304,32.159999999999997,-0.059166946965889491
94.782865016411066,700.02241059871176,-1000.05602836609,32.159999999999997,-0.059137033918980751
94.795829473684009,700.08069273882234,-1000.72050094604,32.399999999999999,-0.0592082800959495
94.808787771811126,699.74809886454307,-1000.72050094604,32.399999999999999,-0.059331034620080526
94.821742086981473,699.53301919886405,-999.86386299133301,32.399999999999999,-0.059518789251360643
94.834706290728434,700.06700233574088,-999.43447113037098,32.399999999999999,-0.059656166574360757
94.847672488540738,700.17468186449594,-1001.12724304199,32.490000000000002,-0.059750946238655719
94.860633762760514,699.90880786750449,-1001.12724304199,32.490000000000002,-0.059836192263420303
94.873594802080333,699.89612327061855,-1000.91862678528,32.140000000000001,-0.059965878932225991
94.886561481075304,700.20066572799101,-998.31938743591297,32.140000000000001,-0.06016071678819214
94.899527197703719,700.14869793504897,-998.018980026245,32.159999999999997,-0.060381162911625416
94.912491122054377,700.05191493503128,-998.018980026245,32.159999999999997,-0.060463778468258698
94.925455455150569,700.07398719472531,-998.291015625,32.560000000000002,-0.060429288487492919
94.938427889719833,700.51146673990354,-998.27241897582996,32.189999999999998,-0.060324529185781933
94.95140607365316,700.8219323997281,-997.414588928223,32.520000000000003,-0.060256532290090654
94.964379475762982,700.56371393017264,-998.27289581298805,32.520000000000003,-0.060225579266938833
94.977350423319763,700.43116806677551,-1000.1745223999,32.530000000000001,-0.060279930217698126
94.990324273498857,700.58790967055904,-1000.53811073303,32.530000000000001,-0.060391666160756204
95.003296117195092,700.47955959701221,-1000.53811073303,32.189999999999998,-0.060541628756041591
95.01625999601363,700.04945620117905,-999.28092956543003,32.490000000000002,-0.060596203224581223
95.029224432591391,700.07957519897752,-999.28092956543003,32.210000000000001,-0.060639516968328692
95.042191585525941,700.22625846600545,-999.83906745910599,32.210000000000001,-0.060630310326866672
95.055165579541978,700.59567686569255,-1001.95550918579,32.460000000000001,-0.060649486257899114
95.068136201137008,700.41356613134087,-1001.59454345703,32.189999999999998,-0.060733518459897065
95.081107719904935,700.46201346794635,-1000.9448528289799,32.189999999999998,-0.060851807808857676
95.094088073819833,700.93911140463263,-999.75037574768101,32.189999999999998,-0.060938950627734981
95.10707130552224,701.09451192982488,-999.75037574768101,32.530000000000001,-0.061013716170135408
95.120049775060522,700.83735506733751,-999.10521507263195,32.530000000000001,-0.060937120061421844
95.133027127012298,700.77700539579916,-998.83842468261696,32.189999999999998,-0.060770055278231434
95.146009625039511,701.0548934696169,-997.99251556396496,32.579999999999998,-0.060577374986392339
95.158989569172817,700.9169831984218,-997.99251556396496,32.57,-0.060467720031765239
95.171965888391412,700.72123780415336,-998.66151809692406,32.57,-0.060477654139311998
95.184937517882688,700.46799252897927,-998.979091644287,32.119999999999997,-0.060582140252596513
95.197912134850654,700.62931627036357,-997.42937088012695,32.119999999999997,-0.060592719042598095
95.210886329619782,700.60651753310128,-997.75695800781205,32.119999999999997,-0.060581334142691824
95.223853684340739,700.23715493153895,-997.75695800781205,32.119999999999997,-0.060522540782663635
95.236818738695035,700.11293513212536,-998.54016304016102,32.100000000000001,-0.060375029633943651
95.249792011454389,700.55672900523632,-1001.05690956116,32.100000000000001,-0.060182679444343391
95.262765082427251,700.54583253420697,-1001.05690956116,32.399999999999999,-0.060018961214173945
95.275733242225925,700.28062912872304,-1001.65057182312,32.399999999999999,-0.059915459197840089
95.288705696455594,700.51252840193172,-1002.21419334412,32.390000000000001,-0.05993703483651526
95.301680281344488,700.62758400033977,-1001.93071365356,32.390000000000001,-0.059938109997377337
95.314651208204879,700.43005046097858,-1001.24549865723,32.329999999999998,-0.059942400288807152
95.327611097859318,699.83404134004809,-1001.24549865723,32.329999999999998,-0.059885613413199978
95.340565173990129,699.52011106323164,-1000.07724761963,32.210000000000001,-0.059797448209040538
95.353519053508705,699.50949400326942,-996.61731719970703,32.210000000000001,-0.059763317306638968
95.366473902638305,699.5618529986358,-997.20692634582497,32.240000000000002,-0.059672320882214948
95.379430296727236,699.64528080201592,-998.80051612854004,32.32,-0.05950223551016267
95.392386373132126,699.62812586438247,-998.80051612854004,32.380000000000003,-0.059356559067056912
95.405351797946906,700.13293999779148,-997.07508087158203,32.380000000000003,-0.059269516624806021
95.418321101202466,700.34237580063768,-997.07508087158203,32.229999999999997,-0.059323815836388197
95.431286149348182,700.11259986797359,-993.78943443298294,32.229999999999997,-0.059417445833063111
95.444256804055527,700.41535419674142,-993.70312690734897,32.210000000000001,-0.059485669350501667
95.457235695793869,700.86015387055193,-995.77593803405796,32.210000000000001,-0.05958979017977812
95.470213697602418,700.81209766217489,-996.25229835510197,32.210000000000001,-0.059666450445368502
95.483187822003686,700.60271766844562,-995.81599235534702,32.210000000000001,-0.059692378465600424
95.496156215667895,700.29325786702839,-994.37022209167503,32.509999999999998,-0.059670163317833452
95.509117826198803,699.92696866904146,-996.30022048950195,32.509999999999998,-0.059611660738770243
95.522077897977766,699.84387606386133,-997.63941764831497,32.5,-0.05973300379171384
95.535029693403686,699.39695300004234,-995.01228332519497,32.5,-0.059925363295606653
95.54797842891729,699.23171773454897,-995.01228332519497,32.549999999999997,-0.06018599288321011
95.560931627534529,699.47272533094633,-993.42250823974598,32.549999999999997,-0.060376821912434202
95.57388631316546,699.55302407002637,-993.83449554443405,32.210000000000001,-0.060390603418357162
95.58684149343091,699.57973433414577,-993.83449554443405,32.210000000000001,-0.060312762441813494
95.599801837363017,699.85857233359445,-994.37737464904797,32.189999999999998,-0.060101699910892495
95.612770244479023,700.29398426490491,-993.51406097412098,32.189999999999998,-0.059879086910922502
95.625740287618527,700.38232953324132,-992.77973175048805,32.189999999999998,-0.059817952827426933
95.638709428409939,700.33360273610469,-991.07265472412098,32.189999999999998,-0.059981557229920782
95.651682922616104,700.56868713279789,-991.07265472412098,32.539999999999999,-0.060269879176015277
95.664654096795104,700.44340566586027,-988.84844779968296,32.539999999999999,-0.060459237752064819
95.677612153813584,699.73507899800939,-988.68513107299805,32.159999999999997,-0.060447724536522029
95.690563384237024,699.36644286577132,-987.809658050537,32.579999999999998,-0.060302985624959948
95.703512918618586,699.27485660437731,-987.809658050537,32.469999999999999,-0.06010449905350744
95.716466012721014,699.46708153131726,-989.14504051208496,32.469999999999999,-0.060035384569983079
95.72942310944201,699.68322293322058,-989.11595344543503,32.100000000000001,-0.060004219412892232
95.742383986297469,699.88735019509352,-989.72511291503895,32.100000000000001,-0.060130307036399683
95.755353471677807,700.35221053819089,-989.72511291503895,32.439999999999998,-0.06042065512773024
95.768325412645638,700.48481226291676,-989.274501800537,32.100000000000001,-0.06070893257755941
95.781297100086363,700.47112179937915,-986.20629310607899,32.450000000000003,-0.060835101951296398
95.79426412263706,700.2192177374485,-986.28211021423294,32.140000000000001,-0.060792824046017595
95.807230333901174,700.17540826237223,-989.46619033813499,32.469999999999999,-0.060690474800100265
95.820196583453068,700.17747580204411,-990.08965492248501,32.469999999999999,-0.060717999521019375
95.83315609022965,699.81336593508615,-990.08965492248501,32.119999999999997,-0.060801142826582062
95.846112244245717,699.63231686825873,-989.87078666687,32.490000000000002,-0.060897026625625357
95.859066059606207,699.5060294659695,-989.41397666931096,32.140000000000001,-0.06094078326415666
95.872016977518513,699.34956726500911,-990.94271659851097,32.530000000000001,-0.060941325500436308
95.884959788786446,698.91180846814757,-989.48240280151401,32.159999999999997,-0.060854049192355916
95.897902682837042,698.91627873195102,-989.48240280151401,32.159999999999997,-0.060838185663990921
95.910859351149426,699.66008886860232,-989.05467987060501,32.119999999999997,-0.060887142187350723
95.923825184711163,700.15501233442956,-989.290952682495,32.119999999999997,-0.061037967809101146
95.936790954114869,700.15154779987779,-989.290952682495,32.520000000000003,-0.061106083707815728
95.949756976009937,700.16518233338661,-990.32902717590298,32.100000000000001,-0.061062218413852287
95.96272269988269,700.14908912922942,-990.120887756348,32.43,-0.060940773950576552
95.975696206506257,700.5693576720937,-989.06970024108898,32.43,-0.060869105573192063
95.988662534703749,700.18172266450097,-990.39244651794399,32.409999999999997,-0.060805849109679552
96.001623788227207,699.90769026720352,-990.39244651794399,32.409999999999997,-0.060919740547112369
96.014589875316119,700.16870280071521,-990.28611183166504,32.390000000000001,-0.061024970686026844
96.027554994862982,700.11645553075391,-989.86792564392101,32.390000000000001,-0.061228055920885975
96.040512156776529,699.68674333184902,-989.86792564392101,32.119999999999997,-0.061357050306495693
96.053463919087648,699.39516479998974,-991.56808853149403,32.119999999999997,-0.061327088623562544
96.066421079966673,699.68668746777234,-991.56808853149403,32.140000000000001,-0.061174114751621399
96.079381561527228,699.86600427007193,-990.97776412963901,32.140000000000001,-0.061047679433183941
96.092340561250623,699.78598506297112,-990.52858352661099,32.189999999999998,-0.060948596024527082
96.105303990965425,700.0252045994639,-991.85276031494095,32.189999999999998,-0.061007750531348687
96.118273262142026,700.34064353610961,-991.85276031494095,32.350000000000001,-0.061001416502958539
96.131239953554385,700.20133626728659,-992.725610733032,32.350000000000001,-0.060937265968324633
96.144195809546886,699.61622359540149,-992.18106269836403,32.140000000000001,-0.060733450162854058
96.157144518155533,699.23026486734818,-992.18106269836403,32.43,-0.060458281594429591
96.170097300782743,699.45026186882774,-993.45135688781704,32.140000000000001,-0.060130357741667528
96.183050376259231,699.46607573061783,-994.98558044433605,32.390000000000001,-0.059870620154160926
96.195998455708676,699.19629026997325,-995.33295631408703,32.159999999999997,-0.059692220141608604
96.208947879365354,699.2688774609046,-995.68629264831497,32.159999999999997,-0.059719515136253731
96.221905131307494,699.69160487502097,-995.68629264831497,32.119999999999997,-0.05973452184741064
96.234854743298712,699.27904752581355,-997.05290794372604,32.119999999999997,-0.059670139517615545
96.247802043540659,699.1542130649209,-997.05290794372604,32.119999999999997,-0.059464892579582727
96.260748478687646,699.10749793788352,-995.41568756103504,32.119999999999997,-0.059261714211619645
96.273703996298764,699.59795099975929,-996.10114097595203,32.490000000000002,-0.059124699068711553
96.286659773645667,699.61197673294464,-996.84953689575195,32.490000000000002,-0.058991715518599705
96.299610679142006,699.34889680265735,-996.84953689575195,32.119999999999997,-0.058888812652917635
96.312559785114814,699.25172253151516,-997.25985527038597,32.530000000000001,-0.058837754444723202
96.325512982697532,699.47266946686955,-997.79009819030796,32.509999999999998,-0.058782741219479476
96.338459906271623,699.13387300105501,-1000.26345252991,32.509999999999998,-0.058748527532531986
96.351403138703674,698.93455133034126,-998.57640266418503,32.119999999999997,-0.058608195847604468
96.364353602338227,699.32503626596667,-998.57640266418503,32.119999999999997,-0.058568553585143103
96.377305968975293,699.42779840121329,-998.16513061523403,32.119999999999997,-0.058587224533249445
96.390259869190118,699.51061160082213,-1000.89287757874,32.119999999999997,-0.058668197857036267
96.403212196503716,699.425674934261,-1000.89287757874,32.119999999999997,-0.05876838539967813
96.416166525127153,699.53374566544051,-1001.88994407654,32.119999999999997,-0.058757837654078458
96.429126824562928,699.85616953251883,-1001.91473960876,32.399999999999999,-0.058690396447853344
96.442084044424661,699.68987253354908,-1004.0979385376,32.399999999999999,-0.058694139329589605
96.455039672760506,699.6039301349881,-1003.3302307128901,32.329999999999998,-0.058747336475412429
96.46800272580613,700.00486446414982,-1002.59709358215,32.329999999999998,-0.059041813429094495
96.480971126713598,700.29364900350106,-1002.59709358215,32.369999999999997,-0.059372651286514387
96.493933042511102,699.94345306463117,-1003.67569923401,32.369999999999997,-0.059608239680059981
96.506885617143254,699.43903013639442,-1003.67569923401,32.170000000000002,-0.059726360357183171
96.519845085632113,699.81129839816242,-1004.1134357452401,32.170000000000002,-0.059653813433041013
96.532810600474136,700.13780146951547,-1003.8490295410199,32.310000000000002,-0.059460494667037157
96.545781625642007,700.43535906515569,-1002.00819969177,32.310000000000002,-0.059372430873973182
96.558755106396362,700.5679607349216,-1001.8846988678,32.369999999999997,-0.059411126292277648
96.571736395772902,700.98962633312181,-1001.8846988678,32.369999999999997,-0.059627196233834494
96.584722972992637,701.27516986567571,-1001.49202346802,32.240000000000002,-0.059903287845536397
96.597703969519728,700.97381246308794,-1001.5196800231899,32.240000000000002,-0.06006558839566857
96.610672038255515,700.27571173246656,-1001.5196800231899,32.189999999999998,-0.060065092725457458
96.623639977640792,700.26872680478209,-1002.26807594299,32.189999999999998,-0.060004034182730911
96.636612054167884,700.49213246299701,-1007.1628093719499,32.189999999999998,-0.059965720606758394
96.649577310308629,700.12383160040679,-1006.96706771851,32.189999999999998,-0.060042543336557681
96.662537466941984,699.84845820146199,-1006.96706771851,32.509999999999998,-0.060322473032903015
96.675498187541947,699.87891239746034,-1008.47601890564,32.509999999999998,-0.060682175680859728
96.688465841320991,700.25330406847263,-1009.23871994019,32.469999999999999,-0.061020229217903246
96.701427900956858,699.9512203367085,-1006.91986083984,32.469999999999999,-0.061214890123786024
96.714386023166682,699.73859933068582,-1005.97071647644,32.189999999999998,-0.061276616113596701
96.727354000839469,700.2707943307139,-1007.6663494110099,32.439999999999998,-0.06128424364538336
96.740330034453109,700.70581513654395,-1007.6663494110099,32.210000000000001,-0.061282828036014404
96.753307978312378,700.8089684000189,-1008.64362716675,32.210000000000001,-0.061332021529323308
96.766282712212345,700.6356305982963,-1005.80024719238,32.229999999999997,-0.061369371703273036
96.779260091069119,700.77845826574787,-1005.80024719238,32.229999999999997,-0.06144063133200342
96.792240996534531,700.96889513278325,-1004.11224365234,32.229999999999997,-0.061498821402485845
96.805218173604956,700.76756180296252,-1003.50022315979,32.229999999999997,-0.061466698016887894
96.818186716280181,700.301304462237,-1003.38077545166,32.43,-0.061452007956106405
96.831163451488877,700.74370126901999,-1003.38077545166,32.43,-0.061506363044843672
96.844144936444494,701.00018760320336,-1002.1915435791,32.329999999999998,-0.061600168960389799
96.857122996201227,700.81522686387495,-1002.60496139526,32.329999999999998,-0.061672612403124397
96.870098445150603,700.67424326604851,-1005.45740127563,32.229999999999997,-0.061673210519561573
96.883076876402427,700.83528759911383,-1007.79938697815,32.229999999999997,-0.061737895012381847
96.896059620711085,701.06819266752586,-1007.73191452026,32.240000000000002,-0.061843521478026964
96.909044164543133,701.16536693042417,-1006.41083717346,32.240000000000002,-0.062006184210032261
96.922025707446934,701.00331680490342,-1005.87701797485,32.259999999999998,-0.062144555978846411
96.935009185432051,701.10781119643377,-1005.87701797485,32.259999999999998,-0.062225099859967263
96.947990942539533,701.01488380423643,-1005.83839416504,32.210000000000001,-0.062365278394469537
96.960961175048098,700.39255546222705,-1005.59425354004,32.210000000000001,-0.062362001174029305
96.973922636566655,699.91892200238487,-1005.24377822876,32.5,-0.062211232466600132
96.986888938893827,700.18032566687282,-1005.24377822876,32.5,-0.062035213534733874
96.999857592292599,700.30728353426184,-1005.12146949768,32.560000000000002,-0.061875291995535445
97.012822640438259,700.11259986522555,-1003.99446487427,32.560000000000002,-0.061803714681197261
97.025787863466633,700.12204353225832,-1003.99446487427,32.189999999999998,-0.06184756341851614
97.03875929738021,700.45743133309361,-1004.58765029907,32.539999999999999,-0.061782036596143355
97.051728945225918,700.36098366867577,-1003.79920005798,32.210000000000001,-0.061754705384852844
97.064694590453144,700.1448422695205,-1002.47693061829,32.210000000000001,-0.061738961894081977
97.077659975944499,700.13081653358722,-1001.87158584595,32.189999999999998,-0.061698734967453955
97.090635698081428,700.68899539436234,-1001.87158584595,32.189999999999998,-0.061630120293390905
97.103605976121031,700.39501413837149,-1003.61633300781,32.140000000000001,-0.061547679618971562
97.116570465474112,700.08242506655438,-1003.52430343628,32.140000000000001,-0.061474705322017521
97.129530698681492,699.85259319836564,-1003.52430343628,32.549999999999997,-0.06144801775540501
97.142491037439527,699.85829293351924,-1002.16865539551,32.549999999999997,-0.061364774074488128
97.155444599274077,699.49233906563609,-1003.12376022339,32.469999999999999,-0.061232173400973727
97.168390073088844,699.05558599802612,-1005.3186416626,32.469999999999999,-0.060997188297788107
97.181337217076546,699.14577533598799,-1005.3186416626,32.119999999999997,-0.060836879743505372
97.194292052751805,699.56112646335953,-1005.54203987122,32.43,-0.060770764117715745
97.207254164128415,699.95401433746053,-1002.53105163574,32.119999999999997,-0.060748050196381402
97.220213443248113,699.80107246368061,-1001.3465881347699,32.119999999999997,-0.060751002489065377
97.233171182581501,699.71792400266793,-1001.3465881347699,32.119999999999997,-0.060798096367444633
97.2461366591358,700.13573393259173,-999.23920631408703,32.119999999999997,-0.060818813120736955
97.259095289434569,699.76603613282941,-999.23920631408703,32.329999999999998,-0.060796306158502851
97.272046947230919,699.38952100310883,-999.43876266479504,32.159999999999997,-0.060621735949854448
97.28500139382102,699.54011586569391,-1000.19645690918,32.259999999999998,-0.06045397784894814
97.297959561562962,699.74105806453804,-999.58419799804699,32.259999999999998,-0.060333275338903834
97.310912435253158,699.4551792705804,-997.88475036621105,32.229999999999997,-0.060321356480047869
97.323861274246937,699.23730566460529,-997.95317649841297,32.229999999999997,-0.060273551691821317
97.336815564582764,699.53167813401274,-999.22132492065396,32.210000000000001,-0.060252739736690493
97.349775206918537,699.82068613241836,-998.42333793640103,32.210000000000001,-0.060232837373482576
97.362735428744415,699.85197859734251,-998.42333793640103,32.420000000000002,-0.060235894181330719
97.375695558471605,699.84700526830932,-997.79105186462402,32.420000000000002,-0.060173815322514576
97.388656928928398,699.91400466658422,-998.44312667846702,32.5,-0.060068972201330624
97.401620288276504,700.0214047980121,-998.44312667846702,32.5,-0.059960334458419078
97.414578437391384,699.74005220338256,-997.68328666687,32.189999999999998,-0.059903399604324795
97.42751929184692,698.80614059849961,-996.79279327392601,32.520000000000003,-0.059873929454846118
97.440467105350635,699.18192920118804,-996.79279327392601,32.240000000000002,-0.059838258764602824
97.453421907913622,699.55933840070691,-997.30777740478504,32.240000000000002,-0.059831872996577565
97.466369272313614,699.15767759947289,-998.05974960327103,32.530000000000001,-0.05992894164353435
97.479310913218484,698.84860886308036,-995.58520317077603,32.189999999999998,-0.060042163563367383
97.492255946207365,699.03178139960812,-995.58520317077603,32.229999999999997,-0.060150060388279886
97.505206201846974,699.31380453902955,-998.98886680603005,32.229999999999997,-0.060197130466899243
97.518151317619839,699.03625173485966,-998.98886680603005,32.439999999999998,-0.060296392895748008
97.531093609416118,698.88375699902883,-995.63074111938499,32.439999999999998,-0.060494000920035734
97.544047515839495,699.51094686222621,-994.21119689941395,32.229999999999997,-0.060726106166423474
97.557004248309923,699.6635534031542,-994.21119689941395,32.450000000000003,-0.060883840131867324
97.569960902134596,699.65930653245334,-995.697021484375,32.240000000000002,-0.06100679437254302
97.582909897383999,699.24574346773431,-996.83785438537598,32.390000000000001,-0.061046569090908866
97.595861510683932,699.38711819653724,-996.83785438537598,32.25,-0.06107965794685704
97.608815670634613,699.52463733675563,-996.86264991760197,32.25,-0.061035581553525391
97.621769277999945,699.49479772804034,-996.86264991760197,32.310000000000002,-0.060948288688851326
97.634721320743211,699.41030813622399,-999.18508529663097,32.259999999999998,-0.061021872485116972
97.647680391867866,699.78984073124741,-1000.3345012664799,32.280000000000001,-0.061083290104782841
97.660645822891382,700.13327527018748,-1000.0319480896,32.240000000000002,-0.061157354050305417
97.673604608409917,699.77441800043403,-999.01270866393997,32.350000000000001,-0.061121339805807209
97.686561925543245,699.69512519945351,-1000.46801567078,32.350000000000001,-0.061003726182125788
97.699527772558071,700.15573880100601,-999.49741363525402,32.310000000000002,-0.060915764834982546
97.712496725014788,700.32343266295163,-999.49741363525402,32.310000000000002,-0.060838285005741177
97.725463812756786,700.22273806737701,-998.58379364013695,32.390000000000001,-0.060831108647696745
97.738430906708643,700.22307340022883,-997.38144874572697,32.390000000000001,-0.060914211596600522
97.751397176955606,700.17859333639308,-997.47729301452603,32.240000000000002,-0.061045776430526708
97.764356507816117,699.8038664671808,-997.47729301452603,32.240000000000002,-0.061167384394007061
97.777305788671583,699.26116619579977,-998.01015853881802,32.229999999999997,-0.061157907669510382
97.790250483278967,699.01350879846984,-1000.57482719421,32.229999999999997,-0.061083578813909051
97.803204195160433,699.50044159911727,-1002.20966339111,32.170000000000002,-0.061010304424343707
97.816168586206231,700.07711647336919,-1002.20966339111,32.170000000000002,-0.061062876549137411
97.8291408324407,700.50129666125451,-1001.15489959717,32.549999999999997,-0.061211649120652731
97.84211194867035,700.44027640095624,-1000.14519691467,32.549999999999997,-0.061361135707305371
97.855089962896301,700.8127682014707,-1000.57125091553,32.539999999999999,-0.061421715136210926
97.868063229446918,700.55639373284043,-1001.09314918518,32.539999999999999,-0.061437313754853388
97.881025431885206,699.95893166776523,-1000.97250938416,32.530000000000001,-0.061317544638171233
97.893986504318576,699.8979114019711,-1001.03068351746,32.530000000000001,-0.061192706020522743
97.906955514723478,700.32656186465169,-1001.03068351746,32.119999999999997,-0.06106943512840296
97.919922628337005,700.22413513095705,-1002.85840034485,32.119999999999997,-0.061070415087935419
97.932882759098831,699.84706113788195,-1003.24654579163,32.479999999999997,-0.06113607746773695
97.945839731643275,699.67651740011536,-1003.4077167511,32.07,-0.061203275496180889
97.958795697324717,699.62214679785382,-1003.86500358582,32.189999999999998,-0.061172571860626981
97.971744939891352,699.25909859841988,-1002.84433364868,32.189999999999998,-0.061068006066254586
97.984692356032042,699.16047159747711,-1002.84433364868,32.280000000000001,-0.060889194201997232
97.997640110551899,699.17874407220734,-1004.57334518433,32.280000000000001,-0.060757324098839827
98.010598681866739,699.7628510011009,-1006.2530040741,32.310000000000002,-0.060701901092661159
98.023564106681505,700.13293999779148,-1006.31976127625,32.210000000000001,-0.060737234436430719
98.036524268487668,699.84873753283728,-1007.17687606812,32.229999999999997,-0.060847938680575669
98.049480053079023,699.61236793262128,-1007.5137615203899,32.229999999999997,-0.060916547145941545
98.062443087498764,700.0038586661982,-1007.4653625488299,32.609999999999999,-0.060883943612664214
98.075400684028395,699.71021260016312,-1007.4653625488299,32.609999999999999,-0.060774823650336311
98.0883544145358,699.5014473998167,-1007.8749656677199,32.159999999999997,-0.060712129083714934
98.101310126690137,699.60845633431609,-1006.86860084534,32.600000000000001,-0.060819138048086106
98.114269490664185,699.80565459853335,-1006.23774528503,32.549999999999997,-0.060947484647070518
98.127224819942029,699.58778100355016,-1006.23774528503,32.549999999999997,-0.060964005274928477
98.140173074271544,699.20573379410985,-1004.94408607483,32.090000000000003,-0.060842693265470794
98.153122180244452,699.25172253701112,-1004.96864318848,32.090000000000003,-0.0606152798143723
98.166079659843263,699.70389833543447,-1004.16851043701,32.100000000000001,-0.060377883621178421
98.17904320028147,700.03118366324475,-1004.16851043701,32.100000000000001,-0.06019994099137084
98.192012965058012,700.36729793340453,-1005.4337978363,32.119999999999997,-0.060031659279920213
98.204991356987605,700.83316419811342,-1006.54816627502,32.119999999999997,-0.060043163183562225
98.217972042039477,700.9569928005983,-1006.43062591553,32.350000000000001,-0.060193836689407337
98.230949094933308,700.76085626710926,-1006.8347454070999,32.350000000000001,-0.06016997103024263
98.243914331413592,700.12276993563069,-1007.27081298828,32.25,-0.060045356965555984
98.256875534230872,699.90495213327608,-1010.8106136322,32.25,-0.059857197725838841
98.269839503077847,700.0543177361069,-1010.8106136322,32.240000000000002,-0.059768112582775999
98.282801160175325,699.92948326422231,-1008.41522216797,32.240000000000002,-0.059824991557272528
98.295760796302417,699.82035086277051,-1008.41522216797,32.359999999999999,-0.059899630853330763
98.308722531008598,699.93367413344663,-1008.59999656677,32.359999999999999,-0.059993383991515839
98.321689093071654,700.19435140555436,-1007.99751281738,32.399999999999999,-0.060104118245593655
98.334650197583997,699.89964366649906,-1006.39200210571,32.399999999999999,-0.060211825701908861
98.347613140940751,699.99894126444576,-1006.39200210571,32.450000000000003,-0.060212574898713629
98.360586945588892,700.5854509999109,-1004.95839118958,32.450000000000003,-0.060193088526868062
98.373567891411085,700.97107439786032,-1005.38349151611,32.189999999999998,-0.060296162135004987
98.386548075618549,700.92994720362708,-1006.26564025879,32.189999999999998,-0.06055236587145988
98.399526597932066,700.84020492941841,-1005.86271286011,32.170000000000002,-0.060820905490973701
98.412503702565374,700.76365019916148,-1004.59957122803,32.170000000000002,-0.060971686615288352
98.425478996295084,700.6658614039402,-1004.59957122803,32.189999999999998,-0.061044549155031547
98.438456907040745,700.8071802659183,-1004.51183319092,32.189999999999998,-0.061076107538651891
98.451428848008732,700.48481227116088,-1004.4162273406999,32.560000000000002,-0.061188281203690568
98.464407512090091,700.84786039365054,-1002.56419181824,32.560000000000002,-0.061358475229037646
98.47738420176789,700.74124260111955,-1002.8703212738,32.549999999999997,-0.061587882744872785
98.490357344142012,700.54968820248325,-1002.8703212738,32.549999999999997,-0.061841570874984812
98.503322237067991,700.10421800311713,-1003.06510925293,32.159999999999997,-0.062025151111906818
98.516290682471634,700.29605179633268,-1002.94899940491,32.579999999999998,-0.062116394854634424
98.529262207448198,700.46234873484616,-1004.33397293091,32.170000000000002,-0.062134442850191741
98.542233576170389,700.45391099766903,-1004.33397293091,32.170000000000002,-0.062142611584297888
98.555210227560508,700.73917506694386,-1005.16366958618,32.600000000000001,-0.062168132927460019
98.568192464817258,701.04081186411088,-1002.78234481812,32.119999999999997,-0.062343492690131876
98.58117251967407,700.92296226769872,-1001.08337402344,32.140000000000001,-0.062523543214031044
98.594141133750611,700.30516013326132,-1001.08337402344,32.140000000000001,-0.062603472421510376
98.607100329051903,699.79654626984859,-1000.2989768981899,32.57,-0.062576501319847114
98.620061972696249,699.92875679489794,-1002.88677215576,32.57,-0.062432201165192679
98.633026013979006,700.05822926845985,-1001.66296958923,32.579999999999998,-0.062336650573932693
98.64599483605059,700.31639186569475,-1001.66296958923,32.579999999999998,-0.062311427253527778
98.65896682254936,700.48727093356513,-999.64475631713901,32.57,-0.062419958412286168
98.671946552479071,700.90541620458475,-998.77023696899403,32.57,-0.062638408401026913
98.684927178546914,700.95380766337371,-998.90375137329102,32.189999999999998,-0.062839314340835409
98.697899555166714,700.50833746950343,-997.12395668029797,32.189999999999998,-0.062950582553659373
98.710869560018608,700.38026200181366,-997.47872352600098,32.189999999999998,-0.062909694388542631
98.723849315817262,700.90681312801689,-999.66955184936501,32.189999999999998,-0.062809071193214494
98.736831754860518,701.05170833514023,-999.66955184936501,32.140000000000001,-0.062746921968417246
98.749811771429549,700.92089472802695,-1000.55289268494,32.140000000000001,-0.06282056785251984
98.762784628197593,700.53426547441779,-1000.34499168396,32.530000000000001,-0.06302342750050785
98.77575734112844,700.52649826554443,-998.52156639099098,32.530000000000001,-0.063154813316379455
98.788719329361811,699.94736460248009,-1000.08869171143,32.509999999999998,-0.063136921573687638
98.801675912821025,699.65550679695355,-1000.08869171143,32.509999999999998,-0.062951770507931562
98.814627740324653,699.39868519587026,-1000.52571296692,32.539999999999999,-0.062671841845597279
98.827586565166641,699.77654146738644,-999.10807609558105,32.539999999999999,-0.06252396851759949
98.840552054138229,700.13640446639158,-1000.54979324341,32.100000000000001,-0.062508571685152239
98.853513613964225,699.92423060381395,-1000.54979324341,32.100000000000001,-0.062529311205211199
98.866469157445664,699.59934799738744,-999.84574317932095,32.100000000000001,-0.06259658891260568
98.879428131298724,699.78458806534297,-999.03440475463901,32.100000000000001,-0.062549950347676853
98.892382642046925,699.5435804029936,-999.03440475463901,32.119999999999997,-0.062427518681855088
98.905331240966646,699.22434166489609,-998.14677238464401,32.119999999999997,-0.06233446299951656
98.918281126146852,699.29379973107132,-997.28274345397904,32.460000000000001,-0.062229198713759912
98.931237708570364,699.65545086967302,-996.93751335143997,32.460000000000001,-0.062263065742332889
98.944194331351909,699.65763020345014,-997.81751632690396,32.469999999999999,-0.062367548752871808
98.95714097449391,699.11872966756869,-997.81751632690396,32.469999999999999,-0.062498932497871543
98.970085637023487,699.01177659714597,-996.82354927063,32.469999999999999,-0.06252196927843115
98.98303716546917,699.38253606718058,-997.15828895568802,32.469999999999999,-0.062362524783097846
98.99599350160986,699.64215159756793,-997.15828895568802,32.100000000000001,-0.062191124176827255
99.008954437449404,699.89053533506615,-997.08914756774902,32.100000000000001,-0.062012420966322701
99.02192242857528,700.27152079729024,-995.55683135986305,32.119999999999997,-0.061930040311158417
99.03489848081486,700.70682093724361,-996.26255035400402,32.119999999999997,-0.061956052150812416
99.047869505981566,700.43535900195161,-995.62668800354004,32.119999999999997,-0.061895397180425395
99.060826745504926,699.69093426152926,-995.50199508667004,32.119999999999997,-0.061763540530912514
99.073777819672856,699.35800506813814,-995.50199508667004,32.490000000000002,-0.061537592360795999
99.086733032018543,699.58146666737366,-996.36554718017601,32.490000000000002,-0.06125995889348472
99.099686665253031,699.4961946624644,-996.41776084899902,32.479999999999997,-0.061028187886906685
99.11263117152842,699.00333887096087,-995.74065208435104,32.479999999999997,-0.060969680134327783
99.125579146461789,699.19064640164424,-995.00918388366699,32.5,-0.061052858622728357
99.138531980829583,699.453055861336,-995.45264244079601,32.5,-0.061141986193525538
99.151480846728433,699.23875853730192,-995.45264244079601,32.090000000000003,-0.061055483917394862
99.164427638881392,699.12677626002926,-997.21860885620094,32.090000000000003,-0.060780745826359867
99.177382688763032,699.57269360833664,-997.84159660339401,32.07,-0.060479061470994785
99.190352459748169,700.3676331975563,-996.85502052307095,32.07,-0.060272061576101502
99.203324563180203,700.49358533019779,-996.70314788818405,32.07,-0.060247269769132659
99.216294704625881,700.38763806597058,-997.43676185607899,32.07,-0.060341802114818696
99.229259459922176,700.09678600068764,-998.21734428405796,32.450000000000003,-0.060481826463154455
99.242219908370373,699.86421620192323,-997.73907661438,32.450000000000003,-0.060620393811298634
99.255172346408585,699.43165406399362,-996.96111679077103,32.490000000000002,-0.060603596891454378
99.268115411202444,698.9254988684811,-996.96111679077103,32.490000000000002,-0.060494697342329234
99.281063307490115,699.18639953369143,-997.59197235107399,32.509999999999998,-0.060378224071059299
99.294020580128389,699.69272246707783,-998.79455566406205,32.509999999999998,-0.060388054699335836
99.306976110156739,699.59862153081099,-997.72286415100098,32.140000000000001,-0.060543077479666557
99.319929140102502,699.46361707096139,-996.58846855163597,32.140000000000001,-0.060782939609422292
99.332888431640754,699.80174306618039,-996.58846855163597,32.119999999999997,-0.060925379188644956
99.345851083182737,699.98318326673245,-997.84922599792503,32.119999999999997,-0.060930865712643799
99.35881293482224,699.93998853282721,-998.13771247863804,32.189999999999998,-0.060764980605174303
99.371774689191412,699.93473593562283,-998.13771247863804,32.189999999999998,-0.060607883044295555
99.384749066085163,700.61635226241037,-999.21631813049305,32.530000000000001,-0.060625094920066215
99.397723507135836,700.61981673650644,-999.67265129089401,32.530000000000001,-0.060791568829731225
99.410685723027214,699.95965813434157,-1000.45680999756,32.469999999999999,-0.061084118982166598
99.423640980902462,699.58392526382602,-1000.45680999756,32.469999999999999,-0.061361496853386342
99.436595537182782,699.54603913684593,-1001.56164169312,32.390000000000001,-0.061427871179743319
99.449554582437102,699.78844373361926,-1001.3568401336699,32.390000000000001,-0.061350207155064132
99.462518604057919,700.05716752399178,-1001.3568401336699,32.25,-0.061193868102840041
99.475486841466719,700.2848200748914,-1002.30622291565,32.25,-0.061274426471667351
99.488466662458109,700.91033353488945,-1001.3566017150901,32.280000000000001,-0.061614002204014091
99.501449511282686,701.07383652761087,-1000.7655620575,32.280000000000001,-0.062003292970614403
99.514428149495103,700.8464634702184,-1000.7655620575,32.280000000000001,-0.062299357313031996
99.527399947659333,700.47710086865607,-999.81999397277798,32.280000000000001,-0.062362940774307526
99.540377988790127,700.81422106317541,-999.52697753906205,32.189999999999998,-0.062284491335007741
99.553362947577796,701.18777453396206,-999.42636489868198,32.189999999999998,-0.062094607078712449
99.566343919270352,700.97247139823639,-999.42636489868198,32.119999999999997,-0.061914314412315381
99.579322395018508,700.83769040018944,-1000.50258636475,32.119999999999997,-0.061994633740423494
99.592303769249398,700.99420846797466,-998.92187118530296,32.100000000000001,-0.062318663630369267
99.605278652161758,700.64367726770092,-998.14128875732399,32.100000000000001,-0.062676016241685603
99.618242771054327,700.0624201981401,-998.14128875732399,32.43,-0.062846920142207371
99.631202194012289,699.80883973026198,-999.75395202636696,32.43,-0.06265672958516337
99.644167312524687,700.11639966942528,-1000.4665851593001,32.140000000000001,-0.06238715826663465
99.657140436271646,700.5486823358317,-1001.0771751403799,32.380000000000003,-0.062313849726512244
99.670115586163021,700.65809413461079,-999.25327301025402,32.450000000000003,-0.062405595347944591
99.68308942392467,700.58723912851542,-999.25327301025402,32.450000000000003,-0.062701050191559457
99.6960664126605,700.75739173530553,-1000.49948692322,32.090000000000003,-0.06301390524446257
99.709039380153172,700.54024460415064,-1001.04093551636,32.090000000000003,-0.063138923918095127
99.72200071128772,699.91188126558382,-997.99251556396496,32.140000000000001,-0.063058265174626066
99.734957249214716,699.65304805760536,-997.99251556396496,32.140000000000001,-0.062776760508669802
99.747921706487659,700.08069273882234,-997.72310256957996,32.119999999999997,-0.062564949814547965
99.760889060174094,700.23709906746217,-997.07150459289505,32.119999999999997,-0.062486709404965854
99.773849847002452,699.88248873161353,-998.30651283264206,32.409999999999997,-0.062564259602325659
99.786808280687723,699.75541900416738,-998.30651283264206,32.409999999999997,-0.062685054208663979
99.799770756314899,699.97368386752703,-997.38001823425304,32.460000000000001,-0.062687179694785183
99.812731900149373,699.9017670620035,-996.30808830261196,32.460000000000001,-0.06260398671832193
99.825695382638287,700.02805440108864,-996.69671058654797,32.509999999999998,-0.062424142120224381
99.838661606319747,700.17607879892,-995.50294876098599,32.509999999999998,-0.062268412567617233
99.851634671083957,700.54549726730716,-995.50294876098599,32.119999999999997,-0.062288754722914279
99.864610652956742,700.70302113029584,-995.85461616516102,32.119999999999997,-0.062497421684628525
99.877576629320913,700.1627236654864,-998.21925163268997,32.159999999999997,-0.062719720104840532
99.890535103364215,699.75759833794439,-999.80115890502896,32.159999999999997,-0.062844243107091538
99.903498312665448,700.01330226727885,-1000.2326965332001,32.119999999999997,-0.062804186923376373
99.916459111911109,699.88315926541327,-999.93252754211403,32.119999999999997,-0.06257321168099475
99.929416123777798,699.67864080111576,-999.98188018798805,32.539999999999999,-0.062371389939701045
99.942367093430875,699.35236126576126,-999.98188018798805,32.539999999999999,-0.062181379438793781
99.955323728629608,699.6583007317538,-1000.13160705566,32.579999999999998,-0.062204821863531691
99.968284924203715,699.90456100229949,-995.49055099487305,32.579999999999998,-0.0623422923176511
99.981239006544442,699.52044639883138,-995.56970596313499,32.600000000000001,-0.062430823842424973
99.994195582759303,699.65511560277309,-995.56970596313499,32.600000000000001,-0.062291514542219817
100.00715913664938,700.03191006386908,-996.31428718566895,32.119999999999997,-0.061852908175269498
100.02012195686548,699.99229166961311,-996.49477005004906,32.119999999999997,-0.061469223971381701
100.03308903736415,700.22234692815641,-993.90220642089798,32.100000000000001,-0.061298257982056112
100.04605698295802,700.26906206893409,-993.90220642089798,32.100000000000001,-0.061370058812953314
100.05902487060249,700.26593280128202,-992.10643768310501,32.439999999999998,-0.061620587689449134
100.07199142542092,700.19396019488579,-992.414951324463,32.140000000000001,-0.06177666079580231
100.08495467404572,700.01542573972733,-994.276523590088,32.350000000000001,-0.061769500995623769
100.09791840902589,700.0416889291015,-995.05114555358898,32.350000000000001,-0.061656796475856764
100.11089073390616,700.50554353470329,-993.14403533935501,32.32,-0.061491326325127896
100.12385869191722,700.26973259723775,-994.55833435058605,32.32,-0.061381336094186494
100.1368242854049,700.14204833472036,-995.19944190979004,32.280000000000001,-0.06143921779289567
100.14978948256167,700.12064646593024,-995.19944190979004,32.280000000000001,-0.061639446971632823
100.16276223585066,700.52867760481763,-994.05121803283703,32.25,-0.061900122091649988
100.17573062951354,700.29325779558042,-991.70589447021496,32.25,-0.061930293837497631
100.1886918571679,699.90629333552749,-991.77265167236305,32.189999999999998,-0.061730005674890467
100.20166085515561,700.32589133634804,-991.50991439819302,32.189999999999998,-0.061438832845528132
100.21462910601606,700.28554646452369,-991.50991439819302,32.189999999999998,-0.061226624787967504
100.22759419969388,700.11505860182581,-991.49012565612804,32.189999999999998,-0.061220052754802988
100.24055351813587,699.80319586742905,-992.91706085205101,32.329999999999998,-0.061380707968732448
100.25350734591485,699.50670006572125,-993.76869201660202,32.329999999999998,-0.061621116473814477
100.26646593689132,699.76391272908108,-992.09761619567905,32.280000000000001,-0.061868718929174102
100.27942758674442,699.92909206729382,-989.83454704284702,32.280000000000001,-0.06191209579538022
100.29238958222224,699.94775580215662,-990.03267288207996,32.25,-0.061801339810124374
100.30535518812589,700.14271879707212,-990.03267288207996,32.25,-0.061717076846823621
100.31832918214324,700.59567693714041,-989.44878578186001,32.299999999999997,-0.061768690745196669
100.33129971991859,700.4090398688088,-989.30263519287098,32.299999999999997,-0.061994460928521657
100.34426626852847,700.19362493348194,-989.30263519287098,32.359999999999999,-0.06229343927539352
100.35723661693461,700.39881393157907,-990.74530601501499,32.359999999999999,-0.062461184958498353
100.3702129692667,700.72302593275788,-990.74530601501499,32.32,-0.062477438606627023
100.38318150573333,700.30096919808511,-989.08448219299305,32.32,-0.062359812566263675
100.39614496856051,700.02699266761249,-989.57204818725597,32.240000000000002,-0.062301318263410857
100.4091074638482,699.97474553505128,-989.57204818725597,32.240000000000002,-0.062318467017129967
100.42207110155805,700.03643633189711,-990.33784866332996,32.259999999999998,-0.062455781217976764
100.43502741182847,699.64075460268782,-990.550756454468,32.259999999999998,-0.06268794337843131
100.4479787002013,699.36957213342328,-990.41342735290505,32.259999999999998,-0.062890776123201375
100.46093326993338,699.5467655319743,-990.22793769836403,32.259999999999998,-0.062959762290325891
100.47389371838024,699.86421613047537,-990.22793769836403,32.259999999999998,-0.062960950243173192
100.48685189957403,699.74178446516248,-992.53654479980503,32.259999999999998,-0.062796088555963775
100.49980683873085,699.56671446761175,-994.32420730590798,32.210000000000001,-0.062760167443755302
100.51276731304819,699.86561313634729,-994.32420730590798,32.210000000000001,-0.062815863639123781
100.52572936026544,699.9505497314608,-993.29876899719204,32.32,-0.062978660894343216
100.53869099045802,699.92803039976957,-993.02697181701706,32.159999999999997,-0.063174820193886427
100.55165024991604,699.8000107329525,-992.698192596436,32.369999999999997,-0.063218740331909898
100.56461426532964,700.05683233403579,-992.41423606872604,32.369999999999997,-0.063167085043579332
100.5775749931728,699.87930353118497,-992.41423606872604,32.460000000000001,-0.063084062808756711
100.59052815867777,699.47093726829371,-992.68031120300304,32.460000000000001,-0.062979983372643766
100.60347553652963,699.15840400009733,-992.46573448181096,32.469999999999999,-0.063053679961607087
100.61642861821603,699.46641106621769,-992.96331405639603,32.469999999999999,-0.063124866120949211
100.62938497401734,699.64321327058815,-994.45176124572697,32.079999999999998,-0.063147190957294264
100.64234178409754,699.66774433008641,-997.42698669433605,32.079999999999998,-0.063128647290457168
100.65530065447041,699.77900013528665,-997.42698669433605,32.140000000000001,-0.063024992122324069
100.66826488305313,700.06834346654432,-996.00172042846702,32.140000000000001,-0.062887551677068859
100.68122771568642,699.99296219791677,-993.19362640380905,32.159999999999997,-0.062822140753345343
100.69418171317167,699.51586420352271,-995.65863609313999,32.159999999999997,-0.062714702345646633
100.70713158593458,699.29312919727158,-995.65863609313999,32.539999999999999,-0.062764490851527577
100.72008544682595,699.50848813386972,-995.91970443725597,32.539999999999999,-0.062812483971846814
100.73303726191361,699.39801473351849,-996.44565582275402,32.189999999999998,-0.06278291034248723
100.74598376846181,699.11135360341189,-997.148036956787,32.460000000000001,-0.062686672640783647
100.75892524690248,698.83983579579933,-997.90167808532703,32.43,-0.062527487881453625
100.77187163755312,699.10509513405975,-997.90167808532703,32.43,-0.062433229759019326
100.78481455850988,698.9177316651037,-997.56836891174305,32.229999999999997,-0.062387972656769944
100.79775241824447,698.6444256684307,-998.25620651245094,32.229999999999997,-0.062329942980438771
100.81069815282962,699.06966759803618,-1000.69665908813,32.25,-0.062272663537518744
100.82365419612225,699.62633780172996,-1002.01964378357,32.25,-0.062144136884178698
100.8366132734556,699.79017600089526,-1002.0737648010301,32.259999999999998,-0.062024930699569172
100.84957351494188,699.85304025937069,-1000.7996559143101,32.259999999999998,-0.061903955000793057
100.86253380713343,699.85577834383423,-1000.7996559143101,32.229999999999997,-0.061757549022359123
100.87548888909389,699.57442586462059,-1001.2576580047599,32.229999999999997,-0.061661169553817161
100.88844283483951,699.51307026322661,-1001.15966796875,32.159999999999997,-0.061616376042399036
100.90138965389752,699.12822913272601,-1000.0786781311,32.159999999999997,-0.061506453072403149
100.91433877849748,699.25272839816671,-1002.10070610046,32.140000000000001,-0.061350723521424441
100.9272964857518,699.71619173264401,-1003.4651756286599,32.140000000000001,-0.061052450909713736
100.94025191954439,699.59342480043131,-1003.4651756286599,32.399999999999999,-0.060730530983357428
100.95320858682226,699.66003300452576,-1004.24098968506,32.399999999999999,-0.060533896709243425
100.96616407131971,699.59616286291077,-1003.93772125244,32.490000000000002,-0.060485864264647887
100.97912820987401,700.06348193161637,-1004.14752960205,32.490000000000002,-0.060630552469873457
100.99209240741237,700.06666707158899,-1005.04875183105,32.090000000000003,-0.060768929413322854
101.00505308972465,699.87684486328476,-1005.3334236145,32.479999999999997,-0.060814523862605746
101.01801850108644,700.13221353671133,-1005.3334236145,32.140000000000001,-0.060824614225358897
101.03098249062843,700.05543526770771,-1007.36021995544,32.140000000000001,-0.060680061578427182
101.04393965150742,699.68668746502442,-1007.97843933105,32.189999999999998,-0.060566817927365228
101.05689220026915,699.43763313327054,-1010.66851615906,32.189999999999998,-0.06058852084710608
101.06984370284567,699.38113913275629,-1010.66851615906,32.210000000000001,-0.060762398771642516
101.08280089062971,699.68814033772117,-1010.5459690094,32.210000000000001,-0.061113288004666699
101.09576094895564,699.84314960003292,-1009.34243202209,32.490000000000002,-0.061330255120599426
101.10872106626665,699.84633479496551,-1007.84611701965,32.490000000000002,-0.06140587851360832
101.12168540660744,700.07437840264572,-1007.84611701965,32.43,-0.061424034130383165
101.13466183551488,700.72716100110949,-1006.68001174927,32.43,-0.061349336885789078
101.14763678465432,700.64725353040603,-1005.71036338806,32.329999999999998,-0.061254971142239031
101.16061094113584,700.60445000167351,-1008.16345214844,32.329999999999998,-0.061206919037744445
101.17359130746787,700.93978193018825,-1007.1678161621099,32.240000000000002,-0.06120111896682822
101.1865768322926,701.21834053505779,-1005.21802902222,32.240000000000002,-0.061362415758584025
101.19955856353093,701.01348686981237,-1004.64296340942,32.240000000000002,-0.061429310589889957
101.21253442743577,700.6966508613425,-1005.5615901947,32.240000000000002,-0.061437196821633303
101.22551009162467,700.68586620090628,-1007.46607780457,32.259999999999998,-0.061391239157585785
101.23848274039757,700.52303373648863,-1007.46607780457,32.259999999999998,-0.061339583868542776
101.25145340131361,700.41568946638938,-1010.10942459106,32.280000000000001,-0.061448633463515576
101.26442229478769,700.32024759992305,-1012.39442825317,32.280000000000001,-0.061623557574569825
101.27740203816917,700.90614259971312,-1013.6656761169399,32.25,-0.061867753458111435
101.29038699799131,701.18783039529069,-1009.91249084473,32.25,-0.062210707821230539
101.30337049563714,701.10887287495007,-1009.91249084473,32.229999999999997,-0.062364948292078032
101.3163511744802,700.95665752545437,-1010.61105728149,32.229999999999997,-0.062491391888099879
101.3293275392308,700.72369653250962,-1010.61105728149,32.299999999999997,-0.062531881655715882
101.34230760029635,700.9232975400945,-1008.96382331848,32.299999999999997,-0.06256450071127051
101.35528358216925,700.7030211357918,-1009.36579704285,32.329999999999998,-0.062629166576167239
101.36825816084939,700.62724872794377,-1009.4039440155,32.329999999999998,-0.062693183620325832
101.38123796838892,700.909607134265,-1009.3498229980499,32.329999999999998,-0.062762932437848751
101.39421755551489,700.89770480208006,-1009.3498229980499,32.329999999999998,-0.062809494427743071
101.40718763797658,700.38445293149391,-1009.72652435303,32.170000000000002,-0.062783436021511652
101.42015375817785,700.17049086886368,-1008.57353210449,32.170000000000002,-0.062792894119713227
101.4331252769469,700.46201352840239,-1007.32111930847,32.140000000000001,-0.062769361668789839
101.44609769185436,700.51040500367924,-1007.32111930847,32.140000000000001,-0.062814870228338565
101.45907398520248,700.71984079828133,-1007.61270523071,32.140000000000001,-0.062938269434364646
101.4720523833395,700.83349939906122,-1007.61270523071,32.140000000000001,-0.063073999351358837
101.48503477064311,701.04891439484402,-1008.04567337036,32.350000000000001,-0.063201899951032703
101.49801712483222,701.04712621127953,-1008.7418556213401,32.350000000000001,-0.063325492665160715
101.51098959872346,700.51359012716398,-1008.86535644531,32.32,-0.063301574232400737
101.52395627047403,700.20027453106241,-1006.62922859192,32.32,-0.063419039877951278
101.53692658783704,700.39713760257575,-1006.62922859192,32.369999999999997,-0.063530344308998163
101.5498944351248,700.26375353895298,-1006.14190101624,32.369999999999997,-0.063600789548712802
101.56285178537166,699.69691333080607,-1007.55524635315,32.159999999999997,-0.063588569561555147
101.57580651653343,699.55548273517854,-1008.69011878967,32.159999999999997,-0.063509525110395773
101.58876893317542,699.97049866709847,-1008.69011878967,32.170000000000002,-0.063451828641389915
101.60172581569132,699.67165585969144,-1007.65061378479,32.170000000000002,-0.063508123986188839
101.61467444669017,699.22607393766793,-1005.89394569397,32.329999999999998,-0.06352196964909039
101.62762698924325,699.4372978663705,-1003.48448753357,32.189999999999998,-0.063578367439199382
101.64059113400609,700.06381719302021,-1004.60004806519,32.280000000000001,-0.06356296750303965
101.65356057385559,700.34975187303849,-1004.60004806519,32.280000000000001,-0.063502319777498192
101.66653079912103,700.39216433399861,-1005.20825386047,32.259999999999998,-0.063363416119944671
101.67949969362836,700.32030339529967,-1004.3246746063199,32.240000000000002,-0.063112456764278263
101.69246901551114,700.34338167003727,-1003.51691246033,32.259999999999998,-0.062951024415042828
101.7054362729605,700.2319022656344,-1003.58891487122,32.259999999999998,-0.062843434926416752
101.71839989825305,700.03576579809737,-1003.8378238678,32.32,-0.062826761147980886
101.73136364047777,700.04208013427399,-1003.28660011292,32.32,-0.062890922029646162
101.74433235906906,700.31080393014236,-1003.28660011292,32.390000000000001,-0.0628756535129881
101.75729836130373,700.16412067135843,-1003.94034385681,32.390000000000001,-0.062791032509608852
101.77025701022836,699.76704193078115,-1003.0951499939,32.229999999999997,-0.062580035171356824
101.78321041684207,699.48395714032347,-1005.15031814575,32.460000000000001,-0.062261368665019287
101.79616775363698,699.69618692468578,-1005.15031814575,32.210000000000001,-0.061933975666934669
101.80912286871001,699.57621394376122,-1005.76305389404,32.210000000000001,-0.061702345393947283
101.82207897098527,699.62952286475866,-1003.18145751953,32.189999999999998,-0.061652332337140063
101.83503737259264,699.75368679734743,-999.82094764709495,32.189999999999998,-0.061717774304502163
101.84799887343466,699.92104546933729,-999.82094764709495,32.469999999999999,-0.061700484818617278
101.86095502124083,699.63198153265887,-999.89271163940396,32.240000000000002,-0.061638950266799997
101.87389775386295,698.90756159469879,-1002.49171257019,32.390000000000001,-0.061527371612908457
101.88684185759878,698.98160173527071,-999.63307380676304,32.390000000000001,-0.061394197658763382
101.89978864975308,699.12677633147734,-999.76420402526901,32.259999999999998,-0.061356667429033139
101.91273489035673,699.09699259783054,-999.76420402526901,32.259999999999998,-0.061266282572655269
101.92567883783707,698.97316393763754,-999.14121627807594,32.259999999999998,-0.061243844942034997
101.93862031007041,698.83950060034738,-998.756885528564,32.310000000000002,-0.061257572638316077
101.95157085855809,699.3296183348674,-998.71945381164505,32.280000000000001,-0.061183062692058067
101.96451945747771,699.22434165940001,-998.71945381164505,32.280000000000001,-0.061025466355678182
101.97746105285184,698.84615020342392,-998.99268150329601,32.280000000000001,-0.060887437106802562
101.99041638833823,699.58811626495401,-999.004125595093,32.280000000000001,-0.06079030533611491
102.00338360646545,700.22977887013008,-999.117612838745,32.259999999999998,-0.060815864966438066
102.01635028546046,700.20066573073893,-999.117612838745,32.259999999999998,-0.06084482495942406
102.02931245478517,699.95714353366463,-1000.0267028808599,32.240000000000002,-0.060825354109092448
102.04227635947413,700.05085320430294,-999.08208847045898,32.240000000000002,-0.060837374379094769
102.05523163080247,699.58465173040224,-997.33304977417004,32.170000000000002,-0.060755684971334295
102.0681762664272,699.01032373544126,-997.09963798522904,32.170000000000002,-0.060578032086139752
102.08111994071976,698.95841179833178,-997.88427352905296,32.159999999999997,-0.060363627141702438
102.09406937782964,699.26960393297691,-997.99799919128395,32.159999999999997,-0.060189266999581638
102.10702583711235,699.64880126659648,-997.99799919128395,32.310000000000002,-0.060278079990315495
102.1199863642037,699.86846293247618,-997.16973304748501,32.310000000000002,-0.060365093457611464
102.13294729280001,699.89014420134163,-997.85184860229504,32.329999999999998,-0.060482599461907351
102.14591191253702,700.08946579785936,-997.67684936523403,32.329999999999998,-0.060565323671937218
102.15888137825679,700.3511488679186,-997.67684936523403,32.359999999999999,-0.060661359586733153
102.17184571135436,700.0739872689212,-997.90143966674805,32.359999999999999,-0.06080171610721273
102.18480532781972,699.81928912929436,-999.10473823547397,32.140000000000001,-0.06089712286167847
102.1977757486618,700.40272547217614,-999.39942359924305,32.140000000000001,-0.060940888813738985
102.21074069953586,700.10734719932123,-999.39942359924305,32.119999999999997,-0.061082868939803026
102.22369897800252,699.74703719976685,-1000.23627281189,32.119999999999997,-0.061245417843471171
102.23665174096783,699.44920012710759,-999.46117401123001,32.189999999999998,-0.06134998053275708
102.24960532970744,699.49379193833261,-1000.7412433624301,32.189999999999998,-0.061373980715339484
102.26255748213948,699.4162313304322,-1000.7412433624301,32.310000000000002,-0.061322113291441438
102.27551802164943,699.86913353772377,-1000.86379051208,32.310000000000002,-0.06123462795338893
102.28848143170251,700.02414286598764,-1000.33354759216,32.280000000000001,-0.061159568527481493
102.30144844907903,700.2189383318771,-1001.13582611084,32.280000000000001,-0.061050397861972187
102.31441701141482,700.30236613250918,-1001.13582611084,32.259999999999998,-0.060988285888747364
102.32737900585796,699.94769992983595,-1001.5957355499301,32.259999999999998,-0.060933855258884867
102.34033310682472,699.521452205027,-1002.59494781494,32.189999999999998,-0.060997427337642192
102.35328657863084,699.48747753070802,-1002.19631195068,32.189999999999998,-0.061032961432730799
102.36623784734195,699.3685103999469,-1002.19631195068,32.189999999999998,-0.061042823104951245
102.37918137262223,698.95036513442324,-1005.35488128662,32.189999999999998,-0.061027339348097211
102.39212515763951,698.96439093356059,-1006.86502456665,32.159999999999997,-0.061131305992479373
102.40507474997042,699.27798586928134,-1006.9210529327401,32.159999999999997,-0.06134174660735596
102.41801925624449,699.0033387995129,-1006.995677948,32.329999999999998,-0.061538635442380002
102.43096219686166,698.91879332713199,-1007.15208053589,32.329999999999998,-0.061603368569647134
102.44391000933086,699.18187333711126,-1007.15208053589,32.350000000000001,-0.061732485061789077
102.45686702119755,699.67864080111576,-1007.12847709656,32.350000000000001,-0.061882619434507249
102.46982844442967,699.91685453416108,-1007.12847709656,32.409999999999997,-0.062035907887580378
102.48278878939634,699.85862820041905,-1005.2757263183599,32.409999999999997,-0.062157775585282904
102.49575347950125,700.09326566526306,-1005.16963005066,32.07,-0.06216320519719961
102.50871807336787,700.08806879748317,-1004.83679771423,32.07,-0.062200641258797068
102.52167927515185,699.90489633515142,-1005.12194633484,32.07,-0.062189674418835016
102.53463235683705,699.46641100026568,-1005.12194633484,32.07,-0.062072854487969245
102.54758429506539,699.40466433109907,-1005.03873825073,32.140000000000001,-0.061924129516329959
102.56054380080735,699.81331006551363,-1007.83824920654,32.140000000000001,-0.061842483571332645
102.57350079301352,699.67757913359162,-1006.72245025635,32.549999999999997,-0.061784391808436756
102.58645143877285,699.33487100351988,-1006.72245025635,32.549999999999997,-0.061758929448839303
102.59940329214818,699.4000822676943,-1005.5198669433599,32.590000000000003,-0.061660662500120957
102.61236507238641,699.93613286455081,-1008.8105201721201,32.590000000000003,-0.061572825329313144
102.62532662496797,699.92383940413742,-1011.75785064697,32.560000000000002,-0.06152583182689874
102.6382879767976,699.91299879993267,-1011.75785064697,32.560000000000002,-0.061477631743560829
102.65125860563585,700.41395726506551,-1013.16833496094,32.189999999999998,-0.061460585436780221
102.66422853908647,700.37640633353715,-1012.06755638123,32.189999999999998,-0.061470923117429847
102.6771922099099,700.03822446599759,-1012.06755638123,32.210000000000001,-0.061485056454835894
102.69014446582224,699.42181926598448,-1012.24446296692,32.210000000000001,-0.061490121814160255
102.70309374046785,699.26083086294807,-1012.34984397888,32.189999999999998,-0.061364800978774732
102.71604521096546,699.37940687097648,-1012.26878166199,32.189999999999998,-0.061286938272427038
102.72899824711976,699.46395233236524,-1013.01217079163,32.369999999999997,-0.061196475806647381
102.74195508927897,699.6694765973624,-1011.26790046692,32.369999999999997,-0.061146364442915178
102.75491305006044,699.72988219892943,-1011.26790046692,32.25,-0.061108687271355093
102.76788287278643,700.37042720380452,-1008.5844993591299,32.25,-0.061071305017313067
102.7808507076568,700.26308299965717,-1009.39965248108,32.189999999999998,-0.060960604912723648
102.79381767846674,700.21642373669624,-1009.94443893433,32.189999999999998,-0.060846442356667564
102.80679401113709,700.72196419928173,-1009.94443893433,32.380000000000003,-0.060737869805000101
102.81977583343831,701.01840426606896,-1009.6755027771,32.380000000000003,-0.060680132980302226
102.83275514737652,700.8829526627743,-1009.10663604736,32.090000000000003,-0.060733881675425025
102.84573277872465,700.79209279925669,-1008.93616676331,32.460000000000001,-0.060793491493559719
102.85871167770743,700.86054507022834,-1010.1273059845,32.479999999999997,-0.060824194095357026
102.8716848790642,700.55287326551195,-1014.75954055786,32.479999999999997,-0.060846265405057526
102.88465351901112,700.30655713363751,-1014.75954055786,32.140000000000001,-0.060833013719037626
102.89761877515309,700.1238316663588,-1013.33141326904,32.140000000000001,-0.060863735982057084
102.91058883795306,700.38339119801765,-1011.64436340332,32.140000000000001,-0.060910245196015247
102.9235607923728,700.48553866628913,-1013.8156414031999,32.140000000000001,-0.060994269118698589
102.93653846925304,700.79455153310903,-1013.8156414031999,32.210000000000001,-0.060974547846045571
102.94951139742346,700.53812120315024,-1012.43019104004,32.210000000000001,-0.060991819741376622
102.96248958756544,700.82226766662791,-1011.21926307678,32.439999999999998,-0.060957859580361241
102.97547213112334,701.05735212652519,-1009.77778434753,32.439999999999998,-0.060984998320257978
102.98844850829134,700.72436707180543,-1010.28370857239,32.299999999999997,-0.060964480249244835
103.00142833652595,700.91072466861397,-1010.28370857239,32.299999999999997,-0.06099611210286409
103.01441680432961,701.37726139842255,-1009.69648361206,32.259999999999998,-0.061084495649608862
103.02741130089628,701.70281459910484,-1007.6968669891399,32.189999999999998,-0.061261050610177135
103.04039900191106,701.33585479861813,-1006.37531280518,32.299999999999997,-0.061445310710966969
103.05337441153824,700.67211986779614,-1006.37531280518,32.299999999999997,-0.061548128724131915
103.06635485651599,700.94402879814118,-1006.83641433716,32.359999999999999,-0.061679032320892495
103.0793367243482,701.02086293946525,-1004.64081764221,32.359999999999999,-0.061787721805118483
103.09231890986419,701.03801786335873,-1005.86843490601,32.409999999999997,-0.061861441160135984
103.10530345990375,701.16570213686794,-1005.86843490601,32.409999999999997,-0.061966945519655987
103.11829455921237,701.51936266524967,-1007.01856613159,32.090000000000003,-0.062001718001257908
103.1312884711148,701.67124273135744,-1004.7128200531,32.090000000000003,-0.062136365514732679
103.14427705585184,701.38357580055117,-1006.14190101624,32.119999999999997,-0.06222226760482652
103.15726113816048,701.14044466575342,-1005.85627555847,32.119999999999997,-0.062304673094372424
103.1702448179321,701.11870766746324,-1005.85627555847,32.079999999999998,-0.062404697139048768
103.18322563957769,700.96436886200729,-1004.13537025452,32.079999999999998,-0.062408572475671734
103.1962016535297,700.70475340856376,-1003.35669517517,32.479999999999997,-0.062402359519599201
103.20916911794076,700.24307819719502,-1003.73554229736,32.479999999999997,-0.062449790743688866
103.22214103303827,700.48341526528873,-1003.69191169739,32.549999999999997,-0.062423720955244573
103.23510776377402,700.20345973149108,-1000.45442581177,32.549999999999997,-0.062458767658978682
103.24806669830495,699.78246466983853,-1000.78511238098,32.57,-0.062479228815874137
103.26102186511731,699.57900786756932,-1000.90765953064,32.57,-0.062468848707235729
103.27398447733827,699.98105993168394,-1000.71263313293,32.159999999999997,-0.062518719998222352
103.28694824543214,700.04347706869817,-1000.8647441864,32.159999999999997,-0.06254585873710132
103.29991235811727,700.0620849971923,-1000.8647441864,32.140000000000001,-0.062650455576180958
103.31287848452719,700.1708261357636,-1000.71740150452,32.140000000000001,-0.062795036161104989
103.32584578647409,700.23430513266203,-1000.88047981262,32.119999999999997,-0.062963088146078094
103.33880936002589,700.03297179734511,-1001.10149383545,32.119999999999997,-0.063200921026783513
103.35177247826425,700.00838487102237,-1001.04808807373,32.549999999999997,-0.063347187307215405
103.36473114685063,699.76810366425718,-1001.04808807373,32.549999999999997,-0.063473916508600098
103.37769415540004,700.00246166857005,-1000.23221969604,32.57,-0.063575900470000474
103.39065349246908,699.80420172858476,-999.33052062988304,32.57,-0.063584861863063891
103.40360676248892,699.47658107067059,-999.45330619812,32.57,-0.063636287425883814
103.41655146951481,699.0141793982217,-999.45330619812,32.57,-0.063646460572724883
103.42950297312592,699.381194999581,-999.35364723205601,32.159999999999997,-0.063649935440873454
103.44245446845923,699.38074799903188,-997.85590171813999,32.159999999999997,-0.063638733700103964
103.45540387969882,699.26820693809668,-996.76060676574696,32.189999999999998,-0.063598374318741907
103.46836087190501,699.67757913359162,-996.76060676574696,32.189999999999998,-0.06351262227592061
103.4813246596605,700.04453879667835,-993.75677108764603,32.57,-0.063497871160397235
103.4942806325852,699.62253793432615,-995.86105346679699,32.170000000000002,-0.063439263030123247
103.50723226554688,699.38817993001339,-997.67541885375999,32.509999999999998,-0.063305739312771628
103.52017985656917,699.16991520405372,-999.12953376769997,32.509999999999998,-0.06313975900412519
103.53313043092713,699.33101532974763,-999.12953376769997,32.210000000000001,-0.063053707902042067
103.54608353848269,699.46780800064175,-997.72620201110794,32.420000000000002,-0.063013524437617444
103.55903094841358,699.16013626737322,-994.118690490723,32.240000000000002,-0.063058503178535327
103.57198403009998,699.46641106621769,-993.60537528991699,32.399999999999999,-0.063062634111860499
103.58494468654199,699.87544786840454,-993.96038055419899,32.229999999999997,-0.063017342859919168
103.5979016197642,699.67439399911484,-995.18871307373001,32.229999999999997,-0.062918623702073531
103.61085425958892,699.44255053502297,-995.93520164489701,32.210000000000001,-0.062813850947888467
103.62381047258759,699.63550192853938,-995.93520164489701,32.210000000000001,-0.062742826217522862
103.63677700153697,700.19256326595769,-994.76003646850597,32.390000000000001,-0.062690331703962932
103.64974171854571,700.0947184720078,-994.93861198425304,32.240000000000002,-0.062584057449606073
103.66270238119758,699.87578320125647,-994.93861198425304,32.380000000000003,-0.062481775466466258
103.67566152372345,699.79369639677577,-993.88456344604504,32.380000000000003,-0.06235157036144616
103.68861615140371,699.54989473367436,-994.15683746337902,32.350000000000001,-0.062190279777624202
103.70156471100128,699.22221826939165,-993.72363090515103,32.350000000000001,-0.062018646341214484
103.71450683929878,698.87492806492321,-995.00727653503395,32.369999999999997,-0.061880395643700174
103.72745178122467,699.02686399785557,-995.00727653503395,32.369999999999997,-0.061729368235550988
103.74040390778765,699.41483440150409,-995.58925628662098,32.229999999999997,-0.061643276777572302
103.75335676181597,699.45411752886014,-996.49596214294399,32.229999999999997,-0.061567049058920152
103.76630922572467,699.43305106986577,-993.64662170410202,32.210000000000001,-0.061569724024589011
103.77926225567043,699.46361707096139,-994.15469169616699,32.210000000000001,-0.061567684428303765
103.79222102152845,699.77335633290966,-994.15469169616699,32.390000000000001,-0.061556377137392163
103.80517811100495,699.68283173079601,-997.79033660888695,32.210000000000001,-0.061449097054855725
103.8181317711457,699.49764760111316,-997.79033660888695,32.469999999999999,-0.061444586349663377
103.83109219268772,699.86276326877055,-997.49994277954102,32.469999999999999,-0.061468629993685832
103.84405655269013,700.07544013062591,-997.64466285705601,32.479999999999997,-0.061568947923039637
103.85701151150745,699.56777613513611,-997.83992767333996,32.479999999999997,-0.061677047568361947
103.86995868757403,699.14750759501999,-997.83992767333996,32.530000000000001,-0.061705783009912765
103.88290779975549,699.25205779841497,-996.21105194091797,32.530000000000001,-0.061704268057368665
103.89586045924193,699.44361226849935,-996.21105194091797,32.189999999999998,-0.06173027265380554
103.90881465747901,699.52670480223139,-997.54071235656704,32.189999999999998,-0.061674416063929594
103.92177418391726,699.81442766581438,-998.43811988830601,32.240000000000002,-0.061674849647219768
103.93474033619756,700.17222313613968,-998.01254272460903,32.240000000000002,-0.061599598782555609
103.94771732493463,700.75739180125743,-997.85876274108898,32.210000000000001,-0.061615483007578686
103.96069638534567,700.86926219648876,-998.98004531860295,32.210000000000001,-0.061613657614577683
103.9736699178395,700.5707546669737,-998.98004531860295,32.450000000000003,-0.061638993727425824
103.98664435992598,700.61987266928293,-997.455835342407,32.450000000000003,-0.061717039593928082
103.99961851640738,700.60444999617744,-997.20740318298294,32.380000000000003,-0.061770324698321402
104.01258633161602,700.26202126618102,-1001.22404098511,32.380000000000003,-0.061735461154945395
104.02554907318653,699.98804480715626,-1002.95567512512,32.390000000000001,-0.061810775142475322
104.03851423826549,700.11891426460625,-1002.95567512512,32.390000000000001,-0.06191826839443762
104.05147921500983,700.10874419420122,-1000.92387199402,32.229999999999997,-0.062058765648813193
104.06444013739629,699.88980886848969,-1002.83575057983,32.229999999999997,-0.062195208544185664
104.07739958518884,699.81018079786156,-1002.83575057983,32.25,-0.062311736658803185
104.09036884291358,700.33991713548539,-1001.40881538391,32.25,-0.062478894574486882
104.10334434360243,700.67703719810072,-998.21305274963402,32.259999999999998,-0.062648523598365244
104.1163210922642,700.74442773559633,-999.672889709473,32.259999999999998,-0.06270339505514215
104.12929800235555,700.75314493330461,-1000.0751018524199,32.259999999999998,-0.062673351623455248
104.14227744047045,700.88965820412352,-1000.0751018524199,32.259999999999998,-0.062626390200369808
104.15525560474194,700.82087066075587,-1000.4310607910199,32.210000000000001,-0.062631044742865294
104.16822756537155,700.48587399914106,-995.872020721436,32.210000000000001,-0.062635865890448325
104.18119447719752,700.21323860221969,-995.872020721436,32.159999999999997,-0.06275717582949214
104.19416494357039,700.4051841345804,-997.30467796325695,32.159999999999997,-0.062885225439323275
104.20713374701603,700.3153860649951,-996.13761901855503,32.399999999999999,-0.063088306535949989
104.22009107035917,699.69546052955729,-997.47037887573197,32.399999999999999,-0.063257695486064996
104.23304104660126,699.29871707236794,-998.931884765625,32.420000000000002,-0.0633550290432532
104.24599384889014,699.45132359955608,-998.931884765625,32.420000000000002,-0.063381427899009274
104.25895505688277,699.90523160205134,-1000.31614303589,32.380000000000003,-0.06345889634573243
104.27191343986296,699.75268093069576,-999.70269203186001,32.380000000000003,-0.063564133725930255
104.28487290731725,699.81124253133771,-999.70269203186001,32.140000000000001,-0.063731224379141777
104.29784256757898,700.36165413377557,-999.106407165527,32.140000000000001,-0.063822425693880594
104.31081228682591,700.36483933420413,-1000.4723072052,32.399999999999999,-0.063881834761815789
104.32377423573695,699.94524119598373,-1000.1745223999,32.140000000000001,-0.063954260613945671
104.33672983820246,699.60253313735996,-1000.1745223999,32.090000000000003,-0.064046156282345224
104.34969040979134,699.8708657995038,-998.31175804138195,32.090000000000003,-0.064100357186289966
104.36265215795065,699.93440060277089,-996.412754058838,32.469999999999999,-0.064159422698545354
104.37561231975798,699.84873759604113,-997.73573875427201,32.469999999999999,-0.064111038421906949
104.388568663142,699.64254273678841,-997.17164039611805,32.520000000000003,-0.064103092169890769
104.4015316644482,700.00207053484564,-996.60015106201195,32.520000000000003,-0.064090739729169524
104.41449790158153,700.17680519954445,-996.31834030151401,32.490000000000002,-0.064016328088411609
104.42745964249751,699.93400946355041,-995.67103385925304,32.490000000000002,-0.063938509879397906
104.44042241718151,699.98983293576089,-995.67103385925304,32.090000000000003,-0.063905981885413812
104.45339531223824,700.53633306355357,-994.70019340515103,32.090000000000003,-0.063978289771126767
104.46637166457033,700.72302593275788,-993.83592605590798,32.100000000000001,-0.064153799579239168
104.47935112131115,700.89066400482307,-993.19100379943802,32.100000000000001,-0.064217414085069285
104.49232855811734,700.78158753339983,-995.20802497863804,32.140000000000001,-0.064285630360206722
104.50530884063092,700.93525573360819,-997.025966644287,32.140000000000001,-0.064279495013841295
104.51828301573836,700.60545580237294,-997.025966644287,32.560000000000002,-0.064285943905292103
104.5312504811839,700.24313405852365,-994.270801544189,32.560000000000002,-0.064243019247806149
104.54421528201109,700.09924466858786,-994.64964866638195,32.549999999999997,-0.064143785792029423
104.55717782903831,699.97753946985131,-994.64964866638195,32.549999999999997,-0.063979098986168825
104.57013635482227,699.76039233320046,-995.08523941040005,32.560000000000002,-0.063804020691187166
104.5830947243506,699.75195453007154,-995.38826942443802,32.560000000000002,-0.063628283225484444
104.59605311353944,699.75301619759568,-992.95401573181096,32.189999999999998,-0.063476537663354843
104.60902088942593,700.25989787067647,-992.95401573181096,32.189999999999998,-0.063352116072860856
104.62199236266297,700.45955480004613,-993.71170997619595,32.170000000000002,-0.063296100123862484
104.63496062594204,700.2862170697714,-993.91651153564396,32.170000000000002,-0.063202089320037111
104.64793196982842,700.45256986411766,-991.97745323181096,32.210000000000001,-0.063124151072309731
104.66090789892587,700.70017126271898,-990.65065383911099,32.210000000000001,-0.062999919883762523
104.673878573295,700.41641593296572,-990.30470848083496,32.520000000000003,-0.062859705130935542
104.68684355624819,700.10907947209296,-992.15173721313499,32.520000000000003,-0.062766353495083235
104.69980656376293,700.00240579624949,-992.15173721313499,32.189999999999998,-0.062705308404881643
104.71277593841971,700.34623146616593,-990.60773849487305,32.530000000000001,-0.062738053706676677
104.72574799631975,700.49112660184142,-990.35692214965798,32.560000000000002,-0.062845315162663576
104.73872178234195,700.58444519921125,-990.66996574401901,32.560000000000002,-0.062923543154851325
104.75169417758759,700.50934326470713,-989.493370056152,32.189999999999998,-0.063004822780455536
104.76466913293579,700.64758880280192,-989.493370056152,32.189999999999998,-0.06296712491167758
104.77764381509623,700.63283666349616,-990.792274475098,32.240000000000002,-0.062853716727112402
104.79061411279751,700.3960758690996,-993.14880371093705,32.240000000000002,-0.062777833598507332
104.803584006926,700.37428293803282,-993.14880371093705,32.240000000000002,-0.062735074509909658
104.81655902022339,700.65071805946184,-991.73617362976097,32.240000000000002,-0.06282475570026802
104.82952894022092,700.37567986696092,-987.96820640563999,32.479999999999997,-0.062922754634889805
104.84249270210614,700.04314180179824,-988.66701126098599,32.479999999999997,-0.062994395071075987
104.85545565167281,699.9992766000455,-988.66701126098599,32.460000000000001,-0.062993557916718498
104.86841565204934,699.84002033238085,-988.25693130493198,32.460000000000001,-0.062926404384285442
104.8813726701259,699.67897613396769,-988.04688453674305,32.399999999999999,-0.06285090413380448
104.89432679178763,699.52256973387978,-985.72659492492699,32.399999999999999,-0.062783655399583804
104.90728881210126,699.9490969357081,-987.68258094787598,32.240000000000002,-0.062783733010206927
104.92025573737898,700.21396499734794,-987.68258094787598,32.240000000000002,-0.062830289824906224
104.93321801121854,699.96278733604163,-988.81220817565895,32.210000000000001,-0.062785693961501784
104.94617673154568,699.77089766500956,-988.94572257995605,32.210000000000001,-0.062727151024558336
104.95914405315308,700.2353668001864,-988.94572257995605,32.229999999999997,-0.062650974011988256
104.97211754735935,700.56868713829385,-989.38226699829102,32.229999999999997,-0.062671997066232846
104.98509122886547,700.57880133088224,-989.64929580688499,32.240000000000002,-0.062699577666393475
104.99806178630246,700.41010159678899,-989.19248580932594,32.240000000000002,-0.062761166029430202
105.01103493488512,700.5500234638871,-988.62981796264603,32.170000000000002,-0.062887120164039897
105.02400412120747,700.33606140675295,-988.23356628418003,32.170000000000002,-0.063004166715380727
105.03696125000742,699.68495519774842,-988.23356628418003,32.119999999999997,-0.063074203208324145
105.0499029954272,698.85425266820528,-988.62171173095703,32.119999999999997,-0.063004468877133679
105.06284787112601,699.02328773515046,-989.97759819030796,32.329999999999998,-0.06286795975396163
105.07579832234326,699.32436573216705,-990.69166183471702,32.329999999999998,-0.06285906665814478
105.08874770046906,699.26641879300428,-991.158008575439,32.119999999999997,-0.062906097413047618
105.10170051517534,699.45199413885166,-991.90735816955601,32.390000000000001,-0.063036192828217416
105.11466332814823,699.99190053588859,-992.87033081054699,32.43,-0.063177711434118516
105.12762233511478,699.78637619394749,-992.87033081054699,32.43,-0.063214841195679702
105.14057089471115,699.22221820343952,-992.43998527526901,32.079999999999998,-0.063169103943053834
105.15351356938518,698.90443239849469,-993.24250221252396,32.079999999999998,-0.063075823709076564
105.16645543691241,698.86084647040911,-992.96617507934604,32.100000000000001,-0.062961033028380659
105.17939603266672,698.79217073213897,-992.96617507934604,32.100000000000001,-0.062988133480607486
105.192330437195,698.45784452737973,-993.53623390197697,32.090000000000003,-0.06305749010693508
105.20526438641116,698.43325767250485,-995.932579040527,32.090000000000003,-0.063198811064110058
105.21820461687891,698.77244525830395,-996.08087539672795,32.439999999999998,-0.063346413273891677
105.231146453363,698.8591701414058,-996.08087539672795,32.439999999999998,-0.063495621498907487
105.24408824431357,698.85671133060953,-994.96054649353005,32.369999999999997,-0.063614525521458729
105.25703549178141,699.15136326329628,-994.08793449401901,32.369999999999997,-0.063711728693308989
105.2699930551976,699.70842447430653,-994.08793449401901,32.350000000000001,-0.063711288901576069
105.28295322424815,699.84912872976577,-994.34208869934105,32.350000000000001,-0.063648746452030447
105.29591043790134,699.68953727214523,-995.12195587158203,32.119999999999997,-0.063558438171297749
105.30886651430745,699.62812593033459,-994.84658241271995,32.119999999999997,-0.063447043713352927
105.32182503284686,699.76000112802808,-994.84658241271995,32.159999999999997,-0.063349155501829166
105.33478064152102,699.60286840425988,-996.57177925109897,32.159999999999997,-0.063340474540969111
105.34773181296049,699.36325773129454,-996.57177925109897,32.170000000000002,-0.063333139857406198
105.36068314065557,699.37169553442368,-994.82440948486305,32.170000000000002,-0.063455797110557072
105.37363405856799,699.34956727050508,-995.597362518311,32.329999999999998,-0.063588521959898017
105.38658445080117,699.32118059219431,-994.72594261169399,32.329999999999998,-0.063576468576097681
105.39952827514081,698.96651434005719,-994.72594261169399,32.359999999999999,-0.063450139843798034
105.41247330088646,699.03139026588372,-996.20246887206997,32.359999999999999,-0.063236331981379748
105.42542805170874,699.5565444027028,-999.16005134582497,32.119999999999997,-0.063069632483673171
105.43839251519145,700.08102806617831,-998.873472213745,32.359999999999999,-0.063121438854355991
105.45135762128523,700.11572906417757,-998.13127517700195,32.119999999999997,-0.063235411006124412
105.46433067984078,700.54516200040712,-999.89271163940396,32.119999999999997,-0.063410057789705543
105.47730567347656,700.64965633148165,-999.528408050537,32.119999999999997,-0.063520506437504509
105.4902703584074,700.09298626518796,-999.528408050537,32.119999999999997,-0.063476729103332907
105.50322431036176,699.51340553562238,-999.61090087890602,32.119999999999997,-0.063209905185697565
105.51617453909633,699.31235166633292,-1000.5962848663301,32.119999999999997,-0.062886049143242237
105.52913003083709,699.59655400213114,-1001.50346755981,32.5,-0.062611880193994829
105.54208760770618,699.70915092989094,-1001.50346755981,32.5,-0.062486647317078023
105.55504179352718,699.52603433438367,-1002.66242027283,32.509999999999998,-0.062450727241068829
105.56799915619133,699.6975838646058,-1002.26545333862,32.509999999999998,-0.062513370066273985
105.5809682845654,700.33293219955704,-999.73297119140602,32.520000000000003,-0.062512090015351546
105.59393632122227,700.27397947068653,-999.73297119140602,32.520000000000003,-0.062427659415242191
105.60690446135922,700.279567395247,-1000.08869171143,32.119999999999997,-0.062249371161172934
105.61987812941237,700.57807486980198,-1005.67889213562,32.119999999999997,-0.062107623864332016
105.63285869132348,700.9503432002698,-1007.2007179260301,32.140000000000001,-0.062100929725347725
105.64583656999012,700.80544799864242,-1006.69956207275,32.140000000000001,-0.062258855129039399
105.65880591256789,700.34449919889016,-1006.69956207275,32.159999999999997,-0.062497176436789703
105.67177090793835,700.10975000589281,-1005.83028793335,32.159999999999997,-0.062709776684324328
105.68473741101725,700.19116626008577,-1005.83028793335,32.539999999999999,-0.062758342052179186
105.69769777564565,699.8596899338952,-1006.96659088135,32.539999999999999,-0.062718374861605336
105.7106612446827,700.02732800046442,-1005.90682029724,32.539999999999999,-0.062658545664686052
105.72363411490241,700.53499186405031,-1003.80849838257,32.539999999999999,-0.062762679945367925
105.73661711273949,701.08188320251145,-1003.80849838257,32.5,-0.062923293767406088
105.74960184490494,701.17553693487707,-1004.09960746765,32.5,-0.063088324126809162
105.76258492035184,701.0860741321917,-1004.09960746765,32.229999999999997,-0.063163184870742753
105.77556643738515,701.00191979903138,-1004.00876998901,32.229999999999997,-0.063079326517151244
105.78855357960742,701.30568000269466,-1000.86903572083,32.280000000000001,-0.062909395330298601
105.8015422616149,701.38882840325152,-998.35753440856899,32.280000000000001,-0.062837228177870963
105.81452984569754,701.32954046244129,-999.49669837951706,32.310000000000002,-0.062794389409406737
105.82752033447278,701.48639386307843,-1000.25773048401,32.310000000000002,-0.062842465316663668
105.84051338852221,701.62491866934442,-1002.63953208923,32.159999999999997,-0.062959994085181742
105.85349299530991,700.89876653555632,-1002.63953208923,32.159999999999997,-0.063005821364807327
105.86646309122469,700.38517939807025,-1002.09760665894,32.119999999999997,-0.062963431700638339
105.87943573378894,700.52269846958882,-1004.40120697021,32.119999999999997,-0.06291411713587694
105.89240701765677,700.4493288628164,-1004.40120697021,32.119999999999997,-0.062883476622679901
105.90537846502353,700.45815780516602,-1005.45930862427,32.119999999999997,-0.063082579937475347
105.91834821013951,700.36623626313224,-1006.33835792542,32.560000000000002,-0.063378719819440626
105.93132228176657,700.5998678613247,-1004.54521179199,32.560000000000002,-0.063615399930543756
105.94429623025192,700.59321820878415,-1006.17909431458,32.560000000000002,-0.063769562790869913
105.95726360980863,700.23849606234228,-1006.17909431458,32.560000000000002,-0.063790589984517365
105.97022403238522,699.86281913559526,-1006.5004825592,32.549999999999997,-0.063633753193093168
105.98318948306925,700.13433693771174,-1000.70381164551,32.549999999999997,-0.063544389687121269
105.99615490167527,700.13260472539571,-1000.95081329346,32.240000000000002,-0.063580219737250324
106.00911733176912,699.97122506772268,-1000.95081329346,32.240000000000002,-0.063684223633001358
106.02207577270005,699.75581026979569,-1001.43909454346,32.229999999999997,-0.063871913071968725
106.03503545435802,699.82280953067084,-1000.99515914917,32.229999999999997,-0.063988675052924646
106.04799333028524,699.72530006957277,-1000.99515914917,32.329999999999998,-0.064009586349195069
106.06094639230992,699.46534933274131,-998.28863143920898,32.280000000000001,-0.063913366239775518
106.07390133146662,699.5667144621159,-999.764442443848,32.189999999999998,-0.063837379631594901
106.0868696340666,700.28834039932394,-999.81307983398403,32.189999999999998,-0.063885900501505097
106.09984572666421,700.70900027102061,-999.01866912841797,32.090000000000003,-0.064147819454119986
106.11281808983084,700.50761099743113,-1000.03790855408,32.090000000000003,-0.064462586822802426
106.12578417070988,700.16836746786328,-1000.03790855408,32.479999999999997,-0.064673925645760605
106.13875038093957,700.17535240379163,-1000.28014183044,32.119999999999997,-0.064668470165502132
106.15171164791607,699.90841673103193,-1001.09434127808,32.539999999999999,-0.064567546876952028
106.16466346921237,699.39835000041853,-1001.15513801575,32.539999999999999,-0.064396325292349121
106.17761911720866,699.60499179976432,-999.36747550964401,32.549999999999997,-0.06430369698261891
106.1905784221988,699.80246946680484,-1000.17714500427,32.549999999999997,-0.064371131980706611
106.20353630433455,699.72563533097662,-999.59158897399902,32.409999999999997,-0.064473940679477232
106.21648676176046,699.32470099906686,-999.59158897399902,32.409999999999997,-0.064542837854376423
106.22943081893094,698.97908720604175,-999.32146072387695,32.229999999999997,-0.064556803554872103
106.24238147710746,699.33554153182365,-1000.03671646118,32.229999999999997,-0.064468405519352207
106.25533668945192,699.58146660142165,-1000.03671646118,32.299999999999997,-0.064408282437857234
106.26829384412217,699.68635219262865,-999.503135681152,32.299999999999997,-0.064415061432106652
106.2812479657839,699.52256973387978,-999.77660179138195,32.43,-0.064518384427892372
106.29421208467778,700.06242026958807,-997.67494201660202,32.43,-0.064653749060674948
106.30716949287405,699.70004259845803,-997.67494201660202,32.119999999999997,-0.064810901466020837
106.32011650026671,699.13839920313103,-999.22633171081497,32.119999999999997,-0.064764114924589555
106.33306296128393,699.10889493001559,-999.32360649108898,32.539999999999999,-0.064513604673829064
106.34601637410617,699.48429240172743,-999.02915954589798,32.140000000000001,-0.064291839177079937
106.35897150159752,699.57688453252081,-997.611045837402,32.159999999999997,-0.06420472533341201
106.37192853933459,699.68003780149195,-998.56424331665005,32.159999999999997,-0.064256984947487605
106.38488685712217,699.7491605293194,-998.56424331665005,32.549999999999997,-0.064455615356039692
106.39784849455808,699.92842153899016,-996.04964256286598,32.549999999999997,-0.064563520460012361
106.41080768261483,699.79615506467599,-995.22042274475098,32.509999999999998,-0.064551042805789507
106.42376203089999,699.53480739891666,-995.22042274475098,32.509999999999998,-0.064367344602959481
106.43671758783339,699.60007440350785,-998.63171577453602,32.369999999999997,-0.064019480098301801
106.4496810703223,700.02805440108864,-998.20137023925804,32.369999999999997,-0.063693036014177293
106.46264329863077,699.96032865714938,-998.16179275512695,32.210000000000001,-0.063608580578668542
106.47559547072464,699.41729306940442,-998.41451644897495,32.210000000000001,-0.063649352846510021
106.48854380266545,699.20992480348218,-998.41451644897495,32.280000000000001,-0.06377957554340706
106.5014929934926,699.25630466636778,-996.48761749267601,32.280000000000001,-0.063811834487502425
106.51443338021606,698.78088306692905,-996.81067466735794,32.119999999999997,-0.063722636550011688
106.52737288425305,698.73321799777261,-996.165990829468,32.399999999999999,-0.063528033592970101
106.54032128863092,699.21383640453507,-996.05107307434105,32.140000000000001,-0.063358424231840557
106.55327909936551,699.72177966819618,-997.56574630737305,32.140000000000001,-0.063168716927460636
106.56623938534811,699.85544306044631,-998.31128120422397,32.119999999999997,-0.063040158193061413
106.5792013735815,699.94736460248009,-998.31128120422397,32.119999999999997,-0.0629891579344206
106.5921648943592,700.03012199572049,-998.44574928283703,32.140000000000001,-0.063029208945078075
106.60513260608764,700.2564333361247,-997.37954139709495,32.140000000000001,-0.063026260791542527
106.61810113634451,700.30063387072937,-997.37954139709495,32.560000000000002,-0.062867557215429595
106.63105990841107,699.7736915943135,-999.61304664611805,32.560000000000002,-0.062629106557013953
106.64402393727653,700.05755873466023,-998.31366539001499,32.439999999999998,-0.062431619605501837
106.65698964769625,700.14836266540112,-999.70507621765103,32.439999999999998,-0.062326674038193593
106.66994916689008,699.81403646613785,-999.70507621765103,32.259999999999998,-0.062262894998962037
106.68290104613578,699.40147926807049,-1000.82159042358,32.240000000000002,-0.06212651626072082
106.69585620673949,699.57867260066939,-1000.12683868408,32.329999999999998,-0.062081847960361626
106.70882026044076,700.0588998682116,-999.31383132934604,32.329999999999998,-0.062059483801674045
106.72178686182596,700.1964748010588,-997.94101715087902,32.469999999999999,-0.062067327606853497
106.73475173405433,700.1031003313683,-998.29483032226597,32.469999999999999,-0.062068161657294944
106.7477222004284,700.4051842005324,-998.29483032226597,32.5,-0.062082804118353069
106.76069332286674,700.44061167060408,-999.78423118591297,32.5,-0.062138084321697644
106.77365820130498,700.10343566422011,-1002.7003288269,32.119999999999997,-0.062168931794860029
106.78661779190118,699.8178921948703,-1002.7003288269,32.119999999999997,-0.062080749000146755
106.79957748080257,699.82320067538728,-1005.11503219604,32.159999999999997,-0.06199065285345487
106.81254254136668,700.11327046222925,-1002.925157547,32.159999999999997,-0.062040877010648081
106.82549941767407,699.67132059828759,-1003.50642204285,32.119999999999997,-0.062307551917006584
106.83845165392589,699.42075759846023,-1003.50642204285,32.119999999999997,-0.062652232331834437
106.85140591114816,699.52989000266018,-1004.49657440186,32.549999999999997,-0.06289147771906145
106.86436161088388,699.60778572906838,-1005.9609413147,32.549999999999997,-0.06302378761186532
106.87731017772468,699.22260940311605,-1006.32548332214,32.530000000000001,-0.062964646558637358
106.89026240776796,699.42042233705638,-1005.09595870972,32.530000000000001,-0.062913359659961102
106.90323226981721,700.3725506597649,-1004.10890579224,32.369999999999997,-0.062896803849163477
106.91620705545805,700.63842460454441,-1002.8338432312,32.369999999999997,-0.062907048397981363
106.92917423426303,700.22765546912967,-1004.88567352295,32.25,-0.062988140723926375
106.94213194772587,699.71652699404785,-1004.88567352295,32.25,-0.062999166547860225
106.9550913965531,699.81023667018212,-1004.5790672302199,32.25,-0.062981166152026272
106.96804827803578,699.67160006431482,-1002.62689590454,32.329999999999998,-0.062908714430638613
106.98100074194315,699.43305099841768,-1004.43744659424,32.399999999999999,-0.062761353328071617
106.99395377188891,699.46361707096139,-1004.43744659424,32.399999999999999,-0.062685301526865786
107.00691201827655,699.74530493249097,-1007.68065452576,32.119999999999997,-0.062750336817514324
107.01987099833836,699.78492333773897,-1007.45105743408,32.119999999999997,-0.062918784097293456
107.03282259197657,699.38605646306087,-1007.45105743408,32.100000000000001,-0.063128292352462714
107.04576689646423,698.9924423339794,-1006.27136230469,32.100000000000001,-0.063288937218139468
107.05871885435431,699.40572606457522,-1007.1806907653799,32.119999999999997,-0.063350533859269462
107.07167437196669,699.59795106845934,-1009.5353126525901,32.119999999999997,-0.063391298883588493
107.08463146144319,699.68283173079601,-1010.0359916687,32.450000000000003,-0.063435647429096451
107.0975941905963,699.98737426786045,-1007.73096084595,32.450000000000003,-0.06363340860426743
107.11056355904321,700.34589613331423,-1007.73096084595,32.5,-0.063943085777106556
107.12352516957407,699.92696866629342,-1007.08746910095,32.5,-0.064183984778985778
107.13647780319005,699.4422152626272,-1006.4861774444601,32.600000000000001,-0.06423703705191687
107.14942663597529,699.23697040320144,-1006.4861774444601,32.600000000000001,-0.06408126714219281
107.16237956761483,699.45830853548432,-1005.16247749329,32.140000000000001,-0.06393881618075728
107.17533930825678,699.82599466514762,-1006.80184364319,32.140000000000001,-0.063851873079645974
107.18830275142345,700.02593100008824,-1006.42085075378,32.170000000000002,-0.063852619172331149
107.20126567511984,699.99787960516539,-1006.42085075378,32.170000000000002,-0.064004474422784383
107.21423646642101,700.42273026364626,-1005.57398796082,32.57,-0.064207364079941931
107.22720536713831,700.32063873364757,-1004.42481040955,32.170000000000002,-0.06422329073122357
107.24017532645799,700.37780326246548,-1005.5079460144,32.590000000000003,-0.064119744216945065
107.25314548653091,700.38864393811809,-1007.75074958801,32.590000000000003,-0.06398261938683289
107.26612607431109,700.95174012919779,-1007.95531272888,32.579999999999998,-0.063926833163955823
107.27910341384562,700.77633486474735,-1005.6049823761,32.579999999999998,-0.064069383467599619
107.29207763448396,700.60791447027327,-1008.01181793213,32.539999999999999,-0.064226752146898075
107.3050433521469,700.14875379912553,-1008.01181793213,32.539999999999999,-0.064362206806883912
107.31800615890992,699.99156520303677,-1008.42261314392,32.210000000000001,-0.064445213517851693
107.33096432044321,699.74072279763823,-1005.6977272033701,32.210000000000001,-0.064441935263145969
107.34392189731238,699.7091509353869,-1005.6977272033701,32.189999999999998,-0.064312846710319463
107.35688678299383,700.10382679794452,-1005.69200515747,32.189999999999998,-0.064196766663696128
107.36985796959011,700.44407619966,-1008.63170623779,32.229999999999997,-0.064163430490055032
107.38283545192718,700.78404620130016,-1007.32755661011,32.229999999999997,-0.064251641225101519
107.3958069582777,700.46134292865065,-1007.32755661011,32.369999999999997,-0.064374695841589405
107.40877796999254,700.43463260132717,-1007.5695514679001,32.369999999999997,-0.06442433326542342
107.42175229411117,700.61350240582567,-1007.33590126038,32.299999999999997,-0.064319368037096578
107.43472584626785,700.57181646090589,-1005.21278381348,32.299999999999997,-0.06418513237573395
107.447701100674,700.66373793149171,-1005.21278381348,32.189999999999998,-0.06411370303891599
107.46068170087166,700.95241067398968,-1002.95257568359,32.189999999999998,-0.064151555091621348
107.47367254665312,701.50567219896413,-1003.22580337524,32.310000000000002,-0.064288668541047311
107.48665272465185,700.92961193123119,-1005.74421882629,32.310000000000002,-0.064335150850769754
107.49962246355929,700.36590100172839,-1005.74421882629,32.359999999999999,-0.064253679787223045
107.51259275401603,700.39568466392711,-1005.51390647888,32.359999999999999,-0.064075697833902504
107.52556934642351,700.73599000391516,-1005.11980056763,32.119999999999997,-0.063809218506416021
107.5385538385148,701.16257292967214,-1003.41796875,32.380000000000003,-0.063641163416712665
107.55153638724688,701.05763153209637,-1003.09777259827,32.100000000000001,-0.063544841896859217
107.56452262091109,701.25661786721025,-1004.05287742615,32.100000000000001,-0.063543903330032278
107.57750906774564,701.26812906567056,-1003.65519523621,32.119999999999997,-0.063614759386575792
107.59048783634319,700.8535042674755,-1002.87389755249,32.119999999999997,-0.063565535885115126
107.60346010223816,700.50235832877866,-1002.50482559204,32.170000000000002,-0.063435043104063865
107.61643453811608,700.61953740787908,-1002.64263153076,32.170000000000002,-0.063278305654033709
107.62940950588279,700.64825940255355,-1002.64263153076,32.600000000000001,-0.063156801172724264
107.64238637044204,700.75068619945228,-1001.6508102417,32.600000000000001,-0.063185720807982682
107.65535697340981,700.41256025919336,-1000.49996376038,32.579999999999998,-0.063281804322705526
107.66832818691104,700.44552906686079,-1000.49996376038,32.579999999999998,-0.063488552759994141
107.68129853531728,700.39881393707526,-1000.27251243591,32.530000000000001,-0.063681527972251975
107.69426732530995,700.31465960391472,-998.98409843444801,32.530000000000001,-0.063749982250891554
107.70723397843591,700.19926880181083,-999.13406372070301,32.159999999999997,-0.063735498115911698
107.72021334411365,700.88574659757444,-999.13406372070301,32.159999999999997,-0.06366264799356286
107.73319936357406,701.24505086238105,-1000.17404556274,32.600000000000001,-0.063617741687971296
107.74617781966059,700.83662867220926,-998.49891662597702,32.189999999999998,-0.063795187613505819
107.75914514851233,700.23575799436674,-996.01721763610794,32.210000000000001,-0.064039625641275549
107.77210580495556,699.87544793435643,-996.49381637573197,32.210000000000001,-0.064204217245450307
107.78505706021359,699.36778393337067,-998.49534034729004,32.390000000000001,-0.064172742681506495
107.79800441840493,699.15734233257297,-1000.2875328064,32.390000000000001,-0.064021868423833436
107.8109470661729,698.90297947083798,-997.85804748535202,32.350000000000001,-0.063884640111804808
107.82389836178886,699.36996326165172,-997.85804748535202,32.350000000000001,-0.063909532294840296
107.83685579585561,699.70143960433018,-996.70505523681595,32.409999999999997,-0.064080624530508085
107.84981281393084,699.67897606251961,-998.06833267211903,32.409999999999997,-0.064240320481715837
107.86275889828032,699.08855487164544,-998.06833267211903,32.25,-0.064384556479239019
107.87571105071225,699.41623132493623,-997.19452857971203,32.25,-0.064358421497260648
107.88866545177153,699.5376572005415,-995.76950073242199,32.189999999999998,-0.064256918719484468
107.90161875387038,699.47831333794659,-996.93322181701706,32.189999999999998,-0.064187257860328487
107.91457398587659,699.5825283348978,-996.93322181701706,32.229999999999997,-0.064251122789497767
107.92753703892221,700.00486446414982,-996.08850479125999,32.229999999999997,-0.064516011625096029
107.94049216020491,699.576549265621,-995.60976028442406,32.32,-0.064821248459843467
107.9534386543346,699.11068300366014,-996.71125411987305,32.32,-0.064992213413478675
107.96638051668766,698.86056706483794,-996.71125411987305,32.280000000000001,-0.065044049793534578
107.97933149979382,699.3530877323376,-997.25413322448696,32.280000000000001,-0.065018086590719226
107.99228630959996,699.5597295316835,-997.25413322448696,32.310000000000002,-0.065003326162837077
108.0052408265568,699.54391566989341,-997.97296524047795,32.310000000000002,-0.06496723430776663
108.01820072862834,699.8347118628559,-998.91638755798294,32.280000000000001,-0.064976760703316552
108.03116234743709,699.92741567233861,-998.50177764892601,32.280000000000001,-0.065075762361998329
108.04412159344446,699.79928439828018,-996.42920494079601,32.329999999999998,-0.065142300187389479
108.05707679337043,699.5807960016698,-993.71886253356899,32.329999999999998,-0.065102197436384443
108.07003160214322,699.5596737308108,-995.41521072387695,32.280000000000001,-0.064903117923130013
108.08299162839022,699.841417338253,-995.41521072387695,32.280000000000001,-0.064637925889070635
108.09595436375187,699.98770952926429,-997.38430976867699,32.159999999999997,-0.064495555642784919
108.10891099274195,699.65796546485399,-994.93646621704102,32.159999999999997,-0.064487643539850023
108.12186078685805,699.28888226886272,-994.81439590454102,32.210000000000001,-0.064623770820995463
108.13481093798281,699.30816073665255,-994.81439590454102,32.210000000000001,-0.064763859328701587
108.14775688677165,699.0812345973693,-995.591640472412,32.32,-0.064803185975612798
108.16070040480982,698.94997406115476,-996.91247940063499,32.240000000000002,-0.064744276718767355
108.17365443540989,699.51765240357531,-995.88084220886196,32.32,-0.064678697122748402
108.18662375108269,700.34304633168949,-995.88084220886196,32.32,-0.064674503066659256
108.19959541886169,700.470060065903,-995.60356140136696,32.170000000000002,-0.064764023860576364
108.21256778823827,700.50794633577902,-995.78619003295898,32.369999999999997,-0.064819209898230826
108.22553628020869,700.29856640250557,-995.52631378173805,32.450000000000003,-0.064966407501560089
108.23850473182098,700.29638706323249,-996.43659591674805,32.450000000000003,-0.06511532494591625
108.25147266396176,700.26833560235764,-997.94435501098599,32.119999999999997,-0.065207983262678654
108.26443413893341,699.91964846896121,-996.05941772460903,32.119999999999997,-0.065178597966327773
108.27739456875433,699.86321032977571,-996.05941772460903,32.140000000000001,-0.065068874714301436
108.29036153232104,700.21603260297184,-996.20795249938999,32.140000000000001,-0.064989405994958657
108.30332437219757,699.9933533316414,-996.50073051452603,32.159999999999997,-0.064954009527509127
108.31628098773457,699.65723899827765,-997.26891517639206,32.159999999999997,-0.064994782829514319
108.32924083806545,699.83191786759971,-997.26891517639206,32.57,-0.065047759562388827
108.34221034310747,700.353272268919,-996.50931358337402,32.57,-0.064984746276453925
108.35517851532344,700.28129966252288,-996.50931358337402,32.530000000000001,-0.064819146775365058
108.3681453567827,700.209438800768,-996.61993980407703,32.530000000000001,-0.064615755238586772
108.38111517950861,700.37042719830856,-997.23076820373501,32.43,-0.064441496505576776
108.39409001792475,700.64127447212127,-997.55740165710404,32.43,-0.064383313680703241
108.40705813219132,700.27817039487081,-998.268604278564,32.229999999999997,-0.064325782780280324
108.42002279021732,700.09153340348314,-1000.8151531219499,32.229999999999997,-0.064252725699187482
108.43299080721235,700.2729177317143,-1000.8151531219499,32.25,-0.064150924898348755
108.4459655090334,700.63389833651638,-1001.28698348999,32.25,-0.064044912448322611
108.45894070445678,700.66055286296694,-999.54533576965298,32.259999999999998,-0.063972669756652625
108.47190703886297,700.18205793414882,-999.60732460021995,32.259999999999998,-0.063954178864937469
108.48486749351848,699.86455139737518,-1000.35953521729,32.299999999999997,-0.063979848184398488
108.49782860527404,699.90003480022347,-1000.35953521729,32.299999999999997,-0.063983711103016414
108.51078130925681,699.44601506957497,-1000.52189826965,32.240000000000002,-0.063881852352674962
108.52373307260372,699.39522073276646,-1000.13208389282,32.240000000000002,-0.063778214776622363
108.5366958265913,699.98871532996395,-1000.13208389282,32.210000000000001,-0.06366058977021917
108.54967173706302,700.69916547301136,-1000.47159194946,32.210000000000001,-0.063622757377921751
108.56264710840243,700.67005232812437,-1001.23953819275,32.32,-0.063633587624306667
108.5756168793889,700.36763326900439,-1001.53803825378,32.32,-0.063704028725839787
108.58858884519137,700.48615333326416,-999.11856651306096,32.329999999999998,-0.063833913040318269
108.60155512164805,700.17892866100078,-999.11856651306096,32.329999999999998,-0.063866996723005193
108.61451464705195,699.81437180998171,-1000.60486793518,32.310000000000002,-0.063831135630866009
108.62747436182352,699.82459766477143,-1003.02886962891,32.310000000000002,-0.063681470022443898
108.64043984458637,700.13606919399558,-1003.02886962891,32.140000000000001,-0.063584511064268739
108.65340788745178,700.27431473209049,-1005.10239601135,32.140000000000001,-0.063595053635742069
108.66636975254436,699.94071499940355,-1005.53464889526,32.420000000000002,-0.063679549428265939
108.67932567993827,699.6200792719219,-999.68218803405796,32.140000000000001,-0.063820217425198139
108.69228274975437,699.68177006876772,-1000.09059906006,32.119999999999997,-0.063938558515320529
108.70525084435921,700.27710866139466,-1001.72710418701,32.119999999999997,-0.064099021255108218
108.71821943360126,700.30381907115805,-1001.72710418701,32.530000000000001,-0.064236006389253891
108.73118382464692,700.07711646512519,-1000.88238716125,32.530000000000001,-0.064308527442866054
108.74415472667282,700.42870939887507,-1000.24843215942,32.57,-0.064393845903822064
108.75712772003465,700.54164153857471,-1000.60725212097,32.57,-0.064522829941586188
108.77009082482104,700.00765846490197,-998.84366989135697,32.549999999999997,-0.064644607611983679
108.78305144918514,699.8737156615847,-996.63138389587402,32.549999999999997,-0.064813944822056449
108.79602055686168,700.33181453330417,-996.99139595031704,32.159999999999997,-0.064908281588565139
108.80899270582593,700.49604406954597,-996.99139595031704,32.159999999999997,-0.064921924430802427
108.82196395864941,700.44765246786119,-995.49078941345203,32.210000000000001,-0.064969120754389972
108.83493252719384,700.30270139940922,-995.40328979492199,32.210000000000001,-0.065101642781743546
108.84790254549871,700.38098846289404,-995.516538619995,32.229999999999997,-0.065275344790665657
108.86087192015549,700.34623146616593,-995.516538619995,32.229999999999997,-0.065441781448452918
108.8738339073543,699.9473087356555,-998.04258346557594,32.350000000000001,-0.065515083778198799
108.88679217961109,699.74670186691503,-999.02844429016102,32.350000000000001,-0.065558519627969603
108.89976071607772,700.30096919808511,-997.392177581787,32.170000000000002,-0.065656559955602226
108.91273100032592,700.39534940252327,-997.392177581787,32.170000000000002,-0.065765484339821434
108.92569924497784,700.28521120311984,-995.72587013244595,32.119999999999997,-0.06582232916477869
108.93865665317409,699.70004259845803,-997.51043319702103,32.119999999999997,-0.065828858770972193
108.95161445149141,699.72110913439644,-998.25453758239701,32.530000000000001,-0.065787079640278537
108.96457178725184,699.69613106335714,-998.25453758239701,32.530000000000001,-0.065694295076766829
108.9775265132383,699.55520326915143,-994.94981765747104,32.549999999999997,-0.065607869376179559
108.99048742941733,699.88947366754201,-994.39907073974598,32.549999999999997,-0.065569208107210813
109.00345755120127,700.38657633249431,-996.26898765563999,32.119999999999997,-0.065532460187167352
109.01643047937037,700.53812113170227,-996.659755706787,32.57,-0.065537410684296166
109.02939935318271,700.31918586644679,-995.32175064086903,32.159999999999997,-0.065565128913622539
109.04236489492963,700.13925433396832,-992.67339706420898,32.159999999999997,-0.065576104032593868
109.05533141146049,700.19189266620594,-993.07966232299805,32.159999999999997,-0.065616803863378814
109.06830222138893,700.423736135794,-993.50190162658703,32.159999999999997,-0.065683841497925943
109.08127036152598,700.27956740074285,-993.50190162658703,32.229999999999997,-0.06577905474388264
109.09424050297154,700.3876380604745,-994.12512779235794,32.229999999999997,-0.065966290938439462
109.10721679631966,700.71984079828133,-994.12512779235794,32.560000000000002,-0.06616261270153001
109.12018836061981,700.46447220729476,-993.48950386047397,32.560000000000002,-0.066363928424716112
109.13315236878896,700.05644113435926,-991.75953865051304,32.609999999999999,-0.066513431568878428
109.14610951104068,699.6856815928769,-992.63191223144497,32.609999999999999,-0.066572668857548839
109.15907714412474,700.25218653961974,-993.50428581237804,32.560000000000002,-0.066557320662652658
109.17204926721719,700.49464699222597,-994.99106407165505,32.560000000000002,-0.066429786383186112
109.18502083772597,700.46480747419457,-993.54720115661598,32.170000000000002,-0.06632516884994194
109.19799253758522,700.47179239913089,-990.24939537048294,32.170000000000002,-0.066283880216147256
109.21096171148885,700.33539079600928,-989.82048034668003,32.229999999999997,-0.066268480278766195
109.22392390047527,699.95820526714078,-989.82048034668003,32.229999999999997,-0.066252465670135388
109.23688011347416,699.63550193953142,-991.68157577514603,32.189999999999998,-0.0661382741390735
109.24983264981859,699.43696259947069,-991.42670631408703,32.189999999999998,-0.065994673511544588
109.26279385160247,699.90489632965546,-991.42670631408703,32.530000000000001,-0.065930230128432493
109.27576099729386,700.22586733502897,-991.09411239624001,32.530000000000001,-0.065935433117736808
109.28872633828885,700.12841372976345,-990.77630043029797,32.530000000000001,-0.06598124383975093
109.30169208078772,700.15009493817297,-992.69175529480003,32.530000000000001,-0.066022426924624844
109.3146551607383,700.0063173313506,-991.86277389526401,32.560000000000002,-0.06604124998817848
109.32761805235556,699.99614733239355,-991.86277389526401,32.560000000000002,-0.065995595521472522
109.34058039035183,699.96625179914543,-991.08624458313,32.159999999999997,-0.065952321099762262
109.35354703726915,700.19893353491102,-988.38520050048805,32.159999999999997,-0.065874966482088695
109.36652449373584,700.78264920092408,-989.10188674926803,32.159999999999997,-0.065783610980776258
109.37949979263828,700.66614073256744,-989.10188674926803,32.159999999999997,-0.065699569466215968
109.39246585385682,700.16730580033914,-990.68236351013195,32.159999999999997,-0.065690528393693118
109.40543164292093,700.15260946190585,-990.63730239868198,32.159999999999997,-0.065700158268818601
109.41839759341605,700.16132673655829,-991.15109443664505,32.57,-0.065613892963960127
109.43135373501366,699.63164627125502,-991.15109443664505,32.57,-0.065475154875600211
109.44430592676784,699.41835472593675,-991.48130416870094,32.210000000000001,-0.065234817770764786
109.45726057411115,699.5509565385986,-991.12415313720703,32.600000000000001,-0.06500984438610527
109.47021982632596,699.79961959922798,-990.75651168823197,32.119999999999997,-0.064945043995857057
109.48318127542713,699.91825146308918,-990.75651168823197,32.560000000000002,-0.064964080229040114
109.49613348684323,699.41941647040483,-991.18328094482399,32.159999999999997,-0.065000114134200704
109.50908656128512,699.46601986104508,-992.89464950561501,32.159999999999997,-0.064998119034028107
109.52204459967659,699.73407313960161,-992.55347251892101,32.170000000000002,-0.064924812564574025
109.53499966300988,699.57341999796904,-992.55347251892101,32.170000000000002,-0.064829420297763868
109.54795348458033,699.5063648043174,-991.402149200439,32.57,-0.064651314169278329
109.56091016530995,699.66075939965413,-990.01312255859398,32.189999999999998,-0.064451759680842435
109.57386765836047,699.70462472781492,-990.80634117126499,32.539999999999999,-0.064344883172324854
109.58681594476917,699.20746606962985,-992.94519424438499,32.539999999999999,-0.064302560769101388
109.59975667608268,698.79949092947106,-991.64152145385697,32.549999999999997,-0.064365419869582219
109.6127071200556,699.32397453798649,-990.75984954833996,32.549999999999997,-0.064424748221553377
109.62565824596419,699.36079906339444,-990.75984954833996,32.189999999999998,-0.064461624456062905
109.63860767065675,699.26893339917717,-991.37139320373501,32.539999999999999,-0.064515658757668112
109.65155610711233,699.21556860036299,-993.08562278747604,32.210000000000001,-0.064498799749223595
109.66450704468637,699.35062899848526,-993.60275268554699,32.210000000000001,-0.064452003894313978
109.67745826786548,699.36605167159075,-993.55936050415005,32.259999999999998,-0.064525019583413751
109.69041045237776,699.41796366365998,-993.55936050415005,32.259999999999998,-0.064620119001643953
109.7033637751716,699.47943086679936,-994.20714378356899,32.359999999999999,-0.064853149361519452
109.71632118233329,699.69998673163343,-995.7275390625,32.259999999999998,-0.06503058493920838
109.72927946804327,699.74742833898745,-995.02730369567905,32.329999999999998,-0.065145448057164379
109.74223451171484,699.57235826449278,-995.02730369567905,32.329999999999998,-0.065211220126816197
109.75518296783213,699.21663033383936,-994.65918540954601,32.25,-0.06522120287008204
109.76812898077901,699.08469913192118,-995.67914009094204,32.259999999999998,-0.065231592290977441
109.78107361019499,699.00998846304526,-997.32732772827103,32.140000000000001,-0.065211429156940975
109.79401561535057,698.86827840139063,-997.32732772827103,32.140000000000001,-0.065151509931495308
109.80696096602476,699.0489364059415,-999.49383735656704,32.329999999999998,-0.065144389453659302
109.81991433952477,699.48216900072691,-998.90923500061001,32.329999999999998,-0.065200863820736588
109.83287015619388,699.61410013119723,-997.45154380798294,32.310000000000002,-0.06533505084576946
109.84582598528148,699.61477073094886,-997.57289886474598,32.310000000000002,-0.065451145379437706
109.8587832185962,699.69059899462945,-997.12300300598099,32.140000000000001,-0.065580462623102256
109.87173930741859,699.62879640917436,-998.97599220275902,32.329999999999998,-0.065721794962591881
109.88470064579626,699.91227239381226,-998.97599220275902,32.140000000000001,-0.065764944172123668
109.89765926885062,699.76564493590092,-1000.09965896606,32.140000000000001,-0.06562944191160025
109.91062080901489,699.92316887033769,-999.75132942199696,32.329999999999998,-0.065441620017847937
109.92358464230249,700.04699753053069,-998.199462890625,32.119999999999997,-0.065253995772414655
109.93654293318644,699.74770773356659,-999.10020828247104,32.079999999999998,-0.065222516035311373
109.94949904270493,699.62991399848306,-999.10020828247104,32.079999999999998,-0.065261945127837992
109.96245277321229,699.50144739706877,-998.54016304016102,32.479999999999997,-0.065382478966248422
109.97541309230868,699.85723120553905,-999.05061721801803,32.479999999999997,-0.06556332939160954
109.98837727639376,700.06594059402062,-999.05061721801803,32.090000000000003,-0.06568803037973607
110.00133851749999,699.90701973615194,-1000.8716583252,32.509999999999998,-0.065672073719895571
110.01430254533088,700.05750286783564,-1003.0148029327401,32.530000000000001,-0.065628393656754991
110.02727373192717,700.44407619966,-1004.88305091858,32.530000000000001,-0.065591872359120368
110.04023518723697,699.91858672998899,-1003.76605987549,32.159999999999997,-0.065737732995882842
110.05319639626418,699.90528746887594,-1003.76605987549,32.159999999999997,-0.065927939075051456
110.06615989841482,700.0291161345649,-1003.78131866455,32.549999999999997,-0.066102501003774586
110.07912338090495,700.02805446704065,-1003.14927101135,32.140000000000001,-0.066204623629827528
110.09208998746291,700.19675412968593,-1003.35907936096,32.140000000000001,-0.066193194230857039
110.10505597107162,700.16311487065889,-1003.35907936096,32.140000000000001,-0.066027250140535315
110.11802305881361,700.22273806737701,-1003.0021667480499,32.560000000000002,-0.065876827057520487
110.13099867022719,700.68301633332953,-1004.27746772766,32.560000000000002,-0.065717493287117193
110.14397582142719,700.76616479983829,-1002.97355651855,32.560000000000002,-0.065679309061046673
110.15695097752712,700.65842939601464,-1002.97355651855,32.560000000000002,-0.06574650191500804
110.16993282569749,701.01980120049302,-1001.57022476196,32.170000000000002,-0.065804880318448264
110.18292371700994,701.50813087236054,-1002.67815589905,32.549999999999997,-0.065823100092863268
110.195906279195,701.05835799317674,-1002.60519981384,32.170000000000002,-0.065656803133892286
110.20888096135565,700.63283667448809,-1003.3555030822801,32.170000000000002,-0.065484470170560596
110.22185626129257,700.66619659389607,-1003.3555030822801,32.240000000000002,-0.065409398326546339
110.23483564042348,700.88647306964674,-1008.65983963013,32.240000000000002,-0.065392888047348205
110.24781100451968,700.66966119439985,-1009.66286659241,32.240000000000002,-0.065548215061626863
110.26078641414686,700.67211986779614,-1009.66286659241,32.240000000000002,-0.065763099118816518
110.27376453288767,700.81841200384758,-1008.620262146,32.359999999999999,-0.065913637065655326
110.28674509479757,700.9503431343179,-1008.1088542938199,32.359999999999999,-0.066011716714510935
110.29972312247538,700.81349460209515,-1008.20159912109,32.240000000000002,-0.065935684574323708
110.31269838309129,700.66407325884757,-1007.36021995544,32.240000000000002,-0.065828973634185523
110.3256774248766,700.86825640678126,-1006.87408447266,32.189999999999998,-0.065784298090507412
110.33866004604441,701.06154306170129,-1008.6944103241,32.189999999999998,-0.065777819189276415
110.35163971078028,700.90189573725638,-1007.97486305237,32.390000000000001,-0.065812472667142602
110.36461081355802,700.43954999758387,-1007.97486305237,32.390000000000001,-0.065811071543953437
110.37757902509632,700.28342306901925,-1006.4013004303,32.100000000000001,-0.065725726178252813
110.39053937627165,699.85896346731886,-1004.0497779846201,32.490000000000002,-0.065554149654535904
110.40349350414326,699.52290506673171,-1004.0497779846201,32.140000000000001,-0.065285154721215433
110.41644630643204,699.45132359406,-1004.4414997100801,32.560000000000002,-0.065101000168939271
110.42940946295806,700.01045240519818,-1006.12592697144,32.210000000000001,-0.065037421881026763
110.44237987138264,700.40205492738437,-1005.22518157959,32.210000000000001,-0.065100202335499416
110.45534797840619,700.27777927213833,-1005.22518157959,32.549999999999997,-0.065266712464099805
110.46832088794946,700.53711533649857,-1004.6124458313,32.210000000000001,-0.065292179997365613
110.48129282167413,700.48442113194028,-1005.17344474792,32.170000000000002,-0.065154481886063001
110.49426249538885,700.36238059485584,-1004.7025680542,32.170000000000002,-0.065040340025799892
110.50722423630495,699.93400946904649,-1002.93517112732,32.460000000000001,-0.064869817966897628
110.52018469820366,699.86494253109959,-1003.42535972595,32.460000000000001,-0.064933632189577747
110.53314923308764,700.08488373445459,-1003.42535972595,32.469999999999999,-0.06500001065350558
110.54611630116912,700.22167639985275,-1005.19323348999,32.469999999999999,-0.065029862647046438
110.55907688620997,699.87159220562421,-1004.60743904114,32.420000000000002,-0.065006963493922335
110.57203009103696,699.47306065830219,-1004.1313171386701,32.420000000000002,-0.064944581437866411
110.58498883723335,699.77229460492947,-1004.1313171386701,32.210000000000001,-0.064922944745314459
110.59794895454438,699.84633479496551,-1003.32188606262,32.210000000000001,-0.064999322510323143
110.61090412756671,699.5793432059171,-1002.52294540405,32.450000000000003,-0.065093135668679289
110.62386785116415,700.04107426212647,-1001.86991691589,32.189999999999998,-0.065300021734115851
110.63683973935804,700.48196246953592,-1002.04658508301,32.240000000000002,-0.065450364102896855
110.64980965314703,700.37534460555707,-1003.93843650818,32.240000000000002,-0.065483899993998618
110.6627737792827,700.06281132636866,-1003.30758094788,32.299999999999997,-0.065368401506659027
110.67573607278399,699.96384906951778,-1003.30758094788,32.299999999999997,-0.065187367920939793
110.68869896957411,699.99642666651675,-1002.54011154175,32.240000000000002,-0.065228638963061095
110.70166503803586,700.16769693406354,-999.63974952697697,32.240000000000002,-0.065430996731733693
110.71463233377411,700.23396986576233,-999.74822998046898,32.159999999999997,-0.06562703806506355
110.72759221721859,699.83370600170019,-1001.4533996582001,32.159999999999997,-0.065828994330487389
110.74055390639381,699.93121546279838,-1001.4533996582001,32.329999999999998,-0.065846929532787257
110.75351019079508,699.63935766826376,-1001.07574462891,32.329999999999998,-0.065829704205051409
110.76646277163583,699.43936540054631,-999.98021125793503,32.369999999999997,-0.065734344016755986
110.77941537213832,699.44042713402257,-999.98021125793503,32.369999999999997,-0.065668926884284384
110.79238067381117,700.12629033425912,-999.43327903747604,32.119999999999997,-0.065814442932119341
110.80534449364569,700.04627106395435,-999.85313415527298,32.43,-0.066011199313579794
110.81830298735061,699.75866006592457,-999.69244003295898,32.119999999999997,-0.066182848272521244
110.83125775059007,699.55721493100646,-999.83167648315396,32.119999999999997,-0.066184637445976205
110.84421074845682,699.46188480368539,-999.83167648315396,32.140000000000001,-0.065969581611760877
110.85715924286167,699.21869786251909,-1000.96988677979,32.140000000000001,-0.065789501078590398
110.87010804977653,699.23557340282525,-1000.96988677979,32.469999999999999,-0.065787177946491082
110.88306168301246,699.49619473940834,-1001.25575065613,32.090000000000003,-0.066037114916366449
110.89602123531976,699.81582459474248,-999.01914596557594,32.509999999999998,-0.066453652041740155
110.90898061792102,699.80666046793294,-998.313426971436,32.509999999999998,-0.066804975891912893
110.92193206254815,699.37800986510433,-999.35460090637196,32.460000000000001,-0.066871088412107163
110.93487756947663,699.05737413762267,-999.58062171936001,32.460000000000001,-0.066654576608505309
110.94782703866542,699.27133619475683,-999.58062171936001,32.399999999999999,-0.066211943824411756
110.96077928837033,699.42148406503668,-1000.84090232849,32.399999999999999,-0.065892120409272614
110.97373691077038,699.71160960328723,-1001.12223625183,32.119999999999997,-0.065858882541335165
110.98670263464199,700.14908906602557,-1001.12223625183,32.119999999999997,-0.066070199632911761
110.99967786317896,700.66234099706764,-1000.88357925415,32.119999999999997,-0.066324632821850582
111.01264694498646,700.33041760437607,-997.41911888122604,32.119999999999997,-0.066387846858392094
111.02560942682105,699.97401906847483,-997.41911888122604,32.170000000000002,-0.066223346316907419
111.03857096698522,699.92316886484161,-997.10988998413097,32.170000000000002,-0.065881800320092818
111.05153300695925,699.95015859773639,-997.24626541137695,32.329999999999998,-0.065492809646205588
111.06449435154566,699.91260766620826,-1000.57554244995,32.329999999999998,-0.065242095539599351
111.07745205259143,699.71585647124016,-1001.0073184967,32.310000000000002,-0.065225783942375049
111.09041521015314,700.01050833247871,-1001.0073184967,32.310000000000002,-0.065357337395055254
111.10337527468761,699.84348486143676,-999.82380867004395,32.280000000000001,-0.065606916322511255
111.11632673897657,699.37907160407667,-998.87537956237804,32.280000000000001,-0.065583781235433777
111.12927171919135,699.02893159798327,-998.67129325866699,32.259999999999998,-0.065322067175271017
111.14221844097783,699.12297646956949,-998.67129325866699,32.259999999999998,-0.065074918997773207
111.15517981143451,699.91400466108826,-1000.43845176697,32.189999999999998,-0.064931686760407503
111.16814696436911,700.22625846875349,-1000.8559226989699,32.350000000000001,-0.065005880055017867
111.1811131301025,700.17294960271602,-1002.3980140686,32.350000000000001,-0.065228116387443816
111.194080230263,700.22340866712875,-1002.3980140686,32.350000000000001,-0.065392278548952604
111.20704484379135,700.08913053095955,-1002.63643264771,32.189999999999998,-0.065469464494228954
111.21999800308768,699.47060200139379,-1000.60033798218,32.189999999999998,-0.065321206218558303
111.23294228170496,698.99104533360344,-1000.74481964111,32.159999999999997,-0.065038171078849308
111.24589047084203,699.20221340097737,-1000.74481964111,32.159999999999997,-0.06477304423801869
111.25884294199506,699.43344226404622,-999.43614006042503,32.189999999999998,-0.064638514692996377
111.27179270403212,699.28715000158684,-1003.1776428222699,32.189999999999998,-0.064577635170054631
111.2847451358617,699.43131879709381,-1003.89766693115,32.539999999999999,-0.064396295281652915
111.29769937963079,699.52916353058765,-1004.55975532532,32.539999999999999,-0.064125069312781599
111.31065623524329,699.67020307493067,-1004.55975532532,32.520000000000003,-0.063873051355238575
111.3236129490864,699.66254752825876,-1003.59272956848,32.520000000000003,-0.063602451441356525
111.33657231202592,699.80559873445679,-1002.1376609802199,32.479999999999997,-0.063607750667833501
111.34953726910864,700.10768246622104,-1003.02481651306,32.479999999999997,-0.063647980697614223
111.36250296711117,700.14769213709735,-1003.16858291626,32.170000000000002,-0.063686520896046456
111.37545681455057,699.50776172774954,-1005.14006614685,32.170000000000002,-0.063686053164489234
111.38840024876917,698.94544780411877,-1007.58337974548,32.210000000000001,-0.06356042395809379
111.40134959481605,699.26468653122424,-1007.58337974548,32.210000000000001,-0.063377004115984584
111.41429844726302,699.23803213667759,-1008.29601287842,32.229999999999997,-0.063354693766989781
111.42724417460495,699.06927646431166,-1008.44931602478,32.229999999999997,-0.063445096214837488
111.44019676889756,699.44009180117075,-1006.75821304321,32.420000000000002,-0.063713775532506012
111.45315714594449,699.86036053364683,-1006.75821304321,32.420000000000002,-0.063950255927369803
111.46611454172225,699.6993719987064,-1006.9842338562,32.490000000000002,-0.064105803353171897
111.47906522577036,699.33693859815162,-1006.2091350555399,32.490000000000002,-0.064056155582306512
111.49201707914446,699.40008220174241,-1006.2091350555399,32.469999999999999,-0.063798045739329234
111.50497724819512,699.84912873526173,-1007.96866416931,32.469999999999999,-0.063568871054040327
111.51794501787286,700.2595625982807,-1009.56177711487,32.210000000000001,-0.063503619490762345
111.53091091041726,700.15819739745837,-1005.17630577087,32.210000000000001,-0.06352735062315068
111.54387348331485,699.97893647022738,-1003.83853912354,32.210000000000001,-0.063747083767747681
111.55683710860741,700.03576579809737,-1004.96387481689,32.210000000000001,-0.0638214374582904
111.56979212019995,699.57062599721678,-1004.96387481689,32.229999999999997,-0.063707385625841231
111.58273663889264,699.0040094047605,-1009.35816764832,32.229999999999997,-0.063375640246606968
111.59567955984807,698.91773159365573,-1009.01508331299,32.469999999999999,-0.063068364849941549
111.60863924150625,699.82280954166276,-1009.01508331299,32.469999999999999,-0.063135338325220086
111.62160678456169,700.24732499369986,-1006.86812400818,32.229999999999997,-0.063524578386654332
111.63457638687525,700.35852493207551,-1008.96525382996,32.469999999999999,-0.063983771121151917
111.6475432335087,700.20971820633918,-1008.96525382996,32.43,-0.064316994199627636
111.66051217354823,700.32276213464797,-1011.19637489319,32.43,-0.064451396465161806
111.67347126433457,699.79090246197563,-1011.19637489319,32.229999999999997,-0.064324324743482361
111.68643290797901,699.92875680039401,-1008.98456573486,32.229999999999997,-0.064150017375974616
111.6993977998691,700.10416206484445,-1008.98456573486,32.420000000000002,-0.064088761185081708
111.7123686035889,700.42340086889396,-1012.09044456482,32.189999999999998,-0.064340613574856029
111.72533956977284,700.43217393342707,-1011.0688209533701,32.210000000000001,-0.064829333374781986
111.73830586485558,700.1799344671964,-1008.64934921265,32.210000000000001,-0.065339785068538603
111.7512640077617,699.73971693098656,-1006.64281845093,32.509999999999998,-0.06558031774959984
111.76422337070123,699.80559873445679,-1006.64281845093,32.509999999999998,-0.065481932833141465
111.77718442347292,699.89684967124276,-1006.80875778198,32.210000000000001,-0.06520016532787655
111.79015073821728,700.18099619517659,-1007.00283050537,32.549999999999997,-0.064937825210180072
111.8031254338308,700.6335631300725,-1008.36205482483,32.57,-0.064992236179736415
111.81611234943097,701.29344240910598,-1008.36205482483,32.57,-0.06538416879892002
111.82909871244574,701.26360279764253,-1005.33437728882,32.170000000000002,-0.065929105297636736
111.84206899565936,700.39529353569867,-1006.24942779541,32.170000000000002,-0.066273392488326879
111.85503406346669,700.11366159595389,-1006.24942779541,32.57,-0.066201834835617951
111.86800243126042,700.29186086115635,-1009.13166999817,32.119999999999997,-0.065848592461324906
111.88097153997285,700.33187047157685,-1009.7670555114699,32.100000000000001,-0.065462982488776578
111.89394958731241,700.81455633557118,-1011.37065887451,32.100000000000001,-0.065403566178336717
111.9069354629346,701.23728359854772,-1010.35404205322,32.490000000000002,-0.065677950364523188
111.91992712000126,701.54948159984428,-1010.35404205322,32.490000000000002,-0.06616548428013283
111.93290968942964,701.05874913239722,-1009.66930389404,32.460000000000001,-0.066447542565548509
111.94588061008149,700.42971519957473,-1007.7452659606899,32.460000000000001,-0.066436571585471157
111.95884634016295,700.14942439887727,-1006.47401809692,32.409999999999997,-0.066105250475946967
111.9718233744309,700.75985046915775,-1006.47401809692,32.409999999999997,-0.065686746189817888
111.98480129241977,700.80757139964282,-1007.77983665466,32.100000000000001,-0.065416060387728334
111.99778108650621,700.90888066768866,-1010.45203208923,32.100000000000001,-0.065443634780158688
112.01076662478391,701.21906699613805,-1010.0622177124,32.140000000000001,-0.065674682457866618
112.02375782136295,701.52461526795014,-1010.0622177124,32.140000000000001,-0.065981209691890988
112.03673753163093,700.9043544711086,-1008.7139606475801,32.140000000000001,-0.066132249517841649
112.04971033044949,700.53113620126976,-1005.75852394104,32.140000000000001,-0.066159198887410883
112.06268670761727,700.72436706081328,-1005.75852394104,32.350000000000001,-0.065987722740167717
112.07566474874817,700.81422106867137,-1005.25760650635,32.350000000000001,-0.065816653271063008
112.0886443296655,700.89736953518025,-1005.4996013641399,32.32,-0.06575089154946033
112.10162375432719,700.88893173205111,-1008.15057754517,32.32,-0.065878427897152536
112.11460561491609,701.02047180024476,-1008.15057754517,32.189999999999998,-0.066003454848980153
112.12758941886308,701.12541313736438,-1006.84905052185,32.350000000000001,-0.06611273934404796
112.14056857033702,700.87417959274524,-1006.48021697998,32.119999999999997,-0.065967003917937292
112.1535441817507,700.68301633882561,-1005.5992603302,32.119999999999997,-0.065761402041604688
112.16652235947528,700.82159712733232,-1005.5992603302,32.119999999999997,-0.065559875219253938
112.17950414245314,701.01628080461262,-1004.87923622131,32.119999999999997,-0.065462368850062111
112.1924779212308,700.58405399403875,-1002.73871421814,32.140000000000001,-0.065448640120736881
112.20544071454196,699.99083880241244,-1004.65059280396,32.140000000000001,-0.065516462135944434
112.2184014237593,699.87829773598128,-1004.88376617432,32.329999999999998,-0.065499135396248021
112.2313609688234,699.81543346101796,-1004.88376617432,32.329999999999998,-0.065451726938314317
112.24431706489013,699.62918760335481,-1003.0021667480499,32.140000000000001,-0.065321911954024786
112.25727322511358,699.63265206645849,-1000.49734115601,32.350000000000001,-0.065259551628536222
112.27023544100373,699.95965806838967,-998.65102767944302,32.329999999999998,-0.06529645373362665
112.28320020354448,700.09717720036406,-999.16195869445801,32.329999999999998,-0.065460709026356492
112.29616291200118,699.98625666206362,-1001.44481658936,32.210000000000001,-0.065591813375148578
112.30911896253581,699.62672886950259,-1001.95574760437,32.210000000000001,-0.06560486430872986
112.32207937890496,699.86248393464723,-1002.09450721741,32.170000000000002,-0.065497306899839861
112.33504397173711,700.08801293615454,-1002.09450721741,32.170000000000002,-0.065422592063063501
112.34800874669506,700.09784772866783,-1001.68943405151,32.280000000000001,-0.065337749611961551
112.36097422428394,700.13578979941644,-999.19700622558605,32.280000000000001,-0.065401634200826328
112.37394314983713,700.3219798726949,-998.64792823791504,32.240000000000002,-0.065488077492985214
112.38690513186175,699.94702933008432,-998.64792823791504,32.240000000000002,-0.065620047971649484
112.39985903828513,699.51094686222621,-998.70324134826706,32.380000000000003,-0.065596756628042499
112.41279854232224,698.73321800326858,-998.89421463012695,32.240000000000002,-0.06533954085516884
112.42574309412841,699.00579753336513,-999.18031692504906,32.210000000000001,-0.06495804008537831
112.43869414139138,699.35655220093736,-999.47142601013195,32.210000000000001,-0.064653358939333716
112.45164264303956,699.21908900173958,-999.07755851745605,32.539999999999999,-0.064613933985497515
112.46459652359266,699.5095498673461,-997.93219566345203,32.539999999999999,-0.06475330951258626
112.47755800477296,699.91998373586114,-997.93219566345203,32.530000000000001,-0.06494026734489558
112.49051849254329,699.86633959742778,-996.76728248596203,32.530000000000001,-0.06510921650419367
112.50347690139375,699.75407792557587,-997.11775779724098,32.530000000000001,-0.065135186951651033
112.51643298400739,699.62846113677836,-997.99776077270496,32.530000000000001,-0.064982224462278984
112.52939010659881,699.68461993634457,-996.82545661926304,32.240000000000002,-0.064832816520718511
112.54234857339878,699.75720719872402,-996.82545661926304,32.240000000000002,-0.064811990078695439
112.55530430521364,699.60951800184034,-995.17130851745605,32.210000000000001,-0.065032006757579849
112.56825605510868,699.39449433214202,-995.62978744506802,32.210000000000001,-0.065464126980590939
112.58120902607037,699.46043193098888,-995.62978744506802,32.280000000000001,-0.065825886817320517
112.59415972977898,699.33800026567587,-995.55182456970203,32.280000000000001,-0.065978430210854408
112.60710830282844,699.22294467001586,-996.23084068298294,32.280000000000001,-0.065948715847395284
112.62006113719633,699.45305586683196,-997.37477302551304,32.280000000000001,-0.065847490396278005
112.63302942737903,700.28766986552421,-996.96683883667004,32.159999999999997,-0.065808827056946281
112.64599820391973,700.31393319779431,-996.96683883667004,32.159999999999997,-0.065900737211678287
112.65896547999625,700.23290813228596,-996.79374694824196,32.350000000000001,-0.066145373921218303
112.67193062541359,700.11785253662606,-995.23282051086403,32.100000000000001,-0.066425347079461697
112.68489542003327,700.09890946214409,-995.03326416015602,32.439999999999998,-0.066552502620206996
112.69785246501365,699.68042894071232,-995.03326416015602,32.439999999999998,-0.066452554116605
112.71080405140864,699.38566532933646,-995.40996551513695,32.509999999999998,-0.066170791783583538
112.72375716620864,699.46819920031817,-996.14024162292503,32.509999999999998,-0.065952416302567651
112.73671318362967,699.62494073540176,-997.36380577087402,32.57,-0.066011534589639653
112.7496712158124,699.73373786720583,-997.36380577087402,32.57,-0.066293279329359273
112.76262991026915,699.76950066463337,-998.17323684692406,32.170000000000002,-0.066669982755041546
112.77558788967666,699.73088800512505,-995.810985565186,32.170000000000002,-0.067003558700538063
112.78855690732588,700.32695305883215,-994.37451362609897,32.170000000000002,-0.06715941242780131
112.80152432620494,700.24061946883876,-994.74644660949696,32.170000000000002,-0.067082745953819078
112.81448925741849,700.10628553179697,-994.74644660949696,32.57,-0.066909379222381715
112.82745469465056,700.13361053159133,-997.54667282104504,32.210000000000001,-0.06673442303352517
112.84043104077401,700.72269066585807,-998.75378608703602,32.579999999999998,-0.066812277460965366
112.85340660665558,700.68055760497327,-997.88951873779297,32.579999999999998,-0.067099234502551633
112.86637614377652,700.35500453069903,-996.20914459228504,32.189999999999998,-0.067358034558463675
112.87934495963955,700.31605660429091,-994.95983123779297,32.539999999999999,-0.067424670689558472
112.89230982566049,700.10276513042027,-994.95983123779297,32.490000000000002,-0.067323323132417859
112.90526902613576,699.79682566442784,-995.92709541320801,32.490000000000002,-0.067064429943656315
112.91822323886049,699.52748713563244,-994.05455589294399,32.210000000000001,-0.066869029154396201
112.93118026314559,699.67931139537154,-998.28100204467796,32.210000000000001,-0.066669566763526547
112.94414614948154,700.15786214155048,-998.28100204467796,32.490000000000002,-0.066629589224496424
112.95711589459754,700.36623626313224,-1000.18286705017,32.210000000000001,-0.066743506532408362
112.97008568420983,700.36863906420785,-1000.06413459778,32.25,-0.066928295417767084
112.98305480637525,700.33259693265711,-996.53577804565396,32.25,-0.067036057719109227
112.99602654555551,700.4739157341794,-997.60246276855503,32.329999999999998,-0.066957928032421565
113.00898451875437,699.73055273822524,-997.60246276855503,32.329999999999998,-0.06668473179928594
113.02193436461233,699.2916763300708,-998.35753440856899,32.329999999999998,-0.066403324405276715
113.03488500312844,699.33447986979547,-1002.3968219757101,32.329999999999998,-0.066332508706358997
113.04784013165303,699.57694032789755,-1001.82271003723,32.280000000000001,-0.06642786992800391
113.06079652574323,699.64528087071596,-1001.82271003723,32.280000000000001,-0.066577135067137416
113.07374898344328,699.43271580296584,-1000.14519691467,32.259999999999998,-0.066759092733147563
113.08670489117527,699.61901752745371,-1000.78320503235,32.259999999999998,-0.06683813408018735
113.09966076579387,699.61722940434504,-999.67503547668503,32.240000000000002,-0.06672067050276069
113.11261086621234,699.30542259722904,-997.62463569641102,32.240000000000002,-0.066455610924300468
113.12555674877409,699.07765833466408,-997.10631370544399,32.310000000000002,-0.066108130332032403
113.13850758286785,699.34504106293298,-999.10950660705601,32.310000000000002,-0.065927455821776712
113.15146829105062,699.87824186915668,-1000.1540184021,32.229999999999997,-0.065962598761563934
113.16443021409259,699.94384426705562,-1000.43988227844,32.229999999999997,-0.066019492223461596
113.17739020826058,699.839685070977,-1000.43988227844,32.189999999999998,-0.066132124305459616
113.19035110477778,699.88841192856967,-1000.08988380432,32.189999999999998,-0.066240881051648895
113.20331261182844,699.9213807362371,-1000.08988380432,32.229999999999997,-0.066372628013347035
113.21626841608024,699.61342959739738,-998.94595146179199,32.229999999999997,-0.066405213955205419
113.22922203689754,699.49552413416063,-999.60160255432095,32.280000000000001,-0.066331094129474424
113.24218263435681,699.87226279987999,-1004.79102134705,32.280000000000001,-0.066227573486692795
113.25515383440617,700.44480266623634,-1004.79102134705,32.259999999999998,-0.066217636275128222
113.26812082487663,700.2174854042205,-1005.48100471497,32.259999999999998,-0.066245650458579039
113.28108446982969,700.03682746562163,-1003.5006999969499,32.32,-0.066321867827655367
113.29405425323334,700.36830379730804,-1000.74458122253,32.32,-0.066351836753245852
113.30702487586305,700.41362200366154,-1000.3750324249301,32.210000000000001,-0.066360516680959963
113.31999155382348,700.20060986391434,-1000.3750324249301,32.210000000000001,-0.066326611364411731
113.33295626462348,700.09438319961203,-999.92060661315895,32.299999999999997,-0.066198035039356895
113.34592466449622,700.29359312843224,-999.82261657714798,32.299999999999997,-0.066022018178158948
113.35889309023834,700.29499007384834,-999.65071678161598,32.350000000000001,-0.06594954368929222
113.37186306301109,700.37852972904182,-999.65071678161598,32.350000000000001,-0.065891272906051748
113.38482819497536,700.11712607004972,-998.68178367614701,32.229999999999997,-0.065915333106260771
113.39779840782352,700.39149380019887,-997.63870239257801,32.229999999999997,-0.065966518596436888
113.41077232422963,700.59148593051623,-993.36338043212902,32.399999999999999,-0.066016127044552647
113.42374479087654,700.51319893298353,-993.36338043212902,32.229999999999997,-0.066066465029472346
113.43672108422598,700.7198408697293,-994.06552314758301,32.229999999999997,-0.066105877566931953
113.4496987611049,700.79455146166094,-995.83768844604504,32.229999999999997,-0.066089509053757961
113.46267974521608,700.9731420034841,-995.05257606506302,32.520000000000003,-0.066180970106026735
113.4756527965272,700.5447708007307,-995.05257606506302,32.520000000000003,-0.066261061778071201
113.48862226224576,700.35114880196659,-995.45931816101097,32.210000000000001,-0.066453405758618064
113.50159337847647,700.44027645866424,-994.10057067871105,32.57,-0.066709342516361445
113.51456580580124,700.51107553747886,-993.50976943969704,32.549999999999997,-0.06693675079211224
113.52753465477777,700.31784473289531,-994.05694007873501,32.549999999999997,-0.067061087529681998
113.5405011899359,700.19289853835357,-994.05694007873501,32.159999999999997,-0.067102057445842481
113.55346996130251,700.3136537977191,-995.84364891052201,32.159999999999997,-0.067088601903467951
113.56643895204691,700.32550019712744,-995.87130546569801,32.140000000000001,-0.067067486750842897
113.57940276567278,700.04593579705431,-995.87130546569801,32.140000000000001,-0.066975145082674797
113.592365617968,699.99402394238507,-995.71776390075695,32.079999999999998,-0.067013186505911218
113.60533837746421,700.52901279477339,-994.06623840331997,32.079999999999998,-0.067071193415170441
113.6183161588593,700.80019533548591,-993.34549903869595,32.380000000000003,-0.067215023769227764
113.63128958683828,700.5651108645967,-993.34549903869595,32.380000000000003,-0.067262551229166981
113.64425898736533,700.34762846104616,-993.13497543334995,32.350000000000001,-0.067286102307250586
113.65723109079748,700.49358533569364,-994.24552917480503,32.350000000000001,-0.067377651317377399
113.67020235603835,700.44832300715689,-994.28033828735295,32.359999999999999,-0.067476241124252365
113.68316925544683,700.21256805742792,-994.28033828735295,32.359999999999999,-0.067612374614756526
113.69613529079507,700.16590880545891,-993.68762969970703,32.159999999999997,-0.067798606016009941
113.70910814756292,700.53426546342587,-992.628574371338,32.159999999999997,-0.067972296640785398
113.72208142653092,700.55706427213613,-991.94979667663597,32.240000000000002,-0.068237436934802539
113.73505052799993,700.33147932686018,-991.94979667663597,32.240000000000002,-0.068352303156878139
113.74802248862832,700.48587393318894,-991.443872451782,32.399999999999999,-0.068417641644257565
113.76099465000986,700.49671460334559,-992.64097213745094,32.399999999999999,-0.06841972987677078
113.77397338031852,700.85143666734757,-993.18933486938499,32.210000000000001,-0.068403325146391636
113.78694999135183,700.73699579911863,-993.22128295898403,32.210000000000001,-0.068449090337722271
113.79992610360986,700.71006193304868,-993.22128295898403,32.210000000000001,-0.06847457546286502
113.81290499534821,700.86015387055193,-991.17112159729004,32.210000000000001,-0.068437880318147043
113.82587546793083,700.40551946193625,-992.43640899658203,32.189999999999998,-0.068378265325733337
113.83883472739018,699.80001080440059,-992.43640899658203,32.189999999999998,-0.068209955675119935
113.8517920052013,699.69300180120115,-992.68317222595203,32.539999999999999,-0.06802424167520478
113.8647532142284,699.90528746337998,-995.169639587402,32.539999999999999,-0.067850840795296796
113.87771175242965,699.76106286700031,-995.61738967895496,32.460000000000001,-0.067700752988647167
113.89066773777165,699.62320846812599,-994.90332603454601,32.460000000000001,-0.067668811727513378
113.90362729008028,699.81582466619045,-994.90332603454601,32.240000000000002,-0.067738840977239673
113.91659023964573,699.9992765340935,-994.05884742736805,32.530000000000001,-0.067751666323695406
113.92955201988396,699.93613286455081,-992.04707145690895,32.170000000000002,-0.067741026480885716
113.94250857643831,699.65405393524895,-991.47677421569801,32.170000000000002,-0.067582922056238795
113.95546796007282,699.80671626330957,-992.96903610229504,32.189999999999998,-0.067427979988716996
113.96843370981479,700.15048606640153,-992.994785308838,32.189999999999998,-0.067282589151737418
113.98139919878771,700.13640453783944,-993.32284927368198,32.170000000000002,-0.067218158187648133
113.9943617261531,699.9764777308792,-993.32284927368198,32.170000000000002,-0.067205918538046985
114.00732485784444,700.00911133210275,-992.74134635925304,32.57,-0.067278688980325727
114.02028865284447,700.04493000185084,-993.46518516540505,32.57,-0.067307950101409844
114.03324223433953,699.49340073316012,-992.73514747619595,32.600000000000001,-0.067284669106462677
114.0461870779593,699.02155546787446,-990.09585380554199,32.600000000000001,-0.067203616102249536
114.05913093437786,698.968246601837,-989.32290077209495,32.600000000000001,-0.067055694137820226
114.07208040356664,699.27133619475683,-994.12822723388695,32.600000000000001,-0.066909780725630474
114.08502504022596,699.01037960226586,-996.30832672119095,32.140000000000001,-0.066779067532852232
114.09796846099258,698.94472139799836,-996.30832672119095,32.140000000000001,-0.066664488986502485
114.11091694918768,699.21836253516324,-995.31126022338901,32.549999999999997,-0.066698643688663961
114.1238692185531,699.42254573256093,-993.40462684631302,32.119999999999997,-0.066751918445008121
114.13682255997408,699.48043673345092,-992.70081520080601,32.140000000000001,-0.066749687409966146
114.14977161420745,699.24892860221098,-993.79086494445801,32.140000000000001,-0.066582571922373018
114.16272109581354,699.27200672855645,-993.79086494445801,32.549999999999997,-0.066296274048454479
114.17567033838023,699.25909860116803,-995.34702301025402,32.549999999999997,-0.066063046041175966
114.18861563731356,699.04614239969339,-995.535850524902,32.479999999999997,-0.065847918804474936
114.2015576942099,698.87107240214289,-995.535850524902,32.479999999999997,-0.065726109055868037
114.21450268684197,699.02960213178312,-995.83816528320301,32.460000000000001,-0.065763725174925347
114.22745278001609,699.30503140304859,-994.21525001525902,32.460000000000001,-0.065830078803046685
114.2403996125272,699.12895559930234,-994.21525001525902,32.140000000000001,-0.065905325528104422
114.25334641089013,699.12711159837716,-994.82512474060104,32.140000000000001,-0.065835698817113722
114.26630031110496,699.51061160082213,-994.82512474060104,32.119999999999997,-0.065623054073873546
114.27925796041109,699.71306253094394,-996.08469009399403,32.119999999999997,-0.06536395082102707
114.2922117043704,699.50217380318918,-996.64187431335404,32.420000000000002,-0.065100690764274521
114.3051645511555,699.45372639513562,-996.79470062255905,32.090000000000003,-0.064971314535416852
114.31812624136673,699.93127140656702,-997.11346626281704,32.399999999999999,-0.0649468383447106
114.33108758595314,699.91260766620826,-998.93498420715298,32.399999999999999,-0.065080266860071054
114.34404650082223,699.78140293086642,-996.77681922912598,32.329999999999998,-0.065287876253156379
114.35700309048886,699.65584199790146,-996.77681922912598,32.329999999999998,-0.065394756900771484
114.36995756294939,699.54151286881779,-996.10614776611305,32.32,-0.065446546714351753
114.38290661614809,699.24887272989042,-1000.63300132751,32.32,-0.065340198989995962
114.39585503294202,699.2145068723828,-1002.11572647095,32.210000000000001,-0.065211673370005413
114.40880233939384,699.15454839777283,-1002.11572647095,32.210000000000001,-0.065267864200759723
114.42175795427653,699.60320366566373,-999.76801872253395,32.229999999999997,-0.06532607703551524
114.43471810366546,699.84806700178547,-999.75848197937,32.229999999999997,-0.065608597877394897
114.44767238675678,699.53128693158806,-999.75848197937,32.259999999999998,-0.065922384252686497
114.46062648254937,699.52117279945571,-1000.18405914307,32.280000000000001,-0.066139423805268646
114.47358867153579,699.95820526714078,-998.26693534851097,32.25,-0.066270846873730471
114.48654814519882,699.8115778037336,-1001.23620033264,32.25,-0.066203837179720101
114.49950815902844,699.84074679895718,-1001.23620033264,32.189999999999998,-0.066119011284397608
114.5124735051976,700.12869313533486,-1001.57642364502,32.189999999999998,-0.066125348417568897
114.52544295849867,700.35047825717493,-1001.57642364502,32.259999999999998,-0.066150796288594785
114.5384146914716,700.47358053872745,-999.26280975341797,32.259999999999998,-0.066377258755522847
114.55138315653585,700.29711346935289,-998.42667579650902,32.490000000000002,-0.066552089733727574
114.56434783422347,700.09259513146333,-998.42667579650902,32.490000000000002,-0.066642499425403068
114.57731445423451,700.19748059626227,-997.93314933776901,32.189999999999998,-0.066614571130465094
114.59028672633957,700.50269367262251,-999.58229064941395,32.520000000000003,-0.066565640477482618
114.60325738725551,700.41568946089342,-999.891757965088,32.560000000000002,-0.066564635683466766
114.61623644145801,700.86892693508491,-999.891757965088,32.560000000000002,-0.066747122132926259
114.62922433805187,701.34641606869945,-1001.4176368713401,32.170000000000002,-0.066979773756828509
114.64220900502471,701.1720165335006,-1002.97832489014,32.170000000000002,-0.067273149680696046
114.65518362923585,700.62970740134017,-1003.03387641907,32.170000000000002,-0.067482302999804636
114.66815543981851,700.47777146291185,-1002.73656845093,32.170000000000002,-0.067677494758431073
114.68113253203575,700.76297973131375,-1001.74427032471,32.210000000000001,-0.067785599579660863
114.69410665540244,700.6026618016208,-1002.53891944885,32.210000000000001,-0.067867601497325222
114.70707875883458,700.49358533569364,-1002.53891944885,32.57,-0.067813221572527005
114.72005083639635,700.49218833531756,-1001.80602073669,32.57,-0.067784715858318842
114.73302718769386,700.72297006593328,-1002.54988670349,32.560000000000002,-0.067833406436825505
114.74600324717656,700.70721206547194,-1001.15633010864,32.560000000000002,-0.067910974224433818
114.75897216755426,700.32170039567586,-1000.09727478027,32.539999999999999,-0.067835306334192699
114.7719414904716,700.34343753686187,-1000.09727478027,32.539999999999999,-0.067665828391547056
114.78491316446048,700.47039539875482,-1001.64747238159,32.119999999999997,-0.067443297141399489
114.79788647654198,700.55885240074076,-1001.64747238159,32.119999999999997,-0.067376295725889504
114.81085410962471,700.25218646817189,-1000.81133842468,32.549999999999997,-0.06734720120765382
114.82382559527905,700.46022533384576,-1000.97703933716,32.100000000000001,-0.067422625917976431
114.83679916088759,700.57254286153034,-1001.21307373047,32.520000000000003,-0.067471129198554122
114.84976672877904,700.24866613824327,-1000.37741661072,32.119999999999997,-0.067540456850995467
114.86273108878024,700.07544006467401,-1001.34038925171,32.490000000000002,-0.067494259111149035
114.87569645461114,700.12975486881089,-1001.34038925171,32.490000000000002,-0.067383185443033386
114.88866188666913,700.13333113151612,-1003.19623947144,32.450000000000003,-0.067225574618997919
114.90162605730255,700.06521420438833,-1002.2518634796101,32.450000000000003,-0.067223863055453636
114.91458857845929,699.97614246397939,-1002.78234481812,32.390000000000001,-0.067340279411282761
114.92755189124073,700.01889019733517,-1002.78234481812,32.390000000000001,-0.067529907035694364
114.94051514607285,700.01576093517929,-1001.9109249115,32.140000000000001,-0.067605231370764546
114.95347066368524,699.59795106845934,-1000.11491775513,32.140000000000001,-0.067646499309173366
114.96642276437784,699.41343740112814,-999.67074394226097,32.229999999999997,-0.067529536576796612
114.97937941923709,699.65936239927805,-999.67074394226097,32.229999999999997,-0.067348899319029362
114.99234404518405,700.08980113620726,-999.60184097290005,32.280000000000001,-0.067099371096942986
115.00530463643335,699.8719274615321,-1001.23381614685,32.25,-0.066818231716216106
115.01826347369263,699.77721200118606,-1002.39586830139,32.25,-0.066712699415548665
115.03122409081239,699.87332446740413,-1002.39586830139,32.25,-0.066766945851296458
115.0441877678457,700.03855979884952,-999.47023391723599,32.259999999999998,-0.066769769829667022
115.05714697556419,699.79721679815236,-999.69959259033203,32.259999999999998,-0.066747337373122217
115.07010744367166,699.86527780349559,-1000.76723098755,32.189999999999998,-0.066560035984624205
115.08307275776293,700.12696092851479,-1000.76723098755,32.189999999999998,-0.066409096535859732
115.09604588150989,700.5486823358317,-999.71985816955601,32.509999999999998,-0.06636185571483641
115.10901304686301,700.22692906850523,-1000.2505779266399,32.509999999999998,-0.066268674822965626
115.12197388542958,699.8852825949657,-1001.3976097106899,32.560000000000002,-0.066203365308454679
115.13493627620251,699.96910173817014,-1001.3976097106899,32.560000000000002,-0.066145391513400584
115.14789825822714,699.94702933008432,-1000.08368492126,32.539999999999999,-0.06608541640901873
115.16085541289748,699.68635219812461,-997.68185615539505,32.539999999999999,-0.066111976694361987
115.17380868291731,699.47658107067059,-997.68185615539505,32.119999999999997,-0.065997189118294566
115.18676661058396,699.72809399887683,-997.82752990722702,32.119999999999997,-0.065916647305959156
115.19972427230748,699.71373307023975,-999.34005737304699,32.520000000000003,-0.065892585035387141
115.21268155632715,699.693337062605,-999.39155578613304,32.079999999999998,-0.065909048749025645
115.22563821739627,699.65969773212987,-999.39155578613304,32.07,-0.065961434609138087
115.23860078408522,699.97860120332768,-997.25675582885697,32.07,-0.06592760897316885
115.25156609817537,700.12696086805886,-998.73399734497104,32.329999999999998,-0.065906756661277335
115.26452478642216,699.76916532628547,-998.62694740295399,32.329999999999998,-0.065923534954063154
115.27747864731484,699.5084882053178,-997.12467193603504,32.280000000000001,-0.065935234435762963
115.29043856904698,699.83577353587611,-997.12467193603504,32.280000000000001,-0.065948803804846232
115.30339797855309,699.80811332963765,-995.54085731506302,32.210000000000001,-0.065945180961009431
115.31635491280865,699.67444979998766,-996.00720405578602,32.210000000000001,-0.066068667089610275
115.32931059288518,699.60672413299221,-995.66054344177201,32.560000000000002,-0.0661380092301143
115.34227425646429,700.03783327181714,-995.66054344177201,32.560000000000002,-0.066058174189241092
115.35524015521855,700.15853273031007,-996.31953239440895,32.490000000000002,-0.065935228226506007
115.36820377430125,700.03543046524555,-996.16670608520496,32.490000000000002,-0.065861886573196263
115.38116789940368,700.06275553099192,-996.16670608520496,32.119999999999997,-0.065985522750596326
115.39413233080623,700.07929573844638,-994.92979049682594,32.299999999999997,-0.066175430805175739
115.40709752796424,700.12064653188213,-994.92979049682594,32.189999999999998,-0.066250601990176905
115.42005976972466,699.96105506326967,-998.70824813842796,32.189999999999998,-0.06620639314155144
115.43302043858519,699.87611846815628,-998.70824813842796,32.380000000000003,-0.066151726577124897
115.44598699443829,700.19401606720646,-1000.1859664917,32.380000000000003,-0.066067156277181488
115.45895484897028,700.26414472763736,-998.08478355407703,32.549999999999997,-0.066096788893159078
115.47192131272591,700.18904280412528,-996.47641181945801,32.549999999999997,-0.066195271080852047
115.48488638674209,700.11399687384562,-997.59340286254906,32.159999999999997,-0.066472490628029082
115.49785377975178,700.23922252342265,-998.83031845092796,32.159999999999997,-0.06674733530265746
115.51081514503328,699.91372520055711,-998.99339675903298,32.159999999999997,-0.066990838902188876
115.52376547103958,699.31760434048113,-996.48928642272904,32.159999999999997,-0.067131102291549158
115.53671959891119,699.52290506673171,-997.28965759277298,32.140000000000001,-0.067208615235097427
115.54967634483333,699.66427979553453,-999.006748199463,32.140000000000001,-0.06718346952521384
115.56263325218515,699.67299699873888,-999.006748199463,32.520000000000003,-0.06715999398708504
115.57559159584332,699.75055754068751,-998.43525886535599,32.520000000000003,-0.067179864272236212
115.58855281107905,699.90562273027979,-998.21162223815895,32.520000000000003,-0.067360772646998288
115.60152483586663,700.48933852819687,-998.21162223815895,32.520000000000003,-0.067588868033498034
115.61449686168773,700.48939434006138,-998.77619743347202,32.079999999999998,-0.067662234520680514
115.62746135724946,700.08276033345419,-999.56965446472202,32.509999999999998,-0.067524725778382297
115.6404216628938,699.85650479392268,-1000.35762786865,32.07,-0.067364586930711359
115.65338691903465,700.12383160590275,-999.96733665466297,32.07,-0.0671430977265592
115.66634980340747,699.99575613271702,-999.13859367370605,32.140000000000001,-0.067073799048411237
115.67930593776167,699.63125512653846,-1000.81706047058,32.140000000000001,-0.067045611018589524
115.69226384680248,699.72708820367336,-1000.81706047058,32.100000000000001,-0.067062699752442917
115.70522616617414,699.96524606989385,-1000.00286102295,32.100000000000001,-0.067119905725058687
115.71817805887039,699.40220559724685,-1001.16372108459,32.329999999999998,-0.067051433853320838
115.73112410389751,699.08643146514908,-1001.57141685486,32.329999999999998,-0.066776535370424578
115.744072976005,699.23909380420184,-1001.57141685486,32.32,-0.066567579697904791
115.75702345930007,699.32609793349093,-1003.73840332031,32.32,-0.066429553553046986
115.76997387015919,699.32218639289397,-1003.73840332031,32.329999999999998,-0.066493375019147774
115.78292589324199,699.40924647144789,-1003.19504737854,32.329999999999998,-0.066589235016904502
115.79588036466787,699.54145699649723,-1003.39007377625,32.159999999999997,-0.06667790416982633
115.80884113080002,699.88137113680875,-1003.7727355957001,32.159999999999997,-0.066682259655909792
115.8217972858494,699.63237266638328,-1002.68268585205,32.210000000000001,-0.06661126079531085
115.83474381205924,699.11241533139207,-1003.3555030822801,32.210000000000001,-0.066471624498156898
115.84769439262595,699.3313506021434,-1005.01012802124,32.32,-0.066332270700923068
115.86065246309624,699.73580539588556,-1005.01012802124,32.32,-0.066191270533170157
115.87360069155676,699.20433686792978,-1005.99217414856,32.229999999999997,-0.066180992870757821
115.88654771861114,699.13946093660729,-1003.51023674011,32.229999999999997,-0.066132465791081771
115.8995040154296,699.64002819656753,-1004.85897064209,32.210000000000001,-0.066055741368512791
115.91246250189019,699.75826887174424,-1004.85897064209,32.210000000000001,-0.065812478876094219
115.92541535591972,699.45411759481215,-1004.97364997864,32.229999999999997,-0.065470628647672571
115.93836758699625,699.42047813243312,-1004.46033477783,32.229999999999997,-0.0651944563201593
115.95132741766662,699.83085620007546,-1006.31022453308,32.560000000000002,-0.0650986346104796
115.96429365480127,700.17680527099242,-1007.04765319824,32.560000000000002,-0.065142491625230198
115.97725453889994,699.88774132881792,-1007.04765319824,32.560000000000002,-0.065238579278847034
115.99021048491981,699.62108507262144,-1006.96563720703,32.560000000000002,-0.065165778827704107
116.00316694420252,699.64880126659648,-1009.74225997925,32.590000000000003,-0.065064490255451274
116.01612140321109,699.5407864626975,-1009.74225997925,32.590000000000003,-0.064849805915009856
116.02907288716057,699.3801332716007,-1012.2592449188199,32.159999999999997,-0.064625357173480821
116.04202003011243,699.14571940046335,-1011.19661331177,32.159999999999997,-0.064591111407306154
116.05497723031355,699.68881086052886,-1010.57386398315,32.140000000000001,-0.064716120767460389
116.06794175278023,700.08421320065486,-1010.57386398315,32.140000000000001,-0.065016761008197296
116.08090125231232,699.8129747326617,-1011.18159294128,32.159999999999997,-0.065198132974197756
116.09385456786426,699.47903980452304,-1009.54151153564,32.159999999999997,-0.06519134984217391
116.1068115600692,699.67757906763973,-1009.54151153564,32.579999999999998,-0.065117751558100026
116.11976461588525,699.4650140658415,-1006.49452209473,32.579999999999998,-0.064951117254131094
116.13272117864814,699.6543891966528,-1006.49452209473,32.579999999999998,-0.064903911617065213
116.14568143876046,699.85404606556631,-1006.34551048279,32.579999999999998,-0.064894098581378068
116.15865039846173,700.32382386812424,-1007.5542926788301,32.079999999999998,-0.06497169120458933
116.17162337837159,700.5409151324543,-1009.46354866028,32.539999999999999,-0.065073085327493146
116.18459482573824,700.45815779966995,-1009.5009803772,32.100000000000001,-0.065041267209192635
116.19755858038036,700.0427506735698,-1006.92081451416,32.100000000000001,-0.064849373366290514
116.21052604479141,700.24307819719502,-1007.479429245,32.520000000000003,-0.064613496264331147
116.22349833655687,700.5037553346508,-1007.479429245,32.140000000000001,-0.064461906957815049
116.23647068006298,700.50654932990687,-1008.64815711975,32.100000000000001,-0.064457639430912761
116.24944086703952,700.39009673387079,-1011.43193244934,32.100000000000001,-0.064688842329459817
116.26241751118644,700.73878393321934,-1011.43193244934,32.450000000000003,-0.064999005860303952
116.27539854082841,700.97560066588835,-1009.6333026886,32.450000000000003,-0.065297461632270987
116.28836756468638,700.32728833122815,-1008.9476108551,32.490000000000002,-0.065361623548303549
116.30132865574565,699.89891719992261,-1011.0919475555399,32.490000000000002,-0.065296315069584748
116.31429518469501,700.19256326595769,-1011.0919475555399,32.530000000000001,-0.065223536349925185
116.32726498258643,700.36908613620506,-1008.9073181152301,32.530000000000001,-0.065408836429298983
116.34023724744694,700.50230246745002,-1006.69527053833,32.090000000000003,-0.065673549348875801
116.35321343731599,700.71425292868093,-1007.0161819458,32.090000000000003,-0.065972362127978953
116.36619729921237,701.12854240501633,-1008.49366188049,32.119999999999997,-0.066217323765326117
116.37918022564688,701.07802746278708,-1008.49366188049,32.119999999999997,-0.066313660806795294
116.39215741513453,700.7682323340141,-1006.96659088135,32.509999999999998,-0.066290769932476915
116.40513352635799,700.71000606622408,-1005.9380531311,32.119999999999997,-0.066218018116849506
116.4181178694383,701.15452633721145,-1006.3998699188199,32.490000000000002,-0.066221810670300557
116.43110765558158,701.44845173736974,-1006.3998699188199,32.490000000000002,-0.066431038495505551
116.44409488886544,701.31059732750339,-1005.2351951599099,32.119999999999997,-0.066748857497400893
116.45707554183954,700.95526060202235,-1004.08124923706,32.43,-0.067105609923494625
116.47006312592218,701.32954046244129,-1004.62937355042,32.359999999999999,-0.067237869112150211
116.48303839274571,700.66440847078741,-1005.02610206604,32.359999999999999,-0.067196459405681697
116.49600657944944,700.28208200141978,-1005.02610206604,32.159999999999997,-0.067033221324362069
116.50897657705679,700.37987079664106,-1005.20324707031,32.159999999999997,-0.066926527974675937
116.52195828242475,701.01208986943629,-1004.91809844971,32.299999999999997,-0.066961545704727343
116.53494394384325,701.22571659921459,-1004.81700897217,32.210000000000001,-0.067202020436184062
116.5479230042544,700.86926220198472,-1003.3938884735099,32.280000000000001,-0.067457351833306256
116.56089875847162,700.69072773033815,-1002.94589996338,32.280000000000001,-0.067638130858522549
116.57387268729504,700.59215646431608,-1003.66020202637,32.240000000000002,-0.067594628780952168
116.58683924935799,700.19435140005839,-1003.66020202637,32.240000000000002,-0.067419707774933516
116.59979841154448,699.7947580697961,-1004.47916984558,32.25,-0.067203440185413882
116.61276008726786,699.93048906217393,-1004.55188751221,32.25,-0.067168136850813853
116.62572929325194,700.33712314022932,-1004.55188751221,32.229999999999997,-0.067328705141863204
116.63869858305436,700.34164933131331,-1003.39841842651,32.280000000000001,-0.067602177667290445
116.65166089621728,699.96491079749796,-1004.04024124146,32.240000000000002,-0.067781920855259414
116.66461484817154,699.51340553012642,-1001.78241729736,32.240000000000002,-0.067833441619459839
116.67757045063715,699.60253314285603,-1001.78241729736,32.310000000000002,-0.06783078942004872
116.69052577370614,699.58744572565843,-999.46260452270496,32.210000000000001,-0.067808914723078637
116.70347851701105,699.4481384650793,-998.12579154968296,32.32,-0.06777582690098885
116.71644229855811,700.04420354077047,-1001.9896030426,32.189999999999998,-0.067819239985010785
116.72941775992462,700.67491379160424,-1001.17897987366,32.280000000000001,-0.067883888258539457
116.74239091575181,700.55041466905959,-998.80433082580601,32.280000000000001,-0.067881941795714398
116.75535435270984,700.02559573318842,-998.80433082580601,32.32,-0.067763658654789408
116.76831857508279,700.06800813918835,-997.17020988464401,32.32,-0.067497968880715728
116.78128377327536,700.12070239870673,-995.49174308776901,32.310000000000002,-0.067185310440237692
116.79424393508157,699.84873753558531,-995.49174308776901,32.310000000000002,-0.066996110188434418
116.80720442906053,699.86667486432759,-995.54777145385697,32.159999999999997,-0.066885193809485322
116.82016624862101,699.93825626555122,-995.56255340576195,32.159999999999997,-0.066874509469952298
116.83312902951356,699.99016819716473,-995.56875228881802,32.119999999999997,-0.066890686542435795
116.84608930204439,699.85471666531805,-996.01006507873501,32.119999999999997,-0.066740237589348966
116.85903818760487,699.23982026528211,-996.01006507873501,32.159999999999997,-0.066480584855733479
116.87199119685432,699.46249947066065,-996.59800529480003,32.159999999999997,-0.066228660030225747
116.8849522827395,699.89863779984739,-997.17783927917503,32.490000000000002,-0.066087993068373263
116.89791362111727,699.91227239930834,-995.82481384277298,32.490000000000002,-0.066134578858180165
116.91087389985675,699.85505193221786,-994.09866333007801,32.450000000000003,-0.066306420290652715
116.92383525789624,699.91333413278448,-994.55165863037098,32.450000000000003,-0.066474647157178199
116.9367989939124,700.04174487287014,-995.21756172180199,32.399999999999999,-0.066521199834306641
116.9497574224235,699.75513959859609,-995.21756172180199,32.399999999999999,-0.066334960153433278
116.96270971145064,699.42360746603708,-995.01776695251499,32.119999999999997,-0.066047362568591492
116.97567177108641,699.95122033121254,-994.437694549561,32.119999999999997,-0.065837931923332899
116.9886327907445,699.89506153714217,-994.437694549561,32.140000000000001,-0.065864669158454209
117.00159704623084,700.06979626229702,-994.45343017578102,32.140000000000001,-0.066049958888761071
117.01455875506781,699.93227719627453,-993.71933937072697,32.159999999999997,-0.0661982523477785
117.02751694868023,699.74245507041019,-993.04771423339798,32.159999999999997,-0.066243453572109465
117.04046891277896,699.40606133147526,-993.04771423339798,32.350000000000001,-0.066134568510843442
117.05341773935443,699.23663507584547,-991.920948028564,32.350000000000001,-0.065835797123326253
117.0663653893605,699.17310032753835,-992.07186698913597,32.5,-0.065585386214366909
117.07932713751971,699.93440059727493,-995.54681777954102,32.5,-0.065450410668660058
117.09229625864934,700.33254099988051,-995.11837959289505,32.490000000000002,-0.065582144176255672
117.10526188525061,700.14383646882106,-995.11837959289505,32.490000000000002,-0.065836782256527074
117.1182198449975,699.72982633210484,-993.74341964721702,32.119999999999997,-0.066059194505483351
117.13118020962459,699.85968986244723,-991.91594123840298,32.119999999999997,-0.066081588673544009
117.14413783202596,699.71160967473509,-991.43052101135197,32.530000000000001,-0.065960424641962764
117.15708835981735,699.32850073456666,-993.48807334899902,32.140000000000001,-0.065768379717217273
117.17004030529014,699.4050555307756,-995.41950225830101,32.189999999999998,-0.065638940367122284
117.18300209173712,699.9364681369467,-995.74875831604004,32.189999999999998,-0.065732242332074017
117.19596514478275,700.00486446414982,-994.98772621154797,32.579999999999998,-0.065997969358737918
117.20892433284072,699.79615513062811,-994.98772621154797,32.579999999999998,-0.066278774497670431
117.22188014950993,699.6141001366932,-994.31920051574696,32.189999999999998,-0.066460906009847928
117.23484412560006,700.05470886708338,-993.61443519592297,32.520000000000003,-0.066437206954956543
117.24781102500863,700.21256806292388,-995.70465087890602,32.490000000000002,-0.066372426226541159
117.26077636600363,700.12841372976345,-995.70465087890602,32.490000000000002,-0.066287311621532674
117.27374622805308,700.37255067075682,-998.06475639343296,32.25,-0.066335799379985752
117.28672120202722,700.64859460350146,-996.75512313842796,32.25,-0.066532142874152558
117.29969489077779,700.57919253055877,-996.75512313842796,32.32,-0.066797692949715312
117.31266091991607,700.16557346711124,-995.89061737060501,32.280000000000001,-0.066937901492979998
117.32562347315306,699.97787479720716,-995.036840438843,32.210000000000001,-0.066887717694023255
117.33859070990621,700.23078467082951,-996.70720100402798,32.280000000000001,-0.066756973456181548
117.35156074062837,700.38165899669377,-996.70720100402798,32.189999999999998,-0.066670765065338991
117.36452774455181,700.21821186530087,-996.59156799316395,32.189999999999998,-0.066696445767725335
117.37749731996043,700.35707206487473,-996.58417701721203,32.170000000000002,-0.066839110934277107
117.39047102216173,700.57991887072728,-997.21598625183105,32.170000000000002,-0.067044157119667755
117.40343591405315,700.10416213629242,-997.21598625183105,32.380000000000003,-0.067236202044107921
117.41639410145558,699.74211973206241,-998.46768379211403,32.100000000000001,-0.067341160028505195
117.42935499176424,699.88807666716582,-999.44734573364303,32.450000000000003,-0.06730146706118309
117.44232300875927,700.2729177317143,-1000.0524520874,32.450000000000003,-0.067208048163163947
117.45529324126804,700.39255547321909,-999.83119964599598,32.5,-0.06717342262491853
117.46826433059269,700.43882353100753,-999.14097785949696,32.5,-0.067296814587625708
117.48123098992596,700.19960399726278,-998.81124496459995,32.539999999999999,-0.067689110420963261
117.49419866233207,700.25430992962822,-999.02057647705101,32.539999999999999,-0.068115360205957459
117.5071568631877,699.74284620413459,-998.46172332763695,32.119999999999997,-0.068369110424669768
117.52010377951848,699.13348186183441,-998.46172332763695,32.119999999999997,-0.068412254461347424
117.53305118944935,699.16013626737322,-998.27027320861805,32.100000000000001,-0.068299318146317456
117.54600740244824,699.63550193953142,-996.68073654174805,32.100000000000001,-0.068232232911232732
117.55896483651487,699.70143959883421,-996.86360359191895,32.100000000000001,-0.068223533323823138
117.57191622215804,699.37482473062767,-996.86360359191895,32.100000000000001,-0.068285395907974278
117.58487906099998,699.99329746481669,-998.88229370117199,32.390000000000001,-0.068395089150932856
117.5978457855271,700.20312446459127,-999.489784240723,32.390000000000001,-0.068441696672019561
117.61080601977037,699.85264913663821,-999.40729141235295,32.369999999999997,-0.068462451713287131
117.62376602635554,699.84035559928088,-998.68083000183105,32.369999999999997,-0.068387341581501185
117.63672864478525,699.98139520407972,-997.82752990722702,32.369999999999997,-0.068264300417182039
117.64969013838274,699.9206542641648,-1000.47159194946,32.369999999999997,-0.068272568491664451
117.66264958721118,699.81023673613413,-1000.39625167847,32.100000000000001,-0.068332435977067882
117.67560287585674,699.47758686037832,-1000.39625167847,32.100000000000001,-0.068388071117694474
117.68855704201601,699.52497260090752,-1000.06914138794,32.359999999999999,-0.068389766124950416
117.7015196935581,699.98318327222819,-1000.57721138,32.119999999999997,-0.068327107775992199
117.71447591897528,699.63617252829113,-999.87435340881302,32.07,-0.068270596158156713
117.72742549888768,699.27731526952959,-999.87435340881302,32.07,-0.068188495933669144
117.7403838942864,699.7533515304475,-998.22711944580101,32.460000000000001,-0.068050921998345726
117.75334686351357,700.00033826756965,-999.21131134033203,32.460000000000001,-0.067986402039486679
117.76630374499503,699.67159999836281,-999.21131134033203,32.450000000000003,-0.067956111290005075
117.7792602632605,699.65198633512114,-999.58109855651901,32.450000000000003,-0.067983124818435783
117.79222456427904,700.0722550016452,-998.67582321167004,32.520000000000003,-0.067882804820958098
117.80519125569268,700.20133633598664,-999.72963333129906,32.520000000000003,-0.067690914083600465
117.81815946102091,700.28308772517539,-997.30396270751896,32.100000000000001,-0.067577986045849553
117.83112315150609,700.03928619947396,-997.30396270751896,32.100000000000001,-0.067640251169041613
117.84408774433824,700.08801293615454,-995.05805969238304,32.119999999999997,-0.067763265428209041
117.85705366999755,700.15998560300682,-997.88594245910599,32.119999999999997,-0.067870764889428295
117.87001783442223,700.06487893199233,-997.88594245910599,32.140000000000001,-0.067772403773187828
117.88297980299377,699.94630286350798,-1000.50830841064,32.140000000000001,-0.067643432152716287
117.89594599459753,700.17434660309209,-1001.47199630737,32.560000000000002,-0.067510804575424174
117.90892220309262,700.71525873487656,-998.421669006348,32.560000000000002,-0.067376626862546501
117.92189673003212,700.6244547326877,-999.31454658508301,32.560000000000002,-0.067236828100013191
117.93486967786305,700.53918287067438,-998.371362686157,32.560000000000002,-0.067261831006960912
117.9478423907938,700.52649826004847,-998.371362686157,32.590000000000003,-0.067405286761699865
117.96081706674569,700.63250140209232,-995.37754058837902,32.590000000000003,-0.067565206230586192
117.97378550594067,700.29571652943264,-995.37754058837902,32.159999999999997,-0.067441112671611833
117.98674599991853,699.86667480387155,-995.30220031738304,32.159999999999997,-0.067169599027421784
117.99971360816679,700.25084540606838,-995.30220031738304,32.159999999999997,-0.066965465536750521
118.01268366475922,700.38305599157366,-996.59276008606003,32.159999999999997,-0.066949104269134543
118.02564849145679,700.10064166896404,-997.27368354797397,32.140000000000001,-0.067067574708700936
118.0386124934173,700.05610586745945,-997.27368354797397,32.140000000000001,-0.067232075250185611
118.05158347305311,700.4329003340514,-997.43342399597202,32.560000000000002,-0.067439930927105485
118.06456143553821,700.80997419522259,-992.70582199096702,32.560000000000002,-0.067696092235164498
118.07753891787659,700.78404627274801,-992.36488342285202,32.549999999999997,-0.067744321293508228
118.09051573793953,700.74828339837666,-992.36488342285202,32.549999999999997,-0.067714187833498501
118.10349834565436,701.06081660062102,-994.18616294860794,32.560000000000002,-0.067636449303333568
118.11648010276296,701.01488386469248,-995.91946601867699,32.560000000000002,-0.067752907052885988
118.12945353074204,700.56511087009278,-993.99328231811501,32.159999999999997,-0.068022890222916188
118.14242174331483,700.28347893034788,-993.99328231811501,32.159999999999997,-0.068312468420783881
118.15539278710858,700.4363648631072,-992.88344383239701,32.189999999999998,-0.06846531915146932
118.16836279816921,700.38059727420955,-993.76034736633301,32.189999999999998,-0.068471627309125913
118.18132544971242,699.98318333268435,-993.76034736633301,32.240000000000002,-0.0683067097433874
118.19429205627037,700.19675412968593,-994.03500556945801,32.240000000000002,-0.06819503278328333
118.2072621583939,700.38551467046602,-993.69573593139603,32.310000000000002,-0.068013174458870757
118.22023294969507,700.42273026364626,-995.08357048034702,32.310000000000002,-0.067987321978949855
118.23320108362348,700.27923213384315,-996.77252769470203,32.210000000000001,-0.068111446582478793
118.24617303700866,700.48548279946453,-996.77252769470203,32.210000000000001,-0.068302338735586429
118.25914847354079,700.67357273499692,-995.51510810852005,32.390000000000001,-0.068456732356706504
118.27212161591481,700.5496881969874,-993.25966835021995,32.140000000000001,-0.068508751896713405
118.28509001578766,700.29359313392831,-993.25966835021995,32.439999999999998,-0.068447818565605556
118.29805675273086,700.203794932439,-994.18354034423805,32.439999999999998,-0.068507430452780127
118.31102684864574,700.38517940356621,-993.90888214111305,32.509999999999998,-0.068663021342668495
118.32399187713092,700.11153820044933,-993.23844909668003,32.509999999999998,-0.068867272800876234
118.33695131250497,699.80951019810982,-993.23844909668003,32.549999999999997,-0.069023267261831917
118.34991145568647,699.84773180083766,-994.90642547607399,32.549999999999997,-0.069111824656372459
118.36287542453205,700.05431766191089,-994.90642547607399,32.119999999999997,-0.069195741993935758
118.37583812781479,699.98597726748449,-991.20807647705101,32.119999999999997,-0.069216535322771472
118.38879730241977,699.79542866954773,-991.20807647705101,32.560000000000002,-0.06915928485465371
118.40176216223216,700.10242986901642,-990.55242538452103,32.119999999999997,-0.069239315473075838
118.41473296595063,700.42340079744611,-991.17708206176803,32.189999999999998,-0.069337527577530589
118.42769709829628,700.06314666471656,-994.77791786193802,32.189999999999998,-0.069420267310193975
118.44065550714696,699.75407793656791,-994.32206153869595,32.539999999999999,-0.069406758992901038
118.45361440959876,699.78073239706669,-994.32206153869595,32.539999999999999,-0.069382177251645583
118.46657003069141,699.60353900401162,-993.826866149902,32.609999999999999,-0.069368731023360039
118.47951714156416,699.14398712769139,-995.53465843200695,32.609999999999999,-0.069364711849026817
118.4924532742136,698.5511630697896,-996.187925338745,32.579999999999998,-0.069296573184512503
118.50539257646419,698.72232153223899,-996.187925338745,32.579999999999998,-0.069315255515187926
118.51833614106792,698.95248860137576,-994.65274810791004,32.189999999999998,-0.069386144685834789
118.5312793083075,698.93103093720879,-993.43991279602005,32.189999999999998,-0.069493516865428581
118.54422322991847,698.97176699222155,-993.06082725524902,32.210000000000001,-0.069474992859406531
118.55717012658772,699.1324201393503,-993.06082725524902,32.210000000000001,-0.069332793355677449
118.57012743751234,699.69478992980555,-993.36290359497104,32.57,-0.069314750532261826
118.58308746996921,699.84175267110481,-994.13943290710404,32.189999999999998,-0.069356342364110507
118.59604098006301,699.48954506488383,-993.60013008117699,32.579999999999998,-0.069392417660958827
118.60900007705676,699.79123766292355,-993.31426620483398,32.579999999999998,-0.069363755690730042
118.62195966144452,699.81755693896241,-994.38214302063,32.560000000000002,-0.069172385459440905
118.63491361339878,699.51340553012642,-994.01259422302201,32.560000000000002,-0.068987285096713549
118.6478634985791,699.29379973656739,-994.01259422302201,32.170000000000002,-0.068842290590026819
118.66081613840382,699.44255053502297,-993.97397041320801,32.450000000000003,-0.068651854784736885
118.67376717428397,699.35593752846637,-992.86794662475597,32.229999999999997,-0.068582526097928281
118.68671579182963,699.22534746559575,-994.35400962829601,32.229999999999997,-0.068571128778592089
118.69966237702344,699.11560046586874,-994.35400962829601,32.280000000000001,-0.068609163993385777
118.7126119176136,699.27519186852919,-995.12314796447697,32.280000000000001,-0.068513864858509133
118.72556670154937,699.55833253130743,-995.12314796447697,32.329999999999998,-0.068192636179353075
118.73851973149502,699.46361706546543,-997.26295471191395,32.329999999999998,-0.067874934109914492
118.75147296840126,699.47479293657011,-997.38860130310104,32.159999999999997,-0.067675456197123771
118.7644338131778,699.8856179333136,-997.14207649231003,32.159999999999997,-0.067629850365729785
118.77739725013582,700.02559573318842,-998.71635437011696,32.420000000000002,-0.067655065406718312
118.79035404779881,699.66707380178275,-996.65379524231003,32.100000000000001,-0.067605747737735533
118.80330437483826,699.3176601303619,-995.96762657165505,32.07,-0.067582565048186688
118.816258489258,699.52217866610727,-995.96762657165505,32.07,-0.067478596335884197
118.8292041317458,699.06469434045084,-997.11585044860794,32.439999999999998,-0.067168007500759172
118.84214665016422,698.89599459536566,-1000.81372261047,32.439999999999998,-0.06679344197920313
118.85509364410369,699.13767273105873,-1000.5509853363,32.479999999999997,-0.066563162123628172
118.86804676511234,699.46853446721809,-1000.5509853363,32.479999999999997,-0.066677889683290317
118.88100537471485,699.76491853527671,-999.62806701660202,32.539999999999999,-0.067034726961799393
118.89396484216924,699.81124253683379,-998.09312820434604,32.539999999999999,-0.067189412398149934
118.90692496568768,699.84666999591354,-998.196840286255,32.159999999999997,-0.067129171349627384
118.91989183301733,700.21083580114396,-998.196840286255,32.159999999999997,-0.06691272991322797
118.93285513338147,700.01821966353555,-998.70657920837402,32.560000000000002,-0.066661121737434104
118.94581782941977,699.98558606780807,-1000.05149841309,32.189999999999998,-0.06651787397672243
118.95878320870243,700.13048126393937,-1002.44164466858,32.240000000000002,-0.066496081028353429
118.97175332427894,700.3862411315464,-1002.44164466858,32.240000000000002,-0.066699636064878332
118.98472199733823,700.3083452017861,-1004.14729118347,32.420000000000002,-0.067071817400203834
118.99768067834322,699.76877426950489,-1002.86960601807,32.420000000000002,-0.067324455207143183
119.0106368913419,699.63550192853938,-1002.00819969177,32.350000000000001,-0.06735694698086879
119.0236003738309,700.0280544065846,-1002.71081924438,32.350000000000001,-0.06716469716682627
119.03656572000008,700.12869313533486,-1005.02800941467,32.310000000000002,-0.067016472004953628
119.04953176259144,700.16629993368758,-1006.8564414978,32.310000000000002,-0.06704932182140394
119.06250169604196,700.3764063280413,-1005.13672828674,32.229999999999997,-0.067166025853874892
119.07548188024934,700.929947198131,-1003.01957130432,32.229999999999997,-0.067333632873243163
119.088463922963,701.03030653779797,-1003.01957130432,32.25,-0.067587755620910864
119.10143672799019,700.53147146816957,-1002.46071815491,32.299999999999997,-0.067664164428133236
119.11440668731109,700.37780332841737,-1002.0079612731899,32.240000000000002,-0.0676930519849787
119.12738340285927,700.74263960149574,-1002.19988822937,32.280000000000001,-0.067570948352203231
119.14035932678274,700.69989186813973,-1002.2926330566401,32.140000000000001,-0.067454590978717449
119.15333490508273,700.68122819922905,-1003.6940574646,32.140000000000001,-0.067527821907707841
119.1663098211087,700.64546540180152,-1004.16994094849,32.159999999999997,-0.067738272869615812
119.17929108461607,700.98822939869774,-1004.16994094849,32.159999999999997,-0.067932104898979939
119.19227275066056,701.00996640248388,-1002.93803215027,32.119999999999997,-0.068060876801481915
119.20524632144318,700.57282226160555,-1002.35414505005,32.119999999999997,-0.068008048046127617
119.21822090633208,700.62758400033977,-1001.82747840881,32.469999999999999,-0.067992778495000503
119.23120038997776,700.89211686652789,-1001.99937820435,32.469999999999999,-0.067966649721668423
119.24417971115928,700.88334380199478,-1003.56793403625,32.539999999999999,-0.068026189174229118
119.25715578306058,700.70788267071964,-1004.65106964111,32.539999999999999,-0.068200161266491227
119.27013531844702,700.89491086727992,-1005.77807426453,32.549999999999997,-0.068347757268949677
119.28311050041732,700.6598263963906,-1005.77807426453,32.549999999999997,-0.06850298597620158
119.296079920605,700.34869013406637,-1006.72888755798,32.140000000000001,-0.068560503422929076
119.30904514466671,700.12209933313079,-1004.21404838562,32.140000000000001,-0.068525060389614562
119.32200760063206,699.97262212855469,-1002.51364707947,32.170000000000002,-0.068614338006971837
119.33497006280615,699.97295740095058,-1002.51364707947,32.170000000000002,-0.068726001514092944
119.3479254117444,699.58884266557845,-1002.89368629456,32.5,-0.068874221502297231
119.36088417035808,699.77296513872921,-1003.5259723663301,32.229999999999997,-0.068987210591024251
119.37384070828517,699.65304806310132,-1003.02886962891,32.43,-0.068945176899115224
119.38679918853823,699.75793366530036,-1002.02870368958,32.43,-0.068883292584193165
119.39975466061851,699.595492334607,-1002.90131568909,32.359999999999999,-0.068833403703466925
119.41271004784453,699.59091020525022,-1004.31537628174,32.359999999999999,-0.06880346271749721
119.42567713662109,700.2227939342016,-1002.6435852050799,32.240000000000002,-0.06891916609403205
119.43865004512958,700.53705945868205,-1001.4102458953899,32.240000000000002,-0.0690957583064781
119.45161842534081,700.29253140594813,-1001.4102458953899,32.329999999999998,-0.069346025378744972
119.46458629332466,700.2648711282618,-1001.7716884613,32.329999999999998,-0.06947860121660554
119.47755000967899,700.04068313389803,-1001.7716884613,32.140000000000001,-0.069294799531960827
119.49051313412721,700.00872020387408,-1002.64978408813,32.399999999999999,-0.069125158091197
119.50347593468159,699.99122993613685,-1003.54838371277,32.450000000000003,-0.068974638771518396
119.51644098903573,700.11293512388136,-1004.84442710876,32.450000000000003,-0.068989652725637979
119.52940778496422,700.20698013836363,-1003.2794475555399,32.100000000000001,-0.069194330523104544
119.54237977767164,700.48760620046494,-1001.35540962219,32.100000000000001,-0.069411078260558007
119.55534509176178,700.12696086805886,-1001.35540962219,32.079999999999998,-0.069619554818697027
119.56830306496055,699.73055273272928,-1001.3489723205601,32.079999999999998,-0.069656656640535677
119.58125890749992,699.61549712607723,-1001.93190574646,32.119999999999997,-0.069339420231782453
119.59421898548767,699.84421133900503,-1001.93190574646,32.119999999999997,-0.069001944113652902
119.60717584834319,699.67059419766315,-1001.09624862671,32.539999999999999,-0.068727553718107695
119.6201314756445,699.60387427091143,-999.70388412475597,32.539999999999999,-0.068669605793430941
119.63309282126538,699.91266352753689,-999.70388412475597,32.159999999999997,-0.06878652299430997
119.64604734443087,699.54425093679345,-1000.33855438232,32.57,-0.068777762352769167
119.6590022256395,699.5635852659118,-1002.23088264465,32.210000000000001,-0.068646229596390829
119.67195335775561,699.3611342698382,-997.69616127014206,32.469999999999999,-0.068421093746555514
119.68490653050502,699.47132846797012,-996.06442451477005,32.189999999999998,-0.068139911939977177
119.69786560783837,699.79017600089526,-997.03454971313499,32.189999999999998,-0.067995140950256577
119.71082656954685,699.89193225849829,-997.03454971313499,32.229999999999997,-0.067802549649777694
119.72378686898284,699.85616954351076,-998.68083000183105,32.229999999999997,-0.067816412903741963
119.73675039079511,700.03017786254509,-997.01690673828102,32.280000000000001,-0.067852525455012483
119.74971268429508,699.96384899806981,-997.01690673828102,32.280000000000001,-0.067857402480005047
119.7626702673729,699.70948620228671,-996.23656272888195,32.170000000000002,-0.06770300678780955
119.77562303654808,699.44953545995952,-995.51534652709995,32.170000000000002,-0.067412620409979515
119.7885840313716,699.89372046954293,-996.89197540283203,32.140000000000001,-0.067155270112568596
119.80154701301606,700.00100880136949,-996.89197540283203,32.140000000000001,-0.067054468930957831
119.81450499345803,699.73094386645369,-998.25453758239701,32.329999999999998,-0.067061319324944954
119.82746251858768,699.70635700058688,-997.478246688843,32.140000000000001,-0.067187743260660654
119.84042286251977,699.85857233359445,-995.81980705261196,32.359999999999999,-0.067231490586680515
119.85337892650749,699.62745533607881,-995.34678459167503,32.359999999999999,-0.067180601052359054
119.86632930528769,699.32045413111405,-997.11680412292503,32.380000000000003,-0.067092426534619512
119.87928237972956,699.46601986104508,-996.19722366332996,32.380000000000003,-0.066976186094506479
119.89224319242719,699.88388567153379,-996.19722366332996,32.32,-0.066942199029153604
119.9052085127271,700.1272961954146,-996.55795097351097,32.32,-0.067078262154083773
119.91817174168895,700.01436394029906,-998.39496612548805,32.159999999999997,-0.067123301947911551
119.9311353214494,700.03330706424515,-998.78907203674305,32.159999999999997,-0.06726265367427349
119.94409949932715,700.06560539856878,-998.78907203674305,32.170000000000002,-0.067247035396037325
119.95706398867902,700.08242500060237,-997.43509292602505,32.170000000000002,-0.067193004198958822
119.97002307325559,699.79056713461978,-996.15216255188,32.240000000000002,-0.067127700894519055
119.98298059114201,699.70596586686224,-997.11227416992199,32.240000000000002,-0.067074912496892347
119.99594763335311,700.22027939947668,-997.11227416992199,32.259999999999998,-0.067040533241056577
120.00891331790247,700.14696566502516,-997.95031547546398,32.259999999999998,-0.067113761065418498
120.02187599531482,699.98458026710841,-997.51758575439396,32.350000000000001,-0.06718037753478226
120.03483748270365,699.92031899726499,-995.60451507568405,32.210000000000001,-0.067247899455546531
120.04780834540742,700.42658600337074,-995.60451507568405,32.189999999999998,-0.067247599363342334
120.06077416034201,700.154006467778,-996.63019180297795,32.189999999999998,-0.067154576794903581
120.07373836305435,700.06694646616813,-996.99068069457996,32.579999999999998,-0.067085003894318096
120.08670258025312,700.06772873361717,-999.71270561218296,32.579999999999998,-0.066979403297014767
120.09966567883086,700.00732319800215,-1000.59533119202,32.549999999999997,-0.066952144519727461
120.11262827138886,699.97999813225567,-1000.59533119202,32.549999999999997,-0.06702437582877746
120.12558456820742,699.64002820206349,-1001.21331214905,32.119999999999997,-0.067072206487381353
120.13853765610247,699.4667463331175,-1002.40516662598,32.509999999999998,-0.067108446318445342
120.15149418057659,699.65232160202095,-1004.31752204895,32.119999999999997,-0.067062208221481998
120.16444482633591,699.33487100351988,-1004.31752204895,32.119999999999997,-0.067059125543816309
120.177393464579,699.22646512635254,-1004.68778610229,32.549999999999997,-0.067200131920927955
120.19034557148025,699.41377266802783,-999.844789505005,32.140000000000001,-0.067356425441145451
120.20330618860002,699.87332446740413,-1002.9537677764901,32.549999999999997,-0.067535478414958328
120.21626042616046,699.52882826368784,-1002.9537677764901,32.140000000000001,-0.067660710256388298
120.22921368272711,699.47585459859829,-1004.06837463379,32.560000000000002,-0.067646240608046235
120.24217144896548,699.71937687261664,-1002.4197101593001,32.560000000000002,-0.067624462146416806
120.25513016929261,699.77089766500956,-1002.4197101593001,32.57,-0.067505401869575182
120.26808128174821,699.36007260231395,-1002.8874874115,32.57,-0.067325843912123762
120.28103104999504,699.28748532894258,-1003.34143638611,32.590000000000003,-0.067152317820037291
120.29398177957404,699.33939726605206,-1003.77225875854,32.590000000000003,-0.066953433884942445
120.30694020187659,699.75480433719224,-1003.6461353302,32.159999999999997,-0.066938849372471063
120.3198961996371,699.62387906787774,-1003.6461353302,32.159999999999997,-0.066950087332074151
120.33285058724451,699.53693079991706,-1004.74786758423,32.240000000000002,-0.067007827262418287
120.34580800164942,699.70037786535806,-1005.20062446594,32.240000000000002,-0.067099942308381108
120.35876701482472,699.78671146634349,-1005.20062446594,32.25,-0.067090474896599431
120.37171457376789,699.16818293128176,-1005.59401512146,32.25,-0.067051615979820553
120.38465944429262,699.02300833507525,-1006.7634582519501,32.259999999999998,-0.067017444719538743
120.39760754961111,699.19768719890135,-1006.56938552856,32.259999999999998,-0.067050797450994834
120.41056272884209,699.57967847281702,-1006.56938552856,32.189999999999998,-0.067200188835045652
120.42351457600735,699.39974692385044,-1007.03001022339,32.189999999999998,-0.067254550133294316
120.43646553945187,699.35202600435741,-1007.54547119141,32.090000000000003,-0.067288078780873617
120.44942344849268,699.72708820367336,-1009.3104839325,32.090000000000003,-0.067304664601553224
120.46237969978026,699.63756952866709,-1009.3104839325,32.460000000000001,-0.067279527171187806
120.47533086501107,699.36292246439484,-1008.43548774719,32.460000000000001,-0.067306132987011005
120.48828115272829,699.3155367293615,-1008.09764862061,32.520000000000003,-0.067285006451257082
120.50124032836794,699.79548454186829,-1007.6968669891399,32.520000000000003,-0.067186937149839976
120.5142063637161,700.16590879996295,-1008.48960876465,32.549999999999997,-0.067139229633051578
120.52716902664201,699.98379799965937,-1008.48960876465,32.549999999999997,-0.066950937939923502
120.54012836474564,699.80425759540935,-1006.9975852966299,32.159999999999997,-0.066826711926571317
120.55309436801365,700.16417647223102,-1006.46138191223,32.159999999999997,-0.066648130821581206
120.56606251435933,700.27990266764277,-1007.6961517334,32.170000000000002,-0.066456102455261387
120.57903009570245,700.24939252787578,-1008.9325904846201,32.170000000000002,-0.066342215156315429
120.59199053794198,699.86388093502342,-1008.9325904846201,32.560000000000002,-0.066386815160954737
120.60496136132218,700.42446253092226,-1008.76259803772,32.229999999999997,-0.066401227894059556
120.61793556333458,700.60690866957373,-1006.9286823272701,32.380000000000003,-0.066415917956571258
120.63090649640363,700.43038572787839,-1008.82744789124,32.380000000000003,-0.066356679630480253
120.64386966120865,700.0108994716993,-1012.50290870667,32.210000000000001,-0.066213146265627076
120.65683910726669,700.35008713444245,-1011.38520240784,32.210000000000001,-0.066119312411681522
120.66980925492091,700.38797332737443,-1012.8543376922599,32.229999999999997,-0.066096504321858165
120.68277827878032,700.32728840817208,-1012.86864280701,32.229999999999997,-0.066191260186240566
120.69574359287036,700.1269608625629,-1012.20917701721,32.280000000000001,-0.066351289343246966
120.70871314965191,700.35606620371925,-1012.00294494629,32.280000000000001,-0.066473986952802294
120.72168787734324,700.63529533139649,-1011.2612247467,32.329999999999998,-0.06654469089313518
120.73465519895187,700.23536686613829,-1011.2612247467,32.329999999999998,-0.066460131977745529
120.74761701126913,699.93786513182681,-1009.71627235413,32.420000000000002,-0.066371488695099262
120.76058322874194,700.17574353202019,-1007.96246528625,32.420000000000002,-0.066283394892814859
120.77355583922717,700.52096620231282,-1007.96246528625,32.119999999999997,-0.066218038813151373
120.78652886466801,700.54337380585071,-1008.25023651123,32.119999999999997,-0.066114876211974913
120.79950344334816,700.62724872794377,-1008.96024703979,32.469999999999999,-0.066080405893143734
120.81248726592354,701.12641906996794,-1007.53355026245,32.119999999999997,-0.066077056237478962
120.82547125717039,701.13552732995277,-1006.59704208374,32.140000000000001,-0.066139673193324561
120.83844901890366,700.7991335965138,-1006.59704208374,32.140000000000001,-0.066197653196617828
120.8514261763123,700.76650006673833,-1007.2979927063,32.560000000000002,-0.066219154330265248
120.86440749155922,700.99102333349788,-1008.75568389893,32.560000000000002,-0.066308096671155559
120.87739241930375,701.18609820495874,-1008.75568389893,32.539999999999999,-0.066347677881724812
120.89037474141362,701.04539393301161,-1011.1274719238299,32.539999999999999,-0.066343582131542872
120.90335347068761,700.8513807950269,-1011.64960861206,32.539999999999999,-0.066366487492499043
120.91633670859875,701.09484720222065,-1009.92059707642,32.539999999999999,-0.066409324191719826
120.92931591905676,700.87736473271798,-1009.27472114563,32.210000000000001,-0.066459281369692633
120.94229281672972,700.75247433904883,-1008.71586799622,32.210000000000001,-0.066509272695627161
120.95526798628272,700.65915586259098,-1008.71586799622,32.280000000000001,-0.066583603620624585
120.96825046464821,701.05383173614075,-1005.5034160614,32.280000000000001,-0.066682929173153341
120.98122944744945,700.86507126680851,-1006.22844696045,32.399999999999999,-0.066852436090397704
120.99420329762837,700.58790966231516,-1006.22844696045,32.399999999999999,-0.067019660232252531
121.00717314725922,700.37188006550912,-1007.67183303833,32.119999999999997,-0.067073919085191128
121.02014858275678,700.67351686817233,-1006.352186203,32.119999999999997,-0.067105349152716959
121.03312030951975,700.47324520037955,-1004.44889068604,32.119999999999997,-0.067222002478698736
121.04608752040376,700.22938773640544,-1002.39491462708,32.119999999999997,-0.067403206807687036
121.05905937030865,700.47989486391225,-1002.39491462708,32.170000000000002,-0.067571112885604676
121.07203425425681,700.64373320047753,-1004.59051132202,32.170000000000002,-0.067663598391788357
121.08500618798034,700.48442107148423,-1005.7544708252,32.509999999999998,-0.067656741787221156
121.09797358202471,700.23927839574321,-1005.7544708252,32.509999999999998,-0.067734109858691896
121.11094010372965,700.19217206628116,-1004.86278533936,32.380000000000003,-0.067742628355495701
121.12390865985688,700.30203087110533,-1002.17008590698,32.380000000000003,-0.067731891240840739
121.13687180500121,700.00983779318301,-1004.18567657471,32.170000000000002,-0.067733093682157838
121.14983654063589,700.09572427270734,-1004.18567657471,32.170000000000002,-0.067824650968851277
121.16280145943215,700.10561499799712,-1004.27579879761,32.369999999999997,-0.068042203784081254
121.17576906664441,700.25078946229985,-1001.53064727783,32.369999999999997,-0.068230342326326091
121.18873125666551,699.95826113946146,-1001.53064727783,32.119999999999997,-0.068236121700431557
121.20168386958518,699.44109766232634,-1000.79035758972,32.380000000000003,-0.068223439156097465
121.21463400829131,699.30749013140485,-1001.2571811676,32.450000000000003,-0.068187662917289629
121.22759010435804,699.62918760335481,-1000.51832199097,32.450000000000003,-0.068242417440999112
121.2405455112456,699.59197192773456,-1000.51832199097,32.119999999999997,-0.068273264914568615
121.25350354342842,699.73373787270179,-999.586582183838,32.119999999999997,-0.068282346344411923
121.26646486835311,699.911545932732,-1000.21028518677,32.119999999999997,-0.068395722450055249
121.27942633711601,699.91931319656533,-998.23999404907204,32.119999999999997,-0.068546374223908121
121.29238705150742,699.87857713605649,-998.23999404907204,32.469999999999999,-0.068564675747331313
121.30534569422352,699.7667066693773,-997.82896041870094,32.090000000000003,-0.068556095162436131
121.31830556525192,699.83303553385247,-997.82896041870094,32.530000000000001,-0.068477999625847538
121.33126636449626,699.8831591939653,-997.24030494689896,32.530000000000001,-0.06853611622322682
121.34422968348643,700.01922546973105,-996.23703956604004,32.530000000000001,-0.068576216903359979
121.35719244471856,699.98910653513644,-996.49930000305199,32.530000000000001,-0.068577286890502812
121.37016012436789,700.25470106335274,-996.92988395690895,32.560000000000002,-0.068584113484780926
121.3831326365469,700.51565766683575,-995.62859535217297,32.560000000000002,-0.068623935802870129
121.39610029653582,700.25363940132456,-994.04835700988804,32.159999999999997,-0.068683381088722933
121.40905986126052,699.81649513403818,-994.04835700988804,32.159999999999997,-0.068707657563393407
121.42202108891478,699.90629333003153,-993.45350265502896,32.590000000000003,-0.068600827620740809
121.43497945844311,699.75195453007154,-993.90959739685104,32.159999999999997,-0.068443278885000278
121.44793514576175,699.60711520626069,-994.20189857482899,32.159999999999997,-0.068306684906664888
121.46088714193951,699.40779359875103,-994.20189857482899,32.159999999999997,-0.068157012056450542
121.47384563460996,699.75860420459594,-994.92692947387695,32.57,-0.068024061619882267
121.48680462812352,699.78564973286723,-993.35622787475597,32.57,-0.068011892337483559
121.49976258166167,699.72949105970906,-993.35622787475597,32.560000000000002,-0.068114018067554322
121.51271742458151,699.56151767128006,-993.59369277954102,32.560000000000002,-0.068237256879480027
121.52567633324206,699.78106766946257,-993.22795867919899,32.57,-0.068216117925924621
121.53863671028765,699.86036046219897,-993.13068389892601,32.57,-0.068045237825620761
121.55159280531971,699.62913173103402,-991.776943206787,32.140000000000001,-0.067862029083592207
121.56454423752955,699.37733933130471,-992.60520935058605,32.140000000000001,-0.067813380931445885
121.57749924808772,699.57057014138434,-992.60520935058605,32.189999999999998,-0.067842993885590647
121.59045574669268,699.65092466759688,-993.31736564636196,32.189999999999998,-0.067908460688657482
121.60340636554695,699.33341813082325,-994.01378631591797,32.189999999999998,-0.067973495977881132
121.61635531526424,699.24328473388198,-994.01378631591797,32.189999999999998,-0.068063432764229256
121.62930941002216,699.52111692713515,-993.94273757934604,32.520000000000003,-0.06806614601705914
121.6422655712815,699.63270800473117,-992.30408668518101,32.520000000000003,-0.067930864170400035
121.65522298568652,699.70037787085403,-992.38109588623001,32.539999999999999,-0.067688122184457078
121.66818424024572,699.90774619723231,-994.81916427612305,32.539999999999999,-0.0675239031106626
121.68115490737031,700.41602472779323,-994.81916427612305,32.210000000000001,-0.067520557591245589
121.69412276811116,700.26448000552932,-995.55802345275902,32.490000000000002,-0.067544915817061596
121.70708669866919,700.05225013323115,-993.263721466064,32.170000000000002,-0.067469287249163012
121.72004616612347,699.81124253133771,-992.60306358337402,32.170000000000002,-0.067332617731381703
121.73300942819994,700.01615212935974,-993.48568916320801,32.259999999999998,-0.067163868289849618
121.74597236431362,699.99855013896513,-996.84190750122104,32.259999999999998,-0.067135357401565982
121.75893242988276,699.84354073375732,-996.40369415283203,32.32,-0.067112190233632865
121.77189550983456,700.0063173973025,-996.40369415283203,32.32,-0.067194464306526883
121.78486301977651,700.24553686509535,-996.06084823608398,32.159999999999997,-0.067355934944450024
121.79782932106798,700.18026973959218,-997.21860885620094,32.159999999999997,-0.067463726218965972
121.81078978296793,699.86494259705159,-996.60849571228005,32.119999999999997,-0.067432573478913266
121.82374435890866,699.54710079887411,-997.58315086364701,32.119999999999997,-0.067329653020540031
121.8367076261593,700.01643153493092,-997.58315086364701,32.079999999999998,-0.067239363367171109
121.8496706274654,700.00207052934968,-998.79097938537598,32.079999999999998,-0.067343938475378048
121.86263025117407,699.81968026851484,-999.47357177734398,32.490000000000002,-0.067491404090971888
121.87559201175189,699.93507120252264,-999.47357177734398,32.490000000000002,-0.067614435942830467
121.8885589960136,700.21715013182472,-998.83723258972202,32.530000000000001,-0.067756689256557659
121.90152326495313,700.07052273436932,-997.61581420898403,32.530000000000001,-0.067853060447006341
121.91448236815675,699.79157299577537,-996.77681922912598,32.560000000000002,-0.067855753004653921
121.92743802857044,699.60566233906002,-996.77681922912598,32.560000000000002,-0.067709912028401154
121.94039723628892,699.79721679815236,-997.97749519348099,32.189999999999998,-0.067583543971825213
121.95335860778027,699.91406053340881,-999.716758728027,32.189999999999998,-0.067684561427184986
121.96631703525802,699.7550837977235,-1000.7183551788301,32.189999999999998,-0.067896964027927262
121.97927535925434,699.74949580171517,-1000.7183551788301,32.189999999999998,-0.068167433556267809
121.99223827674209,699.99754433826558,-1000.47135353088,32.240000000000002,-0.068358509905016809
122.005196321342,699.73440839550949,-999.21059608459495,32.240000000000002,-0.068389396700928834
122.01814508893463,699.23345000182485,-1000.0479221344,32.32,-0.068368594058513005
122.03110201698276,699.67411459903963,-1001.4305114746099,32.32,-0.068410769518685299
122.04406720068768,700.11992006530579,-1001.4305114746099,32.170000000000002,-0.068487687450577525
122.05703139201607,700.06633173324121,-1000.88286399841,32.170000000000002,-0.068668219156981347
122.06999137894205,699.83929400320449,-1000.72145462036,32.350000000000001,-0.06891168550494034
122.08295360104076,699.95999332979352,-1001.96671485901,32.119999999999997,-0.069146825827692854
122.09591955153465,700.16132667060629,-1001.0302066803,32.460000000000001,-0.069326183033621674
122.1088812282926,699.93054492899864,-997.92170524597202,32.460000000000001,-0.069398336732557464
122.12184030562595,699.79017600089526,-997.59674072265602,32.57,-0.069402595980857587
122.13480301511733,699.98631253438441,-997.59674072265602,32.57,-0.069469244529244981
122.14777224697168,700.33852013510921,-999.36485290527298,32.57,-0.06956471130266044
122.16073785391112,700.14277472984872,-998.67272377014206,32.57,-0.069579188194016067
122.173697119579,699.80034606580443,-999.60494041442905,32.210000000000001,-0.069543402641933455
122.18666249886166,700.13048126393937,-999.60494041442905,32.210000000000001,-0.069533176719665121
122.19963105498891,700.30203087110533,-998.18468093872104,32.159999999999997,-0.069601648589876303
122.21259477755311,700.04101846674985,-998.93856048583996,32.159999999999997,-0.069713482840062929
122.22555811102963,700.02000773168402,-999.54271316528298,32.189999999999998,-0.0697314697825068
122.23852204779752,700.05258546608297,-999.54271316528298,32.189999999999998,-0.069781156877444933
122.25149302743333,700.4329003340514,-1000.49304962158,32.479999999999997,-0.06989664398023078
122.26446561722348,700.51984866796397,-1000.98848342896,32.479999999999997,-0.070022290779419169
122.27743210788395,700.19049566582999,-1001.38354301453,32.43,-0.069975792946859655
122.29039962403455,700.24587213199516,-1001.38354301453,32.43,-0.069849267601422488
122.30336900489998,700.34656673306597,-1004.5759677887,32.189999999999998,-0.069760649153870286
122.31633552143093,700.19189267170213,-1004.3449401855499,32.450000000000003,-0.069845270157860198
122.32929728925177,699.93546232525523,-1002.10666656494,32.210000000000001,-0.06995037197966239
122.34225778943959,699.86701014221944,-1000.56862831116,32.210000000000001,-0.069884724086498651
122.35522195386416,700.06487892649636,-999.84383583068802,32.25,-0.069786195333144257
122.36818363683085,699.93088020139442,-1002.76875495911,32.25,-0.069697171241820857
122.3811453911988,699.93473586967093,-999.94516372680698,32.189999999999998,-0.069583827214692265
122.39411152381859,700.17116146861542,-999.96256828308105,32.189999999999998,-0.069484332989562761
122.40708642742716,700.64479486250571,-999.96256828308105,32.409999999999997,-0.069501233390102127
122.42006171287785,700.66541433743896,-999.83525276184105,32.409999999999997,-0.069632006601728316
122.43303000306055,700.28766986552421,-996.84095382690396,32.240000000000002,-0.069881177817492812
122.44600262596428,700.52163680206434,-996.44446372985794,32.359999999999999,-0.069986405886247854
122.45898129728897,700.84825153287102,-997.81227111816395,32.359999999999999,-0.069981257740901803
122.47195488773333,700.5738839950817,-998.33154678344704,32.359999999999999,-0.069904476404215141
122.48492523096549,700.39853453699982,-998.33154678344704,32.240000000000002,-0.069769462570431262
122.49790370671232,700.83769032874136,-1000.34689903259,32.240000000000002,-0.069736458567203757
122.51088843887901,701.17553700082919,-1000.34689903259,32.229999999999997,-0.069725888056923896
122.52387039777288,701.02578026976994,-997.34640121459995,32.229999999999997,-0.069796195666760361
122.53684899769753,700.84439593054663,-997.34640121459995,32.259999999999998,-0.069915279746466122
122.54982434834074,700.66893473331947,-996.95396423339798,32.259999999999998,-0.069924999649710856
122.5627984199679,700.59986786682066,-996.34218215942406,32.359999999999999,-0.06981341168284988
122.57576891841978,700.40691640185639,-996.80662155151401,32.359999999999999,-0.069592973837662553
122.58873765046417,700.31153039671869,-996.80662155151401,32.240000000000002,-0.069405722121082897
122.60170992256911,700.50269366712655,-996.36411666870094,32.329999999999998,-0.069386631043025573
122.61468890537036,700.86507126680851,-996.27590179443405,32.310000000000002,-0.069460584264279687
122.62765957249515,700.41602473878515,-996.06180191040005,32.310000000000002,-0.069416418878112063
122.64063041553698,700.42552425890256,-996.57893180847202,32.259999999999998,-0.069410567067866052
122.65360179150237,700.45430213139366,-996.57893180847202,32.259999999999998,-0.06935185545730406
122.66657645400251,700.63177500696384,-995.62430381774902,32.229999999999997,-0.069260304380376475
122.67954512706169,700.30834519629013,-995.17798423767101,32.229999999999997,-0.069162847680660333
122.6925135207259,700.29325786702839,-996.03748321533203,32.259999999999998,-0.069044492103798372
122.7054882618704,700.63602180346879,-994.90070343017601,32.259999999999998,-0.068998868680323885
122.71846215758022,700.59036833021548,-994.90070343017601,32.210000000000001,-0.069126659589129683
122.73143235076675,700.39043207221869,-995.03135681152298,32.210000000000001,-0.069215041067648794
122.74440143981735,700.33080873260451,-994.54784393310501,32.189999999999998,-0.069270131902294307
122.75737282820005,700.45497266519351,-994.87042427063,32.189999999999998,-0.069304304196943389
122.77034385957651,700.43569432930747,-994.87042427063,32.170000000000002,-0.069340047322462114
122.7833092129889,700.12908426905926,-994.32063102722202,32.170000000000002,-0.069319737246799351
122.79627096735808,699.93473593562283,-994.32063102722202,32.32,-0.069320638561036096
122.80923411767535,700.01011713280218,-995.94879150390602,32.32,-0.069259233358255706
122.82219599621969,699.94144139453192,-995.92852592468296,32.280000000000001,-0.069258666286627552
122.83515504768278,699.78877900601526,-994.79436874389603,32.280000000000001,-0.069219984320644495
122.84811215061235,699.68355819737235,-994.79436874389603,32.159999999999997,-0.06916015926221207
122.86107283913461,699.87718020163243,-994.68874931335404,32.329999999999998,-0.069081540115537146
122.87403156566916,699.77123286595724,-994.44365501403797,32.170000000000002,-0.069099111068094451
122.88698742787037,699.61655886504946,-992.30074882507301,32.170000000000002,-0.069136448825311378
122.89994076308271,699.4801014665511,-992.30074882507301,32.159999999999997,-0.069243511598611973
122.91289687777537,699.63019340405424,-993.10755729675304,32.159999999999997,-0.069328543419328995
122.92584749766534,699.33347405810389,-993.07155609130905,32.140000000000001,-0.069400704362296117
122.93879415426052,699.1194561396411,-993.75820159912098,32.140000000000001,-0.069396482366484422
122.95173867295188,699.00400933331264,-993.75820159912098,32.450000000000003,-0.069385093325852173
122.96468638194079,699.17628540155897,-993.65329742431595,32.450000000000003,-0.069343031693711712
122.977637390916,699.35448466126559,-992.70296096801803,32.119999999999997,-0.069402673590971811
122.99058739302836,699.30011406724793,-993.29042434692406,32.520000000000003,-0.069442868439237748
123.00353672562348,699.26396013609587,-993.64471435546898,32.539999999999999,-0.069585072083387475
123.01649156854452,699.56151773723195,-993.64471435546898,32.539999999999999,-0.069721470483461515
123.02944998360375,699.75441319797176,-994.98844146728504,32.159999999999997,-0.069811149603660444
123.04240146031,699.37974213787629,-995.63646316528298,32.159999999999997,-0.069901601722001605
123.0553544312717,699.46043193098888,-995.68724632263195,32.140000000000001,-0.070014251395571242
123.06830959808528,699.57900793352132,-995.81933021545399,32.140000000000001,-0.070085930120139778
123.08126073641105,699.3614695916981,-995.81933021545399,32.159999999999997,-0.070113347221978692
123.09420310581739,698.88794794244905,-995.08357048034702,32.159999999999997,-0.069998471687340774
123.10714557870371,698.89353586151333,-995.08357048034702,32.560000000000002,-0.069888225859697173
123.12009167547038,699.08922539994921,-995.55182456970203,32.560000000000002,-0.069740197310351373
123.13303492859878,698.93566893339016,-996.38056755065895,32.560000000000002,-0.069647830807699887
123.14597727109997,698.88649506425634,-994.48823928832996,32.560000000000002,-0.069593278069880277
123.15892458996795,699.15521887111674,-994.48823928832996,32.520000000000003,-0.069606063058913772
123.17187659338892,699.40818473247566,-995.16487121581997,32.520000000000003,-0.069573492638874676
123.18482819944565,699.38672706281261,-995.16487121581997,32.189999999999998,-0.069568436591603749
123.19777619507531,699.19176400194522,-993.81661415100098,32.189999999999998,-0.069490284140185016
123.21072995145303,699.50284439744485,-993.05844306945801,32.539999999999999,-0.069410013448915536
123.22369115323703,699.90489633515142,-993.05844306945801,32.210000000000001,-0.069396867312935956
123.23664606755803,699.5653733340605,-994.86303329467796,32.210000000000001,-0.069432251361973354
123.24959784332222,699.39589126656608,-997.178554534912,32.210000000000001,-0.069526942032211006
123.26255206122225,699.52776660165966,-996.69122695922795,32.490000000000002,-0.069632121465145191
123.27550533745062,699.47691633207444,-997.02525138855003,32.490000000000002,-0.069672992039504542
123.28845597596673,699.33447986979547,-997.54118919372604,32.450000000000003,-0.069621706174686673
123.30140576387407,699.28854699646683,-996.43874168395996,32.450000000000003,-0.06949715005802698
123.31435852063207,699.44886493165563,-996.43874168395996,32.350000000000001,-0.069358715165990847
123.32731820953336,699.82320066989132,-994.81916427612305,32.350000000000001,-0.069261410583299571
123.34027492855188,699.66282699978183,-996.01578712463402,32.280000000000001,-0.069230202999797499
123.35323448085929,699.81582460023844,-997.20859527587902,32.280000000000001,-0.069163607226226706
123.36619485066166,699.85996932847445,-997.26676940918003,32.259999999999998,-0.069143845595540779
123.37915372724329,699.77933540768265,-997.26676940918003,32.259999999999998,-0.069090823332186344
123.39211042763465,699.66182113313027,-997.22981452941895,32.280000000000001,-0.069031098650532988
123.40506546406309,699.57196713626422,-999.74584579467796,32.280000000000001,-0.068964680863957295
123.41802572417531,699.85404606007023,-1000.22149085999,32.189999999999998,-0.068852440970203044
123.43098773828029,699.94876166880829,-1000.22149085999,32.189999999999998,-0.068793839051221578
123.44394427620739,699.65304806310132,-1000.11682510376,32.159999999999997,-0.06877745398226813
123.45690311967532,699.7775472680861,-1001.16682052612,32.159999999999997,-0.068824646166249268
123.4698678884247,700.09751246726398,-999.88079071044899,32.100000000000001,-0.068874578509636894
123.48283407381849,700.17401126474431,-999.88079071044899,32.100000000000001,-0.068798271111423531
123.49580044030371,700.18379020142481,-1000.42915344238,32.460000000000001,-0.068703536979644056
123.50876472786918,700.07152853506886,-997.98679351806595,32.460000000000001,-0.068694063359114307
123.52174078114322,700.70687679857224,-996.79517745971702,32.469999999999999,-0.06866232492017145
123.53472150551728,700.95911619885067,-998.37303161621105,32.469999999999999,-0.068650093549172481
123.54769392663462,700.51074033653117,-998.37303161621105,32.439999999999998,-0.068575579466564937
123.56066636120251,700.51146666570753,-1001.34968757629,32.439999999999998,-0.068507365260365605
123.57364596178155,700.89843126865628,-1002.00700759888,32.090000000000003,-0.068460566302455964
123.58662778925553,701.01868359469609,-1000.73456764221,32.090000000000003,-0.068472823541491382
123.59960315438639,700.66971706672052,-1000.7643699646,32.119999999999997,-0.068457328404358253
123.6125767251679,700.57282220114951,-1002.79569625854,32.119999999999997,-0.068535005879781299
123.62555149839143,700.63775407074479,-1002.79569625854,32.119999999999997,-0.068632912718363512
123.63852696700248,700.67530499677684,-1004.83798980713,32.119999999999997,-0.068718606813412283
123.65149582218766,700.31817999979523,-1004.34899330139,32.5,-0.068689980026632055
123.66446396232472,700.27956740074285,-1004.16898727417,32.5,-0.068676228530641967
123.67743586397046,700.48268887016036,-1004.16898727417,32.469999999999999,-0.068672776429361787
123.69041257330989,700.74230432909974,-1004.84132766724,32.469999999999999,-0.068774714858857347
123.70338277270363,700.39076726217456,-1005.7806968689,32.490000000000002,-0.068814068411530954
123.71634815198649,700.13048127493141,-1004.02140617371,32.490000000000002,-0.068792191643383654
123.72931611724199,700.27012379691428,-1003.53693962097,32.119999999999997,-0.068787736817941716
123.74228254891972,700.18731059730533,-1003.53693962097,32.119999999999997,-0.068793063983632358
123.75524443988147,699.94211193382762,-1002.30264663696,32.479999999999997,-0.068722688075327998
123.76820876056173,700.07331673512158,-1001.25885009766,32.100000000000001,-0.068626411052706768
123.78117489318031,700.17116140266353,-1002.85959243774,32.090000000000003,-0.068524821350218479
123.79414221478893,700.23536686613829,-1001.65891647339,32.090000000000003,-0.068628352342881255
123.80710977647043,700.2483307998956,-998.73948097229004,32.5,-0.068769087600351858
123.82007268774809,699.99720899442173,-998.61598014831497,32.5,-0.06888857628701886
123.83304077614571,700.27677347143879,-1001.35087966919,32.509999999999998,-0.068933446374692828
123.84600877347901,700.27185599823815,-1001.35087966919,32.509999999999998,-0.069004041659949791
123.85897326283209,700.08242506655438,-1002.16460227966,32.5,-0.069029219449060555
123.87194440389628,700.44161746580778,-1004.01282310486,32.5,-0.069146125266200051
123.88492130157034,700.75247439950488,-1004.01282310486,32.140000000000001,-0.069266440760294937
123.89789535353587,700.59880613884047,-1001.84059143066,32.140000000000001,-0.069480972984831052
123.91086600824318,700.41535419399338,-1001.84059143066,32.140000000000001,-0.069735358572112729
123.92383127680243,700.12450220015842,-1000.8647441864,32.140000000000001,-0.069837926162345618
123.9367984235284,700.22592320185367,-1000.8647441864,32.079999999999998,-0.069744726642296834
123.94976531051978,700.21189753462022,-1002.22969055176,32.079999999999998,-0.06971337729073504
123.96272735670246,699.9504938646362,-1003.97539138794,32.509999999999998,-0.069711385294376718
123.9756902938506,699.99860600029376,-1000.12874603271,32.509999999999998,-0.06990013437152176
123.98866016210739,700.37288586620878,-1000.62298774719,32.539999999999999,-0.070031525359331506
124.00162532718647,700.1189142701021,-1000.30732154846,32.539999999999999,-0.070032652260388475
124.01458395645061,699.76598026325678,-1001.79314613342,32.490000000000002,-0.069943591952572368
124.02754456011739,699.87259800632387,-1000.5786418914799,32.490000000000002,-0.069861954284345218
124.04051588434315,700.45150819109745,-996.88601493835404,32.100000000000001,-0.069689951423099694
124.05348450566291,700.30555126698596,-996.88601493835404,32.100000000000001,-0.069623958939787109
124.06645124260743,700.20379500388685,-998.304843902588,32.119999999999997,-0.069706201966294554
124.07941777776544,700.19289853285761,-999.20439720153797,32.119999999999997,-0.069988319236394467
124.09238351405565,700.14975967127316,-999.20439720153797,32.090000000000003,-0.070247257956551942
124.10534664574577,700.00911126615063,-997.52712249755905,32.090000000000003,-0.070317932921675458
124.11830215714816,699.59761573011144,-997.65515327453602,32.509999999999998,-0.070147048681052732
124.1312599875444,699.72284139617636,-997.62487411499001,32.509999999999998,-0.069979153986365741
124.14422495083697,700.10801779907274,-998.93856048583996,32.520000000000003,-0.06992903331088543
124.1571879459333,700.00173520199371,-998.45385551452603,32.520000000000003,-0.070031171457230992
124.17014557557781,699.71200080296376,-998.46482276916504,32.090000000000003,-0.070147222528746722
124.18310208659994,699.65159519590054,-999.04894828796398,32.479999999999997,-0.070361899624851468
124.19605625275933,699.52497260640348,-998.379945755005,32.079999999999998,-0.070482366200280838
124.20900970490494,699.48641586318377,-998.379945755005,32.079999999999998,-0.07044386842993916
124.22195750495675,699.18120279781567,-997.25961685180698,32.119999999999997,-0.070212047754699664
124.23491100159757,699.48881860380345,-997.392177581787,32.119999999999997,-0.069993048284477472
124.24787064496788,699.82074199649514,-998.10409545898403,32.140000000000001,-0.069986558000728269
124.26082758543329,699.67478513283947,-997.77412414550804,32.140000000000001,-0.070154809702246038
124.2737771777642,699.27798586928134,-997.77412414550804,32.520000000000003,-0.07021353787011414
124.28672744064693,699.31419566725799,-997.07198143005405,32.520000000000003,-0.07012952222582941
124.29968420519634,699.66528566768216,-995.688438415527,32.549999999999997,-0.069929213366207943
124.31263651388399,699.42466913356134,-994.72069740295399,32.549999999999997,-0.069797203564895813
124.32558852351362,699.40851999937547,-994.102001190186,32.590000000000003,-0.069636982968522027
124.33855264240617,700.0624201981401,-994.76599693298294,32.590000000000003,-0.06952910477010818
124.35152503765313,700.50934333615498,-994.77672576904297,32.159999999999997,-0.069503766588118382
124.36449632876419,700.44971999654103,-994.77672576904297,32.159999999999997,-0.069562903501129272
124.37746622910122,700.37461819943667,-994.15206909179699,32.159999999999997,-0.069600113978145611
124.39043745605431,700.44625546748512,-993.99161338806096,32.159999999999997,-0.069502780420244964
124.40340858470242,700.44094699795994,-994.98558044433605,32.159999999999997,-0.069227652210311408
124.41637864750248,700.38339120351372,-996.04320526123001,32.159999999999997,-0.069033349346390008
124.42934002520371,699.91439586626075,-996.04320526123001,32.57,-0.06897494921258597
124.44230392989137,700.05085313285508,-997.43390083313,32.57,-0.068989316414294857
124.45526969929516,700.15154780537375,-997.55859375,32.560000000000002,-0.06903002349002714
124.46822841237775,699.77050645983707,-997.55859375,32.560000000000002,-0.068983878525607986
124.48118094147907,699.43657147124225,-996.939659118652,32.579999999999998,-0.068984774664955034
124.4941447820099,700.0473886642551,-996.89674377441395,32.579999999999998,-0.068996646958760247
124.50711103156173,700.17747579929619,-997.45106697082497,32.189999999999998,-0.068903304635673832
124.52007298047288,699.94524120147969,-997.73097038268997,32.189999999999998,-0.068807254233832979
124.53303421537035,699.90668446375594,-999.42469596862804,32.530000000000001,-0.068824483701277028
124.5459959045469,699.93121553424623,-998.51298332214401,32.189999999999998,-0.068891872134822854
124.55895567105934,699.82739167101954,-998.51298332214401,32.189999999999998,-0.068933198021309525
124.57191023354697,699.54637433229777,-1001.13248825073,32.189999999999998,-0.068743427593860276
124.58486083377531,699.33241233012359,-1000.22339820862,32.579999999999998,-0.068504348810194154
124.59781403860251,699.47306066929423,-999.93848800659202,32.579999999999998,-0.068404248190483297
124.61076894464563,699.5649263280153,-999.65524673461903,32.590000000000003,-0.068374664211547892
124.62372353403953,699.54782727094653,-998.81219863891602,32.590000000000003,-0.068315175465476372
124.63667359410118,699.30324332940404,-998.81219863891602,32.579999999999998,-0.068297760768125451
124.6496281245099,699.54464207051785,-1000.78082084656,32.579999999999998,-0.068229579676843691
124.66258086781481,699.4481384650793,-1003.02219390869,32.159999999999997,-0.068140668379795516
124.67552996757897,699.25138726461523,-1001.53589248657,32.159999999999997,-0.06792934197392636
124.68848413373824,699.52497260090752,-1001.0924339294399,32.240000000000002,-0.067745713102099495
124.7014457318519,699.92629813798976,-1000.53358078003,32.240000000000002,-0.067674541431837834
124.71440234118027,699.65690373137761,-1001.30248069763,32.259999999999998,-0.067792673491224781
124.7273566118543,699.53061639778844,-1001.30248069763,32.259999999999998,-0.06795909359119702
124.74030923822716,699.44182413439876,-1002.21920013428,32.350000000000001,-0.068095370920123882
124.75326279385185,699.49200373278416,-1003.06296348572,32.350000000000001,-0.068132329938721328
124.76621067772344,699.1857290658437,-1004.6248435974099,32.32,-0.068166467050328972
124.77915363800254,698.91985507160018,-1004.6248435974099,32.32,-0.068064587604499877
124.79209713016911,698.94857699482668,-1004.2862892150901,32.280000000000001,-0.068039263908028322
124.80504389127904,699.12509993652202,-1003.8378238678,32.280000000000001,-0.068040929940990896
124.81799214560984,699.20573386281001,-1003.8378238678,32.259999999999998,-0.068185491900790277
124.8309386459494,699.11101833651185,-1004.05144691467,32.259999999999998,-0.06835495432232909
124.84388859632101,699.29732006649579,-1005.42902946472,32.229999999999997,-0.068496937552919829
124.85685198153827,700.02280173243616,-1006.32643699646,32.259999999999998,-0.068435264336246429
124.86981519704938,700.01363760013078,-1007.24267959595,32.259999999999998,-0.068350706456343613
124.88277138417779,699.63410493365927,-1007.24267959595,32.259999999999998,-0.068219976705750363
124.89573042218899,699.78805260539082,-1005.53798675537,32.159999999999997,-0.068258143339943927
124.9086901110914,699.82320073034737,-1005.3768157959,32.159999999999997,-0.068272485708390757
124.92164188064696,699.39555599966627,-1006.60753250122,32.119999999999997,-0.068251248448928145
124.93458639312966,699.00367406641283,-1006.60753250122,32.119999999999997,-0.068175144907578325
124.94753510898144,699.23065599557663,-1007.41910934448,32.119999999999997,-0.068081116510349329
124.96049230193955,699.68841973779638,-1006.83426856995,32.119999999999997,-0.068056166378421781
124.97344855426057,699.63762533503575,-1006.26921653748,32.5,-0.068074448240521043
124.98640506528271,699.65159519590054,-1005.2757263183599,32.5,-0.068085361271604555
124.99936635192094,699.9094784645082,-1006.55126571655,32.549999999999997,-0.068276399332887192
125.01233165980244,700.12662560115882,-1006.55126571655,32.549999999999997,-0.068433237158373322
125.02529436929382,699.98631253438441,-1008.54754447937,32.140000000000001,-0.068481194061690953
125.03825605846916,699.93121546829434,-1009.16123390198,32.520000000000003,-0.068445149808074104
125.0512195606198,700.0291161345649,-1010.1318359375,32.090000000000003,-0.068405386473753133
125.0641917478704,700.49811153227392,-1009.41443443298,32.090000000000003,-0.068518812250297031
125.0771572575383,700.13752206669233,-1009.54580307007,32.07,-0.068718851026171396
125.090112287758,699.57163186386845,-1009.54580307007,32.07,-0.068799864706922467
125.10307113846925,699.77793840730646,-1008.91399383545,32.119999999999997,-0.068909760771155973
125.11603094947789,699.8297944665992,-1009.13405418396,32.119999999999997,-0.068929254386829328
125.12898919586543,699.745304926995,-1009.34147834778,32.420000000000002,-0.068862609979371464
125.14194511601491,699.61968807224548,-1009.34147834778,32.420000000000002,-0.068674951584856897
125.15491233414204,700.229778864634,-1010.32829284668,32.450000000000003,-0.068509403821978246
125.16789039493457,700.81528279665156,-1009.55533981323,32.450000000000003,-0.068527114473555376
125.18086918940116,700.85490119640338,-1009.48166847229,32.490000000000002,-0.068636921544138682
125.19384507296783,700.69771260031473,-1009.48166847229,32.490000000000002,-0.068693274838745669
125.20682434240993,700.88054987269061,-1008.74400138855,32.119999999999997,-0.068672212461853233
125.21981432413087,701.45901293050724,-1010.39218902588,32.119999999999997,-0.068562872086831456
125.23280494225554,701.49337873305478,-1012.7911567688,32.090000000000003,-0.068473614131510541
125.24579414994326,701.41721513652226,-1012.7911567688,32.090000000000003,-0.068461651810196741
125.25878220900118,701.35518912773637,-1012.0415687561,32.100000000000001,-0.068505956895078879
125.2717664154865,701.14715020710253,-1009.70506668091,32.100000000000001,-0.068649674454453871
125.28474108419496,700.63211025737576,-1008.93187522888,32.560000000000002,-0.068756361594883048
125.29770859413702,700.24553687059131,-1008.93187522888,32.560000000000002,-0.068801742874943631
125.31067707265434,700.29783993592923,-1009.2511177063,32.140000000000001,-0.068763267869333039
125.32365713371971,700.92329752910257,-1009.94277000427,32.57,-0.068672924405660682
125.33663890428028,701.01561027081277,-1009.3677043914799,32.539999999999999,-0.0686640861542092
125.34962208320745,701.09166206774398,-1009.3677043914799,32.539999999999999,-0.068703511109368509
125.36261163651979,701.43587886588898,-1009.13238525391,32.210000000000001,-0.068770600482736532
125.37559946791971,701.34289559587512,-1008.05425643921,32.210000000000001,-0.0688228921756322
125.38857944413213,700.91871547119376,-1008.05425643921,32.210000000000001,-0.068749311483028139
125.4015532104914,700.58338339978309,-1007.3993206024199,32.210000000000001,-0.068590814867287672
125.41453053036541,700.77527319722321,-1007.6310634613,32.259999999999998,-0.068400332497354083
125.42750806444191,700.78684013060422,-1008.23616981506,32.259999999999998,-0.068301175616815424
125.4404850273086,700.75599480088135,-1008.23616981506,32.25,-0.068286440024536224
125.45345460996052,700.35746320409532,-1005.71370124817,32.25,-0.068394998088446332
125.46642929212095,700.63283666349616,-1005.37967681885,32.240000000000002,-0.068469344534855939
125.47940019311228,700.42865353205048,-1007.96103477478,32.240000000000002,-0.068558852913210677
125.49236628744319,700.16909386848772,-1006.07299804688,32.119999999999997,-0.068457224923154245
125.50533459625315,700.28867573767172,-1006.07299804688,32.119999999999997,-0.068331408417099615
125.51831379429376,700.87669419342228,-1006.49809837341,32.420000000000002,-0.068279261597706351
125.53129808459886,701.15167647513067,-1005.11026382446,32.420000000000002,-0.06832348596682801
125.54427364427168,700.6802223325775,-1005.11026382446,32.530000000000001,-0.068455539229681964
125.55724045261726,700.20765066117144,-1003.22365760803,32.530000000000001,-0.068516228347216476
125.57021042435555,700.37847386771318,-1002.66480445862,32.159999999999997,-0.068485113895444358
125.58317269198636,699.96245206364574,-1004.74500656128,32.57,-0.068401452154277925
125.59612572193079,699.46361699951353,-1006.00695610046,32.189999999999998,-0.068179052321698241
125.60908201254071,699.63969293516368,-1006.00695610046,32.189999999999998,-0.068119169315595071
125.6220442346395,699.95999333528948,-1005.8491230011,32.509999999999998,-0.068207710152422399
125.63500618355187,699.94524126743158,-1001.81317329407,32.229999999999997,-0.068455736876779638
125.64796431300491,699.73899046441045,-1001.81317329407,32.229999999999997,-0.068686533097900682
125.660915496863,699.36392833654224,-1001.6491413116501,32.229999999999997,-0.068781889146895023
125.67387309339257,699.71021259741519,-1001.69944763184,32.350000000000001,-0.068658519949529595
125.68683525133456,699.95652886668961,-1000.56982040405,32.350000000000001,-0.068561924207543951
125.69980142327658,700.17328486961583,-999.53651428222702,32.310000000000002,-0.068500104049447827
125.71276731582098,700.15819739745837,-999.50265884399403,32.310000000000002,-0.068642020017871716
125.72574064032099,700.5595230004925,-999.43804740905796,32.369999999999997,-0.068830092333945422
125.73870998807293,700.34477860446134,-1000.17118453979,32.369999999999997,-0.069017792120860164
125.75166691612105,699.67411459903963,-1000.17118453979,32.259999999999998,-0.069107325334003641
125.76462022442846,699.47864859935044,-999.00078773498501,32.259999999999998,-0.069055607956360371
125.7775743129766,699.5207815997793,-999.00078773498501,32.280000000000001,-0.068899477935482387
125.79053146764693,699.68635219812461,-999.36127662658703,32.280000000000001,-0.06872914731482796
125.80349183227412,699.8596898679433,-1000.22459030151,32.259999999999998,-0.068622543993057519
125.81645408024441,699.96139039612149,-1000.22459030151,32.259999999999998,-0.068728712698290062
125.82942051812957,700.18764579825313,-999.41444396972702,32.189999999999998,-0.068970164283531199
125.84238487709752,700.07538426929727,-995.14269828796398,32.189999999999998,-0.069214817550479119
125.85534431868152,699.80984553645771,-994.83895301818802,32.140000000000001,-0.069313150727505934
125.86830174653952,699.7011043319344,-994.83895301818802,32.140000000000001,-0.069248956731431971
125.88126481924566,700.00592613167396,-996.56677246093705,32.119999999999997,-0.069126369844567534
125.8942205324358,699.60851226709281,-996.89817428588901,32.119999999999997,-0.069159116181747624
125.90717365240866,699.46847853444137,-995.74446678161598,32.329999999999998,-0.069294294548627608
125.92012595488767,699.4243338666613,-995.74446678161598,32.329999999999998,-0.069592437809571209
125.93307802246669,699.41164926702731,-995.48602104187,32.189999999999998,-0.06989462094155699
125.94602633578033,699.20891893683063,-996.26851081848099,32.390000000000001,-0.070017113660288621
125.95897421344327,699.18539379894389,-994.73142623901401,32.439999999999998,-0.069980668939215174
125.97193361570494,699.80772212996112,-994.73142623901401,32.439999999999998,-0.069848879550851353
125.98490366608762,700.38272066421791,-993.59321594238304,32.140000000000001,-0.069751961984567498
125.9978756846654,700.48900320084101,-993.08562278747604,32.140000000000001,-0.069826075600329093
126.01084506656541,700.34662259989057,-994.78507041931096,32.100000000000001,-0.069935690197381287
126.02381410284201,700.32795893647562,-996.39558792114303,32.100000000000001,-0.070032051039882595
126.03677943038402,700.1276872686833,-995.41211128234897,32.090000000000003,-0.06997701401391207
126.04973874158279,699.80280473370465,-992.68198013305698,32.090000000000003,-0.069796183248755334
126.06269245967295,699.500776868765,-992.68198013305698,32.43,-0.069564161821891443
126.07564699008269,699.54464212547782,-991.85252189636196,32.43,-0.069367989069568828
126.0886077241346,699.87963880358075,-993.41106414794899,32.479999999999997,-0.069362924743492177
126.10156440486544,699.66075946560602,-994.73071098327603,32.479999999999997,-0.069470567007341971
126.11451673321484,699.42573086703749,-994.73071098327603,32.479999999999997,-0.069713499396758374
126.12747534902599,699.76525380217652,-991.32704734802201,32.479999999999997,-0.069908907429948056
126.14044232707904,700.2168148649248,-991.32704734802201,32.119999999999997,-0.0698745478359451
126.15340966834819,700.23642853366243,-990.58198928832996,32.119999999999997,-0.069659837625126356
126.16637922409517,700.35601033689454,-992.97070503234897,32.119999999999997,-0.069458154547060322
126.17935737594937,700.82020012695614,-994.82464790344204,32.119999999999997,-0.06941594183429782
126.19233930793952,701.02432746852105,-992.09451675415005,32.090000000000003,-0.069580518951427681
126.20531299668897,700.57919247010284,-992.42234230041504,32.090000000000003,-0.069802147853887234
126.21828066909508,700.25430992962822,-993.455410003662,32.549999999999997,-0.069946849511993994
126.23124793275308,700.23223753253433,-993.455410003662,32.549999999999997,-0.069973041406054509
126.24421329237533,700.1294196019112,-994.25244331359897,32.579999999999998,-0.069863218814262593
126.25717563761606,699.96664299882195,-992.928028106689,32.579999999999998,-0.069676201996963699
126.2701286220296,699.46115833161321,-992.928028106689,32.600000000000001,-0.069577473525537961
126.28308770557283,699.79051133374719,-993.48688125610295,32.600000000000001,-0.069549636294714959
126.29604872005685,699.89478213706695,-994.67563629150402,32.159999999999997,-0.069563795501785902
126.30900623173341,699.70563053401042,-995.98503112793003,32.159999999999997,-0.06949331507831738
126.32196445225067,699.74390793211478,-995.72849273681595,32.170000000000002,-0.069437457455600815
126.3349330994408,700.30694826736203,-995.72849273681595,32.170000000000002,-0.069313320434779294
126.34790487690985,700.47598332881114,-996.11949920654297,32.159999999999997,-0.0691470514158362
126.36086763193211,699.98877120228451,-997.88451194763195,32.159999999999997,-0.06904702943999616
126.37382095990124,699.4797103328267,-997.46751785278298,32.509999999999998,-0.069031625365146024
126.38677582869136,699.56291466616005,-997.46751785278298,32.509999999999998,-0.06908640989822859
126.39972712948149,699.3702426672229,-997.43056297302201,32.420000000000002,-0.06919638357237276
126.41267081101726,698.95880293205641,-1000.22077560425,32.420000000000002,-0.069177368034168463
126.42561338738398,698.89912380256169,-1001.78503990173,32.280000000000001,-0.069054317556879879
126.43856090803949,699.16611539710607,-1001.67989730835,32.280000000000001,-0.068945096184372515
126.4515120856877,699.36359300369043,-1001.53017044067,32.259999999999998,-0.068888565938664367
126.46445923588401,699.14611060013976,-999.43566322326706,32.259999999999998,-0.068965722910868693
126.47740956292346,699.3176601303619,-999.43566322326706,32.299999999999997,-0.069194248773383898
126.49036819218759,699.76598026325678,-998.32725524902298,32.299999999999997,-0.069364692187499341
126.50332811495562,699.83582947414868,-998.32725524902298,32.310000000000002,-0.069398714436606099
126.51628487329506,699.66495032933437,-999.45569038391102,32.310000000000002,-0.069272495392019434
126.52924105318024,699.63371379993487,-1000.34332275391,32.189999999999998,-0.069104794205129036
126.54220163201244,699.87125693872429,-998.62360954284702,32.189999999999998,-0.069062442828426426
126.55516210632967,699.86561313085133,-997.18761444091797,32.329999999999998,-0.06915258864459399
126.56811823447534,699.63091986513462,-999.89199638366699,32.189999999999998,-0.069320028026237671
126.58107516873221,699.67444987143563,-1000.15354156494,32.159999999999997,-0.069528003740140995
126.59404176287399,700.19608365634224,-1000.15354156494,32.159999999999997,-0.069680679589884706
126.60700652437905,700.09712127308342,-999.54247474670399,32.390000000000001,-0.069710404300985879
126.61996660340128,699.84426720033366,-1000.92577934265,32.390000000000001,-0.069518690514220494
126.63293333310247,700.20340386466648,-1004.0431022644,32.43,-0.069304458383415243
126.64590099929872,700.25397459677629,-1004.0431022644,32.43,-0.069254442220656423
126.65886698290743,700.16311487065889,-1004.72855567932,32.43,-0.069486470893281874
126.67183347977655,700.1908309327298,-1000.7109642028799,32.43,-0.069798054172439825
126.68479913845675,700.14556873060087,-1000.7109642028799,32.119999999999997,-0.070055574178650756
126.69777184621361,700.52621887096529,-1001.11818313599,32.119999999999997,-0.070107159101509109
126.71074328012719,700.45743133309361,-1001.72758102417,32.140000000000001,-0.070063509046113179
126.72370667155442,700.02313707078406,-998.89683723449696,32.140000000000001,-0.069926488730350955
126.7366669834074,699.85684006082249,-998.86345863342297,32.100000000000001,-0.069907507341329722
126.74963650086671,700.35394280271885,-998.86345863342297,32.100000000000001,-0.070087246389590491
126.76260569339883,700.3363967341088,-999.82595443725597,32.579999999999998,-0.070339666886785113
126.77556832527908,699.98212153325608,-998.884677886963,32.579999999999998,-0.070605475662050096
126.78854062325441,700.50409066750251,-997.17807769775402,32.549999999999997,-0.070749606109329399
126.80151849467782,700.80505686491779,-997.17807769775402,32.549999999999997,-0.070778945874793248
126.81448837638759,700.37361232728915,-995.72277069091797,32.159999999999997,-0.070784537949544854
126.82745541239015,700.21994413807283,-995.71061134338402,32.509999999999998,-0.0708375757360417
126.8404224028605,700.21748539872453,-996.30069732666004,32.210000000000001,-0.070943793074448869
126.85339177751727,700.34623146616593,-997.58219718933105,32.210000000000001,-0.071103943305146897
126.86636486815064,700.54689420173122,-997.58219718933105,32.210000000000001,-0.071284154222535756
126.87933242362469,700.24799559894757,-999.08828735351597,32.210000000000001,-0.071428487491598885
126.89230055134323,700.27889680099122,-997.88451194763195,32.530000000000001,-0.071495525124212228
126.90527342052958,700.53493606317738,-997.06602096557594,32.189999999999998,-0.071535452993461326
126.91823715033578,700.04140953452247,-998.79670143127396,32.5,-0.071486697220708134
126.93119422015187,699.68177006876772,-1000.31208992004,32.5,-0.071495319198817714
126.9441547275827,699.86740126495204,-1000.31208992004,32.450000000000003,-0.071628664929683145
126.95712435473206,700.35986606562687,-1000.97441673279,32.450000000000003,-0.071727460663988163
126.97009166392229,700.23469627188251,-1001.05714797974,32.310000000000002,-0.071641799683246285
126.98305737434201,700.14836266540112,-1000.55646896362,32.310000000000002,-0.071500225199935652
126.99602465041853,700.23290813228596,-998.78191947937,32.25,-0.071406568297498349
127.00899065989641,700.16451180508295,-998.78191947937,32.25,-0.071404348645381699
127.02195459769877,700.05264132741161,-996.99902534484897,32.329999999999998,-0.071499047593712617
127.03491906118026,700.0810280002263,-996.46186828613304,32.329999999999998,-0.07155345235319778
127.04788943545677,700.40021093195514,-996.57177925109897,32.420000000000002,-0.071643020750705819
127.06086816576665,700.85143673329969,-996.57177925109897,32.420000000000002,-0.071773802240527068
127.0738470440518,700.85942739847962,-997.32351303100597,32.100000000000001,-0.071758132219704229
127.08682726137287,700.93173533772756,-996.36554718017601,32.100000000000001,-0.0717419572167695
127.09980761528895,700.9391114678366,-996.36554718017601,32.119999999999997,-0.071770678170868296
127.11279297764941,701.20956746502873,-997.103452682495,32.119999999999997,-0.071956790569301973
127.12577343607902,700.94475519876539,-995.72706222534202,32.079999999999998,-0.072124336534946126
127.1387521332754,700.84964860469495,-994.62914466857899,32.079999999999998,-0.072220635290272048
127.15173257721847,700.94397292582039,-995.89610099792503,32.530000000000001,-0.072213571725434175
127.1647150949062,701.05595513714115,-995.89610099792503,32.530000000000001,-0.072140520852071635
127.17769116059753,700.70754733237186,-996.20652198791504,32.520000000000003,-0.072016929172514454
127.1906610423074,700.37361233278511,-996.79923057556096,32.520000000000003,-0.071866114933384004
127.20363428816171,700.55527613253957,-995.19062042236305,32.549999999999997,-0.071663428097603177
127.21660480627533,700.40797813533266,-993.97563934326195,32.549999999999997,-0.071636212782264813
127.22957086749385,700.16730580033914,-993.97563934326195,32.119999999999997,-0.071619544177802627
127.2425349418901,700.06001739706448,-993.17145347595203,32.119999999999997,-0.071565433301061132
127.2555032113777,700.28655233117524,-993.76082420349098,32.140000000000001,-0.071374030990646598
127.26846851305066,700.12629033975497,-994.77362632751499,32.140000000000001,-0.071166752734625374
127.28143131981236,699.9915651315888,-994.49610710143997,32.170000000000002,-0.071021604040245462
127.29439424350865,699.99787959966943,-993.15381050109897,32.170000000000002,-0.071115791797614639
127.30735867387776,700.0792399320776,-992.26188659668003,32.57,-0.071252306095676385
127.32032183868147,700.01089940025122,-992.26188659668003,32.57,-0.071364923690425949
127.3332839821359,699.95574653878464,-992.36702919006302,32.57,-0.071420109726859068
127.34623960426293,699.60359485984429,-994.92478370666504,32.57,-0.071397025344845863
127.35919749260734,699.72597059787643,-993.73102188110295,32.539999999999999,-0.071296579100211768
127.37215382874813,699.64215160306401,-993.73102188110295,32.539999999999999,-0.071218636714099309
127.38510373979749,699.29519666549538,-993.32904815673805,32.210000000000001,-0.071193194015418682
127.39804988933959,699.09207527302192,-992.96689033508301,32.210000000000001,-0.071329867674536612
127.41100362709005,699.50183852529733,-992.96689033508301,32.210000000000001,-0.071553087068986179
127.42395515657154,699.38259199995707,-992.89417266845703,32.210000000000001,-0.071626157603469104
127.4369006562568,699.05698300389827,-990.96584320068405,32.460000000000001,-0.071486500609707945
127.44984761190869,699.13560520237888,-994.53926086425804,32.210000000000001,-0.071215362597575105
127.46279782201731,699.31134586563326,-994.53926086425804,32.369999999999997,-0.070967008877185059
127.4757539108395,699.6287963981822,-994.97938156127896,32.369999999999997,-0.070876916870404927
127.48870517334197,699.36817513304709,-995.064258575439,32.299999999999997,-0.070843102616852116
127.50165956715801,699.53726606681687,-994.42243576049805,32.299999999999997,-0.071001180136957984
127.51461524723334,699.60672406704032,-994.42243576049805,32.170000000000002,-0.071089213921208649
127.52756455395807,699.2625631357198,-995.47863006591797,32.170000000000002,-0.071067609306967899
127.54050503898763,698.78619159691016,-996.36268615722702,32.369999999999997,-0.070858480821528486
127.5534427362592,698.63565266435376,-993.82495880126896,32.369999999999997,-0.070600967025083394
127.56638948391728,699.12437353589758,-995.34034729003895,32.43,-0.070567164156186121
127.57933863542097,699.25418119941537,-995.34034729003895,32.43,-0.070691500892839876
127.59228609088395,699.16259500122544,-996.27375602722202,32.119999999999997,-0.070894021126891832
127.60524072477408,699.55023006652607,-996.32453918456997,32.530000000000001,-0.071048650682983064
127.61820356361601,699.99329746481669,-996.46377563476597,32.140000000000001,-0.071043260395953337
127.6311606665457,699.68355820286843,-995.42951583862305,32.140000000000001,-0.070989470308633909
127.64411323496915,699.43869486674669,-994.86255645751896,32.159999999999997,-0.07084715904509864
127.65707382621865,699.87192747252402,-998.016357421875,32.159999999999997,-0.07067230219560057
127.67003803617399,700.06733758890073,-998.016357421875,32.189999999999998,-0.070615141754991395
127.68299967981855,699.92875680588998,-997.68662452697697,32.189999999999998,-0.070754652842511326
127.69595921246545,699.81476293271419,-997.74217605590798,32.520000000000003,-0.071037395132317244
127.70891639300494,699.68774913254867,-995.54038047790505,32.520000000000003,-0.071279815293860196
127.72187175539638,699.58956913765087,-995.54038047790505,32.450000000000003,-0.071313551937298797
127.73481932779131,699.16890932641013,-997.97415733337402,32.450000000000003,-0.071257607390277242
127.74776265128651,698.93946874033793,-997.691869735718,32.310000000000002,-0.071274862728403943
127.76070768324071,699.03172552728756,-997.50781059265103,32.310000000000002,-0.071375885357635643
127.77366241543704,699.55553860200337,-997.50781059265103,32.32,-0.071492475560955213
127.78661419120135,699.39589127206204,-998.14271926879906,32.32,-0.07150418539029707
127.79956558305315,699.3751599975277,-1000.28204917908,32.43,-0.071546272891084645
127.81252258146787,699.67791439499547,-1000.99086761475,32.43,-0.071583992490735299
127.82548423235555,699.92914793411853,-998.74949455261196,32.549999999999997,-0.071583784494468908
127.83844563592592,699.91579280068481,-998.33083152770996,32.549999999999997,-0.071629010553792158
127.85140722783085,699.92596286559399,-998.40688705444302,32.159999999999997,-0.071722201795747648
127.86437314003707,700.15925913643048,-999.24945831298805,32.159999999999997,-0.07192834280398587
127.87733540042477,699.9620609354173,-999.13215637206997,32.189999999999998,-0.072084815345667491
127.890293094226,699.71546526606767,-999.13215637206997,32.189999999999998,-0.072003201477963588
127.90324791024078,699.56006479858331,-998.18992614746105,32.460000000000001,-0.071732547753778117
127.91620654674813,699.76637139698141,-1001.03425979614,32.210000000000001,-0.071493626261110527
127.92917267315927,700.17082620171561,-1001.3530254364,32.329999999999998,-0.071369650670181528
127.94214323680499,700.41043686918476,-1001.3530254364,32.329999999999998,-0.071453876379976078
127.95512064773958,700.78019046707175,-1001.41882896423,32.299999999999997,-0.071682831685462606
127.96810118895429,700.94922559447286,-1001.19996070862,32.299999999999997,-0.072021367442278703
127.98108584350994,701.17134600519694,-1001.4922618866,32.189999999999998,-0.072278688764887356
127.99405501017158,700.33499972823677,-1001.4922618866,32.189999999999998,-0.072221707345436981
128.00701844092094,700.02526046628839,-1001.75905227661,32.32,-0.071888841274911602
128.01998854925191,700.38584987141394,-1004.62770462036,32.32,-0.071526359144798754
128.03296093208147,700.5086727968594,-1005.51605224609,32.469999999999999,-0.071388020490342388
128.04593095659388,700.3813236693378,-1005.51605224609,32.469999999999999,-0.071579414522765436
128.05890433283332,700.56231692979657,-1005.71441650391,32.119999999999997,-0.071867283226230497
128.07187581848763,700.46022533384576,-1004.82869148254,32.549999999999997,-0.072041362937572809
128.08484426492595,700.29610766865324,-1005.11574745178,32.140000000000001,-0.072050548881867849
128.09780778570374,700.03012200121645,-1005.11574745178,32.140000000000001,-0.071794970168681166
128.11077131993218,700.03084833588889,-1006.03485107422,32.140000000000001,-0.071546697161100056
128.12374210502594,700.42239506269857,-1005.30934333801,32.140000000000001,-0.071381028327888452
128.13672028895928,700.8219323997281,-1005.30934333801,32.159999999999997,-0.071394419711197962
128.14969519774078,700.64507420212499,-1004.73427772522,32.159999999999997,-0.071575862044706187
128.16266399497781,700.31505079809529,-1006.69956207275,32.579999999999998,-0.071711462611645696
128.17563232344938,700.28973746565191,-1004.91333007813,32.579999999999998,-0.07172346425530203
128.18859903452341,700.20239799801493,-1002.9673576355,32.57,-0.071633433302347782
128.20156187336423,699.99329740436065,-1002.9673576355,32.57,-0.071420842367171944
128.21452744822588,700.14104252852485,-1004.42862510681,32.469999999999999,-0.071326322439796266
128.22749829747656,700.42585953679441,-1007.61723518372,32.469999999999999,-0.071265994467477597
128.2404655021507,700.22905240355374,-1007.61723518372,32.210000000000001,-0.071303945861678764
128.25343292103088,700.24061952929469,-1006.38818740845,32.210000000000001,-0.071422913008825986
128.26639476646173,699.9396532659274,-1004.96053695679,32.229999999999997,-0.071396999474672096
128.27935209704819,699.69585166877789,-1006.08062744141,32.229999999999997,-0.071253918318131965
128.29230949800001,699.69965139878161,-1007.12513923645,32.259999999999998,-0.071116188125871949
128.30526753639137,699.73407313410564,-1005.79833984375,32.259999999999998,-0.070973563317353078
128.31823504633334,700.24553686509535,-1004.49180603027,32.240000000000002,-0.071162945693213409
128.33120889754807,700.58796559509176,-1005.29837608337,32.240000000000002,-0.071416336835953276
128.34417649234314,700.25011893399608,-1005.29837608337,32.210000000000001,-0.071607815722012996
128.35713775207651,699.90802560280349,-1006.77514076233,32.210000000000001,-0.071583244328399576
128.37009299753458,699.58325473552213,-1004.18710708618,32.350000000000001,-0.071351995898456588
128.38304980761487,699.66774433558248,-1001.2855529785199,32.119999999999997,-0.07111309199674995
128.39600798880866,699.74178446516248,-1001.4050006866501,32.359999999999999,-0.070893747938618024
128.40896718410997,699.79654626984859,-1001.4050006866501,32.359999999999999,-0.070808354971870921
128.42193288728637,700.14797152618053,-1002.80404090881,32.140000000000001,-0.070955613628313638
128.43490762843089,700.63602180346879,-999.29261207580601,32.450000000000003,-0.071091877503748638
128.44787658088759,700.32343266295163,-999.85265731811501,32.530000000000001,-0.071200056829548164
128.46084028379008,700.03995673327358,-999.85265731811501,32.530000000000001,-0.071016744607028059
128.47380568894198,700.1318782038594,-1000.0696182251,32.140000000000001,-0.070715357237915583
128.48678053460247,700.64166566630172,-1000.11014938354,32.140000000000001,-0.07058325327142223
128.4997529422655,700.51001380400282,-1001.86944007874,32.189999999999998,-0.070606626362510749
128.51272040046783,700.24274292479913,-1001.86944007874,32.189999999999998,-0.070715071633774079
128.52568441588031,700.05683227357986,-1002.42638587952,32.189999999999998,-0.07090121093725768
128.53863990141232,699.59621872973537,-1001.2066364288301,32.189999999999998,-0.07097111290423895
128.55159505477405,699.57828153289688,-1001.2066364288301,32.539999999999999,-0.071009418202983302
128.56454783740131,699.45026187157589,-1001.74427032471,32.539999999999999,-0.070945775757227089
128.57749878118389,699.35096425988911,-1003.86142730713,32.520000000000003,-0.070814999440870649
128.59045978842471,699.89439100334255,-1002.75683403015,32.520000000000003,-0.070837533307645806
128.60341722249134,699.70143959883421,-1000.2908706665,32.359999999999999,-0.07105841404827852
128.6163727080247,699.59621880118334,-1000.33617019653,32.359999999999999,-0.0713863109966522
128.62932890136173,699.63444020055931,-1000.33617019653,32.25,-0.07154384110462185
128.64228407438398,699.57934320042125,-1002.52079963684,32.25,-0.071374127226903256
128.65523902699377,699.56744092869212,-1001.96862220764,32.329999999999998,-0.071168318390707086
128.66819654591353,699.70602166773494,-1001.96862220764,32.329999999999998,-0.071051577105442368
128.68116279546538,700.17747579929619,-998.95763397216797,32.460000000000001,-0.071089076291330475
128.69412827822842,700.13606920498773,-999.60350990295399,32.460000000000001,-0.071341894152371008
128.70708959798026,699.91126659860879,-999.60350990295399,32.140000000000001,-0.071502958113173476
128.72004527805558,699.60672406704032,-999.01032447814896,32.140000000000001,-0.071630722118557769
128.73299849530119,699.47373126354978,-999.01032447814896,32.140000000000001,-0.071657619750120333
128.74595963292592,699.90143173464764,-999.45068359375,32.140000000000001,-0.071535444713841378
128.75892156941987,699.94457067317603,-1000.0088214874301,32.159999999999997,-0.071410631966824664
128.77188749404451,700.15992973068626,-999.16768074035599,32.159999999999997,-0.071465743498382708
128.78485932428765,700.47883313043587,-999.77493286132801,32.549999999999997,-0.071713677089585107
128.79783832675062,700.86613300028466,-1000.97608566284,32.549999999999997,-0.072125943584547589
128.81080737027045,700.32835007020026,-1002.18415260315,32.399999999999999,-0.072304119045359397
128.82376787666669,699.86734539812733,-1002.18415260315,32.399999999999999,-0.072216097679622657
128.83672640244944,699.76039226724856,-1001.86944007874,32.329999999999998,-0.07191788922534853
128.84968879322216,699.96910172717821,-998.61431121826195,32.329999999999998,-0.071592448900058392
128.86265288624455,700.06102320875607,-1000.13470649719,32.229999999999997,-0.071479012774447556
128.87561620006176,700.01894613011189,-1000.13470649719,32.229999999999997,-0.071567555682655631
128.88857932450867,700.00872013242622,-1000.58150291443,32.280000000000001,-0.071804352725604842
128.90153890889511,699.81755686751444,-999.81451034545898,32.280000000000001,-0.072129307727969702
128.91449399809878,699.574816998345,-998.28743934631302,32.32,-0.072124549704677327
128.92744659239261,699.44009186712276,-998.28743934631302,32.32,-0.071910431401496791
128.94041117280747,700.08734240235492,-998.252391815186,32.140000000000001,-0.071489196270355548
128.95338558902347,700.61847566341078,-999.50265884399403,32.140000000000001,-0.07116128069634832
128.9663601604606,700.62685760521128,-999.56870079040505,32.140000000000001,-0.071166617175517283
128.97933175683832,700.46620439762671,-999.60303306579601,32.140000000000001,-0.071366623871248466
128.99230476986179,700.54270326655489,-999.92823600768997,32.119999999999997,-0.071527981715710606
129.00527426145194,700.35254586829478,-999.40729141235295,32.119999999999997,-0.071538715726856647
129.01823027887286,699.62494072990592,-998.29459190368596,32.530000000000001,-0.07122299530379346
129.03118338642841,699.46780800064175,-997.13683128356899,32.530000000000001,-0.070891121609278906
129.04414309395676,699.8242065310468,-997.43890762329102,32.119999999999997,-0.070597782937696238
129.0571052249939,699.9550760049849,-1002.05588340759,32.57,-0.070416586887819002
129.07006252970987,699.69445466290574,-1003.21197509766,32.490000000000002,-0.070434328582831163
129.08301658514455,699.51899347117467,-1003.09801101685,32.490000000000002,-0.07046625535447737
129.09597060850129,699.51726126435483,-1003.09801101685,32.210000000000001,-0.070488091765202432
129.10892380711974,699.47272539689823,-1000.66947937012,32.210000000000001,-0.070434336860720884
129.12187726547279,699.48675106413168,-999.04465675354004,32.380000000000003,-0.070147321868715876
129.13483221187403,699.56710566728827,-999.80258941650402,32.210000000000001,-0.069993977538945651
129.14778985393582,699.71267133676338,-1001.23119354248,32.259999999999998,-0.069862774883737475
129.16074534567659,699.59655400213114,-1002.13217735291,32.259999999999998,-0.069921116033569722
129.1736945023556,699.25446066544248,-1002.15172767639,32.210000000000001,-0.070011343599559711
129.18663627364575,698.85564966858146,-1002.15172767639,32.210000000000001,-0.070017239906630821
129.19958367736788,699.15980099497722,-1003.45373153687,32.159999999999997,-0.069943189413836773
129.21252743651479,698.96299393318463,-1003.65805625916,32.159999999999997,-0.069793912892693946
129.22546918193459,698.85425266820528,-1002.8700828552199,32.119999999999997,-0.069624266275513755
129.23841748800501,699.20852780310611,-1002.8700828552199,32.119999999999997,-0.069567714299950706
129.25137258341732,699.57515226524481,-1001.98674201965,32.380000000000003,-0.069548545612186263
129.26432268280121,699.30536673040444,-1006.05320930481,32.380000000000003,-0.069490853283092152
129.27726989198027,699.14929566866442,-1006.7400932312,32.369999999999997,-0.069265566351209923
129.29022199163822,699.41338152880735,-1006.7400932312,32.369999999999997,-0.068901336441161851
129.30318298646171,699.89372046954293,-1005.87940216064,32.119999999999997,-0.068575338356602317
129.31615073026907,700.25816559790474,-1005.3086280822801,32.399999999999999,-0.068356588276064473
129.32911475809874,700.05750280188352,-1005.65028190613,32.140000000000001,-0.06830150882363184
129.34207327767405,699.76005706630076,-1005.98406791687,32.140000000000001,-0.068432699060936755
129.35502937270499,699.6291316705782,-1004.40716743469,32.090000000000003,-0.068481836673986357
129.36797796541606,699.22400639799616,-1006.60109519958,32.090000000000003,-0.068474605471932765
129.38091750153208,698.73495026504838,-1008.13770294189,32.119999999999997,-0.068322195567042193
129.39385796069271,698.78479467347802,-1008.37230682373,32.119999999999997,-0.068106419509603028
129.4068144530888,699.65058938970503,-1010.17212867737,32.57,-0.068025448255721183
129.41977127662105,699.66847074170278,-1010.6215476989699,32.57,-0.06809140762493042
129.43272780109629,699.65232166247699,-1008.64720344543,32.57,-0.068301152851270114
129.44569119252222,700.02313699933609,-1007.52735137939,32.57,-0.068587418645147252
129.45865490887775,700.04068319984992,-1007.52735137939,32.590000000000003,-0.068693463173688143
129.47161478507903,699.83331486797567,-1007.64513015747,32.590000000000003,-0.068626185464970541
129.48457266721476,699.72563533097662,-1008.8210105896,32.189999999999998,-0.068410984757659915
129.4975369030407,700.06873460026884,-1010.49375534058,32.189999999999998,-0.068183446095655173
129.51050885021735,700.48514753806069,-1011.4426612854,32.189999999999998,-0.06820744834819345
129.52347768574069,700.31711826082301,-1009.50026512146,32.189999999999998,-0.068341494640653463
129.53643841358527,699.87930360812891,-1009.50026512146,32.189999999999998,-0.068573296690259411
129.54940114273828,699.98737426236448,-1008.10432434082,32.189999999999998,-0.06873501568217652
129.56237060224819,700.35081353506678,-1009.84787940979,32.560000000000002,-0.068681428415114237
129.57533520853332,700.08873939723503,-1009.97400283813,32.560000000000002,-0.068503545803289503
129.58829861237777,700.02380759908783,-1009.09852981567,32.600000000000001,-0.068329406073709908
129.60127447007406,700.69631559993866,-1009.09852981567,32.600000000000001,-0.068336531725926714
129.61425858549759,701.14223287130199,-1009.71746444702,32.560000000000002,-0.068580405786493215
129.62723502164945,700.72755220078602,-1011.03663444519,32.560000000000002,-0.068912908641439757
129.6402049292297,700.37500933316119,-1011.5909576416,32.159999999999997,-0.069213653397646166
129.65317480473092,700.3732770658853,-1011.5909576416,32.159999999999997,-0.069340357763835014
129.66615153993951,700.7437012635238,-1012.57014274597,32.590000000000003,-0.06928281444540707
129.67912644872234,700.64507427357296,-1012.34459877014,32.170000000000002,-0.069209446923348419
129.69210275552345,700.7205672593617,-1012.5541687011701,32.189999999999998,-0.069259853205412919
129.70508052967534,700.7998042017615,-1012.5541687011701,32.189999999999998,-0.069475341588245809
129.71805803891723,700.78549906300498,-1011.80791854858,32.520000000000003,-0.069852335792145059
129.73102936210742,700.45145226931288,-1010.88380813599,32.520000000000003,-0.070121890554385446
129.74399711936664,700.25889199852895,-1010.57267189026,32.450000000000003,-0.07025276310659144
129.75696444718392,700.2357021330381,-1009.21440124512,32.450000000000003,-0.070210539010903628
129.76993870714441,700.61003786577783,-1008.47029685974,32.439999999999998,-0.070024372802370088
129.78291696868897,700.82612340635239,-1010.21504402161,32.439999999999998,-0.06982821039891085
129.79589975956426,701.07070726545487,-1010.21504402161,32.229999999999997,-0.069814106035187506
129.80888783103947,701.35585966153621,-1010.7765197753901,32.229999999999997,-0.070004268653424961
129.8218763826618,701.38178760599453,-1010.7765197753901,32.25,-0.070336314124761642
129.83485835397408,701.02645086402561,-1007.30657577515,32.25,-0.070509815381041591
129.84783467319258,700.7212377986574,-1007.30657577515,32.259999999999998,-0.070450263511493638
129.8608145469592,700.91318339697011,-1009.5226764679001,32.259999999999998,-0.070165691690098078
129.87379288611356,700.83031433603253,-1011.08336448669,32.25,-0.06988805097845012
129.88676905631976,700.71319113474874,-1009.92774963379,32.25,-0.069742519407676326
129.89974462220246,700.68055766542921,-1009.92774963379,32.210000000000001,-0.069779611916443759
129.91272098695185,700.72369646655773,-1010.18023490906,32.210000000000001,-0.069954128313770944
129.92569370091849,700.52655419832104,-1011.07025146484,32.140000000000001,-0.070147625067380551
129.93866110013579,700.2395577353625,-1008.98575782776,32.140000000000001,-0.070102287248760012
129.95162625279758,700.11824373630247,-1009.03797149658,32.399999999999999,-0.069996281009517491
129.96459717965809,700.43005046647454,-1009.03797149658,32.399999999999999,-0.069811224108942638
129.97756837349758,700.44446733338441,-1007.3709487915,32.469999999999999,-0.069765489961454139
129.99053028412229,699.943173733256,-1007.3709487915,32.469999999999999,-0.06985212676222384
130.00348560615558,699.58738979837767,-1009.72938537598,32.100000000000001,-0.06996000289047824
130.01644968676055,700.06035266946026,-1009.79375839233,32.530000000000001,-0.070049564043446047
130.02941287019132,700.01190526140681,-1008.5742473602299,32.140000000000001,-0.07006664656824603
130.04237028459758,699.70037793680592,-1006.22463226318,32.140000000000001,-0.070012413586498984
130.05533321450127,699.99821480061723,-1006.22463226318,32.159999999999997,-0.069971239814187403
130.06830214108885,700.32203572852757,-1004.35352325439,32.159999999999997,-0.069954335275771842
130.08126703918768,700.10449733724033,-1004.2304992675799,32.159999999999997,-0.070004983700639567
130.09423072346422,700.03895093257393,-1004.52423095703,32.159999999999997,-0.070082246222171768
130.10719245196179,699.93333886929474,-1003.27372550964,32.579999999999998,-0.070072309009691192
130.12015971458635,700.23218172616566,-1003.27372550964,32.579999999999998,-0.069915020010259274
130.13312971943833,700.38026200730974,-1003.70359420776,32.57,-0.069668523760265416
130.14610251204815,700.53080092887399,-1004.07385826111,32.57,-0.069453732834093299
130.15907401012097,700.4608959335975,-1002.91204452515,32.560000000000002,-0.069403022320930638
130.17204530847533,700.4501111357614,-1002.91204452515,32.560000000000002,-0.069480103750228603
130.18500791345187,699.98066873200742,-1000.7998943328899,32.170000000000002,-0.069588138203747055
130.19796406125803,699.63198153265887,-999.85170364379906,32.170000000000002,-0.069645878133989425
130.21091681801602,699.44886493165563,-1001.14226341248,32.119999999999997,-0.069541892863973706
130.22387245256044,699.60426539913999,-1002.4516582489,32.119999999999997,-0.069284462887408693
130.23683062754571,699.74144920375863,-1000.06604194641,32.159999999999997,-0.069090593605657918
130.24978982181233,699.79649039752792,-999.80425834655796,32.159999999999997,-0.069032356971295172
130.26275102359509,699.90489626919941,-999.51457977294899,32.549999999999997,-0.069207803656032921
130.27571479169018,700.04347713465006,-999.51457977294899,32.549999999999997,-0.069452117507111
130.2886739155901,699.79269059607634,-998.26431274414097,32.57,-0.069577793279982092
130.30163160939142,699.71546527156363,-997.42197990417503,32.57,-0.069539346214399375
130.31459142143575,699.82985039387984,-997.42197990417503,32.530000000000001,-0.069388185317708642
130.32755527334939,700.0480033367262,-998.25310707092297,32.530000000000001,-0.069261683772285837
130.34051945743457,700.06594059951658,-998.92663955688499,32.189999999999998,-0.069254705061491742
130.35347989967289,699.86388086907152,-997.30730056762695,32.189999999999998,-0.069360157681783746
130.36644138809751,699.92037493004148,-997.30730056762695,32.549999999999997,-0.069585595693473806
130.37940221942097,699.88489146673726,-995.80311775207497,32.159999999999997,-0.069784560343922025
130.39235667118643,699.54039533446894,-996.97899818420399,32.189999999999998,-0.069797940345323994
130.40530855767415,699.401870335843,-996.23966217041004,32.189999999999998,-0.069624101743028313
130.41826088602343,699.42573086154152,-997.77698516845703,32.549999999999997,-0.069312068323375844
130.43122380868391,699.99782366689283,-997.77698516845703,32.549999999999997,-0.069203496806788098
130.4441855051038,699.93160667346683,-998.82602691650402,32.210000000000001,-0.069256727065696494
130.4571428346556,699.69579579645722,-997.26676940918003,32.520000000000003,-0.069488567403481263
130.47010509607662,699.96211673628989,-996.66452407836903,32.560000000000002,-0.069718717907576652
130.48306786351731,699.98944179654029,-996.66452407836903,32.560000000000002,-0.069840996422209825
130.49602468705066,699.66847080215894,-996.05941772460903,32.189999999999998,-0.069811402095632386
130.50897795707041,699.47658106517463,-995.44835090637196,32.189999999999998,-0.069677168503309642
130.52193219463084,699.52882826368784,-995.43929100036598,32.240000000000002,-0.069525462264743904
130.53488953142596,699.6961869356777,-995.43929100036598,32.240000000000002,-0.069639376468841566
130.54784356823467,699.51798767047501,-995.51296234130905,32.210000000000001,-0.069848394228536739
130.56079774060115,699.52530779086339,-995.74089050293003,32.210000000000001,-0.070181851171111725
130.57375628604694,699.7614540721728,-996.29950523376499,32.189999999999998,-0.070432257941889551
130.58672417990005,700.26626806818183,-995.64385414123501,32.189999999999998,-0.070471988162005408
130.59969248870991,700.28867573217576,-995.34916877746605,32.159999999999997,-0.070392523580844163
130.61265883553338,700.18272846794844,-996.56486511230503,32.159999999999997,-0.07033641036132364
130.62563562351852,700.74655119705255,-996.56486511230503,32.140000000000001,-0.070362822670469796
130.63861413858891,700.83981380118985,-996.47593498230003,32.140000000000001,-0.070500764995854628
130.65158713195052,700.54164152758278,-996.41513824462902,32.469999999999999,-0.070627737376445385
130.66455485609626,700.25710386992444,-996.74201011657703,32.469999999999999,-0.070777519915186909
130.67752626414068,700.45603439866954,-996.74201011657703,32.520000000000003,-0.070862087109585831
130.69049481405929,700.30169560420552,-996.61874771118198,32.520000000000003,-0.070773895001190676
130.70345789297539,700.00626147002185,-996.83523178100597,32.560000000000002,-0.070596077582289349
130.7164160617518,699.74111392586667,-998.14295768737804,32.560000000000002,-0.070494067750715192
130.72937645121613,699.86103107294264,-998.14295768737804,32.189999999999998,-0.070577590830078848
130.74233582760741,699.80632512958516,-998.18873405456497,32.189999999999998,-0.070811729464359985
130.75529389186914,699.73547013448172,-997.428417205811,32.189999999999998,-0.070904242910062643
130.7682557248815,699.93898266617566,-998.91281127929699,32.189999999999998,-0.070854428533397268
130.78122325448518,700.2465985985715,-999.428272247314,32.210000000000001,-0.070736298544067974
130.79419329762473,700.38232953598947,-999.428272247314,32.210000000000001,-0.07067700847966496
130.80715592950619,699.98212159920797,-998.14391136169399,32.259999999999998,-0.070674261078160897
130.82011142745552,699.5968892635351,-999.30739402770996,32.259999999999998,-0.070739481597494963
130.83306981043705,699.75268100214373,-999.30739402770996,32.159999999999997,-0.07089098708494522
130.84602499587655,699.58001373422087,-1001.46126747131,32.159999999999997,-0.071138620583434536
130.85897290044323,699.18684660019255,-999.38344955444302,32.140000000000001,-0.071282246046159278
130.87191975779012,699.13029673285371,-996.45304679870605,32.140000000000001,-0.071269842899050626
130.88487033214821,699.33101533524359,-996.45304679870605,32.390000000000001,-0.071078431275157755
130.89781819014942,699.18433206546763,-998.28791618347202,32.390000000000001,-0.070938785663304138
130.91075908392708,698.80826399400405,-999.13835525512695,32.450000000000003,-0.070874067022980131
130.92370555218773,699.10928607473204,-998.01731109619095,32.450000000000003,-0.0708849117576313
130.9366614143876,699.61655879360148,-998.01731109619095,32.539999999999999,-0.070836754100551944
130.94962442190246,700.00240580174545,-1001.09434127808,32.539999999999999,-0.070789371513402699
130.96259101604454,700.19608367283013,-1001.09434127808,32.159999999999997,-0.070707437892476008
130.9755579154519,700.21256799697187,-999.65929985046398,32.159999999999997,-0.070686913611798782
130.98852438645184,700.18943399830573,-999.30119514465298,32.170000000000002,-0.070669062227852325
131.00148643987896,699.95088506431273,-999.30119514465298,32.170000000000002,-0.070649726936934124
131.01443722119751,699.3421912008522,-1001.2500286102299,32.159999999999997,-0.070666225833410506
131.02738138288265,698.98473099742671,-1003.03244590759,32.159999999999997,-0.070652719586582341
131.04033190446538,699.32816546766674,-1002.4783611297599,32.469999999999999,-0.070562089482263876
131.05328483093095,699.45802914090518,-1002.66242027283,32.469999999999999,-0.070374538707949061
131.0662366708531,699.399355795622,-1003.7055015564,32.140000000000001,-0.070250190587046873
131.07919411112837,699.70177486573402,-1003.27134132385,32.140000000000001,-0.070325483878274933
131.09215973772967,700.14383646882106,-1000.81205368042,32.119999999999997,-0.07048406534755032
131.10512198569873,699.96139033016959,-1000.81205368042,32.119999999999997,-0.070597861582686619
131.11808232342219,699.85823706669441,-1000.95367431641,32.530000000000001,-0.070534146701095216
131.13104550685316,700.01190527239885,-1001.05023384094,32.530000000000001,-0.070352913397101105
131.14402031319008,700.63954219385334,-1001.05023384094,32.539999999999999,-0.07020702378594347
131.15699654755556,700.71665573525274,-1001.6074180603,32.539999999999999,-0.070115535830456766
131.16996856716793,700.48905906766561,-1001.2066364288301,32.170000000000002,-0.070076410968824762
131.18293972789382,700.44267919928393,-1000.41532516479,32.450000000000003,-0.070263912072747889
131.19591646310374,700.74370133497189,-999.47500228881802,32.259999999999998,-0.070559330698648712
131.20888946888388,700.54231212733453,-997.65753746032703,32.259999999999998,-0.070808188368818942
131.22185204178146,699.97893647022738,-998.29936027526901,32.310000000000002,-0.070790126920380433
131.23481677845052,700.0957801285399,-1001.53923034668,32.310000000000002,-0.07050885818746154
131.24779259786047,700.69424813721082,-1004.44459915161,32.439999999999998,-0.070232637226366523
131.26077208668022,700.89239626660299,-1004.44459915161,32.439999999999998,-0.070139877498152425
131.2737484845432,700.72548460065832,-1004.30870056152,32.140000000000001,-0.070277378997131754
131.28672828587418,700.90927187286115,-1001.35278701782,32.140000000000001,-0.070584832380079801
131.2997131680865,701.18363946561044,-1001.35278701782,32.210000000000001,-0.070842381359464551
131.31269533394075,701.03695612988258,-1000.49543380737,32.210000000000001,-0.070944747162688004
131.32566916549385,700.58690386711157,-1000.49543380737,32.210000000000001,-0.070814730392813927
131.33864102160737,700.48023013081206,-1000.01788139343,32.210000000000001,-0.070551142303320422
131.35161179324825,700.42166860711416,-1000.20837783813,32.280000000000001,-0.070414712859200687
131.36457808833211,700.17993452765245,-1001.1191368103,32.280000000000001,-0.070545464340055972
131.37753979716916,699.93227720177049,-1001.25789642334,32.159999999999997,-0.07081747469009661
131.39050125868764,699.9189219968888,-1000.05626678467,32.159999999999997,-0.071140534968559072
131.40347401197539,700.52867753886551,-998.74734878540005,32.119999999999997,-0.071292496803318131
131.41644636169136,700.50688466275881,-998.74734878540005,32.119999999999997,-0.071306088939269804
131.42941788666784,700.4623487293502,-998.46577644348099,32.43,-0.071233025647800444
131.44239199140858,700.60165600092137,-999.112367630005,32.43,-0.071114849092504387
131.45537293619631,700.97101853653169,-999.112367630005,32.460000000000001,-0.071183974958241622
131.46835545284935,701.0558992648206,-999.44281578063999,32.460000000000001,-0.07144804319627962
131.4813359102445,700.94469933743676,-999.22204017639206,32.460000000000001,-0.071794877035424545
131.49431423698024,700.82964373078482,-998.10385704040505,32.460000000000001,-0.072127510275200132
131.50729412316426,700.91385393626592,-998.74114990234398,32.090000000000003,-0.072148387423203481
131.52026691474069,700.53074512800129,-998.74114990234398,32.090000000000003,-0.071994950994645687
131.53323397661231,700.22134106700082,-998.39353561401401,32.549999999999997,-0.071840814004289752
131.54619474998771,699.88176227053327,-999.96733665466297,32.140000000000001,-0.071831765687633775
131.55915772542352,700.00067353446968,-997.63774871826195,32.140000000000001,-0.071993982419463434
131.57212173462713,700.05649699568789,-997.63774871826195,32.140000000000001,-0.072174499638109901
131.58508385221108,699.95434953291249,-997.039794921875,32.509999999999998,-0.072294535734979348
131.59804969301615,700.15540347365015,-996.02603912353504,32.509999999999998,-0.0722797421941134
131.61102156258278,700.48095659738829,-996.56152725219704,32.439999999999998,-0.072149607455685077
131.6239933410865,700.47603920113181,-996.56152725219704,32.439999999999998,-0.071984177661462451
131.6369616436877,700.28834046527595,-996.18482589721702,32.299999999999997,-0.071938653579687331
131.64993129774069,700.36131886137957,-996.77801132202103,32.299999999999997,-0.072098580291689002
131.66290423832842,700.53879173694997,-997.19810485839798,32.259999999999998,-0.072342092171349265
131.67587289897165,700.30767473393837,-996.82807922363304,32.259999999999998,-0.072483842571597318
131.68883438015192,699.91998373586114,-996.82807922363304,32.259999999999998,-0.072529481516891106
131.70180017542478,700.15294473430185,-996.09351158142101,32.259999999999998,-0.072440714057654954
131.7147638721186,700.03962146637377,-994.37284469604504,32.140000000000001,-0.072348255456521224
131.7277251970433,699.911545932732,-994.03977394104004,32.399999999999999,-0.072329784225213994
131.74068874472593,700.03157486292105,-994.54569816589401,32.090000000000003,-0.072426691444873598
131.7536559690617,700.23011413153392,-992.02942848205601,32.090000000000003,-0.072685777105639587
131.76662740918513,700.45776666594554,-992.02942848205601,32.140000000000001,-0.072940445194062731
131.77959975993457,700.50694046912736,-993.857383728027,32.140000000000001,-0.072953703088525376
131.79256651654072,700.20485673186715,-994.36616897582996,32.509999999999998,-0.072761123172600251
131.80553107005062,700.08588953515414,-992.23685264587402,32.189999999999998,-0.072407586913629751
131.81849063581112,699.81655106681478,-991.80293083190895,32.369999999999997,-0.072233548595094732
131.83144283998394,699.41902533118446,-991.80293083190895,32.369999999999997,-0.072202520030817674
131.84438665087038,698.96578786798466,-992.57230758667004,32.229999999999997,-0.072266530866329975
131.85733215779874,699.0573741321266,-994.77791786193802,32.229999999999997,-0.072355455614630887
131.87027564375799,698.94824179937496,-994.362831115723,32.119999999999997,-0.07236935301788
131.88321593941978,698.77596573662436,-994.362831115723,32.119999999999997,-0.072204291613718802
131.89615607986053,698.76758380031993,-993.28517913818405,32.399999999999999,-0.072040835188490734
131.90910291237162,699.12895559930234,-992.48957633972202,32.399999999999999,-0.071888345603530052
131.92205754626175,699.55023006652607,-990.822792053223,32.460000000000001,-0.071869721222662691
131.93501129022096,699.50217379769322,-990.14616012573197,32.460000000000001,-0.072004517746905403
131.94796537876911,699.5207815997793,-991.34302139282204,32.549999999999997,-0.072068580322052822
131.96092376175062,699.75268100214373,-991.593837738037,32.549999999999997,-0.072000228489537521
131.97388269007158,699.78212933149075,-992.13314056396496,32.119999999999997,-0.071856398134564195
131.98683404260248,699.37303666797516,-990.22650718688999,32.119999999999997,-0.071604660608410323
131.99978167398149,699.17209446638276,-990.22650718688999,32.579999999999998,-0.071485910771414932
132.01272894110994,699.15242493631649,-991.44816398620605,32.140000000000001,-0.071409376751810513
132.02567612338402,699.14784280146375,-991.33563041687,32.159999999999997,-0.071396711799964041
132.0386211687902,699.03245193340786,-990.41461944580101,32.159999999999997,-0.071405127851152439
132.05156786470741,699.12157952964947,-990.41461944580101,32.600000000000001,-0.071323831668343898
132.06452002334933,699.41656666328402,-991.74547195434604,32.600000000000001,-0.071068457845268468
132.07747615149509,699.63091987063058,-993.09587478637695,32.57,-0.070819149000948919
132.09042895999261,699.45165886645589,-994.06504631042503,32.57,-0.070587810542479562
132.10338138561241,699.43098346973784,-990.556240081787,32.399999999999999,-0.070560691463397857
132.11633944366542,699.73513486208594,-990.23866653442406,32.399999999999999,-0.070664765726351331
132.12929627340733,699.66880606356278,-990.23866653442406,32.240000000000002,-0.070739197027313613
132.14224651559385,699.3130780724531,-991.88613891601597,32.240000000000002,-0.070628254777783631
132.1551922625963,699.0703381318358,-994.40884590148903,32.229999999999997,-0.070392537033216476
132.16813684027287,699.0071945337412,-996.543407440186,32.229999999999997,-0.070111896428804957
132.18107682445799,698.7591459971909,-996.543407440186,32.310000000000002,-0.070001760289892093
132.19401354177154,698.58273493204081,-995.68629264831497,32.310000000000002,-0.070038728622476773
132.20695197996181,698.67566227477414,-994.82440948486305,32.119999999999997,-0.070243714790749701
132.21989729855679,699.04720412767358,-994.93432044982899,32.119999999999997,-0.070457509201711691
132.23284370783335,699.10610093475941,-995.36371231079102,32.140000000000001,-0.070593352947246599
132.24579641905925,699.44640619780341,-995.36371231079102,32.140000000000001,-0.070529387642214225
132.25875376206298,699.69652220257751,-994.51184272766102,32.100000000000001,-0.070369219820962378
132.27171942695182,700.14590399750068,-996.82831764221203,32.100000000000001,-0.070229779100746667
132.28468498835926,700.14031600149247,-996.82831764221203,32.450000000000003,-0.070149662593201031
132.29764414433831,699.79442286884807,-997.22003936767601,32.450000000000003,-0.070247207251284111
132.31060522298029,699.89824666612287,-996.85263633728005,32.539999999999999,-0.070466451967207772
132.3235700238086,700.0992447290439,-996.51145935058605,32.539999999999999,-0.070587830204515936
132.33652725608763,699.69054306734893,-996.51145935058605,32.57,-0.070593932435556672
132.34948049402831,699.47484879789863,-997.36261367797795,32.57,-0.07043887964422442
132.36243953307533,699.78810853816753,-998.42619895935104,32.189999999999998,-0.070380739247237895
132.37540060447284,699.89785546644646,-999.69410896301304,32.189999999999998,-0.070478355304753354
132.38836523041982,700.08980113620726,-999.61900711059604,32.189999999999998,-0.070673989959741182
132.40133015542349,700.10595019894504,-1001.57070159912,32.189999999999998,-0.070874198442481801
132.41429967288403,700.35394286867074,-1001.08027458191,32.240000000000002,-0.070997359645005725
132.42728093639019,700.98822933274585,-1001.08027458191,32.240000000000002,-0.070966975763081724
132.44025541055558,700.62160493106285,-1000.63943862915,32.380000000000003,-0.070889737042479861
132.45323176909633,700.72336119965792,-1001.37281417847,32.380000000000003,-0.070741711597253662
132.4662123237629,700.94995199509731,-1001.68204307556,32.280000000000001,-0.070771220035827156
132.47919576346044,701.10574366775404,-1000.04172325134,32.280000000000001,-0.07103252328038237
132.49217176395928,700.70402693649135,-1000.04172325134,32.159999999999997,-0.07136039953123284
132.50514330238892,700.46307520142261,-997.83420562744095,32.159999999999997,-0.071598821215864014
132.51811524335682,700.48481226566469,-998.89135360717796,32.380000000000003,-0.071629103686743439
132.53108825534559,700.54264739423422,-1000.52428245544,32.380000000000003,-0.071422746404552664
132.54405807910737,700.37048313658124,-1000.52428245544,32.369999999999997,-0.071283525063325109
132.55702656383335,700.29817520282904,-1000.58555603027,32.369999999999997,-0.071243966619318935
132.57000235012839,700.69245993166226,-1001.69849395752,32.399999999999999,-0.071345820194363599
132.58298284063702,700.94648746604139,-1002.18868255615,32.399999999999999,-0.071549440422997698
132.59595906879383,700.71632046835271,-1002.18868255615,32.090000000000003,-0.071680150512775903
132.60893196384944,700.53633300309764,-1003.17144393921,32.090000000000003,-0.071719266060420686
132.62190909538893,700.76510313231415,-1003.02958488464,32.5,-0.07169472467587501
132.63489009915929,700.97420359956027,-1005.90562820435,32.079999999999998,-0.071636923691196105
132.64786407351482,700.5946151981683,-1006.25824928284,32.140000000000001,-0.071625066920736849
132.66082843869131,700.07571953070112,-1007.17449188232,32.140000000000001,-0.071746512419295846
132.67379066079013,699.95999333528948,-1006.69455528259,32.560000000000002,-0.071974528125013038
132.68675049249507,699.83091206690005,-1004.66132164001,32.560000000000002,-0.072198057961039064
132.69970558169885,699.57481700384096,-1004.81081008911,32.579999999999998,-0.072209141734780977
132.71265246491481,699.13169366178181,-1004.81081008911,32.579999999999998,-0.07205611612172895
132.7256028571482,699.32118060318646,-1005.44500350952,32.549999999999997,-0.071918250372091069
132.73856307793827,699.85192266456579,-1002.77614593506,32.549999999999997,-0.071943350550171606
132.751525599095,699.97614246397939,-1001.3899803161599,32.140000000000001,-0.07207250739892157
132.76449190038772,700.18026980554419,-1001.3899803161599,32.140000000000001,-0.072158170449619322
132.77746605065926,700.60411466332562,-1001.58762931824,32.549999999999997,-0.072159649182210267
132.79044324014691,700.7682323340141,-1001.8069744110099,32.170000000000002,-0.072097782458859824
132.80341859803457,700.669325932996,-1000.47016143799,32.189999999999998,-0.071934004210453095
132.81639062385557,700.48939433456553,-998.629331588745,32.189999999999998,-0.071763289677510833
132.82936509181232,700.62126966416304,-998.62098693847702,32.520000000000003,-0.071748992842291942
132.84234406737033,700.86468013308399,-1003.34906578064,32.520000000000003,-0.07186660853531858
132.85531499526542,700.43010633329914,-1003.34906578064,32.399999999999999,-0.072006183779359093
132.86828083607037,700.15540346815408,-1003.08656692505,32.399999999999999,-0.072054589787277301
132.88125069087528,700.37215946558433,-1002.6524066925,32.310000000000002,-0.071940880475224664
132.89421986478024,700.33539086745725,-1001.85751914978,32.310000000000002,-0.071767062569230849
132.90718383362716,700.05431773335886,-1001.85751914978,32.259999999999998,-0.071676133407075446
132.92014709570361,700.01615212935974,-1002.84171104431,32.259999999999998,-0.071629005380530908
132.93311954889887,700.51247254335101,-1001.83606147766,32.280000000000001,-0.071646137576842128
132.94609026879868,700.41887458987401,-1001.5504360199,32.280000000000001,-0.07172942989368164
132.95905404310253,700.04381240704606,-1001.5504360199,32.350000000000001,-0.071689184340453183
132.97201039890496,699.64321333104419,-999.35197830200195,32.350000000000001,-0.071517216662859776
132.98496793748646,699.70708340121109,-999.48644638061501,32.140000000000001,-0.071165382655380124
132.99792960079142,699.92981846791827,-1000.7472038269,32.140000000000001,-0.070806273982371271
133.01089093916909,699.91227239381226,-999.855518341064,32.090000000000003,-0.070613724075005019
133.02385106889759,699.84700533975717,-999.855518341064,32.090000000000003,-0.070750463960497639
133.03681460312714,700.03084839634471,-999.49264526367199,32.159999999999997,-0.070912904210107638
133.04977503294694,699.86321026931978,-996.34671211242699,32.159999999999997,-0.071034605303842174
133.06273208931117,699.6810436681435,-995.50890922546398,32.509999999999998,-0.071034496650089374
133.07568754897406,699.5948217953113,-995.50890922546398,32.509999999999998,-0.07096355677498889
133.08864909534697,699.9235041372375,-995.01276016235295,32.380000000000003,-0.070870791872902891
133.10161645006798,700.23715493428688,-996.21200561523403,32.380000000000003,-0.070800934400914714
133.11458442153213,700.27045906381409,-996.44899368286099,32.32,-0.070831689776001974
133.12755559571121,700.44340567135623,-997.15352058410599,32.32,-0.071034459397092062
133.14053014127776,700.62546059384329,-997.15352058410599,32.25,-0.071195841042688099
133.15349859289014,700.29638706872845,-995.96190452575695,32.25,-0.071240319974042898
133.16645897717908,699.86075160141945,-995.96190452575695,32.259999999999998,-0.071054443509053725
133.179415715858,699.66388866181012,-995.13173103332497,32.259999999999998,-0.070817898957974676
133.19237508604084,699.80598987367728,-995.982885360718,32.299999999999997,-0.070690016985766352
133.20533442310989,699.80420172858476,-995.766162872314,32.299999999999997,-0.070699565111883633
133.21829133149629,699.67305286556359,-995.766162872314,32.159999999999997,-0.07083509531223138
133.23124967515434,699.75055753519132,-994.31991577148403,32.159999999999997,-0.071107177063332846
133.24421665838148,700.2170942649999,-995.24903297424305,32.100000000000001,-0.071352862027412783
133.25717845828154,699.93719460352315,-995.31888961792004,32.100000000000001,-0.071458331205418002
133.27013295661234,699.54290986369801,-995.31888961792004,32.490000000000002,-0.071291127759254377
133.2830894221037,699.64913653349629,-994.99011039733898,32.119999999999997,-0.07105372328766188
133.29605628322338,700.21050046279606,-994.34876441955601,32.549999999999997,-0.071011283951269225
133.30902225958766,700.16272367098236,-994.42553520202603,32.549999999999997,-0.071226206296637673
133.32198085056424,699.76391273457705,-994.42553520202603,32.57,-0.071462157906220111
133.33494111688643,699.85438139841813,-992.89774894714401,32.57,-0.071578750180309791
133.34790370944444,699.97999813225567,-992.67005920410202,32.509999999999998,-0.071476470264377853
133.36086577528883,699.95155559811235,-992.96545982360794,32.509999999999998,-0.07133787290869259
133.37382717265058,699.91545753378489,-992.49720573425304,32.210000000000001,-0.071199109984526165
133.38680039884326,700.55421440455927,-992.49720573425304,32.210000000000001,-0.07126177454121467
133.39977480885071,700.61814040200693,-993.64852905273403,32.390000000000001,-0.071420422237678957
133.4127466908345,700.48162712569206,-995.67866325378395,32.259999999999998,-0.071668323749450619
133.42571194076672,700.12349633900294,-995.67866325378395,32.329999999999998,-0.071866007313693137
133.43867425289383,699.96485486472136,-994.83227729797397,32.329999999999998,-0.071823712851820667
133.45163739803826,700.00983779867909,-992.69628524780296,32.140000000000001,-0.071638250310120846
133.46458953701722,699.41550486385586,-994.03405189514206,32.140000000000001,-0.071444715269146655
133.47753699972341,699.16298613494996,-994.03405189514206,32.159999999999997,-0.071378938025317584
133.49048468905181,699.17522373403483,-994.43912506103504,32.159999999999997,-0.07153140070482121
133.50343427517419,699.27765060787749,-994.15159225463901,32.159999999999997,-0.071729932808076768
133.51637525380499,698.8128460629049,-994.09365653991699,32.159999999999997,-0.071910134412903295
133.5293134519209,698.66269825857705,-994.09365653991699,32.560000000000002,-0.072000132252771978
133.54225594343458,698.89454173915681,-994.87948417663597,32.560000000000002,-0.071978082673435279
133.55520113888761,699.04055446414111,-994.87948417663597,32.579999999999998,-0.071797301578568451
133.56814850328649,699.15767753901696,-995.76377868652298,32.579999999999998,-0.071650624481409464
133.58109845986786,699.29765539385176,-995.76377868652298,32.539999999999999,-0.071592286435798597
133.59405328209252,699.56040013143524,-994.70257759094204,32.539999999999999,-0.071719192589505765
133.60700585051606,699.43869487224265,-994.79699134826706,32.189999999999998,-0.071812831900066126
133.61995555977904,699.28430019996199,-997.02620506286598,32.189999999999998,-0.071636313158942116
133.63290126849381,699.0682705976601,-995.74613571167004,32.210000000000001,-0.071409777220793794
133.64584835970624,699.14292547115906,-994.69470977783203,32.210000000000001,-0.071167440878214916
133.65879925899262,699.34856146430946,-994.34494972229004,32.25,-0.071095125749590163
133.67174334927537,698.98087526869426,-995.19324302673294,32.25,-0.071137790671276388
133.68468632197167,698.92052559990384,-996.97399139404297,32.359999999999999,-0.071151761544626185
133.6976354269099,699.25166666469045,-996.97399139404297,32.359999999999999,-0.071197932377794232
133.71058207108777,699.11878560584137,-998.95524978637695,32.329999999999998,-0.071125553092648897
133.72352631659138,698.98925719400688,-999.370336532593,32.329999999999998,-0.070896967210267961
133.73647324016545,699.13387300105501,-999.85790252685501,32.299999999999997,-0.070600567592401173
133.74942913444571,699.61829113232523,-999.85790252685501,32.299999999999997,-0.070431323515585023
133.76238851704574,699.80666040198093,-1000.88286399841,32.259999999999998,-0.070520126157659055
133.77534151387658,699.46182886541294,-1001.6822814941401,32.259999999999998,-0.070783927414542869
133.78828949605438,699.19103760132077,-1001.6822814941401,32.299999999999997,-0.070932408173321262
133.80123669799011,699.14890452944405,-1000.79393386841,32.299999999999997,-0.070913811731056903
133.81418143812959,699.01596753232218,-999.97711181640602,32.280000000000001,-0.070728384371482531
133.82711905779144,698.63146174016958,-1003.92651557922,32.280000000000001,-0.070448161827320568
133.84005712552221,698.65565746132006,-1003.92651557922,32.140000000000001,-0.070188923014144672
133.85300799169511,699.34677333570494,-1002.69865989685,32.140000000000001,-0.069974417695065599
133.86596140451724,699.48429239623135,-1001.78813934326,32.119999999999997,-0.069983238354131255
133.87891258940991,699.36398420336695,-1001.76429748535,32.119999999999997,-0.07007700287687009
133.89186616469632,699.4930654662603,-1001.76429748535,32.119999999999997,-0.070075005707250518
133.90483086204321,700.09365673303557,-1002.8715133667,32.119999999999997,-0.069799816442167956
133.91779462392955,700.04314186225429,-1002.8715133667,32.469999999999999,-0.069328225734535412
133.93075892391363,700.07219914031657,-1004.37474250793,32.469999999999999,-0.068912828962590975
133.94372781842105,700.32030340079564,-1006.33573532104,32.520000000000003,-0.06875918350197463
133.95670583989013,700.81315932969915,-1005.8379173278799,32.520000000000003,-0.068810550081026323
133.96968078799512,700.6471976690774,-1003.90625,32.560000000000002,-0.069025559349987331
133.98264351093957,699.98703900096064,-1006.1123371124301,32.560000000000002,-0.069206969605489693
133.99560543398024,699.94384419560754,-1006.67548179626,32.159999999999997,-0.069314908856202756
134.00856989746293,700.08102806617831,-1006.67548179626,32.159999999999997,-0.069250877325813476
134.02153038419758,699.86628367014714,-1009.00793075562,32.189999999999998,-0.069021433591551842
134.03448622052841,699.61516186467327,-1011.0719203949,32.189999999999998,-0.068839223434383978
134.04745396433577,700.25816559790474,-1010.79845428467,32.520000000000003,-0.068961113897733572
134.06043155739746,700.79002533103301,-1009.93680953979,32.229999999999997,-0.069263006250382828
134.07340553796172,700.59495047056407,-1009.86218452454,32.469999999999999,-0.06959598718463042
134.08637729059507,700.47464220075574,-1009.37819480896,32.469999999999999,-0.069657178181989229
134.09934774351606,700.40445773395595,-1008.87131690979,32.420000000000002,-0.069587988158001185
134.11232882489756,700.9783946006886,-1008.87131690979,32.420000000000002,-0.069484751050524748
134.12530515756916,700.72196426523385,-1008.71801376343,32.25,-0.069424961176049765
134.13828195072722,700.74683053667195,-1008.00251960754,32.359999999999999,-0.069445343688158384
134.15126095319019,700.86613300028466,-1007.35521316528,32.259999999999998,-0.069515879990156001
134.16424532834822,701.15625853303936,-1007.35521316528,32.259999999999998,-0.069633614685086373
134.17722640352096,700.97805932829272,-1007.30180740356,32.310000000000002,-0.069719383285926237
134.19020328153329,700.75141266602861,-1008.88752937317,32.310000000000002,-0.069568189274216166
134.20318011401486,700.74895400362436,-1008.93402099609,32.329999999999998,-0.06933145432078322
134.21616693130747,701.28813380218094,-1008.93402099609,32.329999999999998,-0.069242837941354884
134.22915608104691,701.41408592932623,-1009.22966003418,32.159999999999997,-0.069372471834835081
134.24214687508885,701.502878264164,-1009.59801673889,32.159999999999997,-0.069691253204793052
134.25513888295308,701.56842466883029,-1009.59801673889,32.350000000000001,-0.070064892577934287
134.26813399108767,701.73583926810079,-1011.32202148438,32.100000000000001,-0.070232336098573725
134.28112156896177,701.32920520103744,-1011.4910602569601,32.140000000000001,-0.070255624337654005
134.2940997653123,700.82260292803176,-1011.61289215088,32.140000000000001,-0.070118740614247568
134.30707867050381,700.86088034262434,-1011.61289215088,32.549999999999997,-0.070024307610769776
134.32005844596421,700.90787486149304,-1009.69171524048,32.549999999999997,-0.070078014914103065
134.33303656470491,700.81841199835162,-1009.69219207764,32.549999999999997,-0.070352688845869482
134.34600845393206,700.48201826491265,-1009.57012176514,32.549999999999997,-0.070626497682029193
134.35898332442721,700.64300673939726,-1009.57012176514,32.189999999999998,-0.070859534252179418
134.37195880545556,700.67597553057658,-1008.59928131104,32.530000000000001,-0.070859912989475776
134.38493277981109,700.5946151981683,-1008.44883918762,32.229999999999997,-0.070719058728981876
134.39790659791109,700.58617740053512,-1008.26811790466,32.229999999999997,-0.070601685180081586
134.41088521025304,700.84506646434636,-1008.26740264893,32.189999999999998,-0.070691025919897524
134.4238683519259,701.08965033444088,-1008.26740264893,32.189999999999998,-0.070948426920846047
134.43684778900621,700.88960233729881,-1006.79755210876,32.539999999999999,-0.071212097795139914
134.44981878105921,700.43357086235505,-1007.1830749511701,32.210000000000001,-0.071434382762165391
134.46279198241731,700.55287333696003,-1004.85062599182,32.5,-0.071520743270236359
134.47576144192834,700.35081359552282,-1004.85062599182,32.5,-0.071443183761230211
134.48872528142348,700.04733273697457,-1003.99279594421,32.479999999999997,-0.071296134135421171
134.50168754181115,699.9620609354173,-1006.79063796997,32.479999999999997,-0.071222523434054705
134.51465900883946,700.45921952765013,-1006.24346733093,32.210000000000001,-0.071334223159398732
134.52763221019632,700.55287327100802,-1006.24346733093,32.5,-0.071545054928253596
134.54060144205067,700.33852013510921,-1005.31339645386,32.229999999999997,-0.071763735678602489
134.55356341683211,699.94663819635969,-1003.59010696411,32.229999999999997,-0.071813556261980382
134.56653058942842,700.22732020222963,-1003.59010696411,32.439999999999998,-0.071689034294300208
134.5794985929717,700.27219133658605,-1005.86152076721,32.210000000000001,-0.071465766264640448
134.59246433650492,700.15015079400564,-1004.67896461487,32.210000000000001,-0.071318273742877122
134.6054249080938,699.8708657995038,-1002.96759605408,32.210000000000001,-0.071349256775758249
134.61839145670368,700.19362493348194,-1001.96862220764,32.469999999999999,-0.071536336714599788
134.63135278266293,699.91160179955659,-1001.6622543335,32.469999999999999,-0.071715847070902963
134.64430855276666,699.61158560196816,-1001.6622543335,32.210000000000001,-0.071747309217655972
134.65726131676797,699.44925607087623,-1001.9469261169399,32.420000000000002,-0.071616509100878065
134.67021404662103,699.44741206445497,-1001.01065635681,32.210000000000001,-0.07145759546098554
134.68317406045074,699.84074680445315,-998.42286109924305,32.390000000000001,-0.071424066813711565
134.69613901029012,700.10729132700044,-997.14732170105003,32.240000000000002,-0.071444424490013675
134.70910481901606,700.15367120087819,-997.78437614440895,32.240000000000002,-0.071501767054985246
134.72208050183093,700.68687200160593,-997.78437614440895,32.189999999999998,-0.071518440833828231
134.73505850363958,700.81209766767086,-996.77014350891102,32.189999999999998,-0.071469288733530173
134.74802965815675,700.44234392688816,-995.108604431152,32.229999999999997,-0.071348161953623132
134.7609973367716,700.25464520202411,-995.63169479370094,32.229999999999997,-0.071118282567540339
134.7739681601519,700.42446253641822,-995.63169479370094,32.32,-0.070912670342853243
134.78693376709134,700.14277472984872,-996.49524688720703,32.32,-0.070868138637292508
134.79989220181238,699.75547493694398,-998.36230278015103,32.25,-0.07093973250832615
134.81284493890865,699.44780319817949,-996.03724479675304,32.25,-0.071011076990591435
134.8257930380185,699.19735193200154,-996.03724479675304,32.159999999999997,-0.070934872038400584
134.83873697204697,698.97243753701332,-996.04177474975597,32.159999999999997,-0.070727013257971788
134.8516802117235,698.93494253276572,-997.11132049560501,32.299999999999997,-0.070410333574425998
134.86462513295319,699.02574640305068,-998.43335151672397,32.299999999999997,-0.070224584390146297
134.8775838667321,699.77162406013781,-996.78659439086903,32.350000000000001,-0.070259094031014671
134.89054660209385,699.98770953476048,-994.81225013732899,32.350000000000001,-0.070494999073816136
134.90350386024323,699.69194006772489,-995.29457092285202,32.359999999999999,-0.070771192096206387
134.91645995010123,699.62885233095881,-995.79763412475597,32.359999999999999,-0.070905736130105604
134.92941722170372,699.69266653430122,-995.048046112061,32.140000000000001,-0.070871057816636468
134.94236914027044,699.40360260311888,-995.048046112061,32.140000000000001,-0.070777298468380212
134.95531365896301,699.00400939926453,-994.10986900329601,32.119999999999997,-0.070661219457956156
134.96826281046671,699.25418119941537,-994.53663825988804,32.119999999999997,-0.070686649737613974
134.98122064707167,699.72317666857236,-994.53663825988804,32.520000000000003,-0.070836854477636366
134.99417630748647,699.60566239951606,-995.16081809997604,32.119999999999997,-0.071062247993417316
135.00713363186298,699.69551633043,-993.97492408752396,32.530000000000001,-0.071158212504913318
135.02009530137769,699.93015379527412,-993.97492408752396,32.530000000000001,-0.071121645676595194
135.03306600782585,700.4181482002416,-992.44594573974598,32.509999999999998,-0.070971656175750991
135.04603892978642,700.53778587029842,-991.21189117431595,32.509999999999998,-0.07076571178034495
135.05900778393826,700.31812419892265,-991.32847785949696,32.100000000000001,-0.070581264380201264
135.07198182969503,700.5984708664447,-992.97618865966797,32.469999999999999,-0.070537292501931997
135.08496291831975,700.97878573441312,-993.59536170959495,32.100000000000001,-0.070580159210627658
135.09793406559379,700.44195279865949,-993.26229095458996,32.100000000000001,-0.070737136734726508
135.11089362410985,699.81615986713825,-992.49887466430698,32.100000000000001,-0.070926111397775771
135.1238515973086,699.73055273272928,-991.99557304382301,32.100000000000001,-0.071027250959565996
135.13680857709758,699.67690860528785,-993.04056167602505,32.119999999999997,-0.071019438198534013
135.14975911834196,699.32922719564704,-993.04056167602505,32.119999999999997,-0.070996218256903845
135.16270517681974,699.0871577998214,-995.61500549316395,32.530000000000001,-0.071057950455717042
135.17565743376795,699.42187520425705,-995.61500549316395,32.530000000000001,-0.07124758635893437
135.18861417865551,699.66422392870993,-995.70178985595703,32.140000000000001,-0.071383036879415565
135.20157056757165,699.64500147064075,-996.17028236389206,32.549999999999997,-0.071428864159550035
135.21452901470988,699.75614546524764,-995.35107612609897,32.539999999999999,-0.071392176258761625
135.22749547950121,700.18909873140592,-992.01512336731003,32.539999999999999,-0.071382281474168058
135.24046830315555,700.53247733482124,-991.45340919494595,32.170000000000002,-0.071388468559456145
135.25343947112603,700.44307040445642,-991.45340919494595,32.170000000000002,-0.071407416835900711
135.26640136208766,699.94211192833166,-993.90840530395496,32.189999999999998,-0.07143955160259198
135.27935888721728,699.70635700058688,-994.98414993286099,32.189999999999998,-0.071497495389290761
135.29231509918151,699.63544606721086,-994.98414993286099,32.189999999999998,-0.071598969192468234
135.30526343836542,699.21031593171051,-994.87948417663597,32.189999999999998,-0.071583270198369797
135.31820561840254,698.87772200521943,-993.48211288452103,32.450000000000003,-0.071509863352543751
135.33114901433339,698.94338026444689,-995.76020240783703,32.450000000000003,-0.071518641585350831
135.34409738559631,699.21204819898651,-995.18585205078102,32.5,-0.071585452597285576
135.35704291115195,699.05838000427423,-995.18585205078102,32.5,-0.071704654643917135
135.36999247243821,699.27630945783812,-995.02038955688499,32.439999999999998,-0.071828646792152256
135.38295106858885,699.76419213465226,-999.05824661254906,32.439999999999998,-0.071956728481821247
135.39591340141115,699.96597240456617,-999.05824661254906,32.229999999999997,-0.072120062799092208
135.4088724787444,699.7901759953993,-999.40872192382801,32.229999999999997,-0.072254157727373064
135.42183082964692,699.75094873486785,-999.37772750854504,32.25,-0.072327679436819559
135.43478834132347,699.70563053401042,-998.07238578796398,32.25,-0.07240438523334787
135.44774362506911,699.58532226420198,-998.07238578796398,32.280000000000001,-0.072559413188975394
135.46069450469517,699.34749980777713,-997.12753295898403,32.280000000000001,-0.072695284875047061
135.47363899751727,699.00261239339238,-996.14167213439896,32.159999999999997,-0.072772382862160034
135.48658701177288,699.19276980264465,-998.07906150817905,32.159999999999997,-0.07286297674784846
135.49953621501723,699.25697519467155,-997.95150756835903,32.140000000000001,-0.072883429626141749
135.51248437207659,699.20048120514946,-997.95150756835903,32.140000000000001,-0.072879702266530108
135.52543349046667,699.25239306531489,-997.19762802124001,32.119999999999997,-0.072843995358623667
135.53838944269509,699.62142033402529,-995.81789970397904,32.119999999999997,-0.072795843912022609
135.55135471228891,700.12455806698324,-995.81789970397904,32.590000000000003,-0.072786849404855844
135.56432167689022,700.21608846979643,-996.86336517333996,32.590000000000003,-0.072827410573125556
135.57728767912465,700.16412066036639,-998.76499176025402,32.549999999999997,-0.072843120950556423
135.59026740284449,700.90508087173282,-1000.25701522827,32.549999999999997,-0.072812454567389162
135.60324338471719,700.70302112479965,-1001.14393234253,32.560000000000002,-0.072740998326131914
135.6162107715173,700.23888720705884,-1001.60241127014,32.560000000000002,-0.072645105214271852
135.62917340960743,699.98245686610801,-1003.42464447021,32.189999999999998,-0.072571536939367493
135.64213683932223,700.0252045994639,-1003.71861457825,32.189999999999998,-0.072552488289095399
135.65509887308761,699.94982333083635,-1002.50911712646,32.189999999999998,-0.07268191211757466
135.66805550207658,699.65796540439783,-1002.50911712646,32.189999999999998,-0.072748766590542358
135.68101415721119,699.76737726912893,-1002.09903717041,32.210000000000001,-0.072821838160104985
135.69397858757898,700.07923986062963,-1002.95996665955,32.210000000000001,-0.072819631959851749
135.70694467570246,700.16875866753981,-1001.13892555237,32.280000000000001,-0.072818496781413944
135.71990987285923,700.12064646593024,-1001.13892555237,32.280000000000001,-0.072792079299108317
135.73287789606425,700.2732530700622,-1001.4214515686,32.210000000000001,-0.072700762086178247
135.74585238989013,700.6226665985871,-1002.04372406006,32.210000000000001,-0.072579789492132382
135.75883072387043,700.83003493595731,-1002.21490859985,32.299999999999997,-0.072550667035395491
135.77180471064324,700.59528573196792,-1000.61464309692,32.159999999999997,-0.072515604810147419
135.78477865912839,700.59321819779223,-998.52585792541504,32.359999999999999,-0.072462147929339082
135.79775564062101,700.7570006015809,-1001.90901756287,32.359999999999999,-0.072327653566951103
135.8107230336297,700.23922246846269,-1001.90901756287,32.469999999999999,-0.072246518812610197
135.82368888064454,700.15573880100601,-1002.8247833252,32.469999999999999,-0.072293841383455945
135.83666260871601,700.58131586011132,-1000.37050247192,32.509999999999998,-0.072535793813950561
135.84964697663204,701.15586746526697,-998.76761436462402,32.509999999999998,-0.072775980871920554
135.86263422336785,701.31132373362379,-1001.71875953674,32.119999999999997,-0.072994487772743435
135.87561968300116,701.21482019963321,-1001.71875953674,32.119999999999997,-0.073055723268148687
135.88860286917156,701.0920532014685,-1001.55782699585,32.140000000000001,-0.073004044178480665
135.90158908317525,701.255556199686,-1001.68466567993,32.140000000000001,-0.072838549192148841
135.91457245147043,701.10188793902159,-1001.68466567993,32.530000000000001,-0.072740951759350941
135.92755416925559,701.01276039774018,-1002.14123725891,32.119999999999997,-0.072714710193473864
135.94053523097656,700.97733293316435,-1001.93333625793,32.590000000000003,-0.072838603001434507
135.95351905355059,701.12641899851997,-1000.92792510986,32.590000000000003,-0.072980344088509577
135.96650415617538,701.19554173733934,-998.26693534851097,32.579999999999998,-0.073038540366264296
135.97947679873951,700.52269846409263,-998.26693534851097,32.579999999999998,-0.072984448116479458
135.99244370435673,700.2129033298238,-997.47848510742199,32.530000000000001,-0.072918081034662713
136.00541253367285,700.31678307086725,-997.33877182006802,32.530000000000001,-0.072762023450841276
136.01838002395309,700.24447513161908,-997.33877182006802,32.210000000000001,-0.072600435879036487
136.03134920406669,700.33572613435717,-998.97241592407204,32.210000000000001,-0.072562411013615075
136.04432705065429,700.80371573136654,-999.97186660766602,32.259999999999998,-0.072734721211197909
136.05730984670367,701.0709866655302,-996.13976478576706,32.259999999999998,-0.073042570922606825
136.07029302666541,701.09171793456869,-996.13976478576706,32.280000000000001,-0.073287604996298078
136.08327000815802,700.7570006015809,-997.72334098815895,32.280000000000001,-0.073326616030000027
136.09624630875058,700.72023199795785,-998.73304367065396,32.159999999999997,-0.073314990020538248
136.10922538882346,700.87032393546099,-999.367237091064,32.159999999999997,-0.07330765223336462
136.12219984332722,700.62054320308266,-999.367237091064,32.369999999999997,-0.073346734667109614
136.13516743812352,700.25011899994797,-1000.58913230896,32.100000000000001,-0.073418771434402869
136.14813528644564,700.26380939478565,-1000.58913230896,32.100000000000001,-0.073582173014553123
136.16110293298146,700.25291293474822,-1002.00128555298,32.100000000000001,-0.073733973420437429
136.17406415442596,699.90595800267567,-1002.00128555298,32.469999999999999,-0.073795697340852007
136.18701885350862,699.5537504624067,-998.512744903564,32.469999999999999,-0.073779233627518842
136.19997986074941,699.89439100334255,-997.88665771484398,32.520000000000003,-0.073696993704316774
136.21294678602837,700.21396506330007,-998.33869934081997,32.520000000000003,-0.073626706790273291
136.22591137265186,700.08767766925484,-998.52943420410202,32.579999999999998,-0.073645192508828977
136.23886975563215,699.75268093619184,-998.52943420410202,32.579999999999998,-0.073670298895046921
136.2518266050358,699.66986779703882,-998.50153923034702,32.210000000000001,-0.073680795936752752
136.26477948493451,699.45551452923621,-997.14136123657204,32.210000000000001,-0.073777596569460299
136.27772265217408,698.93103093720879,-995.35417556762695,32.210000000000001,-0.0738138902100135
136.29066519646176,698.89739153528569,-995.01347541809105,32.210000000000001,-0.073890548405698891
136.30361289303329,699.17561486226327,-996.36459350585903,32.229999999999997,-0.073992726910179149
136.31656522655686,699.42601027260866,-995.70059776306096,32.229999999999997,-0.074159305335822545
136.32951967935566,699.54045113534164,-996.21820449829102,32.359999999999999,-0.074359016078548848
136.34247468370489,699.5702348579963,-996.21820449829102,32.359999999999999,-0.074518709959800727
136.35543449574809,699.82985033342391,-998.65746498107899,32.280000000000001,-0.074540048630002576
136.36840001783452,700.13819266644396,-999.09853935241699,32.280000000000001,-0.074514207533414104
136.38136205780864,699.95015860323235,-997.73383140563999,32.280000000000001,-0.074466611775515876
136.39432317577285,699.90037006712328,-996.39940261840798,32.189999999999998,-0.074583301319822368
136.40729281016544,700.36025719935151,-994.44079399108898,32.329999999999998,-0.07475393720736713
136.42025939085434,700.19535720075794,-996.24848365783703,32.329999999999998,-0.074852033414241292
136.43321061506913,699.36610759887128,-997.38049507141102,32.420000000000002,-0.07476923056003526
136.44615586122714,699.04329253211654,-996.22750282287598,32.420000000000002,-0.074537957294082205
136.45910129675434,699.05351846934627,-996.22750282287598,32.539999999999999,-0.074280135126321867
136.47204786228653,699.11453873788855,-995.98145484924305,32.539999999999999,-0.074173646668477214
136.48499366723826,699.07346739399179,-995.98145484924305,32.140000000000001,-0.074144936063241781
136.49794432541611,699.33554160327162,-993.87669563293503,32.140000000000001,-0.074297685383086204
136.5108992324939,699.56498220033586,-993.78371238708496,32.159999999999997,-0.074488630311824663
136.52385167777533,699.43204519771814,-993.78371238708496,32.159999999999997,-0.074550462886297381
136.53679670352099,699.03139026588372,-993.48258972168003,32.549999999999997,-0.074386192071951796
136.54974187827784,699.03943686933621,-993.50404739379906,32.189999999999998,-0.07403322598974682
136.5626913153877,699.26960393297691,-995.40185928344704,32.460000000000001,-0.0737648208935998
136.57565346608513,699.95613766151712,-997.78318405151401,32.460000000000001,-0.073779781038026626
136.58860957456915,699.62985813715454,-997.78318405151401,32.210000000000001,-0.073978800533145553
136.60156035588892,699.34219126680409,-997.61343002319302,32.43,-0.07426838183584529
136.61451490595925,699.54570379849804,-995.13149261474598,32.369999999999997,-0.074481852352247843
136.6274575795976,698.90437647121394,-996.09518051147495,32.369999999999997,-0.074470294638607742
136.64038901527769,698.29752672409484,-996.78921699523903,32.25,-0.074227306370560464
136.6533278560062,698.69739933901644,-996.78921699523903,32.25,-0.07387253248814743
136.66628016469386,699.42466913356134,-998.00586700439396,32.25,-0.073597275961814021
136.6792386770247,699.75966586662423,-1000.40650367737,32.25,-0.073565430938667131
136.69220139272463,699.98664779578826,-999.44663047790505,32.25,-0.073641557245562247
136.70516085397037,699.81090726993375,-999.44663047790505,32.25,-0.073804115462301617
136.71812277701113,699.94384420110362,-998.27408790588402,32.259999999999998,-0.073717762198058437
136.73107859368156,699.61410020264509,-998.62074851989701,32.259999999999998,-0.073473673934411246
136.74402554933457,699.13560526283482,-999.07708168029797,32.280000000000001,-0.073204128485547415
136.75697481673583,699.26043966876739,-999.07708168029797,32.189999999999998,-0.072979055757763631
136.76993530450616,699.86633959742778,-999.94254112243596,32.189999999999998,-0.072928063778132116
136.78289612962098,699.88455619983733,-1003.79323959351,32.189999999999998,-0.072994420510881924
136.79584598893092,699.29240273619121,-1001.76453590393,32.329999999999998,-0.073138994888788111
136.80879684889516,699.34643806880501,-1001.76453590393,32.329999999999998,-0.073274343999140734
136.82175165145807,699.55933839795898,-1000.7030963897701,32.390000000000001,-0.073220097562985836
136.83470438234568,699.44746793127968,-1001.23119354248,32.390000000000001,-0.073001589626574354
136.84766199129388,699.7108832026629,-1002.45499610901,32.439999999999998,-0.072781086588768931
136.86063451692476,700.51638406745997,-1003.00884246826,32.439999999999998,-0.072732744738694427
136.87361350696912,700.86546239503696,-1001.39880180359,32.100000000000001,-0.072927823703045638
136.88659200237899,700.83875213366559,-1000.7057189941401,32.100000000000001,-0.073155013637941343
136.89956854304572,700.73319600316302,-1000.7057189941401,32.450000000000003,-0.073182016818628223
136.91254000282959,700.45882832797383,-1000.8277893066401,32.119999999999997,-0.07308282061554347
136.92551467153712,700.63211020791175,-1000.94866752625,32.090000000000003,-0.072846771734013979
136.93848637243084,700.47184826045952,-1001.6655921936,32.090000000000003,-0.072600881878805035
136.95146198384441,700.68301633332953,-1002.41875648499,32.509999999999998,-0.072479266672362
136.96443706854328,700.65457373873028,-1003.11636924744,32.509999999999998,-0.07263221881419378
136.97741363508018,700.73459299254705,-1005.16796112061,32.579999999999998,-0.073086557289142332
136.99038313908764,700.3532164020944,-1003.45969200134,32.579999999999998,-0.073540371118517717
137.00334167832344,699.7611187338249,-1004.58478927612,32.159999999999997,-0.073708126114388442
137.01630104126176,699.80559866850479,-1004.58478927612,32.57,-0.073595743418614315
137.02926369901368,699.98351860508012,-1007.51256942749,32.159999999999997,-0.07332505244356885
137.04222921489014,700.13785732809629,-1008.2893371582001,32.159999999999997,-0.073195437176027542
137.05519829048887,700.33008233198029,-1008.09764862061,32.140000000000001,-0.073242132654768741
137.06817022421234,700.48442106598827,-1008.09764862061,32.140000000000001,-0.073409871094249332
137.08114097619259,700.42060693409394,-1007.4987411499,32.549999999999997,-0.073694864080522934
137.09410708397658,700.16982033506406,-1006.08587265015,32.170000000000002,-0.073918048292541713
137.10706564804696,699.76245980142437,-1006.08587265015,32.57,-0.073936546427881097
137.12002421211858,699.76245986737638,-1004.49347496033,32.57,-0.073810037638528725
137.13298863006918,700.07856933232597,-1002.41851806641,32.57,-0.073663231191111511
137.14595371753825,700.11472332942992,-1002.78544425964,32.57,-0.073681379565178132
137.15891478997167,699.89791140471903,-1002.78544425964,32.159999999999997,-0.073869018297554545
137.17187288631112,699.73720233030963,-1002.69484519958,32.579999999999998,-0.074046891596104517
137.18483428367284,699.91545753378489,-1002.69484519958,32.140000000000001,-0.074168805859773798
137.1977914704222,699.68808446540038,-1004.29248809814,32.140000000000001,-0.074133539779188865
137.21075449759746,700.00346746377375,-1003.54242324829,32.090000000000003,-0.074100929001422192
137.22372721156299,700.52655413786511,-1003.2744407653799,32.090000000000003,-0.074113795739870994
137.23670620160743,700.86546240053303,-1003.2744407653799,32.159999999999997,-0.074186750376366226
137.24968240389379,700.71492346248078,-1004.76408004761,32.159999999999997,-0.074384992734652502
137.26265533827276,700.53845646455409,-1005.90085983276,32.539999999999999,-0.074615841731709709
137.27562391406173,700.30309260458171,-1006.59847259521,32.539999999999999,-0.074690703509603468
137.28859330217037,700.34695786679038,-1007.2159767150901,32.210000000000001,-0.074709799761329146
137.3015572782605,700.05470886708338,-1006.4785480499301,32.520000000000003,-0.074559114873474719
137.3145205517198,700.01676680183084,-1006.8373680114699,32.520000000000003,-0.074539658509679127
137.32748546327161,700.10522379832071,-1006.8373680114699,32.520000000000003,-0.074646143863505973
137.3404475498111,699.9526731324612,-1005.56683540344,32.189999999999998,-0.074751061490073892
137.35339979227169,699.42109287085623,-1003.13544273376,32.189999999999998,-0.074849655436555265
137.36634993097903,699.30749019735686,-1003.13544273376,32.229999999999997,-0.074871546692968804
137.37930824255807,699.74882526791555,-1003.07393074036,32.229999999999997,-0.07471494583600688
137.39226600155192,699.71898566744414,-1003.1201839447,32.189999999999998,-0.074516804887849175
137.40522527446302,699.80073719952884,-1002.63381004333,32.189999999999998,-0.074247925852007526
137.41818768489756,699.97016346615044,-1002.63381004333,32.420000000000002,-0.074181086901571561
137.43115985869508,700.49738506569747,-1000.90384483337,32.420000000000002,-0.074281088178972388
137.44413106598768,700.44519379996075,-999.81093406677201,32.32,-0.074452794052642199
137.45709708167411,700.1648470664868,-1002.5680065155,32.32,-0.074557701332076967
137.4700625458112,700.13506340428808,-1003.57055664063,32.240000000000002,-0.074485198905116137
137.48303022442596,700.25464519652803,-1003.91149520874,32.240000000000002,-0.074328493533906054
137.49600043106426,700.39115846734717,-1003.91149520874,32.329999999999998,-0.074326028633136351
137.50896764815681,700.22972299780929,-1003.4775733947801,32.329999999999998,-0.074323926948759722
137.52193369074817,700.16629993368758,-1003.4775733947801,32.310000000000002,-0.074554254404058037
137.53489930389625,700.14310999674865,-1003.67212295532,32.310000000000002,-0.074784320054211428
137.54785896589382,699.82174786864255,-1003.66973876953,32.43,-0.075002399583749088
137.56081271709624,699.50256493141762,-1003.0453205108601,32.43,-0.075030837000201814
137.57376486228517,699.41584020220375,-1003.06487083435,32.119999999999997,-0.074800176338087068
137.58672337565184,699.75972179940084,-1002.94899940491,32.119999999999997,-0.074440348479783883
137.59968303764819,699.82174780269054,-1002.94899940491,32.140000000000001,-0.074191388363082256
137.61264036099132,699.69546052955729,-1000.92887878418,32.140000000000001,-0.074080905566303784
137.62559943935923,699.79023186771997,-998.88849258422795,32.509999999999998,-0.07413000903118809
137.638566487779,700.2206146663766,-999.234437942505,32.140000000000001,-0.074099324021878396
137.65153171080746,700.12204353775417,-1000.19788742065,32.539999999999999,-0.073935720656448933
137.66449440063701,699.98525079541207,-998.77500534057594,32.539999999999999,-0.073694230780993422
137.6774620409642,700.25257766784841,-998.39496612548805,32.57,-0.07335425871906627
137.69043595633585,700.5914300691876,-998.39496612548805,32.57,-0.073132208651830469
137.70341047706668,700.62411946578789,-1000.25773048401,32.539999999999999,-0.07304009670958013
137.71638268397902,700.49917326574996,-999.67861175537098,32.539999999999999,-0.073085900188987807
137.72935276023208,700.38411766459387,-999.32074546813999,32.159999999999997,-0.073351525805014237
137.74232881971477,700.70721206547194,-999.32074546813999,32.159999999999997,-0.073507045291704445
137.75530408033089,700.66407326983961,-999.27258491516102,32.210000000000001,-0.0735185191858716
137.76827385752588,700.36796853040823,-998.51727485656704,32.210000000000001,-0.073360308176817074
137.78124206285554,700.28308780211944,-998.51727485656704,32.5,-0.073113521147486676
137.79421517315066,700.54795593520737,-1000.59533119202,32.210000000000001,-0.072922265778596645
137.8071835595704,700.29286666735197,-1004.19902801514,32.399999999999999,-0.072844806644334043
137.8201471010432,700.03123953006934,-1000.61202049255,32.399999999999999,-0.072890661864089268
137.83311779403826,700.41742173366515,-1000.61202049255,32.280000000000001,-0.073051795156200236
137.84609182013455,700.59740919892045,-999.69530105590798,32.280000000000001,-0.073119785843499666
137.85905825181115,700.18731053684928,-999.10783767700195,32.170000000000002,-0.073038947043079644
137.8720198178458,699.92456587071376,-999.41182136535599,32.170000000000002,-0.072849558458776567
137.88498187127158,699.95088499286464,-999.41182136535599,32.350000000000001,-0.072582202652554523
137.89794155293089,699.82280960211881,-1000.28777122498,32.350000000000001,-0.072553957708818687
137.91089059991981,699.24853740253445,-1000.61559677124,32.460000000000001,-0.072630580721767965
137.9238355418457,699.02686399785557,-1000.93936920166,32.460000000000001,-0.07272757382759952
137.93678019092343,699.01105019652164,-1001.0929107666,32.549999999999997,-0.072809605755349407
137.94973340816793,699.47373120309385,-1001.0929107666,32.549999999999997,-0.072772968559828857
137.96268238375558,699.24468173425817,-1002.03895568848,32.170000000000002,-0.072758408883571088
137.97562846913954,699.08861073297419,-1001.1992454528799,32.170000000000002,-0.07279418408841877
137.98858027077409,699.39728826694216,-1000.59247016907,32.189999999999998,-0.072711455738986033
138.00154179748517,699.92244239826539,-1002.90584564209,32.189999999999998,-0.072696539055083276
138.01449903700865,699.69093426702534,-1004.20022010803,32.25,-0.072723770927625969
138.02745705573952,699.7330114665815,-1001.59955024719,32.25,-0.072848592988426344
138.04042242777896,700.13009013021474,-1001.59955024719,32.280000000000001,-0.072985546042937721
138.0533826423605,699.85158740316194,-1000.6263256073,32.280000000000001,-0.072953307794431793
138.06633307391613,699.32330400418687,-1001.77526473999,32.170000000000002,-0.07285227792106698
138.07927819072347,699.03630759618829,-1002.34436988831,32.170000000000002,-0.072738808682370579
138.09222185880739,698.95807653143208,-1002.34436988831,32.159999999999997,-0.072668985359361907
138.10516730054445,699.0538538021982,-1001.76239013672,32.159999999999997,-0.072751223213422325
138.11811058471608,698.93734526788944,-1002.64763832092,32.350000000000001,-0.072763661543063532
138.13105358328275,698.92192260028003,-1002.97021865845,32.350000000000001,-0.072886958304695534
138.14399684261971,698.93600419479401,-1002.97021865845,32.119999999999997,-0.07296885777664272
138.15694216121355,699.04720406721765,-1003.262758255,32.469999999999999,-0.072900098230400376
138.16988102781232,698.69879633389633,-1002.74634361267,32.090000000000003,-0.072823880860204498
138.18282146110246,698.78339766760587,-1001.5907287597699,32.579999999999998,-0.072781081414388132
138.1957718140136,699.31905720218595,-1002.76017189026,32.140000000000001,-0.072752895454522307
138.20873122869256,699.80839266376097,-1004.5371055603,32.140000000000001,-0.072790684384463678
138.22168756483336,699.64215160306401,-1004.54044342041,32.159999999999997,-0.072657924352284853
138.23464366089999,699.62918759785885,-1004.09722328186,32.159999999999997,-0.072500197630974123
138.24760370680872,699.84247907172914,-1003.45635414124,32.159999999999997,-0.072375086860589535
138.26055848350128,699.55794139758279,-1003.45635414124,32.159999999999997,-0.072305810948190427
138.27350453577162,699.08682259887348,-1003.03387641907,32.57,-0.072243652410525508
138.28645139415187,699.13035253372641,-1003.78203392029,32.57,-0.072136450971859903
138.2994062753605,699.5635852659118,-1003.85594367981,32.57,-0.072055125816386442
138.31236689248027,699.87332446740413,-1003.85594367981,32.57,-0.07196931064917271
138.32532650894572,699.81928913479032,-1004.22763824463,32.539999999999999,-0.071823318591687238
138.3382861129939,699.81861860099048,-1006.61945343018,32.539999999999999,-0.071710422634791951
138.35125451286666,700.29359312843224,-1007.9665184021,32.210000000000001,-0.071627947812614445
138.36421978866912,700.12489333388305,-1007.45606422424,32.210000000000001,-0.071654666422000426
138.37717997117153,699.84985513038998,-1008.6708068847699,32.460000000000001,-0.071765391362498127
138.39013824342834,699.74670186691503,-1008.24308395386,32.189999999999998,-0.071905973470306819
138.40310511696674,700.21117107353984,-1008.24308395386,32.210000000000001,-0.072056833240731422
138.41606606522348,699.89120586336992,-1009.2353820800799,32.210000000000001,-0.072120882363404748
138.4290157227469,699.28150626516185,-1011.86728477478,32.409999999999997,-0.071976414570822156
138.44196730396791,699.38538593475721,-1013.98921012878,32.409999999999997,-0.071840240722895743
138.45492861647529,699.91087539893226,-1011.97290420532,32.390000000000001,-0.071805663820165858
138.46788797941483,699.80559873445679,-1011.97290420532,32.390000000000001,-0.071903415437807164
138.48084341941617,699.59376007282708,-1010.0009441375699,32.310000000000002,-0.072114171667114341
138.49380928609142,700.1568004630343,-1009.2632770538301,32.310000000000002,-0.072201076481369947
138.50677734861733,700.27537639961474,-1009.2632770538301,32.229999999999997,-0.072159503275256581
138.51974330635556,700.16171786478674,-1009.04369354248,32.229999999999997,-0.072048267142474032
138.5327084445297,700.11746140290143,-1009.37390327454,32.240000000000002,-0.071775278904587014
138.54567564299509,700.22871713115774,-1009.54604148865,32.240000000000002,-0.071610801128036985
138.55865900508272,701.10155273257783,-1012.2127532959,32.280000000000001,-0.071505821413683016
138.57164350338277,701.16290820206791,-1012.2127532959,32.280000000000001,-0.071394434198649978
138.58462884608272,701.20850579750447,-1011.85035705566,32.280000000000001,-0.071336529734700838
138.59761235097167,701.10926400317851,-1011.7073059082001,32.280000000000001,-0.071249881551616476
138.61059897372346,701.27762859678,-1011.7073059082001,32.159999999999997,-0.071126118095440727
138.62357631946543,700.77667006569527,-1011.94834709167,32.159999999999997,-0.070938259983363713
138.63654864951977,700.50582293477851,-1012.75730133057,32.119999999999997,-0.070790480821666724
138.64952309884944,700.62026380300745,-1015.1507854461699,32.119999999999997,-0.070728723787352357
138.6625050308395,701.02432746302509,-1015.1507854461699,32.409999999999997,-0.070822473822435617
138.6754838253062,700.85490120189957,-1015.6846046447801,32.409999999999997,-0.070950218166088888
138.68846277602833,700.86333899403655,-1015.89441299438,32.43,-0.071110975824208861
138.70143943259262,700.73945447251504,-1014.72139358521,32.43,-0.071103058547605597
138.71441676591851,700.77599959784754,-1014.72139358521,32.439999999999998,-0.071059272934424711
138.72739092239871,700.60444993022543,-1015.24925231934,32.439999999999998,-0.070922959388598023
138.74036195998403,700.43602960719932,-1015.24925231934,32.119999999999997,-0.070867848892933918
138.7533387862556,700.74861866527647,-1010.2245807647701,32.119999999999997,-0.070956493209540353
138.76632348530867,701.1737488667286,-1010.2245807647701,32.090000000000003,-0.071057704173612721
138.77930518446678,701.01175453658436,-1008.8741779327401,32.090000000000003,-0.071044855025717751
138.79228251675809,700.77594373102295,-1009.31715965271,32.539999999999999,-0.070905514681975798
138.8052632670024,700.96051319373089,-1010.84184646606,32.140000000000001,-0.070669428548263205
138.81824895429139,701.22711360508674,-1008.71896743774,32.560000000000002,-0.07047968606135073
138.83123106219759,701.03382693367848,-1007.48157501221,32.560000000000002,-0.0704390824675349
138.84420870699878,700.79281926583303,-1007.48157501221,32.57,-0.070588308283715206
138.85718831378517,700.89876646410823,-1008.6715221405,32.57,-0.070756008434101
138.87016730279504,700.86540653370832,-1010.47110557556,32.590000000000003,-0.070921582064914321
138.88313318913214,700.15786220200641,-1010.47110557556,32.590000000000003,-0.070930554842022611
138.89609049281364,699.69439880157711,-1010.43796539307,32.159999999999997,-0.070896495340630972
138.90905261764081,699.95474066663701,-1008.38232040405,32.159999999999997,-0.070883517877761038
138.92201792552231,700.12662560115882,-1008.38232040405,32.189999999999998,-0.071076733163171549
138.93498012175183,699.95859639536945,-1010.1580619812,32.189999999999998,-0.071283935879746879
138.9479439477951,700.04660633635012,-1010.92743873596,32.210000000000001,-0.07156334403407888
138.96091371878148,700.36763326350831,-1008.84938240051,32.210000000000001,-0.07171701743339999
138.97388078065441,700.22134113844891,-1006.108045578,32.439999999999998,-0.071833280639363659
138.98683540212602,699.54955946677455,-1005.19371032715,32.439999999999998,-0.071813638010886804
138.99978640489257,699.35414939436578,-1004.61053848267,32.380000000000003,-0.071757100521452649
139.0127433256975,699.67372346531522,-1004.39691543579,32.380000000000003,-0.07172081412543968
139.02570919858024,700.15713566947807,-1004.30583953857,32.280000000000001,-0.071867991031245748
139.03867706656422,700.26487113375777,-1002.92682647705,32.280000000000001,-0.07206561043815346
139.05164035968525,700.01782853530688,-1002.75993347168,32.32,-0.072197299451163072
139.06461123584077,700.42731239849911,-1004.4314861297599,32.32,-0.072228361127711471
139.07757591352717,700.09259506551132,-1004.4314861297599,32.43,-0.072117940419126156
139.09053496499013,699.7887790005193,-1002.32124328613,32.43,-0.07194154378402548
139.10349649791118,699.92277773661328,-1002.7377605438199,32.5,-0.071879527014114944
139.11646320898512,700.20239799251897,-1002.50673294067,32.5,-0.071900388640095445
139.12943589708027,700.52515713748903,-1002.50673294067,32.119999999999997,-0.07213308682823423
139.14240672046179,700.42446260237034,-1001.85418128967,32.119999999999997,-0.07232997359574507
139.15537626379015,700.35533973164684,-1002.06828117371,32.140000000000001,-0.072440839268103213
139.16834665255433,700.40099326535631,-1000.6275177002,32.140000000000001,-0.072446435483275465
139.1813130904408,700.18764586970121,-999.70459938049305,32.210000000000001,-0.072337691154684094
139.19427292214442,699.83091199545208,-999.70459938049305,32.210000000000001,-0.072220328987386007
139.20722488624315,699.40606133147526,-1000.25105476379,32.520000000000003,-0.072224012886066474
139.22018510082469,699.85158740316194,-999.75204467773403,32.520000000000003,-0.072259751871673439
139.23314108616802,699.62320853957385,-999.01175498962402,32.409999999999997,-0.072371476432925769
139.24609124349999,699.30849592660843,-999.01175498962402,32.409999999999997,-0.072403947511876163
139.25903977826309,699.22087720728814,-1000.5607604980499,32.259999999999998,-0.072394479066032538
139.27199228149394,699.4351744653701,-999.15766716003395,32.25,-0.072415884998910121
139.28494572018636,699.48568939111146,-998.79956245422397,32.310000000000002,-0.072407380988337003
139.29790449846178,699.77402687220547,-998.79956245422397,32.310000000000002,-0.072426931518636953
139.31086531115929,699.8838856660376,-998.29268455505405,32.159999999999997,-0.072481122075244986
139.32383337989506,700.27571173246656,-997.81298637390103,32.390000000000001,-0.072541227563947014
139.33680018203088,700.20731533381559,-996.54531478881802,32.350000000000001,-0.072603000119775329
139.34976255935064,699.96837526609795,-995.72849273681595,32.350000000000001,-0.072571834962531806
139.36272591249008,700.02106953111229,-996.57511711120605,32.140000000000001,-0.072534604826023544
139.37569577453831,700.37255060480493,-995.95189094543503,32.140000000000001,-0.072609914673234605
139.38866416820252,700.29325786702839,-995.95189094543503,32.119999999999997,-0.072773526319403564
139.40162915736425,700.10941473349681,-995.44048309326195,32.119999999999997,-0.072989640757225735
139.41459101521363,699.94032386567915,-994.46797370910599,32.140000000000001,-0.073072201469544532
139.42755664181357,700.14383639737309,-997.39694595336903,32.140000000000001,-0.073065659444531778
139.44051584228896,699.79682566992381,-997.39694595336903,32.520000000000003,-0.07292813621488331
139.45346807336671,699.42047819838501,-995.40686607360794,32.520000000000003,-0.072790516747655076
139.4664232070667,699.57721979942085,-995.03755569457996,32.140000000000001,-0.072634928963616521
139.47938938625182,700.17367599784438,-995.42951583862305,32.539999999999999,-0.07261552847875713
139.49235117890746,699.93680340384662,-995.42951583862305,32.549999999999997,-0.072645385645355665
139.50531325199509,699.95194673183676,-996.72794342041004,32.549999999999997,-0.072748529621000368
139.51827634436418,700.00698793110234,-995.93997001647904,32.170000000000002,-0.072673906882095574
139.53124354282969,700.2287171366537,-995.591640472412,32.170000000000002,-0.072509345287599239
139.54420646031721,699.99754432727354,-996.77443504333496,32.210000000000001,-0.072269927089081046
139.55716398441118,699.70630107330612,-996.77443504333496,32.210000000000001,-0.072114466585141299
139.57012614235313,699.95652886668961,-997.53117561340298,32.25,-0.072143934667106766
139.58309241777536,700.17887279967215,-996.34933471679699,32.25,-0.07230727209022754
139.59605133264444,699.78140293086642,-995.89204788207996,32.420000000000002,-0.072415891206436864
139.60900264792102,699.37102493467194,-995.89204788207996,32.420000000000002,-0.072439042850922244
139.62195268211238,699.30184633452393,-997.10512161254906,32.380000000000003,-0.072270728026335163
139.63490734911611,699.55201820062666,-998.35538864135697,32.380000000000003,-0.072063963032045764
139.64786334687653,699.62387906238155,-998.79145622253395,32.259999999999998,-0.071749731691454668
139.66082566624686,699.96524599844599,-998.79145622253395,32.259999999999998,-0.071513990146771386
139.67379697081111,700.45044646861322,-1000.59461593628,32.280000000000001,-0.071504660364053646
139.68677506989141,700.81735033632333,-998.25096130371105,32.280000000000001,-0.071671439542339219
139.69974219695553,700.22486146288145,-996.06490135192905,32.329999999999998,-0.071732698835519706
139.71270100834442,699.7758150008101,-996.06490135192905,32.329999999999998,-0.071688496196354756
139.72565768907407,699.66075939965413,-996.66404724121105,32.140000000000001,-0.071494306125996138
139.73861356369389,699.61722947029716,-997.75981903076195,32.420000000000002,-0.071318420684808745
139.75156625525804,699.44534446432726,-997.933387756348,32.090000000000003,-0.071172795981999645
139.76451712143091,699.34677333570494,-998.41189384460404,32.090000000000003,-0.071162557642845833
139.77746987198026,699.44852966475582,-999.11999702453602,32.140000000000001,-0.071295019653183453
139.79042171914571,699.3997469348426,-1001.13105773926,32.140000000000001,-0.071506373997655595
139.80336741337405,699.06748833021106,-1000.05340576172,32.090000000000003,-0.071579895707000296
139.81630865174074,698.82687180158621,-1000.14781951904,32.090000000000003,-0.071629766995747815
139.82925476299374,699.09000766190229,-1000.14781951904,32.490000000000002,-0.071584515065741899
139.84221068935301,699.62002339960122,-1001.77597999573,32.490000000000002,-0.07166248539290003
139.8551672728112,699.65550674199358,-1002.2747516632101,32.119999999999997,-0.071792493884171929
139.86812540847399,699.73932579176619,-1002.72011756897,32.539999999999999,-0.071961354049921586
139.8810906056321,700.12064653737809,-1003.9024353027301,32.549999999999997,-0.072075752542068383
139.89405623223215,700.14383640286894,-1002.72798538208,32.549999999999997,-0.072185802790025747
139.90701594700371,699.82459766477143,-1002.72798538208,32.189999999999998,-0.072214420263632978
139.91997425754809,699.74876939559476,-1001.22117996216,32.189999999999998,-0.072248506668955007
139.93293524512848,699.89332934131426,-1000.75840950012,32.189999999999998,-0.072220142723417202
139.94589783147774,699.97966285985979,-1003.0581951141399,32.189999999999998,-0.072257415287608928
139.95885877352603,699.89087060746203,-1003.0581951141399,32.189999999999998,-0.072333863417988045
139.97181846139387,699.82314486352266,-1003.44944000244,32.189999999999998,-0.072430850316801743
139.98477757804946,699.79229940189578,-1003.80730628967,32.539999999999999,-0.072429952108414811
139.99773847560121,699.88846779539426,-1005.02777099609,32.539999999999999,-0.072409125666188193
140.01069367449261,699.58074013484531,-1005.02777099609,32.530000000000001,-0.072310767652540645
140.02364734084202,699.49798286801297,-1006.53147697449,32.530000000000001,-0.072299641452947289
140.03661535783826,700.27291779766631,-1005.83600997925,32.479999999999997,-0.072418200887181663
140.04958503776174,700.36271586725172,-1005.97667694092,32.479999999999997,-0.07264680125660751
140.06254985825066,700.10030640206412,-1005.26070594788,32.210000000000001,-0.072899543576573689
140.07550879278148,699.78246466434257,-1005.72490692139,32.210000000000001,-0.073110860668353844
140.08847285993463,700.05962626883604,-1005.72490692139,32.259999999999998,-0.073221782222599743
140.1014346339642,699.93579759765112,-1004.1880607605,32.259999999999998,-0.073177943834195125
140.11439247056796,699.72317660262036,-1004.1880607605,32.229999999999997,-0.073028998448895086
140.12735166483458,699.79649039752792,-1003.33333015442,32.229999999999997,-0.072987106524536868
140.14032050760247,700.3175094659955,-1003.13806533813,32.25,-0.073062738196351493
140.15329012854195,700.35953073277517,-1002.3181438445999,32.25,-0.073195474428923088
140.16625576756053,700.14450700262068,-1002.38037109375,32.25,-0.073236554032491213
140.17922201814693,700.17753166612079,-1002.7682781219499,32.25,-0.073283022889841357
140.1921970376543,700.65105339780973,-1002.7682781219499,32.240000000000002,-0.073288220705273757
140.20517678724443,700.90647786661305,-1001.74999237061,32.240000000000002,-0.073301082270359544
140.2181554130382,700.84579286497069,-1001.21712684631,32.259999999999998,-0.073259343496070342
140.23113580524074,700.94117893606028,-1002.5978088378901,32.259999999999998,-0.073258346980656655
140.24411990824689,701.14156233200617,-1004.5223236084,32.32,-0.073269443172810714
140.25710130110372,700.99521426867409,-1006.13164901733,32.32,-0.073411604388666327
140.27007332589017,700.48933846774082,-1004.68707084656,32.350000000000001,-0.073450939315095706
140.28304021288153,700.21189753462022,-1004.68707084656,32.350000000000001,-0.07344037708341801
140.29601448525929,700.61070839957756,-1005.72967529297,32.119999999999997,-0.07341901150725022
140.30898780355056,700.5591877280965,-1005.30052185059,32.119999999999997,-0.073433572219503709
140.3219560223321,700.28381420274366,-1004.24742698669,32.119999999999997,-0.073568342873979745
140.33492581918892,700.36903026938046,-1004.24742698669,32.119999999999997,-0.073724472895875512
140.34790228741861,700.72928440211001,-1001.8069744110099,32.140000000000001,-0.073760036999522979
140.3608760610222,700.58377459396354,-1003.14736366272,32.140000000000001,-0.073849819600111694
140.37384668882464,700.41390133228879,-1003.14736366272,32.380000000000003,-0.073848278778615148
140.38681801305052,700.45150819659341,-1002.43186950684,32.380000000000003,-0.073792952009405596
140.39979555333707,700.78717547444808,-1000.67162513733,32.420000000000002,-0.073736129949993651
140.41277974637043,701.14642380098223,-1001.793384552,32.420000000000002,-0.0737357491423343
140.42575557819623,700.69491859406651,-1000.30755996704,32.469999999999999,-0.073831278002110923
140.43873313917899,700.78829306925309,-1000.30755996704,32.469999999999999,-0.073988047531877155
140.45171556476927,701.05098187405986,-998.76952171325695,32.119999999999997,-0.074045997526204443
140.46470066739516,701.19554179779539,-998.49176406860295,32.119999999999997,-0.073985925151096879
140.47767905932344,700.83316412666534,-1000.04434585571,32.090000000000003,-0.073793413531400537
140.49065689866794,700.80332460313798,-1000.04434585571,32.090000000000003,-0.073603450630827308
140.50364067674565,701.12401619744435,-1000.11897087097,32.159999999999997,-0.073451026239604256
140.51662642198272,701.23024280129073,-999.65739250183105,32.159999999999997,-0.073419005298603929
140.52960837363338,701.02538913604531,-999.94683265686001,32.579999999999998,-0.073536495781284086
140.54258593461614,700.78829306925309,-999.94683265686001,32.579999999999998,-0.073681111551081563
140.55555971339382,700.58405399403875,-999.76205825805698,32.119999999999997,-0.073756147175753323
140.56852962097406,700.37500933316119,-998.12412261962902,32.560000000000002,-0.073659338264036492
140.58149132981114,699.93227720177049,-996.48427963256802,32.560000000000002,-0.073302705876045773
140.59445304485675,699.93261246317434,-997.83349037170399,32.560000000000002,-0.072984217355685554
140.60741770288152,700.09153333753113,-999.01556968688999,32.189999999999998,-0.072817618233434953
140.620382933153,700.12243466048665,-996.39940261840798,32.189999999999998,-0.072839094532904311
140.63334586926669,699.99855013896513,-996.39940261840798,32.210000000000001,-0.072926756822668623
140.64630462891483,699.77302100005784,-995.866298675537,32.210000000000001,-0.07302549771077628
140.65926672787285,699.95334373221294,-996.52123451232899,32.210000000000001,-0.073036215163801987
140.67222765646906,699.89014419584566,-994.35043334960903,32.210000000000001,-0.072945430875047221
140.68518642232596,699.77335627245384,-994.615077972412,32.310000000000002,-0.072806634835861445
140.69814853473704,699.95407019878917,-994.56930160522495,32.310000000000002,-0.072659953601029822
140.71111609020988,700.24799553299556,-995.84460258483898,32.280000000000001,-0.072704290763816029
140.72407803291247,699.94490594007584,-996.37603759765602,32.280000000000001,-0.072924650998380247
140.73703343359128,699.59163665533856,-996.37603759765602,32.189999999999998,-0.073105360691270257
140.74998458536922,699.36219600881043,-993.98088455200195,32.189999999999998,-0.073284168416124756
140.76293126783457,699.12085312902525,-993.44611167907703,32.399999999999999,-0.073265220141512197
140.7758744164469,698.93002506506116,-994.96126174926803,32.399999999999999,-0.073130588149856707
140.78881462829011,698.77143953454822,-995.33295631408703,32.439999999999998,-0.073043897541022682
140.80176149184567,699.13063199975375,-995.61738967895496,32.439999999999998,-0.073050695161618093
140.81471747097902,699.62287320122607,-995.61738967895496,32.479999999999997,-0.073194013287903745
140.82767404098524,699.65478033587328,-995.24545669555698,32.479999999999997,-0.073390560639239419
140.84062773941235,699.49971506384088,-995.53775787353504,32.119999999999997,-0.073495052961221108
140.85357896983578,699.36644286577132,-995.53775787353504,32.119999999999997,-0.07342407479773827
140.86652780262094,699.23697039770525,-994.31204795837402,32.119999999999997,-0.073203764233871066
140.87946995058016,698.87598979839936,-994.168519973755,32.119999999999997,-0.073018929817116413
140.89240777823707,698.64269347260279,-991.12176895141602,32.159999999999997,-0.073002190846978454
140.90535003691858,698.88196880172427,-991.12176895141602,32.159999999999997,-0.07315316237446122
140.9182979269988,699.18606433274351,-991.96386337280296,32.549999999999997,-0.07333583301976565
140.93124205039638,698.98266346874698,-991.29366874694801,32.549999999999997,-0.073482801930323097
140.94418706889761,699.03099906620719,-991.74690246581997,32.409999999999997,-0.073510888549507339
140.95713679161355,699.28502666104237,-991.74690246581997,32.409999999999997,-0.07336866524454258
140.97008927621735,699.43416860421462,-991.715908050537,32.240000000000002,-0.073170195229276633
140.9830467558161,699.70389833268644,-992.86890029907204,32.329999999999998,-0.073094402130012157
140.99600848327898,699.93328299697419,-993.71504783630405,32.229999999999997,-0.073179263206951201
141.0089717194852,700.01475513447963,-994.09413337707497,32.229999999999997,-0.073465457600174616
141.02194125660623,700.355004536195,-994.09413337707497,32.329999999999998,-0.073774800532237159
141.03490263327166,699.91433993348403,-992.35916137695301,32.329999999999998,-0.073893257520550815
141.04785448043702,699.39974692934641,-993.07775497436501,32.350000000000001,-0.073841336285942222
141.06080676946428,699.42360747153305,-993.07775497436501,32.350000000000001,-0.073633450601175932
141.07375633695929,699.2766447302339,-993.76392364501896,32.159999999999997,-0.073506578596244709
141.08670022545553,698.96997879766502,-994.39024925231899,32.159999999999997,-0.073471676764486335
141.09964323126675,698.92231380545252,-994.39024925231899,32.350000000000001,-0.073543599703645976
141.11258826942969,699.03206079968334,-994.19760704040505,32.140000000000001,-0.073705481158601552
141.12553343901237,699.03915746376515,-994.05241012573197,32.119999999999997,-0.073717122690289738
141.13847912703093,699.06715300285509,-993.89004707336403,32.119999999999997,-0.073582431714866017
141.15142411345437,699.02926686488331,-994.31610107421898,32.5,-0.073381241204265507
141.16437630520986,699.41835479738461,-994.31610107421898,32.5,-0.073207707868860161
141.1773346747371,699.75195446961538,-993.29805374145496,32.549999999999997,-0.073166583767042034
141.190290289621,699.60320373161562,-995.05090713500999,32.549999999999997,-0.073227394992940772
141.20324667129259,699.64461026546826,-995.05090713500999,32.57,-0.073299785661520317
141.21620759471483,699.88986480126641,-994.72928047180199,32.57,-0.073389374754719558
141.22916689970373,699.80246940085283,-994.40455436706497,32.189999999999998,-0.073477261595613713
141.24211946088397,699.43830373302217,-996.05536460876499,32.189999999999998,-0.073449272247969405
141.2550726657112,699.47306066929423,-996.05536460876499,32.490000000000002,-0.073505577941122821
141.26803267954068,699.84074679346122,-995.76759338378895,32.170000000000002,-0.073566345703647729
141.2809971099098,700.0792399320776,-996.02985382080101,32.450000000000003,-0.07364862908869696
141.29396518588891,700.27610287168693,-997.93744087219204,32.210000000000001,-0.073665826477829821
141.30693425424442,700.32969119825566,-997.93744087219204,32.390000000000001,-0.07363582029934379
141.31991322462716,700.86440066705677,-997.84922599792503,32.390000000000001,-0.073464422796073237
141.33289036237528,700.76543839921408,-997.84922599792503,32.329999999999998,-0.073348189600195096
141.34586633079621,700.70229472967139,-998.44670295715298,32.329999999999998,-0.073272780412200672
141.35884172800499,700.67144927354047,-996.72126770019497,32.329999999999998,-0.073306016209978689
141.37181781335806,700.70860906584812,-996.72126770019497,32.329999999999998,-0.073463070309010267
141.38478740221976,700.35779853145107,-996.81663513183605,32.229999999999997,-0.073491335949658634
141.39774746778889,699.84354073375732,-998.90756607055698,32.229999999999997,-0.073343362244881777
141.41070477250497,699.6944546684017,-1004.81629371643,32.280000000000001,-0.073007806720930185
141.42366720880858,699.97156039507865,-1004.81629371643,32.280000000000001,-0.072599682542523525
141.43663044398022,700.01469926765503,-1005.13100624084,32.259999999999998,-0.072405173753105831
141.4495901711704,699.82526827001914,-1004.16707992554,32.259999999999998,-0.072394576337368913
141.46255453738024,700.07577533157382,-1003.61943244934,32.159999999999997,-0.072647870207143958
141.47552276237164,700.28414953559559,-1003.61943244934,32.159999999999997,-0.072974844111629536
141.48848908332474,700.18133146757248,-1003.84330749512,32.359999999999999,-0.073172006134622061
141.50144713413331,699.73474366240953,-1002.4604797363299,32.100000000000001,-0.073097287159257063
141.51440934381603,699.95932286744164,-1002.63381004333,32.100000000000001,-0.072867219439962022
141.52738054386418,700.44480260028433,-1002.63381004333,32.100000000000001,-0.072522425196084567
141.54035438783458,700.58757440091131,-1003.9701461792,32.5,-0.072324192150564168
141.55332462655187,700.39289073462294,-1003.58128547668,32.5,-0.072394681886798581
141.56629800279131,700.56231692979657,-1003.58128547668,32.549999999999997,-0.072669139545223083
141.57927278325798,700.63814519897312,-1002.44069099426,32.549999999999997,-0.072898398049883184
141.59223709048516,700.07259026854524,-1002.67696380615,32.530000000000001,-0.072996651547043448
141.60519575182721,699.76771247007684,-1003.23915481567,32.530000000000001,-0.072856493707112821
141.61815321176411,699.70283659371421,-1004.78291511536,32.159999999999997,-0.072623520261049693
141.6311212225506,700.27258247031045,-1004.78291511536,32.159999999999997,-0.072446611398482672
141.64409357950868,700.50727573602728,-1006.32047653198,32.210000000000001,-0.072448392294556796
141.6570686383383,700.65317679881025,-1005.86485862732,32.210000000000001,-0.072585476769282273
141.67004356781612,700.64619180242585,-1005.86485862732,32.210000000000001,-0.072873138511051774
141.68302258269628,700.86680352858855,-1006.16526603699,32.210000000000001,-0.073061033876227879
141.69599501105682,700.51113147025558,-1006.16526603699,32.43,-0.073099766547784106
141.70895894161487,700.05225013323115,-1004.76002693176,32.43,-0.073047774946787297
141.72191986400253,699.88980893444182,-1004.5862197876,32.439999999999998,-0.073004174563513283
141.73488847187042,700.30482486636151,-1004.03094291687,32.439999999999998,-0.073028441725316084
141.74785385839641,700.13087240315974,-1003.10945510864,32.439999999999998,-0.073068765923331377
141.76081798970748,700.06309079789185,-1002.0813941955601,32.439999999999998,-0.073072882369408079
141.77378663689751,700.30694826186607,-1001.4586448669399,32.210000000000001,-0.073118562706389584
141.78676068886296,700.59880613334451,-1001.4586448669399,32.210000000000001,-0.07310753791682302
141.79973463734819,700.59321820328819,-1001.42073631287,32.229999999999997,-0.073111413253140647
141.81270651312346,700.48129186428821,-1000.59866905212,32.229999999999997,-0.073112126232434932
141.82568217627659,700.68581026812979,-1000.3421306610099,32.159999999999997,-0.073284851386453062
141.83865989868883,700.79701026146529,-1000.3421306610099,32.159999999999997,-0.073532893632731369
141.85162972865803,700.37081833752893,-999.37391281127896,32.490000000000002,-0.073629796710952544
141.86458835171354,699.76564499635708,-1005.1002502441401,32.490000000000002,-0.073497479574422667
141.87755045688019,699.95367899911275,-1006.42848014832,32.369999999999997,-0.073310474141168647
141.89051610831604,700.14517753642042,-1006.42848014832,32.369999999999997,-0.073185772116944617
141.90347736287401,699.90774613128019,-1004.1491985320999,32.229999999999997,-0.073235878305990695
141.91643410155305,699.66388866730608,-1003.34882736206,32.280000000000001,-0.073456063659002521
141.92939290673331,699.77547973391006,-1003.90028953552,32.259999999999998,-0.073722320504195485
141.94235074954693,699.72351193547217,-1003.33452224731,32.259999999999998,-0.074002031856785042
141.95529947264325,699.23104720074912,-1003.08299064636,32.280000000000001,-0.07409283166908931
141.96824239980864,698.91806693200363,-1001.05953216553,32.280000000000001,-0.073906094249524754
141.98119243400004,699.30184633452393,-1001.34301185608,32.32,-0.073667790533956723
141.99415204425682,699.81895386789051,-1000.96440315247,32.32,-0.073507794489730549
142.00711348714935,699.91791619618925,-1000.96440315247,32.170000000000002,-0.073558172831258276
142.0200758520518,699.96770473229822,-999.830722808838,32.170000000000002,-0.073797646909730438
142.03304107507907,700.12204347180216,-999.24969673156704,32.189999999999998,-0.074029753191045225
142.04600703902605,700.16205313718262,-997.90716171264603,32.189999999999998,-0.074174338951978502
142.05896428475805,699.69126952842919,-997.90716171264603,32.32,-0.074148603404005475
142.07191942570117,699.57761092764918,-997.75242805481003,32.189999999999998,-0.07397835453307168
142.08488431759136,700.10416207034052,-997.75242805481003,32.259999999999998,-0.073755746706261158
142.09785742167782,700.54762066830756,-999.06492233276401,32.259999999999998,-0.073698679398705058
142.11083174683213,700.61355833310631,-999.28379058837902,32.240000000000002,-0.073841987178061119
142.12380936576295,700.79142226545707,-996.27375602722202,32.240000000000002,-0.074103001711912572
142.13679407205805,701.17413993450111,-997.78318405151401,32.259999999999998,-0.074300863261928848
142.14977619238141,701.03449746198214,-997.78318405151401,32.259999999999998,-0.074314754455412108
142.16275088799503,700.63356313556835,-998.70276451110794,32.280000000000001,-0.074197001133932183
142.17572196490249,700.43815300270387,-998.19636344909702,32.280000000000001,-0.074029696277436427
142.18869205357282,700.38478819839372,-997.82586097717297,32.280000000000001,-0.073988389016685085
142.20165784884691,700.15294480025375,-997.82586097717297,32.280000000000001,-0.074003892432827484
142.21461515977165,699.69478993530174,-998.41666221618596,32.240000000000002,-0.074011079138564848
142.22756905274326,699.51022046709772,-997.35164642333996,32.229999999999997,-0.074049381332171829
142.24052714287416,699.73686706890578,-996.071338653564,32.259999999999998,-0.074050306446117584
142.25348398606795,699.669532464187,-996.071338653564,32.259999999999998,-0.074035232471928725
142.26644362943824,699.82074199649514,-994.94886398315396,32.240000000000002,-0.073906869316197971
142.27940906046177,700.13327527018748,-995.39899826049805,32.280000000000001,-0.073827209157691365
142.29238271609751,700.57740433050628,-996.06990814208996,32.32,-0.073852584593492698
142.3053533770148,700.41568953234128,-996.06990814208996,32.32,-0.073973201215685722
142.31831596957278,699.97999813225567,-994.71569061279297,32.229999999999997,-0.074027076155725832
142.33128050445677,700.08488373445459,-991.76216125488304,32.229999999999997,-0.073883571764657138
142.34424723519254,700.20345973149108,-994.52137947082497,32.170000000000002,-0.073626173867421082
142.35721177007537,700.08488367399866,-994.52137947082497,32.170000000000002,-0.073372615086345946
142.37017449819382,699.98731839553989,-994.36140060424805,32.189999999999998,-0.07326393284676197
142.38313712283096,699.98173040502763,-992.503881454468,32.189999999999998,-0.073302584802863058
142.39610389288885,700.20558312699563,-992.66386032104504,32.310000000000002,-0.0734100904718126
142.40906259976299,699.77017120392895,-994.426488876343,32.310000000000002,-0.073498720302900791
142.42200765862225,699.03317839998419,-994.426488876343,32.329999999999998,-0.073420564747158912
142.4349497155186,698.87107240214289,-995.74780464172397,32.329999999999998,-0.073151904054513259
142.44790102976049,699.37096906235126,-994.34208869934105,32.159999999999997,-0.072817985588416664
142.46085203252716,699.35414939986174,-993.76654624938999,32.359999999999999,-0.072644855826012392
142.47380226229629,699.3124075331574,-994.95959281921398,32.140000000000001,-0.072626856466174144
142.48675108162834,699.23624393112891,-996.18339538574196,32.140000000000001,-0.072862591800277363
142.49970591109633,699.56079127065573,-994.77219581604004,32.119999999999997,-0.072997887101242553
142.51264899451724,698.92650472963669,-994.77219581604004,32.119999999999997,-0.072963521298186201
142.52558408719014,698.49500433617516,-994.9951171875,32.090000000000003,-0.072722932738086998
142.53851570395918,698.30730552887144,-994.90904808044399,32.090000000000003,-0.072430169416123985
142.55145284243702,698.6054778024785,-995.32508850097702,32.479999999999997,-0.072205792076877107
142.56439047555185,698.63218820124985,-995.32508850097702,32.479999999999997,-0.072104368979781688
142.57732837460992,698.64654913538311,-997.08271026611305,32.460000000000001,-0.072092479094811979
142.59027276395059,698.99702439738417,-998.38948249816895,32.460000000000001,-0.072249772233544979
142.60322298026787,699.31168113253307,-996.49286270141602,32.420000000000002,-0.072372072479763294
142.61617071512717,699.17768240193504,-996.49286270141602,32.420000000000002,-0.072282595146166681
142.62912108149018,699.31978360281028,-995.44405937194801,32.119999999999997,-0.072016208950104826
142.64207784603835,699.66528560173015,-999.72963333129906,32.119999999999997,-0.071756723853297941
142.65504401798017,700.1732848586239,-998.73805046081497,32.119999999999997,-0.071622232595131341
142.66800217330493,699.74038753623438,-998.73805046081497,32.119999999999997,-0.071756159886807155
142.68095606006668,699.50988513424591,-996.59919738769497,32.119999999999997,-0.07194264791862115
142.69391007100501,699.51659067009905,-996.69885635375999,32.119999999999997,-0.072066647309971615
142.70686245109505,699.42852486229356,-999.41420555114701,32.520000000000003,-0.071984497416008361
142.71980830157779,699.0759260673882,-999.41420555114701,32.520000000000003,-0.071737483763658474
142.73275396993586,699.06609133533107,-999.90344047546398,32.140000000000001,-0.071496406776819718
142.74570711681366,699.46993140164216,-997.14446067810104,32.57,-0.071455256805642034
142.75866291382223,699.61303846367286,-997.11799621581997,32.549999999999997,-0.071605014511121501
142.77161624903459,699.4801014665511,-998.81911277770996,32.549999999999997,-0.071951799714547349
142.784561729058,699.05592126492593,-998.81911277770996,32.170000000000002,-0.072110183535910824
142.79751372627044,699.40784947107181,-1000.70357322693,32.170000000000002,-0.072111637434323694
142.81046875649014,699.57163186386845,-1001.61218643188,32.57,-0.071882269241034649
142.82342408576798,699.58778100355016,-1000.74362754822,32.159999999999997,-0.071696115450913242
142.83637974618279,699.60566239951606,-1000.29349327087,32.189999999999998,-0.071643565057704667
142.84934681426293,700.22167632840467,-1001.1944770813,32.189999999999998,-0.071746339606885118
142.86231490886911,700.27710873284275,-1001.2269020080601,32.450000000000003,-0.071898923359062589
142.87527288931119,699.73094387194976,-1001.2269020080601,32.450000000000003,-0.072037956367077896
142.88822661981854,699.50144739706877,-1001.74427032471,32.359999999999999,-0.071985487722470418
142.9011842877506,699.7140683316436,-1000.4825592041,32.359999999999999,-0.071812233784595836
142.91414488624321,699.87231860075246,-1001.07979774475,32.25,-0.07153654988310966
142.92710466517283,699.8280621993232,-1001.07979774475,32.25,-0.071408573743684534
142.94007779512955,700.54901766318756,-1002.59065628052,32.259999999999998,-0.071530905034457443
142.95305760991238,700.90999827348548,-1003.7100315094,32.259999999999998,-0.071829738509353563
142.96603715771602,700.89558139558369,-1003.7100315094,32.329999999999998,-0.072132495955879283
142.97901052153827,700.56164640149291,-1004.57572937012,32.329999999999998,-0.072214492700180627
142.99197934981851,700.31672713259456,-1004.3194293975801,32.399999999999999,-0.072122136544458745
143.00495563695796,700.7195055313814,-1006.90221786499,32.399999999999999,-0.071923245364823654
143.01793244356904,700.74755699775221,-1007.49135017395,32.090000000000003,-0.071764939153981522
143.03090736580376,700.64580067419729,-1007.49135017395,32.090000000000003,-0.071858468775607573
143.043878969426,700.4665956027992,-1006.55817985535,32.119999999999997,-0.072139284262894579
143.0568537364407,700.63741879285283,-1004.78196144104,32.119999999999997,-0.072479421893608231
143.06982538455929,700.46899840387482,-1006.41846656799,32.159999999999997,-0.072740332948189448
143.08278629452835,699.88913832919411,-1006.41846656799,32.159999999999997,-0.072657911934279812
143.09575208876674,700.15288887297322,-1007.25293159485,32.590000000000003,-0.072454646642724177
143.10872641392095,700.61355832761035,-1006.44183158875,32.590000000000003,-0.072305677458936443
143.12170225299008,700.6953097332871,-1005.20300865173,32.509999999999998,-0.072262157788980236
143.13467960494324,700.77700546999517,-1005.20300865173,32.509999999999998,-0.072409749652137603
143.14765816554453,700.84227246909018,-1004.45604324341,32.210000000000001,-0.072600711136451959
143.16064325575178,701.19487119254757,-1003.70287895203,32.409999999999997,-0.072735505591654787
143.17362796825682,701.17447527284901,-1003.70287895203,32.259999999999998,-0.072708486889759283
143.18660817316052,700.93106479843198,-1005.8422088623,32.259999999999998,-0.072427431328403583
143.19959065049019,701.05377580336403,-1008.0235004425,32.259999999999998,-0.072096848032148178
143.21258085262471,701.47091526269219,-1004.96578216553,32.259999999999998,-0.071971886273651087
143.22556874921725,701.34641599725148,-1004.96578216553,32.280000000000001,-0.07207654623417159
143.23855144178643,701.06539873547388,-1005.05018234253,32.280000000000001,-0.072280859780368939
143.25153062637537,700.87596780378988,-1006.44135475159,32.210000000000001,-0.072454256523316718
143.2645085050419,700.80544799314646,-1008.99076461792,32.210000000000001,-0.072399616862820551
143.27748001656539,700.46162226826993,-1008.99076461792,32.170000000000002,-0.07228756426831838
143.29045037842462,700.39954039815552,-1007.79676437378,32.170000000000002,-0.072078808313564585
143.30342220245925,700.47849786903203,-1008.26025009155,32.119999999999997,-0.072032698533204653
143.31639991245308,700.79633966720951,-1008.8210105896,32.119999999999997,-0.072131949580044111
143.32937208728649,700.49744100397004,-1008.8210105896,32.43,-0.072410486431446222
143.34233464673213,699.97821006410709,-1007.72142410278,32.43,-0.072659878060057248
143.35529579056669,699.90176706749946,-1005.58018684387,32.119999999999997,-0.072750693393671934
143.36825742800249,699.92842153349409,-1007.6277256012,32.5,-0.072571183037470538
143.38121339989263,699.62248206750166,-1006.57343864441,32.549999999999997,-0.072285843392517091
143.39417414739754,699.88036526466112,-1006.33406639099,32.549999999999997,-0.0720314309004908
143.40714205366916,700.26693866793357,-1006.33406639099,32.170000000000002,-0.072014763330090562
143.42011433922588,700.50342006225492,-1003.07631492615,32.170000000000002,-0.072096268542820321
143.43308791621735,700.57315753949729,-1001.96242332458,32.170000000000002,-0.072227428771261037
143.44605961710985,700.47184819450763,-1001.96242332458,32.170000000000002,-0.07226040483273044
143.45902904971612,700.34936073931408,-1001.68251991272,32.509999999999998,-0.072174939430046367
143.47200478530618,700.6897218636866,-1000.82898139954,32.210000000000001,-0.071984716794182294
143.48497744649629,700.52370426479229,-1003.33857536316,32.5,-0.071851434185164847
143.49794153951979,700.061023269212,-1003.33857536316,32.5,-0.071755683877665538
143.51090874419515,700.22905246950563,-1002.1538734436,32.210000000000001,-0.071944258073054643
143.52387676119017,700.2729177317143,-1000.90265274048,32.539999999999999,-0.072085113368119361
143.53684158167911,700.10030640206412,-1000.76508522034,32.469999999999999,-0.072205170160985349
143.54980312805182,699.92350412624558,-1000.76508522034,32.469999999999999,-0.072113411086773591
143.56277004712101,700.2136297359441,-1000.52642822266,32.25,-0.071930968097939932
143.5757421764234,700.49498233057386,-998.83604049682594,32.25,-0.071824059510398733
143.58870942042091,700.23117586500996,-998.83604049682594,32.229999999999997,-0.071824666939856244
143.60167504702218,700.14383646882106,-999.86696243286099,32.229999999999997,-0.071851736348139142
143.61464407088027,700.32728833672411,-999.39441680908203,32.25,-0.071968704255202021
143.62760989823329,700.15467706203378,-997.30443954467796,32.25,-0.072009720736209717
143.64057291299133,700.00279693547009,-997.30443954467796,32.310000000000002,-0.071981288492305798
143.65353015872344,699.69126953392515,-996.33955955505405,32.310000000000002,-0.071852874631408978
143.66649585569019,700.14763620432075,-997.11012840270996,32.280000000000001,-0.071770043836157302
143.67946298275555,700.22486152883346,-995.81575393676803,32.280000000000001,-0.071836332272474768
143.69242411313826,699.90104066687502,-995.81575393676803,32.280000000000001,-0.072079349516138522
143.70537958521854,699.595492334607,-993.91627311706497,32.280000000000001,-0.072365910228449709
143.71833981946182,699.85264913663821,-993.59798431396496,32.25,-0.072579868137733441
143.73130115162959,699.91193706096044,-997.13826179504395,32.25,-0.072504742484535312
143.74426004787287,699.78039713566272,-997.13826179504395,32.280000000000001,-0.07235744347178992
143.757221951253,699.9427825280834,-996.695995330811,32.280000000000001,-0.072217426365958834
143.77019550961722,700.57215166734977,-994.83633041381802,32.299999999999997,-0.072213786964103466
143.78316717739753,700.47006013735097,-995.80597877502396,32.299999999999997,-0.072301463741421587
143.79613515507035,700.2707943307139,-995.80597877502396,32.210000000000001,-0.072486033249318835
143.80909920980505,700.05895567458026,-995.08953094482399,32.210000000000001,-0.072673972074917215
143.82206104799269,699.93926213220277,-992.781162261963,32.159999999999997,-0.072839493966604316
143.83501858657408,699.70708339571513,-992.55037307739303,32.159999999999997,-0.072881441770000499
143.84796897777281,699.32112473086568,-992.45285987854004,32.189999999999998,-0.072804427601749822
143.86091702514199,699.19455793674524,-992.45285987854004,32.189999999999998,-0.072714173130913454
143.87387171077287,699.55302406727833,-992.79308319091797,32.299999999999997,-0.072771708170739233
143.88682807278283,699.64354853748807,-990.86809158325195,32.299999999999997,-0.072990427206722497
143.89978678069136,699.77022705976185,-990.86809158325195,32.259999999999998,-0.073282067766318959
143.91274669621606,699.83543833492809,-990.22674560546898,32.259999999999998,-0.073475674208964628
143.92571458282598,700.26587693445742,-990.22674560546898,32.280000000000001,-0.073603574806908281
143.93868327554688,700.30940692976628,-990.76771736144997,32.280000000000001,-0.073611917387792436
143.9516503632901,700.2227381333289,-990.389585494995,32.310000000000002,-0.073537350529045184
143.96462008253579,700.36483926825224,-990.389585494995,32.310000000000002,-0.073451920308690105
143.97759646694701,700.72475820552984,-990.11826515197697,32.229999999999997,-0.073442138316946876
143.99056891393332,700.5121372599632,-990.44823646545399,32.25,-0.07352799591021561
144.00353680778764,700.26626813413395,-992.17057228088402,32.210000000000001,-0.073610809114608128
144.01650507830871,700.28660813754391,-993.94464492797795,32.210000000000001,-0.073505322344624174
144.02947423876171,700.33466446133696,-993.94464492797795,32.299999999999997,-0.073411705799609123
144.04243731767781,700.00626147002185,-991.57285690307594,32.299999999999997,-0.073360203661754692
144.05539381007401,699.65058939520111,-991.57285690307594,32.359999999999999,-0.073392974833927052
144.06834570277047,699.40220560823877,-990.86189270019497,32.359999999999999,-0.073442184883422523
144.08130014832594,699.54005999612116,-993.59059333801304,32.159999999999997,-0.073428652765911692
144.09425117075435,699.35521113333812,-994.99344825744595,32.329999999999998,-0.073404069989271181
144.10720104248156,699.29307326999105,-994.99344825744595,32.170000000000002,-0.073338857748539266
144.1201504402691,699.26748052648031,-992.47622489929199,32.170000000000002,-0.073319691130018266
144.1331107262518,699.85544306594238,-992.48886108398403,32.259999999999998,-0.073298336937691805
144.14606676436912,699.62605833570274,-996.27661705017101,32.310000000000002,-0.073306430130112926
144.15901418050987,699.16047160022492,-996.27661705017101,32.450000000000003,-0.073358791155741981
144.17196061565681,699.10749793513548,-992.64097213745094,32.450000000000003,-0.073464402100687359
144.18491097581108,699.3194483304145,-992.64097213745094,32.210000000000001,-0.073528675777034994
144.19785701462834,699.08609613229714,-992.87700653076195,32.210000000000001,-0.073528613688332939
144.21079862345434,698.84687660404836,-992.87700653076195,32.140000000000001,-0.073436111625250267
144.22374211562226,698.94857706627465,-994.55237388610794,32.140000000000001,-0.073389581715193788
144.23668986393341,699.17840880255949,-993.05772781372104,32.159999999999997,-0.073449650986283546
144.24963778091859,699.1875171999443,-991.73283576965298,32.159999999999997,-0.073579877822481668
144.26258727597653,699.27273312918089,-993.12829971313499,32.57,-0.073740935573416502
144.27553866162091,699.37482479657967,-994.72332000732399,32.57,-0.073759128442883334
144.28849875306054,699.84493773962947,-994.44842338562,32.450000000000003,-0.073604055990430711
144.30145414132215,699.5909661270349,-994.20380592346203,32.450000000000003,-0.073382421914099244
144.31440686496543,699.44707673709911,-994.20380592346203,32.329999999999998,-0.073116800436356127
144.3273641624383,699.6940635346773,-994.06743049621605,32.329999999999998,-0.07306563564421209
144.34032640419872,699.96105506326967,-994.18830871581997,32.240000000000002,-0.07312066852966019
144.35328451399135,699.73792880238216,-996.285438537598,32.240000000000002,-0.073228482570332112
144.36623826416044,699.50250913054504,-995.75781822204601,32.329999999999998,-0.073229007216414149
144.37919206710373,699.50535893766585,-995.75781822204601,32.329999999999998,-0.073042919652667432
144.39214771509992,699.60499179426836,-995.16010284423805,32.369999999999997,-0.07275868103686696
144.40510175708272,699.51826707055022,-999.16243553161598,32.369999999999997,-0.072491192775656424
144.4180537149729,699.40572607007141,-1000.5836486816401,32.210000000000001,-0.072370650660781147
144.43100943437037,699.60884746254476,-1000.5836486816401,32.210000000000001,-0.072519492564266527
144.44396962929139,699.85052573563769,-1000.9040832519501,32.210000000000001,-0.072796862158308995
144.45692935648034,699.82526820406713,-997.550487518311,32.210000000000001,-0.073020790392242851
144.46988694059377,699.70954212407139,-997.97534942626896,32.170000000000002,-0.073130760962674554
144.48285336502715,700.18691940312488,-997.97534942626896,32.170000000000002,-0.07306206867910793
144.49582374033824,700.40026679877985,-997.22313880920399,32.359999999999999,-0.072930439685149825
144.50879187426665,700.27923213384315,-996.36697769165005,32.359999999999999,-0.072835880435635172
144.5217592476148,700.23816080093843,-996.36697769165005,32.43,-0.07281867994177206
144.5347320071111,700.52901280026936,-996.168613433838,32.43,-0.072981963555098284
144.54770628673333,700.61109959925386,-995.54133415222202,32.509999999999998,-0.073200662930266489
144.56067992995179,700.57673379670655,-997.00641632080101,32.509999999999998,-0.073301127800737692
144.57364650443213,700.19502193935398,-997.62701988220203,32.189999999999998,-0.07324683479902315
144.58661728849009,700.42233912992185,-996.12450599670399,32.189999999999998,-0.073150399451036088
144.5995919520247,700.63183086829258,-996.46639823913597,32.119999999999997,-0.073060190512613435
144.61256146948401,700.35394280271885,-999.31335449218705,32.119999999999997,-0.073126773866957859
144.62553037640984,700.32097399505142,-1001.49869918823,32.090000000000003,-0.073277236272722313
144.63850415518772,700.58405400503079,-1001.80292129517,32.090000000000003,-0.07351261770564102
144.6514726140432,700.29677819695701,-1001.80292129517,32.409999999999997,-0.073745864339061967
144.66443531008272,699.98558613375997,-1001.33752822876,32.409999999999997,-0.073944095315644262
144.67739639493334,699.8985819330228,-1001.33752822876,32.359999999999999,-0.073962683478288688
144.69035923480985,699.9933533316414,-1001.41596794128,32.359999999999999,-0.073935166000790253
144.70332400976798,700.09784773965976,-1001.73425674438,32.159999999999997,-0.074018380707922646
144.71629359862845,700.35779846549917,-1001.3530254364,32.380000000000003,-0.074243453434383322
144.72926680619508,700.55320859836388,-1000.9117126464801,32.159999999999997,-0.074553868422017902
144.74224660131733,700.90893660046527,-1000.9117126464801,32.159999999999997,-0.074833906773286482
144.75522834497153,701.01415732666806,-1000.83756446838,32.140000000000001,-0.074951943630478704
144.76820065019018,700.50448180672311,-998.23045730590798,32.140000000000001,-0.074855436881125489
144.78116865373335,700.27219133109008,-997.64800071716297,32.189999999999998,-0.074707522160218642
144.79414540860375,700.74476300249614,-997.64800071716297,32.189999999999998,-0.07465653638872452
144.80712268294567,700.77281446337099,-996.60015106201195,32.280000000000001,-0.074857024268588798
144.82009843716179,700.69072766988234,-999.05157089233398,32.280000000000001,-0.075175685600749095
144.83307587396794,700.78158753339983,-999.05157089233398,32.259999999999998,-0.075465770851905881
144.84605599401726,700.92648266357924,-1000.01788139343,32.259999999999998,-0.075585620684195845
144.85903935506911,701.10149679980123,-999.38416481018101,32.210000000000001,-0.07556705735603482
144.87201776045069,700.83389060423372,-1000.06055831909,32.280000000000001,-0.07544823611757151
144.88499286481107,700.6556354612145,-1001.00541114807,32.229999999999997,-0.075386379741964882
144.89797575813208,701.07623933418245,-1001.5068054199201,32.229999999999997,-0.075440522697017565
144.91095887290132,701.08819753868818,-1001.80578231812,32.210000000000001,-0.075632601769317659
144.92393602410121,700.76616479434233,-1001.02782249451,32.210000000000001,-0.075774209366120976
144.93690815340364,700.49498233057386,-1000.5939006805399,32.240000000000002,-0.075826808396575282
144.94987783332721,700.36271587274769,-1000.5939006805399,32.240000000000002,-0.075697920596085613
144.96284690892594,700.33008233198029,-1000.80037117004,32.310000000000002,-0.075455188958904254
144.97581015754943,700.01542566827925,-999.47428703308105,32.310000000000002,-0.075223310333347795
144.98877499770009,700.10136813554027,-1000.01573562622,32.210000000000001,-0.075258561928007367
145.0017472501433,700.50163193365029,-999.495029449463,32.210000000000001,-0.075424272153212041
145.01471989270735,700.52269845859666,-999.495029449463,32.240000000000002,-0.075683495443347321
145.02768500501119,700.11606440802143,-998.63886833190895,32.240000000000002,-0.07579462395816923
145.04065173574574,700.20345966553919,-997.53403663635197,32.280000000000001,-0.075703355379635115
145.05362141566923,700.36271586725172,-996.70481681823696,32.280000000000001,-0.075498611355183196
145.0665945063038,700.54689426768311,-997.37167358398403,32.299999999999997,-0.075304486478765767
145.07956942336423,700.64552126313015,-995.596885681152,32.299999999999997,-0.07526926489317394
145.09254832752097,700.86082446480759,-996.17481231689396,32.299999999999997,-0.0755374319849028
145.10553539213211,701.30148900156667,-996.17481231689396,32.299999999999997,-0.07586530823605861
145.11851805262216,701.0636664627018,-996.72555923461903,32.25,-0.076182493939035117
145.13148955172969,700.46095180591806,-997.67017364501896,32.25,-0.076211831635560862
145.14444905747163,699.81331006551363,-996.33717536926304,32.280000000000001,-0.07608467195551448
145.15740485448023,699.61303846367286,-996.33717536926304,32.280000000000001,-0.075890268716137105
145.17035664369629,699.39661766719053,-994.98200416564896,32.229999999999997,-0.075738796342179532
145.18330351449507,699.13102313347815,-995.19324302673294,32.229999999999997,-0.075637139378949281
145.19625396467785,699.32430987083842,-995.19324302673294,32.369999999999997,-0.075583234429841425
145.20921209413089,699.73899046441045,-996.85072898864701,32.369999999999997,-0.075580259369831038
145.22216594881485,699.50815293292203,-996.24276161193802,32.469999999999999,-0.075653811088752396
145.23511418969264,699.20500740172963,-993.64781379699696,32.469999999999999,-0.075590907492566015
145.24806855763822,699.53586906094495,-995.31388282775902,32.539999999999999,-0.075476714927136854
145.26102335399261,699.55900313655502,-995.67985534668003,32.539999999999999,-0.075322466178501413
145.27397739700996,699.51832293737505,-995.44811248779297,32.189999999999998,-0.075284810736898022
145.28692899064939,699.38605652901299,-994.47393417358398,32.189999999999998,-0.075365824418259758
145.29988496357399,699.6225379288303,-994.02737617492699,32.210000000000001,-0.075483403892961681
145.31284105239629,699.62879640367817,-994.02737617492699,32.210000000000001,-0.075482243878208469
145.32578902836423,699.19070226846895,-995.47362327575695,32.159999999999997,-0.0753993779001189
145.33873124772472,698.87984546667576,-993.00146102905296,32.159999999999997,-0.075272785292616676
145.35167552634209,698.9910453390994,-993.00146102905296,32.520000000000003,-0.075205332702041355
145.36463052448278,699.56989959659245,-993.00527572631802,32.520000000000003,-0.075216576870697868
145.37758689891115,699.64421913174363,-993.00527572631802,32.57,-0.075308993044046368
145.39053970120003,699.45132359955608,-992.86270141601597,32.57,-0.075448882868964423
145.4034995970629,699.83437659595586,-991.50252342224098,32.189999999999998,-0.07553509746987816
145.41646170222955,699.95367899911275,-991.41216278076195,32.560000000000002,-0.075408609376420535
145.42941673348395,699.57168773618901,-992.99550056457497,32.159999999999997,-0.075170105943900736
145.44236872345184,699.40745826589932,-993.98231506347702,32.159999999999997,-0.074907103552788484
145.45532386439504,699.57761093314525,-992.52486228942905,32.119999999999997,-0.074794019260950736
145.46828218114814,699.74910466799065,-992.52486228942905,32.119999999999997,-0.074817466859051676
145.48123771842103,699.59901273598359,-990.59605598449696,32.100000000000001,-0.074918517428005899
145.49418459646424,699.13141433315468,-991.55592918395996,32.100000000000001,-0.075001688674207131
145.50712923208897,699.01032373544126,-992.02466011047397,32.490000000000002,-0.075020759055860808
145.52007178258521,698.89772679668954,-992.02466011047397,32.490000000000002,-0.074907908629140124
145.53300598532843,698.4469481332942,-993.89004707336403,32.409999999999997,-0.074708842569275763
145.54594423518395,698.66549219887304,-995.078563690186,32.409999999999997,-0.074578028999820217
145.55889045612722,699.09593093580224,-995.078563690186,32.119999999999997,-0.074660794602148486
145.57184800091724,699.70741866261494,-994.75240707397495,32.359999999999999,-0.074903327557152441
145.58480628662602,699.74742827303544,-993.25037002563499,32.189999999999998,-0.075088766298939694
145.59775871845559,699.43131879709381,-994.94671821594204,32.189999999999998,-0.075203475231543387
145.6107186991716,699.83895866485682,-993.96157264709495,32.170000000000002,-0.075154406948580971
145.623680134821,699.91752506796081,-993.360996246338,32.170000000000002,-0.075076032014970484
145.63663465798774,699.54425100274534,-994.03858184814396,32.25,-0.075043634407647455
145.64959256702844,699.72708819817728,-995.02277374267601,32.25,-0.075137836651349099
145.66255886832093,700.18026979455226,-994.90118026733398,32.259999999999998,-0.075312012599864073
145.67552652106551,700.253248207144,-994.90118026733398,32.259999999999998,-0.075585189172489992
145.68848813263094,699.92702453311801,-993.62683296203602,32.240000000000002,-0.075714190800807948
145.70144714580613,699.78671146084753,-992.39087104797397,32.240000000000002,-0.075745794714093997
145.714409744574,699.98033346510749,-993.49594116210903,32.210000000000001,-0.075620051679870279
145.72737493552225,700.12031120452639,-993.49594116210903,32.210000000000001,-0.075587006285158603
145.74033766364079,699.98731840103585,-994.51327323913597,32.369999999999997,-0.075706814725659072
145.75330272523945,700.11332632905385,-993.90482902526901,32.369999999999997,-0.075985614417387617
145.76626971570991,700.2174854042205,-994.32206153869595,32.469999999999999,-0.076278412920865402
145.77923771925308,700.27219133109008,-996.05655670166004,32.469999999999999,-0.076431995258005328
145.79219775895308,699.84214379933326,-996.91891670227005,32.229999999999997,-0.0763474466899524
145.80515460835551,699.66986773108681,-997.02620506286598,32.509999999999998,-0.076182259039449002
145.81812094276179,700.18205793964489,-997.02620506286598,32.189999999999998,-0.076007948567719891
145.83108812156667,700.22765546363348,-997.833251953125,32.189999999999998,-0.076008993718649095
145.84405439078023,700.17853753277234,-998.59619140625,32.560000000000002,-0.076133349082157728
145.85702277099136,700.29253140045205,-998.21257591247604,32.140000000000001,-0.076330474888352207
145.86998824133713,700.13539867118789,-997.74050712585404,32.100000000000001,-0.07652142188602877
145.88295167829381,700.02559566174034,-997.397422790527,32.100000000000001,-0.076535572814701081
145.89591043173465,699.772685804606,-998.52061271667503,32.530000000000001,-0.07631914793560779
145.90887191912347,699.92031899726499,-1000.71310997009,32.530000000000001,-0.076067319346458495
145.92183837667159,700.18870759768129,-1001.94501876831,32.420000000000002,-0.075875446200570684
145.93480914831105,700.42166853017011,-1001.94501876831,32.420000000000002,-0.07590824738099658
145.94777654752957,700.23955780131439,-1001.07622146606,32.119999999999997,-0.076097016118447783
145.96074068608397,700.06348193711233,-999.59397315979004,32.450000000000003,-0.076383023211910234
145.97370332417407,699.98245686610801,-1000.02264976501,32.100000000000001,-0.076574909810984568
145.98665784837536,699.54430686956994,-1000.02264976501,32.100000000000001,-0.076463220434300358
145.9996013922827,698.95137099557883,-1001.3339519500699,32.420000000000002,-0.076111054254676874
146.0125515113271,699.3064283979287,-1005.0573348999,32.07,-0.075781724105006415
146.0255122722852,699.88109173673354,-1005.94019889832,32.100000000000001,-0.075603348927141045
146.03847626700127,700.05571466778292,-1005.94019889832,32.100000000000001,-0.07575627519818838
146.05143759917038,699.91193713240841,-1006.30712509155,32.350000000000001,-0.076058502826286817
146.06439960085683,699.94809106905655,-1005.99217414856,32.350000000000001,-0.076320747740770786
146.07735742400862,699.72245019649995,-1006.14595413208,32.280000000000001,-0.076371445836539084
146.09031220794571,699.5583326027554,-1006.14595413208,32.280000000000001,-0.076227913506663844
146.10326643308886,699.52815772988822,-1004.81510162354,32.280000000000001,-0.076012743843806033
146.11622586121968,699.80911906438519,-1003.4453868866,32.280000000000001,-0.075929176268635046
146.12919532693957,700.35114887341456,-1005.56540489197,32.159999999999997,-0.07599545642746991
146.14216206388397,700.20379499839089,-1005.56540489197,32.159999999999997,-0.076177695558931155
146.15512611861848,700.05895566358834,-1005.34796714783,32.100000000000001,-0.076344931083405967
146.1680905034556,700.07678120372134,-1001.79648399353,32.100000000000001,-0.076396910266499515
146.1810625551482,700.4907914008935,-1001.79648399353,32.140000000000001,-0.076385729222133672
146.19403358548888,700.43563839653086,-1001.10149383545,32.140000000000001,-0.076206056400858257
146.20700677442835,700.55220273171233,-1002.47287750244,32.359999999999999,-0.076023010122275275
146.21998701037649,700.93274119888315,-1005.39565086365,32.359999999999999,-0.075900487394475885
146.23297099644935,701.13524793537351,-1005.39565086365,32.390000000000001,-0.075868551308333559
146.2459483804802,700.77873766582309,-1006.8778991699201,32.390000000000001,-0.075968063126154242
146.2589214328259,700.54482666755541,-1006.76274299622,32.380000000000003,-0.075971042322819482
146.27189481527409,700.56265220219245,-1006.32834434509,32.380000000000003,-0.075853484579092037
146.28486385258518,700.32801479780437,-1006.32834434509,32.100000000000001,-0.075759493435063927
146.29782876413699,700.10522379832071,-1006.96325302124,32.100000000000001,-0.075696412886860409
146.31078715953581,699.75335153594358,-1005.86152076721,32.100000000000001,-0.075784479784705525
146.32375002424689,699.99469439924076,-1003.9939880371099,32.100000000000001,-0.075983382346858822
146.33671437079755,700.07471373549765,-1005.25856018066,32.140000000000001,-0.076100618268425374
146.34967103807409,699.66003293307767,-1005.25856018066,32.140000000000001,-0.076076986473970626
146.36262871945925,699.71479479821994,-1005.39374351501,32.549999999999997,-0.075911876435209899
146.37559016235176,699.91791619618925,-1002.5162696838401,32.549999999999997,-0.07561574689966534
146.38855752224694,700.23743433985817,-1000.02813339233,32.560000000000002,-0.075440031164937082
146.4015260659568,700.30136033180975,-1000.02813339233,32.560000000000002,-0.075398184771669471
146.41449362143086,700.24799559894757,-1000.37932395935,32.210000000000001,-0.07556154496176043
146.42746771271854,700.60092953434491,-999.63021278381302,32.549999999999997,-0.07573118950745808
146.4404419395654,700.60824973167712,-1000.26202201843,32.189999999999998,-0.075760321277367967
146.45340700737285,700.11366160144985,-1000.26202201843,32.189999999999998,-0.075676358407798072
146.46636934019628,699.96597246502233,-1000.9081363678,32.189999999999998,-0.075483210384147306
146.4793339133679,700.0869512686304,-1001.15370750427,32.189999999999998,-0.07528132241586824
146.49230087175923,700.21575313144854,-1002.0740032195999,32.229999999999997,-0.075247362255158198
146.50526390617904,700.00385866894624,-1002.86555290222,32.229999999999997,-0.075345181134966355
146.51823039580495,700.19043979900516,-1002.86555290222,32.369999999999997,-0.075634042213831576
146.53120060244322,700.39115846734717,-1002.25925445557,32.369999999999997,-0.075932990552144572
146.54417085357781,700.39356126842279,-1001.16181373596,32.259999999999998,-0.07610298589572137
146.55713446645308,700.03509526429775,-1001.45149230957,32.259999999999998,-0.076152349098033853
146.57009758469144,700.00838487102237,-1001.4853477478,32.259999999999998,-0.076035591256379015
146.58306539989997,700.26202126068495,-1001.2755393981899,32.229999999999997,-0.075880112125889715
146.59603441134075,700.32661780292437,-1002.35342979431,32.299999999999997,-0.075837643816730346
146.60899539167653,699.89293813064592,-1002.35342979431,32.299999999999997,-0.075840118030469486
146.62195576872222,699.86036046769493,-1001.82127952576,32.280000000000001,-0.075941063049078064
146.63492554695191,700.36802440272879,-999.73225593566895,32.280000000000001,-0.075981252722861423
146.64789410308015,700.3020309260653,-999.162197113037,32.280000000000001,-0.075959200039099811
146.66085707230732,700.00033826756965,-999.162197113037,32.280000000000001,-0.075946312604247362
146.67382404311604,700.21642367074435,-998.04496765136696,32.240000000000002,-0.076001883586928456
146.68679655529507,700.51565766683575,-998.48413467407204,32.240000000000002,-0.076179672032045301
146.69976669674074,700.38763806597058,-999.56536293029797,32.259999999999998,-0.076340589050610821
146.71273888399256,700.49811159822582,-1001.21808052063,32.259999999999998,-0.076324262966443387
146.72571344301107,700.62618699996358,-1001.21808052063,32.310000000000002,-0.076343752443019219
146.73869397180738,700.94855500021731,-998.53348731994595,32.310000000000002,-0.076274999106339156
146.75167190221487,700.80824200489053,-998.01349639892601,32.259999999999998,-0.076239605744841205
146.7646429470432,700.43642072993191,-998.64459037780796,32.259999999999998,-0.076270836095109915
146.77761122377413,700.28694347039573,-998.64459037780796,32.240000000000002,-0.076353361623064164
146.79057742779509,700.17501713139586,-999.38392639160202,32.240000000000002,-0.076489218821073152
146.80353722017657,699.82878859994764,-1000.10871887207,32.229999999999997,-0.07652897801650016
146.81648936019141,699.41556080212854,-1000.10871887207,32.229999999999997,-0.076421777613321376
146.82944113492104,699.39583539974149,-998.54993820190396,32.450000000000003,-0.076297364299902901
146.84239886804562,699.71758872752389,-997.37620353698696,32.450000000000003,-0.076099448940600958
146.85535356091981,699.5534152064987,-997.37620353698696,32.490000000000002,-0.075935289884738438
146.86830431636787,699.34079419498005,-999.04441833496105,32.490000000000002,-0.075873056839755787
146.88125750877779,699.47239013549438,-999.04441833496105,32.189999999999998,-0.075879896886711526
146.89421435818022,699.66986773108681,-997.92218208313,32.469999999999999,-0.076035400852091345
146.90716689349009,699.43690673264609,-996.56748771667503,32.210000000000001,-0.076197403379008308
146.92011229590369,699.05173033524579,-996.58656120300304,32.210000000000001,-0.076155046828637343
146.93305920602592,699.13314660043056,-997.38907814025902,32.210000000000001,-0.07600975947286176
146.94600929299142,699.30469613614866,-999.38631057739303,32.210000000000001,-0.075716774703379605
146.95895897017536,699.28256793268611,-998.09432029724098,32.210000000000001,-0.075542570815345642
146.97190737351733,699.21378046626251,-998.09432029724098,32.210000000000001,-0.075513776391247928
146.98485761673953,699.31313399973374,-997.60913848876896,32.439999999999998,-0.075546081902429604
146.99781820798893,699.87192746702806,-999.66979026794399,32.439999999999998,-0.075620335215887916
147.01077506980988,699.67053833083855,-999.66979026794399,32.460000000000001,-0.075575272655802397
147.02372439723081,699.2636807305247,-998.390674591064,32.460000000000001,-0.075392588558736331
147.03667506161608,699.33587680421954,-996.35219573974598,32.460000000000001,-0.075173606681001759
147.04963131290373,699.63756953416328,-996.82116508483898,32.460000000000001,-0.074882260006693416
147.06258100353944,699.28329432781447,-998.421669006348,32.229999999999997,-0.074617545016346501
147.07552762702093,699.11766800004455,-998.421669006348,32.229999999999997,-0.074510108678807224
147.08847816930006,699.32928307346356,-999.07732009887695,32.189999999999998,-0.074456882558996365
147.10143054835552,699.42846899546896,-997.44009971618596,32.189999999999998,-0.074539519846451449
147.11437652301484,699.08263160324134,-997.44009971618596,32.210000000000001,-0.074547272589755034
147.12731351869013,698.59776646592582,-997.42674827575695,32.210000000000001,-0.074495252015075522
147.14024935228144,698.53501393010777,-999.03035163879395,32.469999999999999,-0.074391191204392582
147.15318646592345,698.60413666892714,-1003.18598747253,32.469999999999999,-0.074132842321408543
147.16611995361731,698.40833546828992,-1003.18598747253,32.490000000000002,-0.073882015421239525
147.1790587301889,698.69393486492038,-1004.73237037659,32.490000000000002,-0.073726918134812386
147.19200567238892,699.13487880175455,-1003.98659706116,32.530000000000001,-0.073688783579845998
147.20496290466917,699.69054313330082,-1003.70645523071,32.530000000000001,-0.07374174065109125
147.21791660309628,699.49971506384088,-1004.6401023864699,32.210000000000001,-0.073656969599218122
147.23086409167286,699.16438313532603,-1004.73189353943,32.210000000000001,-0.073533550732784128
147.24381994662963,699.61616766537293,-1004.73189353943,32.189999999999998,-0.073431574014600862
147.25677308005558,699.46920500101771,-1002.34842300415,32.189999999999998,-0.073313045625429951
147.26972013298032,699.14085793698348,-1002.34842300415,32.240000000000002,-0.073180222470283579
147.2826701671716,699.30184632902797,-1002.85840034485,32.240000000000002,-0.072991707258560926
147.29563108334941,699.88947360159011,-1005.97023963928,32.32,-0.072806697959337877
147.3085931502284,699.95161146493695,-1005.69891929626,32.32,-0.072782095521271656
147.32155457966914,699.91718980106089,-1003.8206577301,32.259999999999998,-0.072753670522111527
147.33451621710373,699.92842146754208,-1003.90338897705,32.259999999999998,-0.072804746320707117
147.34748320757529,700.21748546467654,-1003.83353233337,32.189999999999998,-0.072809039718190305
147.3604513735815,700.28096433516703,-1005.43808937073,32.189999999999998,-0.072700179491407682
147.37341002871602,699.76737726363297,-1007.5390338897701,32.329999999999998,-0.072593207781000715
147.38637031469872,699.85544306594238,-1007.5390338897701,32.329999999999998,-0.072451489459674501
147.39933258232963,699.9624520691417,-1007.16805458069,32.420000000000002,-0.072422896821568439
147.41229356370008,699.89299400296647,-1009.30953025818,32.420000000000002,-0.072532828069046942
147.42524837971607,699.56006486453521,-1009.30953025818,32.43,-0.072598875397030235
147.43820535226041,699.67651739461951,-1010.54573059082,32.43,-0.072694488076381597
147.45117275251232,700.23961360218721,-1010.98966598511,32.100000000000001,-0.072790805456221519
147.46414312058027,700.3998756705513,-1009.81998443604,32.100000000000001,-0.072844576918212722
147.47711431441979,700.44446733338441,-1009.81998443604,32.119999999999997,-0.072864640709735612
147.49008463074824,700.39708173575116,-1010.2014541626,32.119999999999997,-0.072742424284109805
147.50305594772965,700.45111699691699,-1012.4115943908701,32.140000000000001,-0.072575694777539043
147.51603032565808,700.61640813473116,-1010.04695892334,32.140000000000001,-0.072527361205964924
147.52900314931233,700.53247732932527,-1010.04695892334,32.57,-0.072448723431213793
147.54197811086905,700.64792406420577,-1008.58998298645,32.57,-0.072539442527961129
147.55495987418641,701.01521913708837,-1008.51893424988,32.549999999999997,-0.072610644209326114
147.56794500268145,701.19693873221945,-1011.14344596863,32.549999999999997,-0.072664926862380838
147.58092776665313,701.06925446970206,-1009.93752479553,32.509999999999998,-0.072683652656022987
147.59390613271111,700.83176713178523,-1010.24842262268,32.509999999999998,-0.072634026615114297
147.60689129432097,701.19872693227217,-1010.24842262268,32.210000000000001,-0.072576946889858496
147.61987353778525,701.04114707055476,-1012.54320144653,32.210000000000001,-0.072613843819143223
147.63285088352842,700.77667013164728,-1012.97831535339,32.240000000000002,-0.072715915739317655
147.64583006190742,700.87563246544198,-1012.90893554688,32.240000000000002,-0.072885366777320479
147.6588167301901,701.28008726468033,-1014.65940475464,32.259999999999998,-0.073068594146000351
147.67179937101861,701.06260474021769,-1014.78266716003,32.259999999999998,-0.073183840139536022
147.68477663811731,700.77242332964636,-1014.30034637451,32.229999999999997,-0.073285749596264882
147.69775093739992,700.61216126128215,-1014.30034637451,32.229999999999997,-0.073367424514843113
147.71072788060499,700.75493307290105,-1014.40978050232,32.189999999999998,-0.073505136079942926
147.72370279663085,700.64546539630544,-1014.59407806396,32.189999999999998,-0.073694464645703381
147.73667346375674,700.41602479924109,-1014.59407806396,32.159999999999997,-0.073832773292720422
147.74964385872968,700.40132853775208,-1014.75834846497,32.159999999999997,-0.073990255801577379
147.76261608530251,700.50023493327433,-1012.46380805969,32.32,-0.074011603783425556
147.77558481010246,700.31113919704228,-1011.1503601074201,32.32,-0.073889472210418666
147.78855168364086,700.21117107353984,-1011.1503601074201,32.329999999999998,-0.073648478007769594
147.80152342282233,700.47391580013129,-1010.8425617218001,32.329999999999998,-0.073439842089286819
147.81450503091855,701.00683719528786,-1011.0821723938,32.280000000000001,-0.073451041761423544
147.82748567664822,700.95486940234593,-1009.43779945374,32.280000000000001,-0.073584828319101597
147.8404608265395,700.65809412911483,-1010.08248329163,32.159999999999997,-0.073726278626433023
147.853439439916,700.84512233117096,-1010.7052326202401,32.159999999999997,-0.073724509112978884
147.86641410862345,700.63211020241579,-1012.0456218719499,32.119999999999997,-0.073549061391431206
147.87938095629261,700.2097741336197,-1013.10062408447,32.119999999999997,-0.073322290554510991
147.89234633557535,700.13048126943534,-1011.6856098175,32.210000000000001,-0.07311249151827498
147.90531591201855,700.35712793169944,-1011.6856098175,32.210000000000001,-0.072981153304467625
147.91829312737647,700.76962932889421,-1010.88523864746,32.310000000000002,-0.073122322145431962
147.93126914132839,700.70475340306757,-1012.1922492981,32.310000000000002,-0.073334122490283302
147.94423871156292,700.35679266479951,-1012.3963356018101,32.280000000000001,-0.073515506874899453
147.95720644191721,700.25743913132828,-1010.17618179321,32.280000000000001,-0.073522635631134078
147.97017682343704,700.40060207117574,-1010.17618179321,32.259999999999998,-0.073359496891004919
147.98313907865065,699.96178153534208,-1008.39853286743,32.259999999999998,-0.073188902396572789
147.99609834431732,699.80034599985242,-1007.70235061646,32.259999999999998,-0.073146830415263611
148.00906475012468,700.18591359692914,-1007.68113136292,32.259999999999998,-0.073097314063594557
148.02204073820621,700.70335640269161,-1007.41982460022,32.240000000000002,-0.073106917034178986
148.03501232837661,700.46586920217476,-1007.95817375183,32.240000000000002,-0.073081528146514224
148.04798095590493,700.30588652838981,-1004.21619415283,32.310000000000002,-0.073111933758903819
148.06095323421863,700.50302893952232,-1004.21619415283,32.310000000000002,-0.073079940758542045
148.07392674705184,700.56969299395348,-1001.23524665833,32.25,-0.072995957193789832
148.08689792123084,700.44340566586027,-1002.90417671204,32.25,-0.072863618325776591
148.09986673088522,700.31572133739087,-1003.15356254578,32.25,-0.072812314869183548
148.11283719725932,700.4051842005324,-1003.15356254578,32.25,-0.072768200189199758
148.12581197669141,700.63808933214864,-1002.93016433716,32.25,-0.072738373031363643
148.13878031861483,700.29046386627635,-1003.02696228027,32.25,-0.07263421494873365
148.15174285218879,699.97681299228304,-1003.02696228027,32.280000000000001,-0.072528271831644439
148.16470826458647,700.13226947498379,-1003.0472278595,32.280000000000001,-0.072506679636426485
148.17767344208272,700.11958479840598,-1001.8858909606899,32.310000000000002,-0.072543442042700634
148.19063728157909,700.04733280292646,-998.99339675903298,32.310000000000002,-0.072563192290054132
148.20359998486049,699.98597719603652,-999.18889999389603,32.329999999999998,-0.072625392219406781
148.21656418757291,700.06694647166421,-999.68886375427201,32.329999999999998,-0.072589766026853714
148.2295266952778,699.97541606335494,-1000.52928924561,32.210000000000001,-0.072515061538737172
148.24248412934443,699.70143959883421,-1000.93841552734,32.210000000000001,-0.07236755763435386
148.2554406476099,699.65198633512114,-999.03678894043003,32.259999999999998,-0.072263226739822023
148.26840207084192,699.91685452866511,-999.03678894043003,32.259999999999998,-0.072371923467875798
148.2813667092062,700.09047167000688,-996.22678756713901,32.240000000000002,-0.07258819002211217
148.2943287367618,699.94948800348061,-994.82512474060104,32.240000000000002,-0.072826572382772362
148.30728897721363,699.85298439804205,-995.75328826904297,32.210000000000001,-0.073003153212496633
148.32025481801858,700.15540346815408,-995.75328826904297,32.210000000000001,-0.07298785675652314
148.33321716946907,699.96697832617781,-995.84031105041504,32.259999999999998,-0.072959012661931957
148.34617872929385,699.92423053786194,-996.27852439880405,32.210000000000001,-0.072857292575734159
148.35914475118881,700.16518232789065,-996.27852439880405,32.240000000000002,-0.072839578819732104
148.372118491679,700.58198647085499,-996.72842025756802,32.240000000000002,-0.072860345243924998
148.38509472087028,700.71637632968134,-996.08373641967796,32.259999999999998,-0.072982590645269046
148.39806233429252,700.25112480064763,-995.45097351074196,32.259999999999998,-0.073158916913472621
148.41102794744072,700.14311000224461,-995.56732177734398,32.280000000000001,-0.073216818272589732
148.42399074799511,699.99122993613685,-995.56732177734398,32.280000000000001,-0.073122122428073075
148.43695114470242,699.86142219567512,-995.95093727111805,32.25,-0.072972132928348421
148.44990462892594,699.48814807000383,-996.79422378540005,32.25,-0.072869964771917317
148.46285975020743,699.57654919966899,-996.79422378540005,32.399999999999999,-0.072918463911361933
148.47582372629753,700.05470886708338,-997.72524833679199,32.399999999999999,-0.073064246938417302
148.48878117278269,699.70211019858596,-995.25833129882801,32.469999999999999,-0.073248008266657533
148.50173274779496,699.38505066236144,-995.07904052734398,32.469999999999999,-0.073422210083921399
148.51468009874199,699.15695113839251,-995.07904052734398,32.539999999999999,-0.073442654683917849
148.52762828167161,699.20187820002957,-995.50604820251499,32.539999999999999,-0.073344908240555562
148.54057658877662,699.2085836699307,-996.53267860412598,32.189999999999998,-0.073258182447560535
148.5535258892927,699.26222786881999,-993.98326873779297,32.189999999999998,-0.073303459212660516
148.56647956805929,699.49865339631663,-994.62842941284202,32.140000000000001,-0.073619826386200626
148.57943999684565,699.86315446295112,-994.62842941284202,32.140000000000001,-0.073871362126566406
148.59239667757527,699.66075939965413,-996.54459953308105,32.140000000000001,-0.073969029924225868
148.60534290576174,699.09632206952688,-995.02897262573197,32.140000000000001,-0.07399706894266897
148.61828651486169,698.9548913969553,-993.111610412598,32.57,-0.074005305973614571
148.63123771941486,699.36504587089109,-993.111610412598,32.57,-0.073985431549772981
148.64418783846048,699.30642846388059,-994.09317970275902,32.530000000000001,-0.073879060025402843
148.65713380587658,699.08224046951682,-996.87123298644997,32.530000000000001,-0.073780187716470422
148.67008004648025,699.09699259783054,-995.339393615723,32.549999999999997,-0.073838497822155194
148.68302637814691,699.1019099995832,-995.339393615723,32.549999999999997,-0.074039894259778666
148.69597037115801,698.9756226000419,-994.43817138671898,32.140000000000001,-0.074069302320962399
148.70890870586911,698.67007439967779,-994.31204795837402,32.140000000000001,-0.073971765944025936
148.72184700746541,698.6682861996253,-996.06680870056096,32.100000000000001,-0.073774870899337833
148.73479448879755,699.16399193564951,-997.93958663940396,32.100000000000001,-0.0736775125064449
148.74774085978646,699.1040334005836,-996.88291549682594,32.140000000000001,-0.073740479225395256
148.7606845340791,698.95841180382786,-997.54977226257301,32.140000000000001,-0.073815669036029971
148.7736305149482,699.08296693059719,-997.54977226257301,32.520000000000003,-0.07393976880405774
148.7865812569444,699.34006779435572,-998.53610992431595,32.520000000000003,-0.074079693812322572
148.79952338627658,698.87498393724388,-997.15256690979004,32.479999999999997,-0.074082343942490261
148.81246418899133,698.80334659774735,-995.98312377929699,32.479999999999997,-0.073970092667235574
148.82540751869507,698.93980400174178,-997.79224395751896,32.409999999999997,-0.073791217680010679
148.83835954798653,699.4095817383477,-997.79224395751896,32.409999999999997,-0.073677787764471023
148.8513138579828,699.53273979878884,-998.76689910888695,32.090000000000003,-0.073736539731742809
148.8642641715704,699.31693372973757,-997.42221832275402,32.090000000000003,-0.073892632499318142
148.87721789586919,699.50111213566493,-997.42221832275402,32.100000000000001,-0.074002682749107498
148.89017926736057,699.91406053340881,-996.55556678771995,32.100000000000001,-0.074027676342475104
148.90313360840128,699.53441619924013,-996.79279327392601,32.479999999999997,-0.073852604255223747
148.91608606610001,699.43271573151787,-996.81401252746605,32.100000000000001,-0.073622004645917102
148.92905266024201,700.19608366733416,-996.81401252746605,32.530000000000001,-0.073370002209989807
148.94202766112099,700.65004746520628,-998.14558029174805,32.530000000000001,-0.073219613274936715
148.95500243434452,700.63775407074479,-999.21679496765103,32.539999999999999,-0.073211153761494036
148.96797362818523,700.44446739933653,-999.30191040039097,32.539999999999999,-0.073314701310139813
148.98094522456287,700.46620439213052,-998.39711189269997,32.549999999999997,-0.073431727164771657
148.99391546948894,700.39322600701894,-998.39711189269997,32.549999999999997,-0.073418236440882342
149.00688079703215,700.1276873346352,-1002.5470256805399,32.119999999999997,-0.073197824466072342
149.01983999233335,699.79654626435263,-1003.51738929749,32.119999999999997,-0.073013776499323321
149.0328015904457,699.92629806654168,-1003.51738929749,32.140000000000001,-0.07289524707466559
149.0457695225877,700.26833566830965,-1003.65662574768,32.140000000000001,-0.072922023633656088
149.05873455728144,700.11187346185318,-1004.14729118347,32.170000000000002,-0.073021758968341108
149.07169734438273,699.99050346956051,-1004.17017936707,32.170000000000002,-0.073076582823664429
149.08466900595309,700.46972479900307,-1004.17017936707,32.560000000000002,-0.073139526777069488
149.09764137532969,700.50794633577902,-1003.83281707764,32.560000000000002,-0.073095973994638394
149.11061292721109,700.46380159655098,-1003.31592559814,32.539999999999999,-0.072991924566066541
149.12358701746541,700.60087373347233,-1003.74889373779,32.539999999999999,-0.072865100163403113
149.13656546837785,700.83634927213404,-1004.7519207000699,32.57,-0.07288320093479482
149.14954519830616,700.90541612764093,-1004.7519207000699,32.57,-0.073115313425061237
149.16252325185434,700.81489160247111,-1004.05931472778,32.189999999999998,-0.07333443396531103
149.17549876599628,700.67776366467706,-1002.19297409058,32.189999999999998,-0.073453868842183495
149.18847906092839,700.93592633335982,-1002.19297409058,32.210000000000001,-0.073429808641262029
149.20146453401236,701.21554653430564,-1002.10976600647,32.210000000000001,-0.073373627123273596
149.21444501831357,700.94615226509359,-1001.19185447693,32.159999999999997,-0.073390324703454038
149.22742530703579,700.93559100050811,-1002.0751953125,32.159999999999997,-0.073447898030746195
149.24041025340617,701.18710400016221,-1002.0751953125,32.549999999999997,-0.073531502858100256
149.25339718142351,701.29411293740975,-1003.77511978149,32.549999999999997,-0.073667129294501116
149.26638056213699,701.10255852778141,-1006.11090660095,32.539999999999999,-0.073740954200882058
149.27935861051111,700.81461220239589,-1001.5475749969499,32.539999999999999,-0.073749432340060053
149.29234111371119,701.05517280374011,-1002.82049179077,32.579999999999998,-0.073719449961079486
149.30532775612349,701.27869026430415,-1002.82049179077,32.579999999999998,-0.073706263469407896
149.31830449133341,700.74370133497189,-1005.15270233154,32.189999999999998,-0.073747710428364838
149.33127632881977,700.47922426416051,-1005.12290000916,32.189999999999998,-0.073853997098691171
149.34424974334689,700.56438446397237,-1003.83520126343,32.159999999999997,-0.073933949071817578
149.35722273050118,700.54130633213083,-1003.33666801453,32.159999999999997,-0.073971061243130284
149.3701905984839,700.26487106780587,-1003.33666801453,32.159999999999997,-0.073919905762836136
149.38315397645928,700.02241067015973,-1003.89385223389,32.159999999999997,-0.073814974684201243
149.39612362430373,700.36098359997573,-1003.81135940552,32.579999999999998,-0.073720001512618566
149.4091028606309,700.87876166714204,-1003.6559104919399,32.579999999999998,-0.07374810779180363
149.4220814212334,700.8422725350423,-1003.03721427917,32.600000000000001,-0.073952983237283873
149.43506039058144,700.8643447947361,-1000.58722496033,32.600000000000001,-0.074229345966336832
149.44803984111354,700.89032873242718,-1000.4620552063,32.560000000000002,-0.074418347535453816
149.46102091628637,700.97805933378868,-1002.51698493958,32.560000000000002,-0.074442173871359998
149.47399479337037,700.5893625350119,-1002.87532806396,32.159999999999997,-0.074256965890264884
149.48696613001363,700.45217873588922,-1002.07424163818,32.159999999999997,-0.074109199146572921
149.49994300078151,700.75102146635209,-1002.07424163818,32.159999999999997,-0.074136532428429977
149.51292144548512,700.83601399424208,-1001.17802619934,32.159999999999997,-0.074301310297082437
149.52589269727534,700.44759667248445,-1001.60264968872,32.159999999999997,-0.074579175562302896
149.53886092847418,700.2844847365435,-1002.53343582153,32.159999999999997,-0.074868772385091695
149.55182931592842,700.29292252868061,-1000.04768371582,32.549999999999997,-0.074953923208323114
149.56479112203712,699.93752987042296,-1000.04768371582,32.549999999999997,-0.074834009217985886
149.57774637991361,699.58392532977791,-1000.13756752014,32.57,-0.074542758779527096
149.59070133252226,699.56744086823619,-1001.49130821228,32.57,-0.0743767639822073
149.60366343665436,699.95362313228816,-1001.49130821228,32.590000000000003,-0.074454122740301498
149.61662911499505,700.14663039812513,-1000.65469741821,32.590000000000003,-0.07481408926305369
149.62958538697779,699.63868706851213,-996.76108360290505,32.189999999999998,-0.075128020510728144
149.64253989048279,699.54318926926919,-997.60699272155796,32.189999999999998,-0.075346557422756116
149.65549718795555,699.69406352918134,-998.32868576049805,32.170000000000002,-0.075314000455496438
149.66845318675064,699.62393493470233,-998.32868576049805,32.170000000000002,-0.075042936950579578
149.68140565790245,699.43344219809421,-995.683193206787,32.560000000000002,-0.074746301397334514
149.69436799693463,699.96630773741811,-996.72102928161598,32.189999999999998,-0.074676373559568798
149.70734004138271,700.49040019572101,-995.47123908996605,32.549999999999997,-0.074799211902613016
149.72031335242971,700.55879653941213,-995.47123908996605,32.549999999999997,-0.075113669865612936
149.73327922531351,700.15713572443815,-994.59481239318802,32.210000000000001,-0.075312646933455518
149.7462429230408,700.03967727274244,-993.71075630188,32.450000000000003,-0.075306020055722081
149.7592074310198,700.08343086725392,-992.79189109802201,32.450000000000003,-0.07510716819873485
149.77217185518026,700.0789046651779,-992.79189109802201,32.450000000000003,-0.074872525616200211
149.78513124502354,699.80705153570557,-995.14722824096702,32.229999999999997,-0.07470199941748798
149.79809158999009,699.85862819492309,-994.118690490723,32.229999999999997,-0.074710711422088377
149.81105676127783,700.11924953700213,-994.118690490723,32.229999999999997,-0.074777893928713035
149.82401702139146,699.85404613701428,-993.78204345703102,32.229999999999997,-0.07483128044343848
149.83696793309502,699.34923199261311,-993.78204345703102,32.189999999999998,-0.074613384073953584
149.84991385498026,699.0797818016166,-992.39730834960903,32.189999999999998,-0.074276923098194392
149.86286105691599,699.14890452944405,-992.470264434814,32.409999999999997,-0.073947609505931822
149.87580988970123,699.23697040320144,-992.43044853210404,32.409999999999997,-0.073778428551167216
149.88876067826297,699.3425823345766,-991.87898635864303,32.469999999999999,-0.073836257473940223
149.90171201837535,699.37236606822341,-991.960048675537,32.469999999999999,-0.074075770874246022
149.91466955695677,699.70708339571513,-991.960048675537,32.210000000000001,-0.074300444166701354
149.92762489244325,699.5881162704502,-991.06836318969704,32.560000000000002,-0.074414452537201581
149.94056887200372,698.97489626536958,-992.30623245239303,32.189999999999998,-0.074232204092669132
149.95351341760002,699.00546220051342,-990.93461036682095,32.189999999999998,-0.073829155621941311
149.96645910561972,699.06715306331125,-990.93461036682095,32.170000000000002,-0.07347913355468326
149.97940356636178,699.00088007115653,-991.91689491271995,32.170000000000002,-0.073353944138697613
149.99235023640861,699.12018252927351,-991.71876907348599,32.159999999999997,-0.073486192978489823
150.00529934755681,699.25200200303823,-991.34469032287598,32.159999999999997,-0.073806122980784566
150.01825339781729,699.51871406560349,-991.57452583313,32.579999999999998,-0.073934604103237572
150.03120304188772,699.28077980408148,-991.57452583313,32.579999999999998,-0.073813089272657617
150.04414904241733,699.08402859812134,-990.31400680542004,32.560000000000002,-0.073561531801317373
150.05710092166171,699.4014791966224,-990.70405960082996,32.560000000000002,-0.073268243834595431
150.07005854509757,699.71166553606372,-990.70405960082996,32.560000000000002,-0.073101231827493854
150.08301417964208,699.60426540463595,-991.04189872741699,32.560000000000002,-0.07318259837699595
150.09596623376791,699.41092279495513,-993.96896362304699,32.210000000000001,-0.073404720879863411
150.10891769184823,699.37873633717663,-991.56546592712402,32.210000000000001,-0.073614345035157708
150.12186965594688,699.40606132597907,-992.07162857055698,32.240000000000002,-0.073583830768811753
150.13481590275927,699.09732787022654,-991.20450019836403,32.240000000000002,-0.073285413284209303
150.14776187017529,699.08224046402086,-991.13821983337402,32.210000000000001,-0.072929300367207378
150.16071870095186,699.66886193588334,-993.194580078125,32.210000000000001,-0.072742552599797214
150.17368308578887,700.07678119822538,-993.74890327453602,32.399999999999999,-0.072883799050875775
150.18665018698405,700.22346453944931,-994.18902397155796,32.399999999999999,-0.073221719099021532
150.19961370776053,700.03012192976848,-994.18902397155796,32.350000000000001,-0.073566117012504359
150.21257649486304,699.99050353551252,-995.48482894897495,32.350000000000001,-0.073670226460025939
150.22553973727778,700.01509039588348,-994.59862709045399,32.210000000000001,-0.073567506753684203
150.23850140679261,699.93015380077009,-993.25060844421398,32.329999999999998,-0.073375120345555669
150.25146407696042,699.98418906193592,-993.35408210754395,32.25,-0.073258668804344215
150.26443488792466,700.42379206857061,-995.68629264831497,32.25,-0.073350014992585436
150.27741148033093,700.73598993796327,-997.14064598083496,32.329999999999998,-0.073641099863886172
150.2903806532012,700.33533499513658,-997.14064598083496,32.329999999999998,-0.073890818490158452
150.30334566823339,700.11081173936896,-997.71046638488804,32.140000000000001,-0.0740160989673075
150.31630926765558,700.0343687977213,-996.17195129394497,32.420000000000002,-0.073937205597482611
150.32927232794444,700.00525559787434,-996.17195129394497,32.119999999999997,-0.073790382593369952
150.34222823567652,699.61901753294967,-995.62525749206497,32.119999999999997,-0.073713269084437691
150.35518880105687,699.87053053809996,-996.45209312438999,32.07,-0.073740054956804746
150.36814847650618,699.82247426377091,-998.76141548156704,32.07,-0.073985053847149221
150.38110838582105,699.83510300207627,-998.76141548156704,32.5,-0.074209499483032001
150.39406320183704,699.56006486453521,-998.934507369995,32.100000000000001,-0.074295328101905589
150.4070145554013,699.37309246884786,-1000.70381164551,32.450000000000003,-0.07426738842424585
150.41996994883709,699.59124553260608,-999.48143959045399,32.450000000000003,-0.074061014586072074
150.43292762401236,699.71445946536801,-999.311923980713,32.490000000000002,-0.073969910542364292
150.44587859366544,699.35236126576126,-999.80640411376896,32.490000000000002,-0.074081397098384252
150.4588321751605,699.49340073316012,-999.31502342224098,32.469999999999999,-0.074323151881374061
150.47179107761229,699.78073239706669,-1000.62918663025,32.469999999999999,-0.074674247039182101
150.48474321762714,699.41556080212854,-1001.86610221863,32.119999999999997,-0.074894276137089322
150.49768870385921,699.05625653182574,-1001.86610221863,32.119999999999997,-0.074835407236139448
150.51063618622726,699.16404787392219,-1000.90193748474,32.079999999999998,-0.074648531153143668
150.52359202152351,699.61510599784879,-1000.0267028808599,32.079999999999998,-0.074458440972471632
150.5365547175617,699.98558606231188,-1000.0267028808599,32.079999999999998,-0.074470593696648213
150.54951865536415,700.05264133290757,-1000.63371658325,32.079999999999998,-0.074678196881087261
150.56248447650862,700.15434180062994,-1000.63371658325,32.509999999999998,-0.074907716156525014
150.57545722876179,700.52862167204091,-1002.06708908081,32.509999999999998,-0.074955657538735815
150.58842646061606,700.33852012961336,-1002.2213459014901,32.090000000000003,-0.074855574509985895
150.60138821498401,699.93473586967093,-1002.19249725342,32.539999999999999,-0.074565037050007166
150.6143521848654,700.05437359468749,-1001.36590003967,32.549999999999997,-0.074309069249337639
150.62732618509008,700.59601213259236,-1006.35194778442,32.549999999999997,-0.074210066553947712
150.64030087346046,700.63317200184395,-1006.04724884033,32.140000000000001,-0.074385253505430168
150.6532715799074,700.41814813428959,-1006.04724884033,32.140000000000001,-0.074704399124316478
150.66623795984572,700.18451666800115,-1003.54552268982,32.170000000000002,-0.075083255974621163
150.67920283828403,700.10343566971608,-1003.11231613159,32.170000000000002,-0.075219463970916417
150.69216533977905,699.97508073050312,-1003.11231613159,32.189999999999998,-0.075084990303914315
150.70512614626924,699.88355047058576,-1003.12566757202,32.189999999999998,-0.074759474438160473
150.71808930382963,700.01050826103074,-1003.5252571106,32.560000000000002,-0.074625153921532725
150.73106045110367,700.44195279865949,-1000.76246261597,32.560000000000002,-0.074752291871622412
150.74403380871607,700.56131106864098,-1000.76246261597,32.210000000000001,-0.075049194402968325
150.75700283878402,700.32762366957604,-999.15814399719204,32.469999999999999,-0.075217633404959502
150.76997513675801,700.50409059605465,-999.97878074645996,32.359999999999999,-0.075150875166925368
150.78294803905806,700.53672420277405,-998.71730804443405,32.359999999999999,-0.074868049058053596
150.79592379948272,700.69106293128618,-996.98901176452603,32.259999999999998,-0.074585985598664223
150.80889991795061,700.71039726590061,-996.98901176452603,32.259999999999998,-0.074350632106485848
150.82187719229131,700.77281439741898,-997.11704254150402,32.329999999999998,-0.074375435295158679
150.83485645449016,700.8801587389662,-997.83420562744095,32.329999999999998,-0.07462895682303293
150.84782890251114,700.51219313228387,-997.83420562744095,32.140000000000001,-0.074977504296085129
150.86079252055924,700.03537459842084,-997.20263481140103,32.380000000000003,-0.075090826592239257
150.87375563258897,700.00804960412256,-997.59268760681096,32.079999999999998,-0.074920083084901848
150.88672248646674,700.21010940051963,-1001.3484954834,32.079999999999998,-0.074628861621652429
150.89968917167042,700.20100099763874,-1000.56886672974,32.100000000000001,-0.074460098726323157
150.91265377795554,700.08873939723503,-1000.56886672974,32.100000000000001,-0.074536523057502149
150.92562369898764,700.37573573378563,-1000.24938583374,32.380000000000003,-0.074797299586630117
150.9385975946989,700.5903684071593,-999.81522560119595,32.100000000000001,-0.075039922570771106
150.95156407811606,700.19010452660939,-999.12667274475098,32.439999999999998,-0.075187626190986637
150.96452435168146,699.85477253214265,-998.74258041381802,32.439999999999998,-0.074996190766366974
150.97748454039262,699.85019040278598,-996.01960182189896,32.460000000000001,-0.074584058795534647
150.99045124525801,700.20206273111512,-998.20566177368198,32.460000000000001,-0.074114405238877273
151.00341887213344,700.25185127271993,-999.56536293029797,32.549999999999997,-0.07385815493737162
151.01638870106797,700.37076246520837,-999.56536293029797,32.549999999999997,-0.073947429449896851
151.02936211042092,700.5641050584012,-997.65396118164097,32.140000000000001,-0.074304565786853516
151.04234142435922,700.88295266827026,-994.01164054870605,32.140000000000001,-0.074560988901177017
151.05531220220863,700.422003868518,-994.01164054870605,32.189999999999998,-0.07469655842356196
151.06828053792344,700.29012859937632,-994.94767189025902,32.189999999999998,-0.074618126576342675
151.08125265998152,700.4945911363933,-995.09549140930199,32.189999999999998,-0.07448673558741338
151.09423081183581,700.82020013245221,-995.23138999938999,32.189999999999998,-0.074384256989711156
151.10720687131973,700.70721213142394,-995.23138999938999,32.420000000000002,-0.074402313265702638
151.12018486070997,700.8114270734153,-995.71275711059604,32.420000000000002,-0.074533946397944056
151.13316471998894,700.91240106356918,-996.18244171142601,32.25,-0.074704329792906199
151.14614176770866,700.76057686428601,-996.24681472778298,32.390000000000001,-0.074775509742584262
151.15911821006915,700.72788746768595,-996.24681472778298,32.359999999999999,-0.074767126805092093
151.17209012516676,700.48341527078469,-995.43070793151901,32.359999999999999,-0.074635277398694549
151.18505979163828,700.36198946113132,-995.43070793151901,32.25,-0.074624309523143903
151.19802574937538,700.16171780433069,-995.45764923095703,32.25,-0.074677274872278876
151.21098423583578,699.75826886075208,-995.29886245727505,32.210000000000001,-0.074770461973711955
151.22394296961477,699.77162406563377,-995.29886245727505,32.210000000000001,-0.074841600531702274
151.23690191759877,699.78319113641487,-995.75710296630905,32.280000000000001,-0.074827793157691974
151.24985783153952,699.61935279984971,-996.40631675720203,32.25,-0.074734424965449561
151.26280633939635,699.21942426863939,-994.97675895690895,32.259999999999998,-0.074719900472233231
151.27575348234811,699.14571939496727,-993.278026580811,32.259999999999998,-0.07471591337600765
151.28870592763084,699.43204526916611,-993.278026580811,32.170000000000002,-0.07482359496281063
151.30166021072228,699.53128693708425,-994.65250968933105,32.170000000000002,-0.07496370830418593
151.31461084923828,699.33447986429951,-994.65250968933105,32.399999999999999,-0.075091962806265664
151.32756165746179,699.34364406805298,-995.79048156738304,32.119999999999997,-0.075065573262766583
151.34052347598768,699.93820039872674,-997.27177619934105,32.479999999999997,-0.074978025836622691
151.35348617927042,699.98597726748449,-997.28202819824196,32.479999999999997,-0.074871162779357861
151.36644182726792,699.60499186571644,-997.28202819824196,32.560000000000002,-0.074870651587785469
151.37939662982961,699.55933833200697,-996.18577957153298,32.560000000000002,-0.075018325198526137
151.3923563901333,699.82705639862365,-995.56994438171398,32.509999999999998,-0.075262654572237728
151.40530756778151,699.36359300369043,-994.83823776245094,32.509999999999998,-0.075453809565468238
151.41825159908151,698.97769020016972,-996.38319015502896,32.189999999999998,-0.075526757993418944
151.43119414337033,698.89739159574162,-996.38319015502896,32.189999999999998,-0.075392359868305406
151.44414180682725,699.17382667320283,-997.34354019165005,32.159999999999997,-0.075113463939200639
151.45709069135305,699.23976439296155,-997.64084815979004,32.159999999999997,-0.0749395570409815
151.47003439255056,698.95986466553256,-997.11585044860794,32.189999999999998,-0.07492768578144178
151.48297784643088,698.94650953759492,-997.11585044860794,32.189999999999998,-0.075178591327822522
151.49592790028265,699.30290799655211,-995.73898315429699,32.460000000000001,-0.075495775995617534
151.50887330269629,699.05173033524579,-994.91810798644997,32.460000000000001,-0.075604880435261035
151.52181418405675,698.80759346570039,-995.69368362426803,32.350000000000001,-0.075463790239694198
151.53475798769998,698.96539673426025,-995.69368362426803,32.350000000000001,-0.075202911263933053
151.54770708746415,699.25138726461523,-996.121644973755,32.240000000000002,-0.074904664523006786
151.56065779738151,699.33833553807187,-995.68653106689396,32.240000000000002,-0.074721015989448886
151.57360426564196,699.10928606374011,-997.33138084411598,32.310000000000002,-0.074629517685811234
151.5865528386914,699.22294467001586,-999.04227256774902,32.310000000000002,-0.074673815526254919
151.59950137241859,699.22082126901546,-997.89309501647904,32.369999999999997,-0.07472075625456516
151.61244745676666,699.08855479470151,-995.11337280273403,32.369999999999997,-0.074605404708546499
151.62539332070247,699.07665253396453,-996.57368659973099,32.399999999999999,-0.074294450588395636
151.63834344699131,699.30681959760523,-996.57368659973099,32.399999999999999,-0.073995721629274355
151.65130326524317,699.83018560032372,-998.34203720092796,32.100000000000001,-0.073774829506123421
151.66426234878648,699.79051133924315,-998.53730201721203,32.100000000000001,-0.073808347806366026
151.67721879565067,699.64813066684474,-997.96175956726097,32.140000000000001,-0.073867895536612882
151.6901803420235,699.92350413174154,-997.86353111267101,32.140000000000001,-0.073965986569411585
151.70314064145927,699.85616953251883,-999.94277954101597,32.119999999999997,-0.073941209250200091
151.71609268316791,699.41025226665136,-1001.71756744385,32.119999999999997,-0.073748331309889309
151.72904179534947,699.25205780391104,-1001.71232223511,32.450000000000003,-0.073457724517380751
151.7419965979123,699.55933839246302,-1001.71232223511,32.450000000000003,-0.073300799768200281
151.75494959577904,699.46188480368539,-1001.47199630737,32.539999999999999,-0.073206359519978711
151.76790196241609,699.42779840121329,-1005.33819198608,32.539999999999999,-0.073316896127060632
151.78084981420866,699.1839967985677,-1005.33819198608,32.579999999999998,-0.073362568186559521
151.79380258338284,699.44953540499944,-1006.4201354980499,32.579999999999998,-0.07333076351971532
151.80675737973712,699.55900313105917,-1005.4233074188199,32.170000000000002,-0.073212808412040184
151.81971004543212,699.4439475299032,-1006.0486793518101,32.170000000000002,-0.073103535298981698
151.83266586830985,699.61443539809704,-1006.0486793518101,32.259999999999998,-0.073041340541770736
151.84562685589015,699.89332933581829,-1005.16700744629,32.259999999999998,-0.073124623547065698
151.85859259942356,700.15015080499768,-1004.7748088836699,32.32,-0.073148457126494329
151.87155238559629,699.82845332755187,-1005.26261329651,32.32,-0.073176056353204524
151.88451298305554,699.87226279987999,-1005.59163093567,32.140000000000001,-0.073110505731478939
151.89748001284946,700.21960887117291,-1005.59163093567,32.140000000000001,-0.073002437129388101
151.9104540192827,700.59634739399621,-1004.75025177002,32.100000000000001,-0.072776538629663268
151.92342912364319,700.65563546671046,-1005.12909889221,32.100000000000001,-0.072556683379042933
151.93640674257412,700.79142227095303,-1005.95378875732,32.090000000000003,-0.072415282742103196
151.94939233259126,701.22186092544234,-1004.00400161743,32.090000000000003,-0.072440774075179792
151.96238337912465,701.51651280316901,-1003.40056419373,32.539999999999999,-0.072493598692556116
151.97536744280868,701.13943893650185,-1004.29177284241,32.539999999999999,-0.072563664159589342
151.98834560708016,700.82087066075587,-1004.29177284241,32.140000000000001,-0.072451977886108715
152.00132364821116,700.81422107416734,-1004.33897972107,32.57,-0.072311418545066661
152.01430053243203,700.75174792743246,-1008.95881652832,32.549999999999997,-0.072158386723978993
152.02727333746046,700.53147153412158,-1009.1438293457001,32.549999999999997,-0.07206925294433196
152.04024586309134,700.51638406745997,-1008.92543792725,32.210000000000001,-0.072139095928257457
152.0532248324408,700.86434487168015,-1009.9091529846201,32.210000000000001,-0.072376734266697232
152.06620635568268,701.00225506043523,-1009.9091529846201,32.210000000000001,-0.072661266765546711
152.07918005064076,700.57952773700265,-1010.82587242126,32.210000000000001,-0.072827581315682191
152.09215049735434,700.40412253300826,-1010.32948493958,32.369999999999997,-0.072821081719268876
152.10512577763095,700.66513493736386,-1009.57989692688,32.229999999999997,-0.072832323817867722
152.11810257078884,700.74683052567991,-1008.56804847717,32.329999999999998,-0.072849018291689466
152.13107368701853,700.44027640370427,-1007.74788856506,32.329999999999998,-0.072914015294464521
152.14404543240866,700.4742510670311,-1008.70490074158,32.25,-0.072954663385614349
152.1570255193445,700.92469453497472,-1008.70490074158,32.25,-0.072960737678459217
152.1700087841605,701.09630006392536,-1009.34958457947,32.189999999999998,-0.072997314855437159
152.18298785181486,700.86965333570924,-1005.56635856628,32.189999999999998,-0.073012092874789145
152.19596446284817,700.73699579911863,-1005.56635856628,32.399999999999999,-0.072988372089126841
152.20894110078643,700.73844866631941,-1004.23121452332,32.399999999999999,-0.073050760353320171
152.22191315247784,700.4907913349416,-1006.47258758545,32.450000000000003,-0.073133037528705341
152.23488274754695,700.3581337323991,-1007.91907310486,32.450000000000003,-0.073236495048926528
152.2478498870297,700.22553206812916,-1010.22386550903,32.560000000000002,-0.073383429811624032
152.26081948934325,700.35852493207551,-1010.22386550903,32.560000000000002,-0.07348295508120635
152.27378752600001,700.27397946519068,-1010.38765907288,32.140000000000001,-0.07360673095599779
152.28675581514824,700.28761400419546,-1010.33425331116,32.140000000000001,-0.073706619441158944
152.29972014928029,700.07404313024995,-1009.31549072266,32.189999999999998,-0.073805905671243399
152.31268664511472,700.19077506040924,-1009.89007949829,32.189999999999998,-0.074014474326643334
152.32565043287164,700.0445388736224,-1011.0034942627,32.170000000000002,-0.074298621879550164
152.33860923184326,699.77514446701048,-1009.68527793884,32.170000000000002,-0.074510306327228021
152.35156710777036,699.72530006407681,-1009.86385345459,32.520000000000003,-0.074553932580268711
152.36453115526177,700.05856453535966,-1009.86385345459,32.520000000000003,-0.074461238044774489
152.37749435835437,700.01296700037904,-1009.91225242615,32.460000000000001,-0.074276168727314157
152.39045807470859,700.04068312840195,-1006.91914558411,32.460000000000001,-0.074092618499561683
152.40342560431228,700.2465985985715,-1006.00123405457,32.390000000000001,-0.073996616734254131
152.41639532252353,700.36478340692361,-1005.6791305542,32.390000000000001,-0.073904647595448555
152.4293649186271,700.35818959372773,-1005.6791305542,32.229999999999997,-0.073952534132072631
152.44233303910374,700.27850573871467,-1003.16524505615,32.229999999999997,-0.074004560915703774
152.45530195948155,700.32170040117182,-1003.16524505615,32.25,-0.074038695957457323
152.46827862949883,700.74018093359541,-1001.98864936829,32.32,-0.073944207073822002
152.48124984196551,700.44547320003596,-1001.52564048767,32.140000000000001,-0.073793969220510486
152.49421927560493,700.34941652919463,-1004.4238567352299,32.329999999999998,-0.073612448240892317
152.50719078092109,700.4612870728181,-1004.46677207947,32.119999999999997,-0.073537269813997136
152.52017003690989,700.87982339512234,-1004.46677207947,32.119999999999997,-0.073531951961784831
152.53314791557654,700.80544799864242,-1003.14807891846,32.159999999999997,-0.073688452441458788
152.54611904422475,700.44094700345602,-1002.71034240723,32.159999999999997,-0.073849350834594304
152.55908673629136,700.25537159715248,-1002.71034240723,32.189999999999998,-0.073970183729213212
152.57205762486549,700.42798300374682,-1002.6309490203899,32.189999999999998,-0.073935459885467708
152.58501904706173,699.91679859588839,-1001.29866600037,32.539999999999999,-0.073790435368695451
152.59797333739749,699.53167813126458,-1000.48804283142,32.539999999999999,-0.073602404445429037
152.61093311011857,699.82772693791935,-1000.48804283142,32.210000000000001,-0.073585566133489946
152.62389769674198,700.08767766375877,-999.22871589660599,32.460000000000001,-0.073659791507836372
152.63686308223339,700.13081653633526,-997.80988693237305,32.350000000000001,-0.073804637003348064
152.64982753950744,700.08069279927838,-998.53324890136696,32.350000000000001,-0.073859873745354354
152.66279403016793,700.19049566582999,-996.97089195251499,32.259999999999998,-0.07388202369984169
152.67576217030498,700.27956740074285,-994.46487426757801,32.259999999999998,-0.073840109009836397
152.68872670518894,700.08488373445459,-994.15636062622104,32.32,-0.073783189678884517
152.70168912803956,699.97083393399828,-994.77481842041004,32.32,-0.07365157103348445
152.71465778143826,700.30728352876588,-995.10979652404797,32.159999999999997,-0.073656437711140305
152.72763585464818,700.81595333594737,-995.10979652404797,32.409999999999997,-0.073723446370070958
152.74060830266913,700.51219313228387,-994.39740180969204,32.119999999999997,-0.073834283070069506
152.75357474779872,700.18803699792954,-992.81692504882801,32.119999999999997,-0.073807437178650945
152.76654499893334,700.39356126842279,-992.75445938110295,32.140000000000001,-0.073723879952241569
152.77951410764578,700.33187047157685,-992.01893806457497,32.140000000000001,-0.073572879449752993
152.79247992879013,700.15434179513386,-992.01893806457497,32.520000000000003,-0.073509618847041172
152.80544732179879,700.23922246846269,-992.65098571777298,32.210000000000001,-0.073464861552726426
152.81841779438142,700.40551946193625,-992.90847778320301,32.329999999999998,-0.073496525485369321
152.83139149554938,700.57986306985458,-991.97077751159702,32.329999999999998,-0.073572824605285844
152.84435836287773,700.21083572969599,-991.41764640808105,32.119999999999997,-0.073603565493633519
152.85732316370624,700.09924474003583,-990.19718170166004,32.119999999999997,-0.07355252798219894
152.87028553481733,699.96803999919803,-990.94986915588402,32.100000000000001,-0.073492690506270372
152.88325158982599,700.1669704674872,-991.37139320373501,32.100000000000001,-0.073426478644885634
152.89621233112214,699.88002999226535,-991.85776710510197,32.539999999999999,-0.073478753781085857
152.90917123357414,699.78073240805873,-992.196083068848,32.539999999999999,-0.073630778739117775
152.92213340289874,699.95714352816867,-992.08855628967297,32.5,-0.073850611224701698
152.93509200629259,699.7645832683769,-992.08855628967297,32.5,-0.073953973542524601
152.94804441949501,699.43031293044226,-991.53900146484398,32.259999999999998,-0.073925500941910888
152.96099085464195,699.10749793513548,-992.00296401977505,32.259999999999998,-0.073797340607862166
152.97394660611977,699.6105798012685,-992.00296401977505,32.310000000000002,-0.073647148286659039
152.98690999133703,700.02280173243616,-990.98825454711903,32.310000000000002,-0.073584385422943765
152.99987631229013,700.18133146757248,-991.44911766052201,32.399999999999999,-0.073698063691052501
153.01284504330005,700.31147453539006,-989.00985717773403,32.399999999999999,-0.073814906386954676
153.02581530788774,700.39428773499901,-988.48152160644497,32.509999999999998,-0.073883242698566678
153.03877631512844,699.89439099784659,-989.42017555236805,32.509999999999998,-0.073816257839345048
153.05172707781981,699.34118533420065,-988.28434944152798,32.100000000000001,-0.073614724807737328
153.06467286414571,699.07246159878832,-987.65516281127896,32.100000000000001,-0.073502763277655467
153.07762102741361,699.20081646655331,-988.76714706420898,32.579999999999998,-0.073525612759471892
153.09056927553453,699.20539852995807,-988.76714706420898,32.210000000000001,-0.073705959236375948
153.10351469760988,699.05279206872183,-989.837646484375,32.259999999999998,-0.073972746936806125
153.11645902796792,698.99383933435558,-988.95454406738304,32.259999999999998,-0.074228971368952221
153.12940033773589,698.8307274698625,-988.95454406738304,32.159999999999997,-0.074355273196812594
153.14233960169872,698.72025399256722,-989.84742164611805,32.159999999999997,-0.074345502587689336
153.15527455777772,698.48762826652228,-989.84742164611805,32.119999999999997,-0.074197984196668232
153.16821156690497,698.59849287204611,-989.64524269104004,32.119999999999997,-0.074114125841957174
153.18115912584815,699.16818293128176,-989.96472358703602,32.479999999999997,-0.074168473689054867
153.1941081469667,699.24714040215838,-991.302490234375,32.119999999999997,-0.074383791328720458
153.20705348522341,699.04826586114984,-991.86968803405796,32.539999999999999,-0.07469265618229616
153.22000038189131,699.13242006790222,-993.05200576782204,32.539999999999999,-0.074995954830276268
153.23295055888644,699.30955773702863,-993.06845664978005,32.390000000000001,-0.075154006481327917
153.24589607202347,699.05770939902652,-993.06845664978005,32.390000000000001,-0.075182587736406889
153.25884131300751,699.04301313753751,-994.36306953430199,32.189999999999998,-0.075091119441429877
153.2717876312222,699.10118359346279,-993.22271347045898,32.189999999999998,-0.075031322323127106
153.28473993266672,699.42427800533267,-993.53957176208496,32.399999999999999,-0.075086473176722346
153.29769269666784,699.44925605988431,-993.53957176208496,32.399999999999999,-0.075254236451805886
153.31064113933206,699.21590386726302,-997.35474586486805,32.5,-0.075317933742029247
153.32358737993582,699.09699260332661,-997.35474586486805,32.5,-0.07531513977384599
153.33654027328771,699.45624100130851,-997.15757369995094,32.159999999999997,-0.075150522299599232
153.34949595957156,699.60705932844417,-995.83148956298805,32.560000000000002,-0.074987356654420134
153.36245129505804,699.5881162704502,-993.63756179809604,32.170000000000002,-0.074856278176005403
153.37541429636426,700.00207053484564,-994.59338188171398,32.170000000000002,-0.074842081716242473
153.38838098881112,700.20139213136338,-997.24411964416504,32.25,-0.074892680470006065
153.40134055974559,699.81683046139403,-999.72367286682095,32.25,-0.074997932339589693
153.41428930146796,699.23205300694474,-999.77636337280296,32.280000000000001,-0.0750487690987892
153.42723912869874,699.29067046341925,-998.49367141723599,32.280000000000001,-0.075032462675640371
153.44019002695066,699.34850560298082,-997.70879745483398,32.159999999999997,-0.074938521202614614
153.45314446629749,699.53972472922123,-997.70879745483398,32.159999999999997,-0.074881564618461863
153.46609949030866,699.5712966024646,-997.15042114257801,32.100000000000001,-0.074907838263566132
153.47905775532101,699.7463106672385,-999.47190284729004,32.100000000000001,-0.075150588526889911
153.49202527250739,700.24592806477187,-998.89993667602505,32.159999999999997,-0.075383396405286116
153.50499004125555,700.09751240131209,-998.89993667602505,32.159999999999997,-0.075511531903528314
153.51795224990249,699.95926693466504,-997.04027175903298,32.549999999999997,-0.075514228600375197
153.53092016341733,700.26732980165809,-996.32191658019997,32.549999999999997,-0.075445684293311027
153.54389441613583,700.6096467980052,-996.21224403381302,32.469999999999999,-0.075288260769748983
153.5568740032617,700.89770479658409,-997.09105491638195,32.469999999999999,-0.075157126411583813
153.56985177844825,700.79986007408206,-997.852563858032,32.329999999999998,-0.075046392158218442
153.5828314690543,700.90329272664042,-998.27933311462402,32.329999999999998,-0.075056009615237118
153.59581246661611,700.97386833815642,-998.27933311462402,32.259999999999998,-0.075034747520069778
153.60879107895803,700.84506646434636,-999.18580055236805,32.259999999999998,-0.074962485166974083
153.62176798284077,700.75280966640469,-999.30739402770996,32.359999999999999,-0.074792625382607142
153.63474881793954,700.96509533407948,-1002.90083885193,32.359999999999999,-0.074639353487552573
153.64773004212356,700.9861059372414,-1001.71065330505,32.5,-0.07460733772144193
153.66070556868269,700.67843419298083,-1001.71065330505,32.5,-0.074708093371656778
153.67367906806425,700.56896660432119,-1002.42924690247,32.07,-0.074812353899189721
153.68665717438645,700.81774139859988,-1002.42924690247,32.07,-0.074939913012325443
153.69963777458523,700.95241073444549,-1003.16190719604,32.509999999999998,-0.075024703724199393
153.71261593264808,700.82053539385606,-1003.90815734863,32.140000000000001,-0.075082493324019214
153.72559779427166,701.02052767256544,-1003.98063659668,32.560000000000002,-0.075145662865567606
153.73857849174075,700.95766333165,-1000.37455558777,32.159999999999997,-0.075230467029712075
153.75156391929383,701.21308786640543,-998.92902374267601,32.5,-0.0753982882527717
153.76454286277283,700.862947865808,-999.95923042297397,32.5,-0.075535569339718708
153.77751640251111,700.57114586665034,-999.95923042297397,32.380000000000003,-0.075556721745035749
153.79049581372104,700.88820533692274,-1000.7386207580601,32.380000000000003,-0.07549783111392562
153.80347827863335,701.05310526406834,-1000.86617469788,32.189999999999998,-0.075410729687244937
153.81646071146784,701.05137306274446,-1000.86617469788,32.189999999999998,-0.075377827095774466
153.82944472237654,701.13658906892499,-1000.20742416382,32.420000000000002,-0.075445911950392464
153.842434301558,701.43727580031305,-998.99888038635197,32.420000000000002,-0.075588380502992492
153.85542225609996,701.34954526490355,-999.84049797058105,32.530000000000001,-0.075730314063904
153.86840409702722,701.01941007226458,-999.84049797058105,32.530000000000001,-0.075788936681222885
153.88138367173579,700.89703426278436,-1001.48034095764,32.170000000000002,-0.075725767140794042
153.89436244654198,700.85383953437531,-1002.9742717742899,32.5,-0.075590383882886802
153.90734308606179,700.954534069494,-1003.52025032043,32.229999999999997,-0.075502546710654109
153.92031934733211,700.71810859695734,-1003.51023674011,32.229999999999997,-0.075500017653058485
153.93328838360861,700.32795893097989,-1003.3633708953899,32.280000000000001,-0.075598473971493677
153.94625549825554,700.22419093457768,-1002.70318984985,32.280000000000001,-0.075747982288510138
153.95922283228035,700.23603733948198,-1002.70318984985,32.140000000000001,-0.075835767719275721
153.97218142325681,699.76391272908108,-1000.71215629578,32.460000000000001,-0.075782962763732226
153.98513824679017,699.66847080215894,-999.54462051391602,32.119999999999997,-0.075700730086088158
153.99810556218895,700.23503153328636,-1001.32298469543,32.119999999999997,-0.075597640954808837
154.01107146094199,700.15853266435818,-1001.26481056213,32.159999999999997,-0.075515011945955918
154.02403385171482,699.96910173267429,-1001.26481056213,32.159999999999997,-0.075598105580821598
154.03699534013833,699.92037486958554,-1000.1945495605499,32.210000000000001,-0.075873835011261034
154.04995982949131,700.08242506105819,-998.98099899292004,32.210000000000001,-0.076207383018154551
154.06292162835558,699.93713867074655,-998.98099899292004,32.280000000000001,-0.076526841148573194
154.07587563308527,699.51625540319924,-998.34680557250999,32.280000000000001,-0.076655360559205007
154.08883207891603,699.64807486047607,-996.88196182250999,32.32,-0.076707531180953512
154.10179523026787,700.01017299962689,-998.20566177368198,32.140000000000001,-0.076700022650816144
154.11475634098895,699.89997893889483,-998.20566177368198,32.350000000000001,-0.076713188447916095
154.12771111871606,699.55799726440762,-999.02129173278797,32.119999999999997,-0.076778443116026107
154.14067017018027,699.78877906647119,-1000.6856918335,32.490000000000002,-0.07698124378116189
154.15363255474324,699.96876639982247,-1000.33092498779,32.490000000000002,-0.077182264584183702
154.16659702443459,700.081363333078,-998.52895736694302,32.100000000000001,-0.077362320282463676
154.17955375690374,699.66355333445415,-998.52895736694302,32.560000000000002,-0.077341603528662456
154.19251343856303,699.82280960211881,-998.31461906433105,32.530000000000001,-0.077263486260997605
154.20547693450382,700.02878080171308,-998.12245368957497,32.530000000000001,-0.077106370072755101
154.21843291984692,699.62320852858193,-998.12245368957497,32.210000000000001,-0.07699748294183853
154.2313775616802,699.01065899684511,-998.77023696899403,32.210000000000001,-0.076920922017082408
154.24432145742099,698.97037000283751,-997.87974357605003,32.460000000000001,-0.076911592234873566
154.25726890046548,699.16192440147381,-994.41289901733398,32.240000000000002,-0.076953167509416137
154.27021750559385,699.2246769317959,-994.55213546752896,32.329999999999998,-0.077065223206816566
154.28316654637413,699.24820213563464,-994.193553924561,32.329999999999998,-0.077084172515999957
154.29612021893209,699.49831812941682,-994.193553924561,32.140000000000001,-0.077078333123962534
154.30908108337036,699.88667966678986,-994.37284469604504,32.140000000000001,-0.077047247646280237
154.32204286981724,699.93646813145074,-993.36457252502396,32.119999999999997,-0.077064777206132029
154.33500637196798,700.02911614006098,-993.36457252502396,32.119999999999997,-0.077090057439840418
154.34797249837902,700.17082619621954,-992.09737777709995,32.539999999999999,-0.077073454029014096
154.36093985827409,700.23743433436209,-993.35718154907204,32.140000000000001,-0.077004104644987623
154.37390857686549,700.31080393563843,-994.54879760742199,32.560000000000002,-0.077020100627374216
154.38686649211607,699.72742353102922,-993.58582496643101,32.560000000000002,-0.077117997118009041
154.3998235557234,699.68143479637195,-991.81151390075695,32.420000000000002,-0.077290311456317859
154.41278349711607,699.83683520340026,-991.57619476318405,32.420000000000002,-0.077367100036018085
154.42573485068144,699.37309252930379,-991.57619476318405,32.240000000000002,-0.07728937185430941
154.43868173493337,699.13174960555057,-993.74508857727005,32.240000000000002,-0.077108519359297759
154.4516332054308,699.37940685998433,-993.74508857727005,32.350000000000001,-0.076953794600706463
154.46459027524574,699.6817700083119,-993.80636215209995,32.350000000000001,-0.076853368016683854
154.47754589012968,699.60320373161562,-993.80636215209995,32.380000000000003,-0.076786187580625748
154.49049699016788,699.35940206301825,-993.57485771179199,32.380000000000003,-0.076754641615722888
154.50345100110621,699.51659067009905,-993.38769912719704,32.479999999999997,-0.076821979342168875
154.51640731137653,699.64075459719186,-989.88556861877396,32.479999999999997,-0.076858004968523727
154.529360509995,699.47272539689823,-990.92292785644497,32.100000000000001,-0.076796119618929071
154.54231459129991,699.52039046605489,-990.92292785644497,32.100000000000001,-0.076671330671824939
154.55526838803456,699.50502367076581,-992.28000640869095,32.140000000000001,-0.076581628785470035
154.56822588005062,699.70456886648617,-991.91665649414097,32.140000000000001,-0.076562928863528321
154.58117772100744,699.39941166794256,-992.00606346130405,32.159999999999997,-0.076582666693283896
154.59412389641858,699.09347220195002,-993.13640594482399,32.159999999999997,-0.076616687907514511
154.60707740651236,699.48954506488383,-993.763208389282,32.469999999999999,-0.076688553930317344
154.62003877800373,699.91406053340881,-992.85244941711403,32.469999999999999,-0.076675326045634914
154.6329990122469,699.85264913114213,-992.85244941711403,32.399999999999999,-0.076620727777844261
154.64596346227651,700.08030159960197,-994.63391304016102,32.399999999999999,-0.07661644576247216
154.65893617624204,700.52655413786511,-994.63391304016102,32.280000000000001,-0.0766611637339355
154.6719094355482,700.55600253316391,-993.91007423400902,32.280000000000001,-0.076782283269200516
154.68487880399633,700.34589619926612,-992.625951766968,32.280000000000001,-0.07696380114327421
154.69784137689393,699.97893647022738,-992.61879920959495,32.280000000000001,-0.076966526813803796
154.71080361761969,699.960999190949,-992.70462989807095,32.369999999999997,-0.076837911166609985
154.72376566483703,699.95054973695676,-994.08102035522495,32.369999999999997,-0.076629976844903275
154.73671859026794,699.45797326858451,-993.77799034118596,32.380000000000003,-0.076411495812829286
154.74967102830615,699.43165406399362,-993.77799034118596,32.380000000000003,-0.076279531543014867
154.76262629239139,699.5842606021738,-994.82655525207497,32.119999999999997,-0.076220549850334218
154.77558596163217,699.82213900236707,-996.14715576171898,32.119999999999997,-0.076271166197094314
154.78854013399999,699.52530786231137,-996.22368812561001,32.140000000000001,-0.076353249864988218
154.80149452781481,699.53726600086497,-996.22368812561001,32.140000000000001,-0.076410996002757317
154.81445608143218,699.92389533691414,-996.13761901855503,32.57,-0.076395603311137816
154.8274196994802,700.035374592925,-998.28934669494595,32.159999999999997,-0.076310945054150578
154.84037499047037,699.58571346937458,-998.81219863891602,32.539999999999999,-0.076254337198328206
154.8533315346061,699.65338333000113,-998.81219863891602,32.539999999999999,-0.076284226444052153
154.8662921910481,699.87544786840454,-997.91049957275402,32.159999999999997,-0.076421157766978401
154.87925120939758,699.78699087191467,-998.37064743042004,32.539999999999999,-0.07663389978257272
154.89220499268026,699.50429726464563,-998.37064743042004,32.57,-0.076761862470236197
154.905161718942,699.66321813350646,-997.42507934570301,32.57,-0.076848008774005147
154.9181264162888,700.0936567275395,-996.35100364685104,32.189999999999998,-0.076884207211651179
154.93108460369268,699.74211980900634,-996.81520462036099,32.189999999999998,-0.076881793017675989
154.94403967944328,699.57409053176877,-996.81520462036099,32.189999999999998,-0.076935024311256983
154.95699723044197,699.70775392951475,-997.61605262756302,32.189999999999998,-0.07703465202584403
154.96995770475931,699.86561313634729,-998.99935722351097,32.210000000000001,-0.077229823089186384
154.98292383117035,700.17082619621954,-999.00460243225098,32.210000000000001,-0.07745704924128724
154.99588435826178,699.86846293797225,-999.00460243225098,32.329999999999998,-0.077575997759747578
155.00884422204564,699.83264432867998,-999.94969367981003,32.329999999999998,-0.0775880842565317
155.02181023773218,700.16484707198276,-999.94969367981003,32.25,-0.077530047338102953
155.03477174478274,699.92138073074113,-1001.5504360199,32.25,-0.077461215356636068
155.0477243132062,699.43869486674669,-1001.5504360199,32.259999999999998,-0.077473466388144743
155.06067987014072,699.60007446396378,-1002.01177597046,32.259999999999998,-0.077577637922638151
155.07364148170623,699.92702453861421,-1003.04484367371,32.25,-0.077742933192119973
155.08660206571233,699.87153632780746,-1004.7469139099099,32.25,-0.077975429594267107
155.09955919451238,699.6849552032445,-1002.69103050232,32.399999999999999,-0.078146468020343904
155.11251673309388,699.70708340121109,-1002.69103050232,32.399999999999999,-0.078316658942792716
155.12547666206913,699.83616466410444,-1001.4560222625699,32.450000000000003,-0.078409444540061032
155.13843679179755,699.84700533426121,-1001.07383728027,32.450000000000003,-0.078406625737496155
155.15139661625807,699.83052086722364,-1001.07383728027,32.119999999999997,-0.078327896900970931
155.16435802707289,699.91618400036123,-1000.88572502136,32.119999999999997,-0.078252849893780965
155.1773272516827,700.33812892993683,-1001.8627643585201,32.119999999999997,-0.078264658028622924
155.19029864730993,700.45536387036589,-1001.00994110107,32.119999999999997,-0.07833865160790994
155.20326170035557,700.00486446414982,-1001.00994110107,32.189999999999998,-0.07838217438045908
155.2162249427704,700.01509040137944,-1002.16126441956,32.189999999999998,-0.078412978392283172
155.22919676680502,700.47849786903203,-1002.75731086731,32.549999999999997,-0.078378938552011918
155.24216311983704,700.18306372935251,-1002.5086402893101,32.549999999999997,-0.07831671275085704
155.25512640778399,700.01754913523166,-1003.6313533783,32.450000000000003,-0.078275226469862902
155.26809473625434,700.28973739970002,-1003.7703514099099,32.450000000000003,-0.078230566448309433
155.28106363697162,700.32063873364757,-1004.83369827271,32.469999999999999,-0.078250935507536867
155.2940284512519,700.0999711351642,-1006.13117218018,32.469999999999999,-0.078344164001879005
155.30698359840488,699.57794626050111,-1004.32848930359,32.229999999999997,-0.0784374483758698
155.3199418903223,699.74776353993525,-1004.32848930359,32.229999999999997,-0.078565980204201316
155.3329026502457,699.88103586441275,-1002.34460830688,32.189999999999998,-0.0786347863155962
155.34586179898022,699.79403166367558,-1002.1595954895,32.189999999999998,-0.078635177471202924
155.358821975274,699.84951986349017,-1002.16507911682,32.259999999999998,-0.078506592867851249
155.3717880944408,700.17043500753505,-1003.12209129333,32.259999999999998,-0.078281943375715604
155.38476075666668,700.523760197569,-1003.12209129333,32.280000000000001,-0.078131311262575998
155.39773015098396,700.3472931336903,-999.52578544616699,32.280000000000001,-0.078110934958808345
155.41069790100008,700.25850087030051,-999.52578544616699,32.229999999999997,-0.078171476100043977
155.42367111581106,700.55359979254422,-998.38113784790005,32.229999999999997,-0.078290455663974898
155.43665066361487,700.89558140657562,-999.36318397521995,32.189999999999998,-0.078317280858786253
155.44962954914439,700.85981859266008,-997.61652946472202,32.189999999999998,-0.078258702738292468
155.46261050014084,700.97135380892757,-996.30117416381802,32.350000000000001,-0.078208476511754041
155.4755956162185,701.19626819292375,-996.30117416381802,32.350000000000001,-0.078129055392439972
155.48858569520993,701.46426553870378,-998.83580207824696,32.369999999999997,-0.078064236374827997
155.50156814667048,701.05237886893985,-1002.0153522491501,32.369999999999997,-0.078015259156489436
155.51454805251612,700.91491566424611,-1002.84337997437,32.439999999999998,-0.078016458492974491
155.52752989447774,701.01946592809725,-1001.55973434448,32.439999999999998,-0.078120595878590174
155.54051163192472,701.01382213671229,-1000.02980232239,32.119999999999997,-0.078253378677637417
155.55348571596906,700.60053839512454,-1000.3867149353,32.119999999999997,-0.07832109203797262
155.56645527275063,700.35606620371925,-1000.82397460938,32.090000000000003,-0.078339770228532751
155.57942134017779,700.16764106723895,-1000.82397460938,32.090000000000003,-0.078268625462710351
155.59238761042593,700.17859339959693,-1000.78892707825,32.119999999999997,-0.078155857821909577
155.60535567191729,700.27532053279003,-997.78199195861805,32.119999999999997,-0.078007414316230275
155.61832370857414,700.27397947068653,-997.78199195861805,32.469999999999999,-0.077863220745983425
155.63129766326793,700.59355346469204,-998.01397323608398,32.469999999999999,-0.077733075659811274
155.6442753473913,700.79494266133747,-999.55797195434604,32.469999999999999,-0.077609845126182408
155.65724507284688,700.36517460110394,-1000.05078315735,32.469999999999999,-0.07750572947174475
155.67021329680259,700.28409360831506,-998.47435951232899,32.490000000000002,-0.077455432878512781
155.68318221097164,700.32136512877582,-996.38462066650402,32.490000000000002,-0.07736131859256741
155.69614632262096,700.06202906441558,-996.51050567626896,32.079999999999998,-0.077344041523975116
155.70910639439998,699.84387606660925,-999.50456619262695,32.079999999999998,-0.077231864754918625
155.72206933775689,699.99894127268965,-999.50456619262695,32.100000000000001,-0.077179221228860534
155.73503751721597,700.28169079075133,-997.92695045471203,32.100000000000001,-0.077223930920907471
155.74800481295424,700.23396986576233,-997.92695045471203,32.119999999999997,-0.077262476293109839
155.76096329320617,699.7579336048442,-996.33145332336403,32.119999999999997,-0.077313244756080576
155.7739168881543,699.49412719973645,-996.69480323791504,32.469999999999999,-0.077304645545246506
155.78686952694446,699.44249466819838,-997.90096282958996,32.469999999999999,-0.077197441003377304
155.79982510353949,699.60113613148803,-998.46744537353504,32.530000000000001,-0.077093174266383846
155.81277503425059,699.29625839897164,-997.10202217102005,32.530000000000001,-0.076986111493592121
155.82572390635798,699.23909379870577,-997.10202217102005,32.530000000000001,-0.07699181636088874
155.83868418509755,699.85505193771382,-998.06141853332497,32.530000000000001,-0.077082604790471257
155.85164013836174,699.62147626680201,-997.42722511291504,32.140000000000001,-0.077185077178712952
155.86458622995312,699.08894593392199,-997.62082099914505,32.140000000000001,-0.077263773936112778
155.87753082004696,699.00786506754093,-997.62082099914505,32.159999999999997,-0.077270142112922643
155.89047556018645,699.01596753232218,-997.90120124816895,32.159999999999997,-0.077212622595425051
155.90341869534691,698.92929866443694,-997.77364730834995,32.140000000000001,-0.077194401786846334
155.91635564652589,698.5953636648502,-997.05529212951706,32.140000000000001,-0.077094895143813569
155.92929533165309,698.74299686850111,-997.05529212951706,32.539999999999999,-0.077149080526040803
155.94224102691609,699.06754420253162,-997.28417396545399,32.539999999999999,-0.077180777571972808
155.95518904117282,699.19276986310081,-997.05576896667503,32.520000000000003,-0.077211859946756861
155.96813570397666,699.11979140654091,-997.69616127014206,32.520000000000003,-0.077190042163599135
155.98108889535055,699.47233419172585,-998.90732765197697,32.450000000000003,-0.077123874797512829
155.99404999365436,699.89930840509521,-998.90732765197697,32.450000000000003,-0.077042815586281829
156.00700890231479,699.78106766396638,-998.15726280212402,32.229999999999997,-0.077038691896682665
156.01996074948028,699.3997469348426,-997.33781814575195,32.229999999999997,-0.077022309932255936
156.03291454621481,699.50502366527007,-997.47776985168503,32.240000000000002,-0.077107119269763422
156.04586795179384,699.48390126800291,-997.47776985168503,32.240000000000002,-0.077159686220786991
156.05881293304319,699.0289874648081,-997.97320365905796,32.210000000000001,-0.077163595706084137
156.07175616547406,698.93455126713729,-999.74060058593705,32.210000000000001,-0.077118817715976409
156.08470192489503,699.07100873158754,-1000.16021728516,32.280000000000001,-0.077054773766971438
156.09765480582971,699.45557047300485,-1000.16021728516,32.280000000000001,-0.077006233235635518
156.11060699654942,699.418298864608,-1000.05173683167,32.25,-0.077059680802253089
156.1235549911444,699.19170812962443,-1000.18572807312,32.329999999999998,-0.077071800414260108
156.13650188781355,699.13242013385423,-999.75061416625999,32.25,-0.077107883989507034
156.14945567833823,699.50468833241814,-999.85146522521995,32.299999999999997,-0.077028150359169517
156.16240428967657,699.22501227014379,-1001.28412246704,32.240000000000002,-0.076865788756483672
156.1753504195556,699.0910134680978,-1001.0287761688199,32.240000000000002,-0.076708070312553778
156.18830395655559,699.49099799803639,-1002.01606750488,32.280000000000001,-0.076562536673554338
156.20126358647289,699.82001553541477,-1002.01606750488,32.280000000000001,-0.076460982154921711
156.21422228713828,699.76983593153318,-1003.56125831604,32.280000000000001,-0.076418009897203501
156.22717455029508,699.4222104656609,-1003.68165969849,32.280000000000001,-0.07630280219001466
156.2401294635815,699.56531746723579,-1003.48663330078,32.25,-0.076200219077453599
156.25308353246913,699.51971993225504,-1003.29113006592,32.25,-0.076021019162014439
156.26603469770006,699.36292246989069,-1002.82692909241,32.189999999999998,-0.075771189811931705
156.27898761588642,699.45758206341202,-1002.54154205322,32.189999999999998,-0.07562084640837631
156.29194935162843,699.93373006897127,-1002.54154205322,32.189999999999998,-0.07551083651641631
156.30491879044317,700.34969599522185,-1003.2794475555399,32.189999999999998,-0.075532833321038176
156.31788733415311,700.30136033730571,-1004.2827129364,32.299999999999997,-0.075553935021087384
156.33085621520866,700.31957700017131,-1004.31537628174,32.299999999999997,-0.075483256950622954
156.3438275321902,700.45111700241296,-1004.31537628174,32.32,-0.075366567406112903
156.35680505281493,700.78611373547596,-1003.64875793457,32.32,-0.075089952183866673
156.3697754084655,700.3992051312556,-1004.30870056152,32.299999999999997,-0.074857469234498958
156.38274202226791,700.19714532936246,-1007.51447677612,32.299999999999997,-0.074733394301870579
156.39570729082715,700.12450220015842,-1008.55684280396,32.240000000000002,-0.07477443872209194
156.40867481422106,700.24626327121575,-1008.55684280396,32.240000000000002,-0.074993255031040013
156.42163543134075,699.87332446190817,-1009.07588005066,32.25,-0.075220755404662387
156.43459510058153,699.82213900236707,-1010.0414752960201,32.25,-0.075266677885464914
156.44756312378519,700.27325299861434,-1012.09592819214,32.170000000000002,-0.075190867193203934
156.46053131669748,700.28241726282374,-1012.09592819214,32.170000000000002,-0.07497340440741633
156.47350264609639,700.45178754170865,-1011.64603233337,32.229999999999997,-0.074802747823264362
156.48647755591361,700.64513012940563,-1011.01684570313,32.229999999999997,-0.074763830957593425
156.49945837135064,700.96403360060333,-1011.50441169739,32.210000000000001,-0.074796198555645149
156.51243914746547,700.96191019960281,-1010.9531879425,32.210000000000001,-0.07491192676930962
156.52541646009504,700.77488199754657,-1008.61692428589,32.210000000000001,-0.074833838475938136
156.53839297489128,700.73179899729098,-1008.24928283691,32.210000000000001,-0.074589409761137843
156.55137632352594,701.10082627149757,-1008.33106040955,32.549999999999997,-0.074345193181905037
156.56436407007294,701.33831353796631,-1008.64315032959,32.549999999999997,-0.074142254888824866
156.57734806131981,701.13552732995277,-1008.64315032959,32.539999999999999,-0.074060032557703284
156.59032681749872,700.85283366222779,-1010.25795936584,32.539999999999999,-0.074079779700631856
156.6033057092383,700.86015393650393,-1010.25795936584,32.520000000000003,-0.074146768699154583
156.61627970946296,700.59601213259236,-1010.41603088379,32.520000000000003,-0.074240968872900354
156.62924396495063,700.06979633374499,-1011.54541969299,32.189999999999998,-0.074230457345574513
156.64220870782955,700.09611546139183,-1012.52222061157,32.189999999999998,-0.074128735189522621
156.65517782275063,700.33220573847655,-1012.52222061157,32.210000000000001,-0.073991403397511327
156.6681471518753,700.34377273231371,-1014.25933837891,32.210000000000001,-0.073935590269278983
156.68111713085682,700.37886500143759,-1015.79022407532,32.590000000000003,-0.074059799726749947
156.69408771933826,700.41177799724028,-1012.39967346191,32.159999999999997,-0.074285117702168987
156.70705967996665,700.48587393318894,-1012.39967346191,32.57,-0.074448608275562336
156.72002976967286,700.3848441366664,-1012.46190071106,32.57,-0.074511070011891917
156.73298906120991,699.8017430002285,-1013.59415054321,32.560000000000002,-0.074437591764801483
156.74594715858515,699.73725826308635,-1011.34037971497,32.560000000000002,-0.074350849415111012
156.75890995810363,699.99117399786439,-1010.7102394104,32.590000000000003,-0.074281214424602143
156.77187270691857,699.98843600683279,-1010.7102394104,32.590000000000003,-0.074204068837562254
156.78483422742102,699.92210713136558,-1011.60335540771,32.090000000000003,-0.074166514806901659
156.79779888544689,700.09153339798706,-1010.74051856995,32.090000000000003,-0.074196638953738389
156.81077577587664,700.75208320532442,-1009.5796585083,32.159999999999997,-0.074178478163600514
156.82375260214809,700.7486186597805,-1009.5796585083,32.159999999999997,-0.074101998988056139
156.83672805109751,700.67424326879654,-1009.33623313904,32.170000000000002,-0.074012072549451843
156.84970442309134,700.72408766623425,-1009.05132293701,32.170000000000002,-0.074012336424247316
156.86268410748883,700.90295746523657,-1009.0594291687,32.539999999999999,-0.0741461674777327
156.87566142736176,700.77527313676717,-1011.00420951843,32.539999999999999,-0.074346449432609568
156.88862960682104,700.28169080174325,-1011.00420951843,32.530000000000001,-0.074544045038994047
156.90159801911119,700.29426366772805,-1011.76309585571,32.530000000000001,-0.074738520714104834
156.91457054474319,700.51638412791613,-1010.79916954041,32.549999999999997,-0.074860247680048703
156.92753559909752,700.1129351348734,-1009.60063934326,32.549999999999997,-0.074896551668447511
156.94049832825064,699.98737426786045,-1009.0470314025901,32.140000000000001,-0.074801281508576678
156.95346180453089,700.02771913418883,-1011.54470443726,32.140000000000001,-0.074810442617879433
156.9664313147469,700.35355166349825,-1008.69464874268,32.159999999999997,-0.074940218279826443
156.97939455095309,700.01475513447963,-1006.06274604797,32.159999999999997,-0.07515659141908107
156.99235369968761,699.79403166367558,-1006.0741901397701,32.159999999999997,-0.075273155751514415
157.00531367419507,699.83862340345274,-1007.70473480225,32.159999999999997,-0.075190386009986843
157.01828006654944,700.18518713584888,-1008.84509086609,32.549999999999997,-0.074990484863379989
157.03124265289992,699.97966292581179,-1008.84509086609,32.549999999999997,-0.074832459083825228
157.04420310134699,699.8642161414673,-1007.13109970093,32.549999999999997,-0.074845716977982535
157.05716783077403,700.09538906076739,-1005.80143928528,32.549999999999997,-0.075009352423962283
157.0701409990173,700.55108513690743,-1005.80143928528,32.560000000000002,-0.075196514112219143
157.08310900980371,700.27258246481449,-1006.41226768494,32.560000000000002,-0.075256813109531986
157.096073856163,700.10170340244008,-1006.0122013092,32.140000000000001,-0.075238929646969016
157.10904312009629,700.34025239688924,-1002.95662879944,32.140000000000001,-0.075103842343287985
157.12201606171857,700.53884760377446,-1002.95662879944,32.170000000000002,-0.074902946750510874
157.1349876912098,700.46799252623111,-1002.2292137146,32.170000000000002,-0.074788413733725051
157.14795888401605,700.44441153800778,-1003.20601463318,32.159999999999997,-0.074792969972043558
157.16093179355931,700.53711533649857,-1003.3860206604,32.159999999999997,-0.074952631775289588
157.17390994437906,700.8201442656275,-1003.3860206604,32.590000000000003,-0.075101357780990807
157.18688196295685,700.48900320084101,-1002.84004211426,32.590000000000003,-0.075054855809740875
157.19985031108885,700.2907991276802,-1002.21180915833,32.5,-0.074962522419767849
157.21281378116055,700.02738387278498,-1002.76708602905,32.5,-0.07481795321746379
157.22578094651357,700.22692906300904,-1002.76708602905,32.210000000000001,-0.074714211126450575
157.23874499400486,700.0585645298637,-1000.49757957458,32.450000000000003,-0.07471137059280944
157.2517086327494,700.03649220421778,-1000.49757957458,32.229999999999997,-0.074824713584247651
157.26467585708517,700.23011413153392,-1000.70905685425,32.229999999999997,-0.07504163827300582
157.27764926540374,700.56404920256853,-999.12643432617199,32.25,-0.075238511586719459
157.29062036818146,700.43954999758387,-997.47991561889603,32.25,-0.075191093815307433
157.30358791744575,700.24766027159171,-997.49636650085404,32.259999999999998,-0.075021602420696581
157.31655792850609,700.38059725772155,-997.07221984863304,32.259999999999998,-0.074824397969002837
157.32953029891735,700.50800220809958,-995.89848518371605,32.280000000000001,-0.074799789323206328
157.34249915306796,700.31812413297052,-995.89848518371605,32.280000000000001,-0.074878114585916228
157.35546535812347,700.17507299822034,-994.73476409912098,32.240000000000002,-0.074923196807427456
157.36843844151363,700.5465030680067,-996.45471572875999,32.240000000000002,-0.074917489869564299
157.38141391633332,700.67564026367666,-996.45471572875999,32.189999999999998,-0.074800431935196379
157.39438197885923,700.27537639961474,-996.909141540527,32.189999999999998,-0.074565152947180649
157.40734531233707,700.0200078031321,-995.60594558715798,32.259999999999998,-0.074392619232021007
157.42030665692349,699.91260766620826,-995.73540687561001,32.259999999999998,-0.074288001697351946
157.43326913875808,699.97401906847483,-996.787548065186,32.329999999999998,-0.074382837239972438
157.44622494921975,699.6137649302492,-996.787548065186,32.329999999999998,-0.074514922582664248
157.45917684812466,699.40254086414666,-997.09367752075195,32.390000000000001,-0.074601270671610639
157.47213476958396,699.72775880342499,-995.51486968994095,32.390000000000001,-0.074596243599956188
157.48509330778521,699.76106286700031,-995.37491798400902,32.140000000000001,-0.074579930968059288
157.4980444212753,699.3601284636427,-995.32938003540005,32.140000000000001,-0.074513362099233107
157.51099309159636,699.22819733866834,-995.28670310974098,32.119999999999997,-0.074530599845279322
157.5239443013235,699.36532526547046,-995.29528617858898,32.119999999999997,-0.07458491043836192
157.53689342695816,699.25278427048738,-994.51613426208496,32.100000000000001,-0.074744592938113377
157.54983597124573,698.89739152978973,-994.51613426208496,32.100000000000001,-0.074863663563716612
157.56277685881486,698.8079287326002,-995.76830863952603,32.439999999999998,-0.074892648391796671
157.57571636181729,698.73316213094779,-996.84619903564396,32.439999999999998,-0.074835759070217875
157.58866173836051,699.05033333486961,-996.84619903564396,32.490000000000002,-0.074765045816406667
157.60160517257901,698.94544779862258,-997.18475341796898,32.490000000000002,-0.074785513181948413
157.61455043943332,699.0444101324174,-997.18475341796898,32.57,-0.074926836208163261
157.62750249459503,699.41097873322769,-996.82831764221203,32.57,-0.07502775742696105
157.64045688841111,699.53726606681687,-996.64330482482899,32.140000000000001,-0.075015766132066314
157.65340565600371,699.23345000182485,-997.34973907470703,32.140000000000001,-0.074790947967635246
157.66635681399009,699.36253126471831,-996.74081802368198,32.549999999999997,-0.074505320646039985
157.67931459264568,699.72004740092029,-994.02642250061001,32.170000000000002,-0.074318766386629972
157.69226780368277,699.47339600214593,-994.91572380065895,32.189999999999998,-0.074128650335682375
157.70521938490376,699.38538593475721,-994.91572380065895,32.189999999999998,-0.074087527269758202
157.71817037421857,699.3534229992373,-996.44994735717796,32.520000000000003,-0.074217976588453402
157.73112372909131,699.4811631285794,-994.36092376708996,32.520000000000003,-0.074385744001209592
157.74407528961726,699.38426840040836,-994.36092376708996,32.359999999999999,-0.074497569973201158
157.75701832750607,698.92404599578447,-993.05748939514206,32.359999999999999,-0.074400210546042733
157.76995637040133,698.65431634425659,-994.44985389709495,32.189999999999998,-0.07426608871230482
157.78290023302841,698.96858186324084,-997.18570709228504,32.189999999999998,-0.074261419681339549
157.79584312087158,698.91594353100311,-997.18570709228504,32.329999999999998,-0.074429281262432076
157.80878675066793,698.95600900275224,-998.02327156066895,32.329999999999998,-0.07462797582984565
157.82173390707166,699.14644580108768,-997.96605110168503,32.119999999999997,-0.074859868941632796
157.83469059401116,699.66109473250594,-997.66302108764603,32.460000000000001,-0.075030214050146357
157.84764962684818,699.78777319981964,-997.26128578186001,32.469999999999999,-0.075143980276113131
157.86060543006553,699.61337373606875,-997.81751632690396,32.469999999999999,-0.075181594325418113
157.87356353985805,699.73792879688597,-997.81751632690396,32.140000000000001,-0.075140378127967533
157.88652316977527,699.82001552991881,-1000.98419189453,32.140000000000001,-0.07516865928921386
157.89948018164318,699.67864086706788,-999.76992607116699,32.170000000000002,-0.075273028471110282
157.91243196361603,699.39622653346601,-999.76992607116699,32.170000000000002,-0.075369737006964033
157.92537994475805,699.19098166854417,-999.0234375,32.229999999999997,-0.075338676363968682
157.93833429304331,699.53480740441262,-1001.5754699707001,32.229999999999997,-0.07520577249428316
157.95128803803709,699.50222966451781,-1001.86610221863,32.409999999999997,-0.07511970690505336
157.9642421648729,699.52284913395511,-1000.9803771972699,32.409999999999997,-0.075120859674859222
157.97720371745558,699.92383946459347,-1000.9803771972699,32.240000000000002,-0.075236558914535651
157.99017305382469,700.34416393199024,-1000.83446502686,32.240000000000002,-0.075398263418593639
158.0031443832234,700.45178753071673,-1001.94072723389,32.210000000000001,-0.075491385327306856
158.0161111336198,700.2045214045113,-1003.19170951843,32.210000000000001,-0.075500216334726991
158.02907499277777,700.04839453090676,-1003.92436981201,32.329999999999998,-0.075444716752699592
158.04204124957292,700.17786693851656,-1004.1778087616,32.329999999999998,-0.075337467714819514
158.05500656366289,700.12696085706693,-1002.9945373535199,32.399999999999999,-0.075320051981778213
158.06796974709508,700.01190533835086,-1002.9945373535199,32.399999999999999,-0.075465629083947952
158.08093324200118,700.0287249293923,-1003.09252738953,32.119999999999997,-0.075720398583110346
158.09390586490503,700.52163680756053,-1002.92706489563,32.5,-0.075932579735926362
158.10687694181115,700.4381529312559,-1002.79211997986,32.119999999999997,-0.075919334258043869
158.11984449107666,700.24766033754372,-1004.57525253296,32.119999999999997,-0.07576886978456264
158.13281662658639,700.4953175260257,-1004.9018859863299,32.140000000000001,-0.07557052084024031
158.14579386884949,700.77108220708692,-1002.81310081482,32.140000000000001,-0.075449195379377207
158.15877076652345,700.75247439400891,-1002.81310081482,32.189999999999998,-0.075415786769392021
158.17175271196547,701.02505386914549,-1003.38292121887,32.189999999999998,-0.075446015431392913
158.18473826886921,701.22007280233368,-1005.05375862122,32.57,-0.075563926043158938
158.19773296722096,701.71371099319015,-1004.55188751221,32.57,-0.075669688068929916
158.21072184377283,701.39933380101252,-1003.4511089325,32.530000000000001,-0.075612383790814044
158.22370699192959,701.19800046569571,-1006.5498352050799,32.530000000000001,-0.075364183220493014
158.23669070481481,701.12049580156383,-1006.5498352050799,32.469999999999999,-0.075072134948696162
158.24967793809884,701.31059733849531,-1009.29999351501,32.469999999999999,-0.07493263731375209
158.26266378785178,701.23588665862758,-1009.39249992371,32.210000000000001,-0.075043464699763418
158.27564240743703,700.84545760356684,-1009.39249992371,32.210000000000001,-0.075191486005993874
158.28862412522219,701.01276039774018,-1009.32359695435,32.259999999999998,-0.075309748450108099
158.30160869492471,701.16676393629621,-1010.79368591309,32.259999999999998,-0.075373530594578797
158.31458751526168,700.85629819677956,-1010.79368591309,32.240000000000002,-0.075321676623561956
158.32756354887411,700.70581507059205,-1007.60364532471,32.240000000000002,-0.075212050641956005
158.34054356440868,700.9208388666982,-1008.6808204650901,32.210000000000001,-0.075051672755601428
158.35352580269998,701.04086773093559,-1009.50622558594,32.210000000000001,-0.07503642907495342
158.36650854080128,701.0678574693261,-1009.50622558594,32.189999999999998,-0.075152275256256146
158.37948430122592,700.69106293128618,-1008.03279876709,32.189999999999998,-0.075277488470831239
158.39246064010624,700.72229953762962,-1006.10136985779,32.140000000000001,-0.075334045622199988
158.40543936938022,700.8513807950269,-1005.3572654724099,32.140000000000001,-0.075332978740194526
158.41841005616666,700.41708646676534,-1005.59139251709,32.380000000000003,-0.075303585164529022
158.43137741709754,700.2374902671387,-1005.7590007781999,32.380000000000003,-0.075344039747475139
158.44435060500243,700.5521468648875,-1006.18577003479,32.43,-0.075391327133345662
158.45732955572475,700.86333900502859,-1007.30872154236,32.43,-0.075508917991685354
158.4703066676025,700.76404139883789,-1006.93869590759,32.5,-0.075644451296458026
158.48327700359135,700.39814339777945,-1006.93869590759,32.5,-0.075701878716287599
158.49624634616922,700.34449920438612,-1005.47003746033,32.119999999999997,-0.07570659638317552
158.50921201830127,700.14629513122532,-1006.38937950134,32.119999999999997,-0.075597673033120025
158.52217075725434,699.77190346570899,-1006.38937950134,32.119999999999997,-0.075505788748256447
158.53512849762225,699.71797986674449,-1006.71434402466,32.119999999999997,-0.07552061333418586
158.54809044653337,699.94524120147969,-1007.20810890198,32.170000000000002,-0.075543250681350801
158.56105235612216,699.94311779498332,-1004.59337234497,32.170000000000002,-0.075470295010081193
158.57401042038393,699.73547013448172,-1004.59337234497,32.539999999999999,-0.0752893069548419
158.58697190880744,699.92037486958554,-1005.6293010711699,32.539999999999999,-0.07501685991840927
158.59993235725562,699.86421620192323,-1006.33406639099,32.43,-0.074792658496506931
158.61289021352101,699.72423833060054,-1001.9690990448,32.43,-0.074722019747876137
158.62584370395427,699.48848339735957,-1001.63865089417,32.280000000000001,-0.074730666561181561
158.63880037226662,699.66008886585439,-1001.63865089417,32.280000000000001,-0.074855479308605394
158.65175742862962,699.68104360219138,-1002.03013420105,32.280000000000001,-0.074974896592481355
158.66471588301107,699.75653659897227,-999.01294708251896,32.280000000000001,-0.075067297244010567
158.67767003675306,699.52430206710767,-998.23999404907204,32.420000000000002,-0.075054479141993286
158.69062267657779,699.44255053502297,-998.23999404907204,32.420000000000002,-0.074962530698777119
158.70358344270986,699.88137113131279,-1000.23317337036,32.100000000000001,-0.074887677199790864
158.71654804899509,700.08873940273088,-1001.63006782532,32.479999999999997,-0.074935686878026889
158.72951355245434,700.1371867997924,-1000.77676773071,32.119999999999997,-0.075022144657230685
158.7424800555321,700.19116619962961,-1000.2605915069601,32.119999999999997,-0.075232899851051027
158.75545180092223,700.4742510670311,-999.84836578369095,32.189999999999998,-0.075445460776141351
158.76842384537042,700.49040020121708,-997.04575538635197,32.189999999999998,-0.075580117602382008
158.78138867931233,700.1010328631445,-998.18587303161598,32.229999999999997,-0.075605137066228734
158.79435094073469,699.96211680773786,-998.79813194274902,32.229999999999997,-0.075547033921628856
158.80730656803456,699.6038741939675,-998.79813194274902,32.439999999999998,-0.075432256691473257
158.8202623391729,699.61164146879287,-996.58632278442406,32.439999999999998,-0.075382918325883272
158.83321433638523,699.40784946557574,-997.25890159606899,32.25,-0.075319077198153228
158.84616448130001,699.30782539830466,-997.25890159606899,32.25,-0.075274925263950784
158.85911187157038,699.15907459984896,-996.88005447387695,32.140000000000001,-0.075236400589271613
158.87205812562721,699.09771906990306,-996.88005447387695,32.140000000000001,-0.075256586489158714
158.88500072165556,698.90018553054176,-996.72484397888195,32.439999999999998,-0.075279065511568502
158.89794361674072,698.91633459877573,-994.856357574463,32.439999999999998,-0.075370659015670652
158.91089737311856,699.50284440294092,-993.21889877319302,32.119999999999997,-0.075458277844503804
158.92385234538895,699.56850260171257,-994.78435516357399,32.560000000000002,-0.075498748984857811
158.93680697927897,699.55023006103011,-994.78435516357399,32.539999999999999,-0.075510970005975633
158.94977157935557,700.08840413583107,-996.595859527588,32.539999999999999,-0.075519913807467434
158.96273513324573,700.03191006936493,-996.21820449829102,32.189999999999998,-0.075558740645629785
158.9756964581704,699.911545932732,-993.95012855529797,32.189999999999998,-0.075711846971287203
158.98865435996791,699.72669706445276,-992.62714385986305,32.25,-0.075835294813846571
159.00161300268391,699.76670666388122,-992.62714385986305,32.25,-0.075969458039781113
159.01457247634693,699.8115778037336,-991.713047027588,32.189999999999998,-0.075976963464781111
159.02753062546293,699.74005226383849,-993.20387840270996,32.350000000000001,-0.075893457978922843
159.04048779979377,699.68741386564886,-993.76511573791504,32.119999999999997,-0.075698336586786388
159.05345145716413,700.03749799942125,-993.76511573791504,32.119999999999997,-0.075521349078007657
159.06642062382596,700.33499973922892,-994.69614028930698,32.100000000000001,-0.075317684353871567
159.07938650395309,700.15752686365852,-996.90937995910599,32.100000000000001,-0.075231097224002438
159.09234751740243,699.8947262647464,-996.90937995910599,32.119999999999997,-0.075215415821373838
159.1053077061149,699.85019047423384,-995.60189247131302,32.119999999999997,-0.075289015140832777
159.11826873922467,699.89578792677469,-994.02570724487305,32.549999999999997,-0.075264384762636888
159.13122397123087,699.5825283348978,-996.10209465026901,32.549999999999997,-0.0751292633098746
159.14417299235066,699.24714046811039,-996.10209465026901,32.5,-0.074872847439582432
159.1571270477852,699.5189934656787,-997.13397026062,32.5,-0.074724395655097406
159.17008513791734,699.7368671348579,-997.48277664184604,32.32,-0.074650805650338131
159.18303857764442,699.48574526343202,-995.88561058044399,32.32,-0.074709190262424646
159.1959890857753,699.32743906704252,-995.88561058044399,32.259999999999998,-0.074729606923207445
159.20894115438898,699.4117051393481,-995.27597427368198,32.259999999999998,-0.074731635136872712
159.22189420296047,699.46462286066912,-996.13213539123501,32.32,-0.074758028817433764
159.23484439961601,699.31061939905692,-997.04313278198197,32.32,-0.074741588905030965
159.24779570144074,699.37029853404761,-997.04313278198197,32.399999999999999,-0.074705718498599222
159.26075068612843,699.56917313551219,-998.46863746643101,32.399999999999999,-0.074716613937296894
159.27371271989381,699.94982333083635,-999.89867210388195,32.090000000000003,-0.074693822404779661
159.28667136881978,699.76704200222912,-996.58989906311001,32.090000000000003,-0.074735371809657336
159.29962741314566,699.62639359710658,-995.95046043395996,32.119999999999997,-0.074760570294561082
159.312583248442,699.61510600334464,-995.95046043395996,32.119999999999997,-0.074674415712902412
159.32553900716169,699.61097086354516,-995.70751190185501,32.119999999999997,-0.074608468760680433
159.3384867089074,699.17589426783456,-999.79996681213402,32.119999999999997,-0.074585342986368833
159.35143252731234,699.07419386606421,-998.04830551147495,32.57,-0.074580282801323491
159.36438332208272,699.34291760147664,-998.624086380005,32.57,-0.074696036882617292
159.37732907529514,699.07067347018369,-1000.49662590027,32.609999999999999,-0.07474916573210956
159.39027346463706,698.99702446333606,-999.77922439575195,32.609999999999999,-0.074723146649034886
159.40321977664198,699.10084826610694,-999.77922439575195,32.509999999999998,-0.074643813486866412
159.41617120160859,699.37694819758008,-1001.30128860474,32.509999999999998,-0.074587782017473639
159.42913149483451,699.8558341996669,-1002.17866897583,32.240000000000002,-0.074601722880432583
159.44209079982465,699.80246946680484,-1001.32036209106,32.240000000000002,-0.074707295537504478
159.45505141694562,699.87332453335603,-1002.8979778289799,32.240000000000002,-0.074862124812583045
159.46801579557399,700.07644593132557,-1002.70581245422,32.240000000000002,-0.075077544897965823
159.48097938878641,700.03403347036533,-1001.57427787781,32.390000000000001,-0.07524457035733792
159.49393538654692,699.62387906787774,-1000.03242492676,32.390000000000001,-0.075260250725802808
159.50689202795439,699.65863600414957,-999.96781349182095,32.119999999999997,-0.075212620819332193
159.51985671909256,700.0933214606398,-999.96781349182095,32.119999999999997,-0.075075559110457338
159.53282681500735,700.38517939807025,-999.34506416320801,32.450000000000003,-0.074951026795236894
159.54579850244818,700.47112180487522,-997.29299545288097,32.119999999999997,-0.074913916695101404
159.55877236608029,700.58863613438746,-998.25429916381802,32.119999999999997,-0.074964059103286421
159.57174781502962,700.67424326330058,-999.57203865051304,32.119999999999997,-0.074966585056558885
159.5847209511951,700.54935293558344,-999.03178215026901,32.57,-0.074957997228039475
159.59768881814327,700.26481520098116,-998.48318099975597,32.57,-0.074950007514176131
159.61065349582955,700.09259506001536,-998.48318099975597,32.579999999999998,-0.074921980913534497
159.62362122721984,700.25749507509693,-998.83675575256302,32.579999999999998,-0.074901198967725874
159.6365909071433,700.36271586725172,-1001.55091285706,32.549999999999997,-0.074934752451213463
159.64955102445299,699.84633472351754,-1003.08847427368,32.549999999999997,-0.07500509524388782
159.66250704911857,699.62533194057426,-1003.08847427368,32.210000000000001,-0.075183998172463712
159.67546511958886,699.73580539588556,-1003.37624549866,32.210000000000001,-0.075263106781873895
159.68841976693085,699.55095646715051,-1003.05223464966,32.189999999999998,-0.07530057078380456
159.70137012605065,699.31939246908576,-1003.98850440979,32.189999999999998,-0.075301392417564089
159.71432179729996,699.3902474641892,-1001.81365013123,32.189999999999998,-0.075390111240877605
159.72728071941239,699.7817940700869,-1001.9569396972699,32.189999999999998,-0.075519859997367558
159.74024526050491,700.08521899585844,-1001.9569396972699,32.460000000000001,-0.075662017074736299
159.75320678100866,699.92210720281344,-1004.28795814514,32.460000000000001,-0.075669976779633677
159.76617036076911,700.03330706424515,-1002.29835510254,32.350000000000001,-0.075670105095117526
159.77913673449754,700.18418133514922,-1002.29835510254,32.350000000000001,-0.075590046536463965
159.79210647857906,700.3661804018036,-999.90105628967297,32.280000000000001,-0.075513106874920369
159.80507257290984,700.16909386299164,-1002.02131271362,32.280000000000001,-0.075549612648801931
159.81804087551114,700.28834047077191,-1002.02131271362,32.280000000000001,-0.075679270343110699
159.83101194620986,700.43781773030787,-999.45044517517101,32.280000000000001,-0.075935832120763644
159.8439816975347,700.3665715410242,-999.45044517517101,32.350000000000001,-0.076215633501676011
159.85694922713827,700.24659859307553,-999.47977066040005,32.350000000000001,-0.07631023621415739
159.86992131090858,700.49252359672141,-1000.7770061492899,32.399999999999999,-0.076309396988520919
159.88290048825178,700.87557653266549,-1001.76668167114,32.399999999999999,-0.07625320615766483
159.89588325946664,701.06964560342669,-1002.3510456085201,32.090000000000003,-0.076267664423590453
159.90887112915559,701.34496320149879,-1001.89471244812,32.090000000000003,-0.076437424868497139
159.92186094841225,701.4502398604784,-1000.03862380981,32.079999999999998,-0.07668088397211946
159.93485383999885,701.61614567625941,-1000.03862380981,32.079999999999998,-0.076857258875736773
159.94783982013703,701.24292746138065,-999.495029449463,32.119999999999997,-0.076963941876864866
159.9608107801111,700.43183860057513,-999.76563453674305,32.119999999999997,-0.076857372704073931
159.97377988158033,700.33147933785233,-999.76563453674305,32.549999999999997,-0.076634532047226075
159.98674881437532,700.32237092947548,-997.95341491699196,32.549999999999997,-0.076288224921269285
159.99971739637405,700.30342793193745,-998.39997291564896,32.57,-0.075998647760007962
160.01268289879761,700.13713087251176,-998.67081642150902,32.57,-0.075824259676536179
160.02565437203455,700.45955479455017,-997.90334701538097,32.560000000000002,-0.075836723876452947
160.03863172502105,700.77706127086776,-997.90334701538097,32.560000000000002,-0.075855570741038714
160.05161390329383,701.0376267296341,-997.59125709533703,32.170000000000002,-0.075910088294697323
160.06459377706054,700.91318340246619,-997.37739562988304,32.170000000000002,-0.075976215302547168
160.07757340247406,700.89977233075979,-996.49834632873501,32.189999999999998,-0.076042596871001705
160.09055794009745,701.16503166352425,-997.81608581543003,32.189999999999998,-0.075997885109405999
160.10354023633707,701.04399693813161,-997.81608581543003,32.210000000000001,-0.075923690779003489
160.1165219675753,701.01348686431641,-1000.1220703125,32.210000000000001,-0.075876424089129493
160.12950189204696,700.91592147044162,-999.89509582519497,32.530000000000001,-0.075995491610918467
160.14247959583204,700.79600439481374,-999.89509582519497,32.530000000000001,-0.076127342051886829
160.15544668357404,700.22273806737701,-1000.2655982971201,32.170000000000002,-0.076212618085973613
160.16840594924193,699.80034606580443,-999.88007545471203,32.490000000000002,-0.076188567197818038
160.18136227917284,699.64181627021219,-999.88007545471203,32.439999999999998,-0.076162502582736769
160.19431348372726,699.36504593684322,-995.84841728210404,32.439999999999998,-0.076101221558174698
160.20726214059505,699.22747086110007,-995.84841728210404,32.189999999999998,-0.076016102814068676
160.2202141367728,699.40779359875103,-996.40250205993596,32.189999999999998,-0.075864250667735042
160.23317365700129,699.81409233845864,-997.68519401550304,32.25,-0.075776584239280298
160.2461403742852,700.20273333086664,-998.90923500061001,32.25,-0.075773228374053245
160.25909917946544,699.77547973391006,-998.71277809143101,32.259999999999998,-0.07588827568642928
160.27205459256174,699.59230720013034,-994.26865577697697,32.259999999999998,-0.075927595090632266
160.28501220254441,699.71093906399153,-994.57097053527798,32.259999999999998,-0.075914880467376322
160.29796462712966,699.43092760291336,-994.57097053527798,32.259999999999998,-0.075835373458633407
160.31090720453216,698.89917973533829,-996.36602401733398,32.310000000000002,-0.075711988740161121
160.32384828664314,698.81843399296122,-994.68612670898403,32.310000000000002,-0.075559029355010451
160.33679698283461,699.22959433904452,-994.68612670898403,32.259999999999998,-0.075440506139609662
160.34975038323947,699.48362186243162,-995.94354629516602,32.210000000000001,-0.075396424572406098
160.36270425654934,699.50915873362146,-997.70426750183105,32.329999999999998,-0.075411824509278275
160.37565753277781,699.47691633757063,-994.59886550903298,32.329999999999998,-0.075447665940805986
160.38861568189392,699.74005226933446,-994.59886550903298,32.409999999999997,-0.07554026424085776
160.4015740772914,699.75335146449561,-995.15748023986805,32.409999999999997,-0.075534118546341414
160.41452629491729,699.41975179776068,-996.48928642272904,32.119999999999997,-0.0754051189872669
160.42747657642596,699.31520146795765,-997.73740768432594,32.490000000000002,-0.075189945183988444
160.44042842359133,699.39974692934641,-997.73740768432594,32.119999999999997,-0.074962925993277821
160.45337864611724,699.31201639943288,-996.690273284912,32.119999999999997,-0.074889095914144527
160.46632078165806,698.87531920414369,-996.717929840088,32.119999999999997,-0.074897535765957937
160.47926235116171,698.844753197552,-996.78897857666004,32.119999999999997,-0.074956120094690909
160.4922024657333,698.76618686589586,-997.64418601989701,32.119999999999997,-0.075021463757265358
160.50514010505557,698.63252340219776,-998.10624122619595,32.119999999999997,-0.074978804008535058
160.51807456753335,698.46097380052765,-998.10624122619595,32.57,-0.074913186124337297
160.53101136245681,698.58692586721702,-996.99521064758301,32.57,-0.074808745541685387
160.54395655066543,699.04016326446458,-998.515844345093,32.530000000000001,-0.074647487036276383
160.55690634478273,699.28888233481473,-999.03273582458496,32.530000000000001,-0.074514555226664766
160.5698565611001,699.31168113802903,-999.03273582458496,32.57,-0.074407023688050328
160.58281034438144,699.50429719319754,-999.83739852905296,32.57,-0.074390985278387389
160.59577464540001,700.0722550016452,-999.93824958801304,32.170000000000002,-0.074444473203953865
160.60873378068155,699.79330520259532,-998.39043617248501,32.170000000000002,-0.07450168020941024
160.62168833696174,699.54603913134997,-997.34163284301803,32.159999999999997,-0.074529833056699385
160.63464391355677,699.60113613148803,-1000.02193450928,32.159999999999997,-0.074570154149679088
160.64759913211111,699.58180193427347,-1000.8072853088401,32.210000000000001,-0.074552114432011499
160.66055394191724,699.5597295316835,-1000.8072853088401,32.210000000000001,-0.074595021498129382
160.67350313791849,699.256584066443,-1000.43177604675,32.549999999999997,-0.074610437991391679
160.6864549333433,699.3969529395863,-998.01850318908703,32.549999999999997,-0.074638009277259776
160.69941238086292,699.70216605991459,-998.01850318908703,32.609999999999999,-0.074663269850865563
160.71237666842839,700.07152853506886,-999.49264526367199,32.609999999999999,-0.074675337721303692
160.72533819514069,699.92244246421728,-1001.7967224121099,32.530000000000001,-0.074645249794623683
160.73830211328141,700.05157959943142,-1000.6904602050799,32.530000000000001,-0.074625097008331032
160.75126952595181,700.24028420193883,-1000.6904602050799,32.140000000000001,-0.074619838139785191
160.76423077326658,699.90735499755579,-1001.06120109558,32.140000000000001,-0.074649401422520495
160.77719012378759,699.80492813470505,-1001.79362297058,32.509999999999998,-0.074662902495578526
160.79014893517783,699.77581507225796,-1002.28023529053,32.159999999999997,-0.074667985447797611
160.80311367184689,700.0957801285399,-1002.28023529053,32.159999999999997,-0.074682849354746422
160.81607660175192,699.99821487206532,-1004.71162796021,32.159999999999997,-0.07473471470990993
160.82903689394448,699.8557783987942,-1004.71162796021,32.57,-0.074746810521393717
160.84199942751863,699.97681300327497,-1004.92429733276,32.57,-0.074689985355521279
160.85496863971105,700.33745839064113,-1004.98270988464,32.579999999999998,-0.074593570702920095
160.8679357409062,700.22346453944931,-1004.98270988464,32.579999999999998,-0.074535026732220039
160.88090161379012,700.15713572993411,-1004.00590896606,32.159999999999997,-0.074473158973077436
160.8938678571333,700.17714053239638,-1003.96704673767,32.560000000000002,-0.074420881767226679
160.90684591171606,700.8149474692957,-1004.9374103546101,32.210000000000001,-0.074293830741950881
160.91982131513458,700.67178460089633,-1006.40439987183,32.210000000000001,-0.074123224864491646
160.9327969710445,700.68541913440515,-1008.26835632324,32.189999999999998,-0.073959325543512866
160.94577758469504,700.95313712957397,-1009.63306427002,32.189999999999998,-0.073834246851948351
160.95875917312961,701.00577546730767,-1009.63306427002,32.159999999999997,-0.073756243411501096
160.97173554408897,700.72403180490562,-1009.80186462402,32.159999999999997,-0.073707220661868383
160.98470469212344,700.33399386158521,-1009.51600074768,32.5,-0.073665475679441789
160.99767107102593,700.18446073522443,-1010.70117950439,32.5,-0.073676785039902146
161.01063521682346,700.06387306534077,-1010.70117950439,32.490000000000002,-0.073684855467388649
161.0235938129741,699.76419213465226,-1010.54120063782,32.490000000000002,-0.07363834211402763
161.03655120875308,699.69937206465841,-1010.97416877747,32.210000000000001,-0.073637734684977224
161.04951303452228,699.93859153794722,-1011.41810417175,32.530000000000001,-0.073647089302178365
161.06248357229754,700.40903986331284,-1011.8260383606,32.170000000000002,-0.073788705178398056
161.07545032890246,700.20485666591514,-1011.8260383606,32.170000000000002,-0.073958894030382111
161.08841898230256,700.30728360570993,-1012.20107078552,32.189999999999998,-0.074025367697522465
161.10138764190989,700.3076187956658,-1012.60447502136,32.189999999999998,-0.074110287758840404
161.11435570443703,700.27537646556675,-1012.60447502136,32.189999999999998,-0.074173823619985466
161.12731755607663,699.93998853832341,-1012.21370697021,32.189999999999998,-0.074099804170626435
161.14027786172096,699.85650479392268,-1010.94889640808,32.57,-0.073938659495895495
161.15324275361115,700.10416207034052,-1011.95096969604,32.57,-0.073677578733023136
161.16621709118266,700.61422886140997,-1011.95096969604,32.560000000000002,-0.073521497348576673
161.17918906526424,700.48660040526124,-1011.13820075989,32.560000000000002,-0.073450475724264441
161.19216179785693,700.52756000451666,-1009.59372520447,32.579999999999998,-0.073373087992894659
161.20513905978032,700.77214386361925,-1008.13364982605,32.579999999999998,-0.073392598165263459
161.21811645105439,700.77912879954749,-1008.13364982605,32.189999999999998,-0.073420451953290805
161.23108804122469,700.4658691966788,-1009.11498069763,32.189999999999998,-0.07344275609455532
161.24405740242838,700.34550499958959,-1009.1700553894,32.159999999999997,-0.073449168767376075
161.2570324229691,700.65110919868232,-1011.06357574463,32.159999999999997,-0.073386725658104918
161.2700072675938,700.64160973352512,-1012.21966743469,32.189999999999998,-0.073395185171751157
161.28298061175431,700.56058466801676,-1012.81714439392,32.189999999999998,-0.073501050678319024
161.29595261067161,700.48794153331676,-1012.81714439392,32.490000000000002,-0.073652258142604954
161.30892685718021,700.6093114651535,-1011.48986816406,32.490000000000002,-0.073861033759089784
161.32190052005927,700.57779546972677,-1011.93571090698,32.469999999999999,-0.074003092530144213
161.33486638673463,700.15680046853026,-1010.58888435364,32.469999999999999,-0.074085974030561955
161.34783181775805,700.13327526469152,-1010.58888435364,32.520000000000003,-0.074082673010005595
161.36080285534317,700.43602959620739,-1007.53927230835,32.520000000000003,-0.073999902234110751
161.37377467316912,700.47816260213222,-1007.53927230835,32.189999999999998,-0.073858400186024659
161.38674985513953,700.65982640188679,-1006.68573379517,32.189999999999998,-0.073715568416420893
161.39972889071487,700.86792106843336,-1005.5403709411599,32.159999999999997,-0.07363576648883681
161.4127139219396,701.19168613501506,-1004.58693504333,32.159999999999997,-0.07362465684644777
161.42569494433701,700.97520946071586,-1002.3033618927,32.119999999999997,-0.073611130937888569
161.43867505817781,700.92614740217527,-1000.86450576782,32.119999999999997,-0.073603234356772962
161.45165066855682,700.68296046650494,-999.96638298034702,32.57,-0.073584547887814225
161.46462541590986,700.63635706487264,-1000.8065700531,32.57,-0.073527866560771607
161.47759813608391,700.52688939926895,-1000.8065700531,32.549999999999997,-0.073483407289824734
161.49056397688878,700.15540346265811,-1002.14910507202,32.549999999999997,-0.073448413361721449
161.50353012916918,700.17222314163564,-1003.52835655212,32.579999999999998,-0.073504171644061755
161.51650429185923,700.60478526307736,-1002.6690959930399,32.579999999999998,-0.073666008603210001
161.52947863667407,700.61462000063057,-1001.2550354003901,32.140000000000001,-0.073846886969006098
161.54245128544696,700.52303373648863,-1001.2550354003901,32.140000000000001,-0.07403663049089651
161.55542164730497,700.39954033220351,-1001.6040802002,32.159999999999997,-0.074100956940839402
161.56839407566542,700.51113146475961,-1001.33466720581,32.159999999999997,-0.074070371273330854
161.58136235239627,700.28694346489988,-1001.33466720581,32.119999999999997,-0.073984336729164532
161.59432411918274,699.93540646942245,-1002.36845016479,32.119999999999997,-0.073884919078662417
161.60728220931364,699.73686706890578,-1002.32911109924,32.520000000000003,-0.073948205551548005
161.62024427619261,699.95161146493695,-999.653100967407,32.520000000000003,-0.074115548696629688
161.63320222972965,699.7294909992529,-998.07929992675804,32.520000000000003,-0.074333260869557216
161.64615768835804,699.59476593398267,-997.98226356506302,32.520000000000003,-0.074490307727000105
161.65911281688398,699.57694039934552,-997.98226356506302,32.539999999999999,-0.074496653137857569
161.67207626005063,700.02593100008824,-994.87829208374001,32.539999999999999,-0.074405785029629842
161.68504240612228,700.17188786923987,-994.87829208374001,32.07,-0.074376293147242922
161.69801513974821,700.52761579989328,-996.50645256042503,32.07,-0.074348108221133691
161.71099319329753,700.81489166292715,-997.11823463439896,32.119999999999997,-0.074429849370463055
161.72397999196423,701.28712800148128,-996.00291252136196,32.119999999999997,-0.074550510487140301
161.73696475000006,701.17693393525326,-995.95332145690895,32.140000000000001,-0.074621018850026033
161.74994147900122,700.74336606257611,-995.35417556762695,32.140000000000001,-0.074632703844172046
161.76291928523091,700.80153640308538,-992.98691749572697,32.460000000000001,-0.074557204626837029
161.77589782720614,700.84126666289455,-993.40867996215798,32.460000000000001,-0.074411111159121204
161.78887109893091,700.55667313841161,-993.40867996215798,32.409999999999997,-0.074350104356894889
161.80183909626422,700.27185599823815,-994.75860595703102,32.409999999999997,-0.074383567811143664
161.81480725606301,700.28062913421911,-993.54743957519497,32.310000000000002,-0.074550633628854002
161.82777277193955,700.13785733359225,-993.83616447448696,32.310000000000002,-0.074752271175524104
161.840727730758,699.56777619559193,-993.83616447448696,32.210000000000001,-0.074862969211989649
161.85367510860985,699.15840400009733,-992.97046661376896,32.210000000000001,-0.074855277521799518
161.86662431185439,699.25697520566348,-991.60313606262196,32.329999999999998,-0.074769112591277456
161.8795826493037,699.75022226279555,-994.334936141968,32.189999999999998,-0.074656794054670156
161.89254077772341,699.73893466353752,-994.334936141968,32.159999999999997,-0.074644849325233298
161.9055019412186,699.90282874051968,-992.80261993408203,32.159999999999997,-0.074710957705515807
161.91846567723465,700.04174486737418,-992.47503280639603,32.380000000000003,-0.074846777650629262
161.93142280603462,699.68495519774842,-992.20848083496105,32.380000000000003,-0.074934919054570795
161.94436884485179,699.08609612680118,-992.32029914856003,32.399999999999999,-0.07486612535975605
161.95730487298647,698.54551927290845,-992.32029914856003,32.399999999999999,-0.074738035392400884
161.97024498134817,698.76585153304404,-991.53661727905296,32.140000000000001,-0.074581503867052798
161.98318943484816,699.00048899788806,-992.32149124145496,32.460000000000001,-0.074484470404104344
161.99613315570738,698.96092639900883,-992.32149124145496,32.100000000000001,-0.074496339593281072
162.00908242931854,699.26077500161932,-993.94345283508301,32.100000000000001,-0.07449020838652208
162.02203365974074,699.36644279981931,-992.75159835815396,32.119999999999997,-0.074562225489743394
162.03498783210867,699.52530786780733,-991.43910408019997,32.119999999999997,-0.074624527865627455
162.04793534655562,699.16578013570222,-991.43910408019997,32.140000000000001,-0.074675897550630727
162.06087861830986,698.93667472859374,-989.69221115112305,32.140000000000001,-0.074693101147799215
162.07382475543335,699.09140466777421,-990.30160903930698,32.549999999999997,-0.07468970078533993
162.0867738148408,699.2492080022862,-991.84560775756802,32.549999999999997,-0.074713697863700967
162.09971802930002,698.98758079905156,-992.10619926452603,32.560000000000002,-0.074742070087942716
162.11266063153712,698.90052080293765,-992.10619926452603,32.560000000000002,-0.074748294427144119
162.12560954193339,699.2411613988337,-992.41518974304199,32.600000000000001,-0.074787649016322316
162.13855684217535,699.1542130649209,-993.75176429748501,32.600000000000001,-0.074736126181250029
162.15149961308512,698.90962912887449,-992.87748336792004,32.170000000000002,-0.074718044036000755
162.16444035785071,698.80021734108743,-991.87874794006302,32.170000000000002,-0.074743198023570517
162.17738737145191,699.13873446453488,-991.87874794006302,32.159999999999997,-0.074838407129819012
162.19033821796418,699.34571166268472,-990.70429801940895,32.159999999999997,-0.074898640936142222
162.2032825814357,698.9956274629601,-992.25497245788597,32.189999999999998,-0.074855245442674107
162.21622589251228,698.93879813509022,-992.25497245788597,32.189999999999998,-0.074729241637163837
162.22917740129756,699.38147440515229,-994.32206153869595,32.460000000000001,-0.074627528794488501
162.24212846925684,699.35766980123822,-991.51444435119595,32.460000000000001,-0.074602404815782938
162.25508526691974,699.66707379628679,-991.51444435119595,32.359999999999999,-0.074657860936675619
162.26804311697657,699.72390306919658,-991.44196510314896,32.359999999999999,-0.074700371672500654
162.2810089764086,700.15640932930967,-992.51627922058105,32.390000000000001,-0.074692972832518925
162.29397244544452,700.02732794000826,-992.76924133300804,32.390000000000001,-0.074607411191440848
162.30692947697284,699.67970252909595,-992.423534393311,32.25,-0.074361939396786786
162.31988347445932,699.5158642694746,-992.423534393311,32.25,-0.074101279800217343
162.33284553409499,699.95122032571658,-993.51310729980503,32.210000000000001,-0.073916827224878634
162.34580859438393,700.0052556033703,-994.64893341064396,32.210000000000001,-0.073856337822871002
162.35876797698398,699.80666040198093,-994.64893341064396,32.25,-0.07393835112386779
162.37172483363094,699.6702589362593,-994.48204040527298,32.25,-0.074086486257824741
162.38468856861243,700.04168900054958,-995.20969390869095,32.329999999999998,-0.074264717599302976
162.39764863418148,699.84354072826147,-995.34559249877896,32.329999999999998,-0.074411870703466249
162.41059883808146,699.31101059873333,-995.34559249877896,32.369999999999997,-0.074404322852411248
162.42354940519508,699.33062413556706,-998.68941307067905,32.369999999999997,-0.0743326813800258
162.43650717039878,699.71932100029608,-998.68941307067905,32.240000000000002,-0.074355912704683058
162.44946948977034,699.96524606439789,-999.66382980346702,32.359999999999999,-0.07453935013927987
162.46243396670491,700.08175446680264,-1000.09751319885,32.229999999999997,-0.074830724753819647
162.47539701354199,700.00452920274597,-999.35698509216297,32.229999999999997,-0.075155873265914871
162.48836186610995,700.10203866934012,-998.71683120727505,32.259999999999998,-0.075355506397814506
162.50132692046421,700.11293512937743,-997.506141662598,32.259999999999998,-0.07549658417608876
162.51429376192348,700.209438800768,-996.57750129699696,32.210000000000001,-0.07547072134842403
162.5272594526827,700.14730099787687,-996.57750129699696,32.210000000000001,-0.075437337573634689
162.54023061444317,700.44273506610853,-997.76482582092297,32.399999999999999,-0.075425518055053195
162.55320395860369,700.56058466801676,-1000.56719779968,32.399999999999999,-0.075451168748575326
162.56617339120999,700.34936073931408,-1000.56719779968,32.380000000000003,-0.075493192092944084
162.57914450019635,700.43988526448379,-1000.75173377991,32.380000000000003,-0.075555583462274797
162.59212221019018,700.79633966720951,-1000.37980079651,32.280000000000001,-0.075530027971150937
162.6050972886803,700.65423846633428,-999.66835975646995,32.280000000000001,-0.075434199017236345
162.61807236717033,700.65423846083854,-1002.13861465454,32.280000000000001,-0.075293610700272462
162.63105527394319,701.07696573480689,-1002.13861465454,32.280000000000001,-0.075292698003110406
162.64404285181729,701.32920520103744,-1002.84767150879,32.259999999999998,-0.0754668604991513
162.65702187394078,700.86719466780892,-1003.86500358582,32.25,-0.075763560209731171
162.6699984922173,700.73738693284326,-1004.92715835571,32.240000000000002,-0.07604075699126113
162.68297168633217,700.5524822032354,-1004.80890274048,32.240000000000002,-0.076269518791190163
162.6959440039679,700.5051523295308,-1003.88503074646,32.32,-0.076386008618850212
162.70891474352965,700.4199363343422,-1002.60996818542,32.32,-0.076413497121546395
162.72188598186671,700.44687020041215,-1002.76851654053,32.210000000000001,-0.076348864370651234
162.7348617816136,700.6931863322867,-1002.76851654053,32.210000000000001,-0.076327685059571812
162.74784293439626,700.98225026346893,-1003.63302230835,32.159999999999997,-0.076359803270178286
162.7608251468173,701.03947073605548,-1003.54290008545,32.159999999999997,-0.076431202598132061
162.77380035465796,700.66122339676679,-1003.54290008545,32.409999999999997,-0.076457878781870145
162.78677911704565,700.85316893462357,-999.50528144836403,32.409999999999997,-0.076475788113589127
162.79976248534194,701.10188799947775,-999.50528144836403,32.43,-0.076478019149954196
162.81274446286298,701.02678613642149,-999.29380416870094,32.43,-0.076497551053908153
162.82572457670375,700.92614740217527,-1000.53691864014,32.450000000000003,-0.076465766048693207
162.83870861348149,701.13798599785298,-1001.55019760132,32.450000000000003,-0.076449135731493825
162.85169388478027,701.20465013472426,-1002.96306610107,32.079999999999998,-0.076453269770261692
162.86467234190118,700.83668452804193,-1004.45795059204,32.079999999999998,-0.076447991240086582
162.87764603065062,700.57919247010284,-1006.26349449158,32.100000000000001,-0.076388155833503224
162.89062112155926,700.65490906608602,-1006.26349449158,32.100000000000001,-0.076330476958104521
162.90359777294938,700.73917506694386,-1006.95300102234,32.140000000000001,-0.076367062413379302
162.91656928447409,700.46162233422194,-1002.90656089783,32.140000000000001,-0.076434298728984273
162.92953454682348,700.1241668673066,-1002.90656089783,32.549999999999997,-0.07649872244944933
162.94249971811121,700.11924953700213,-1003.14497947693,32.549999999999997,-0.076525168907066107
162.95546104407157,699.91160186001264,-1004.36854362488,32.560000000000002,-0.076458251310520212
162.96841575557161,699.55442100170239,-1004.68969345093,32.560000000000002,-0.076368625999606934
162.98137091617656,699.57867266662151,-1004.35996055603,32.530000000000001,-0.076376596051433904
162.99433441108275,700.02872493488849,-1004.35996055603,32.530000000000001,-0.076447718051710994
163.00729733477905,699.99787959966943,-1003.78441810608,32.210000000000001,-0.07652396853590844
163.02025571775923,699.75268093069576,-1003.22031974792,32.210000000000001,-0.076641024400116928
163.03321567260619,699.83756173592849,-1003.22031974792,32.189999999999998,-0.076695698210101484
163.04618142234818,700.15048606640153,-1001.6462802887,32.189999999999998,-0.076725824426079864
163.05914747735682,700.1669704674872,-1000.47516822815,32.399999999999999,-0.076698085499840959
163.07211433123328,700.21010932907166,-1000.60963630676,32.240000000000002,-0.076642982247292199
163.08508526533822,700.43044166615107,-999.300718307495,32.280000000000001,-0.076661026105176874
163.09805949839506,700.60858507002501,-998.78215789794899,32.280000000000001,-0.076707766080946732
163.11103070568765,700.44519379996075,-998.78215789794899,32.299999999999997,-0.076770507213585748
163.12399063466302,699.83616466960052,-998.29840660095203,32.299999999999997,-0.076759860125930487
163.13694834812597,699.71652699954382,-998.42739105224598,32.380000000000003,-0.076717996140887715
163.14990546347408,699.68422879712409,-999.91226196289097,32.380000000000003,-0.07662683518397824
163.16286597711357,699.86773653185185,-999.91226196289097,32.210000000000001,-0.076477716987387021
163.17582436630249,699.75301620309176,-1001.06120109558,32.210000000000001,-0.076282804624459355
163.18878600994697,699.92875680039401,-1000.04267692566,32.189999999999998,-0.076163566359910187
163.20175552740739,700.35394286317478,-998.61192703247104,32.189999999999998,-0.076124034822277059
163.21472153067538,700.16417647223102,-998.01731109619095,32.259999999999998,-0.076186265795370064
163.22767741874688,699.61795585992945,-996.60539627075195,32.259999999999998,-0.076194460399751779
163.24063353343954,699.63019340405424,-995.24307250976597,32.259999999999998,-0.076196008464465448
163.25358742744561,699.51027632842636,-995.24307250976597,32.259999999999998,-0.076157198183507427
163.26654147667162,699.51865820427486,-994.52018737793003,32.210000000000001,-0.076143521194631525
163.27949459664569,699.46847860039327,-994.66323852539097,32.210000000000001,-0.076150540262542518
163.29245068650235,699.62885225951095,-994.66323852539097,32.189999999999998,-0.076237139808381121
163.3054083026951,699.71127440783539,-994.89855766296398,32.189999999999998,-0.07635284215207537
163.31836425492341,699.62142032852933,-993.73483657836903,32.280000000000001,-0.076555141972364793
163.33131702513327,699.44959133228008,-992.31290817260697,32.280000000000001,-0.076699442126205011
163.34427334782097,699.64142513648756,-992.08593368530296,32.369999999999997,-0.07678074244790753
163.35723874055674,700.13120773051571,-992.08593368530296,32.369999999999997,-0.076772373996646048
163.37020340479137,700.09186867038295,-993.07870864868198,32.119999999999997,-0.076682224042296951
163.38316371767903,699.85689593314305,-992.82789230346702,32.539999999999999,-0.07664480350099212
163.39612773205681,700.05677640125919,-992.72894859313999,32.119999999999997,-0.076710074725695812
163.40909592496919,700.28241726831959,-992.72894859313999,32.119999999999997,-0.076823194201083897
163.42205964028895,700.04062726707321,-992.38634109497104,32.159999999999997,-0.076952455565914013
163.4350157560161,699.63024926538287,-992.36392974853504,32.159999999999997,-0.077041930829045868
163.44797470399877,699.7831910649669,-992.36392974853504,32.210000000000001,-0.077044803441710621
163.46093618517895,699.91998373036517,-991.68014526367199,32.210000000000001,-0.076983237844931648
163.47389398970492,699.72144440129648,-991.60790443420399,32.329999999999998,-0.07690332726379831
163.48684468720498,699.33766500427203,-992.80190467834495,32.329999999999998,-0.076822847540877384
163.49980055561474,699.6168941264533,-992.80190467834495,32.280000000000001,-0.076896568966664983
163.5127595418852,699.78525860463867,-992.97761917114303,32.159999999999997,-0.077011881188101997
163.52571440343209,699.56252353243565,-992.97761917114303,32.119999999999997,-0.077121140849093509
163.53866725125309,699.4537823334083,-991.80102348327603,32.119999999999997,-0.077173401498045274
163.55162518512839,699.72842926577687,-990.83042144775402,32.530000000000001,-0.077266622748254299
163.56458833648145,700.01017306557878,-990.59462547302201,32.530000000000001,-0.077432871072422194
163.57755103976416,699.98597726748449,-990.88525772094704,32.549999999999997,-0.077555085429109896
163.59051040891103,699.80593392990875,-994.65608596801803,32.549999999999997,-0.077578328134962252
163.60347374238896,700.02000780862807,-994.65608596801803,32.450000000000003,-0.077647863783975313
163.61644389625192,700.38830859977031,-995.42570114135697,32.450000000000003,-0.077725141825800134
163.62940887299627,700.10874419420122,-993.14093589782703,32.25,-0.077802690987164219
163.6423678727198,699.78598507121501,-993.77560615539505,32.25,-0.077788683895795033
163.65533256385928,700.09332153208777,-994.223594665527,32.310000000000002,-0.077725131478158085
163.66829643543466,700.04906507020246,-994.223594665527,32.310000000000002,-0.07773628044461986
163.68125532546784,699.78006179181898,-992.21110343933105,32.350000000000001,-0.077808581084774814
163.69421067337163,699.58878680424982,-992.22850799560501,32.350000000000001,-0.077833334604582624
163.70716849755931,699.72250613477252,-992.22850799560501,32.119999999999997,-0.077805495303294864
163.72012476229884,699.63829593478749,-993.50905418395996,32.119999999999997,-0.077720859812768925
163.73307223121358,699.16332139635381,-994.823217391968,32.119999999999997,-0.077693058798438644
163.74601688649881,699.01138540296552,-993.02577972412098,32.119999999999997,-0.07766814384975608
163.75896111337659,698.9882513988033,-995.20802497863804,32.119999999999997,-0.077623354477537265
163.77190443687167,698.93946873484185,-996.98448181152298,32.119999999999997,-0.077554695308582888
163.78484720881602,698.90968499569931,-997.35021591186501,32.549999999999997,-0.077462350534870314
163.7977897458604,698.89700039606532,-997.52616882324196,32.549999999999997,-0.077467503853274056
163.81073965690987,699.29519667099146,-997.59459495544399,32.549999999999997,-0.077528394757818017
163.82369522005314,699.60040973635955,-997.59459495544399,32.549999999999997,-0.077611533925097398
163.83663883018755,698.95494725828394,-998.177528381348,32.189999999999998,-0.077775675388472312
163.84957908031845,698.77350706872403,-998.25620651245094,32.539999999999999,-0.077912987520279225
163.86252493183696,699.0759820001648,-998.37756156921398,32.189999999999998,-0.077995718974951098
163.8754719195679,699.13733746965488,-998.95882606506302,32.189999999999998,-0.078002054036843405
163.88841986242224,699.18891413436836,-998.95882606506302,32.210000000000001,-0.077886214065204767
163.90137362604327,699.50323553666533,-999.44567680358898,32.210000000000001,-0.077810141568205954
163.91433667288027,700.00452919724989,-1000.11134147644,32.259999999999998,-0.077739161335174348
163.92730118189385,700.08348673407841,-1000.4057884216299,32.259999999999998,-0.077689843665784464
163.94025886224321,699.71473886544322,-1000.20289421082,32.259999999999998,-0.077739812226071917
163.95322114953586,699.96351380261808,-998.54516983032204,32.259999999999998,-0.077823389114822991
163.96618399562101,699.99368859854121,-998.93546104431096,32.210000000000001,-0.077992265836962768
163.97914821178523,700.06767286679258,-998.93546104431096,32.210000000000001,-0.078075424664141191
163.99210860849266,699.86142220117119,-1000.24676322937,32.170000000000002,-0.077943623893564504
164.00506663343094,699.7333466675293,-1003.23987007141,32.170000000000002,-0.077735355329859882
164.01802873238884,699.95334372671698,-1003.23987007141,32.329999999999998,-0.077541051431774768
164.03099166850251,699.99855013896513,-1004.42481040955,32.329999999999998,-0.07743643286345088
164.04395168854077,699.84108206585722,-1005.29956817627,32.390000000000001,-0.077502235976741288
164.05691303933705,699.91294299905996,-1003.79419326782,32.390000000000001,-0.077662744249044471
164.06987924439258,700.17507299822034,-1003.79419326782,32.43,-0.077837913607530437
164.08284439601857,700.11818780352587,-1002.17080116272,32.43,-0.078004150547449899
164.09579740009386,699.46222006508935,-1001.78694725037,32.100000000000001,-0.078055477804769735
164.1087587840025,699.91473106720866,-1000.0205039978,32.100000000000001,-0.078045196002445638
164.12172335717403,700.08695126313432,-1001.84798240662,32.119999999999997,-0.077972054066901886
164.13468706007652,700.03995673327358,-1001.84798240662,32.119999999999997,-0.077905082661375663
164.1476488216889,699.93512706934735,-1003.10158729553,32.189999999999998,-0.0778812646038681
164.16061495430748,700.17116140266353,-999.48835372924805,32.189999999999998,-0.077992659061405817
164.17358566075563,700.4181482002416,-997.79748916625999,32.520000000000003,-0.078211808576559655
164.18655480154698,700.33360273335677,-997.79748916625999,32.520000000000003,-0.078371138207865412
164.19951547765061,699.87650959638472,-998.33607673644997,32.450000000000003,-0.078338355653480171
164.21248033021845,700.10203866384393,-1001.51228904724,32.450000000000003,-0.078251243878444995
164.22545441529883,700.60059433889307,-1001.38568878174,32.280000000000001,-0.078180992148766074
164.23843187797414,700.78298446782389,-1001.38568878174,32.280000000000001,-0.078202295633992697
164.25140457848769,700.5258277317447,-1002.02941894531,32.280000000000001,-0.078319503615633154
164.26438131990503,700.7440365359198,-1004.887342453,32.280000000000001,-0.078481740006954737
164.27735831485063,700.75772706266127,-1004.887342453,32.380000000000003,-0.07864791796453087
164.29032583824446,700.24626326571956,-1003.93915176392,32.380000000000003,-0.078799679047360197
164.30328548161486,699.82074200199099,-1003.02529335022,32.509999999999998,-0.078802660313777764
164.31624516948278,699.82314486901873,-1002.56562232971,32.509999999999998,-0.078757490134713823
164.32921001584199,700.10170339694412,-1003.30400466919,32.140000000000001,-0.078672467627882256
164.34217704563468,700.21960880522101,-1003.30400466919,32.140000000000001,-0.078616785919660467
164.35514847334085,700.45709613214581,-1002.96378135681,32.189999999999998,-0.078642112720760507
164.36812410441482,700.68407799535782,-1001.4820098877,32.189999999999998,-0.078662674252704817
164.38110261327657,700.83947853429004,-1001.4820098877,32.159999999999997,-0.078718467718493668
164.39407620372103,700.57388400057766,-1000.25987625122,32.159999999999997,-0.078746711628981794
164.40704499992225,700.31499486531857,-998.81887435913097,32.549999999999997,-0.078724396104181305
164.42001816195798,700.55074993046344,-999.75705146789505,32.549999999999997,-0.078737962369959183
164.43300067240128,701.05556393746463,-999.75705146789505,32.350000000000001,-0.078773282260135108
164.44598240363939,701.01348685882044,-999.99737739563,32.350000000000001,-0.078960038307267
164.45895754111359,700.65742360630702,-999.95923042297397,32.259999999999998,-0.079152773445557906
164.47193512693084,700.78963413135648,-1001.86681747437,32.189999999999998,-0.079210577532727977
164.4849133760568,700.82545280110469,-1001.86681747437,32.420000000000002,-0.079172988318720605
164.49789647737285,701.08747106661588,-1001.94144248962,32.420000000000002,-0.079151985959861892
164.51087720795687,700.95945153719856,-1002.00223922729,32.549999999999997,-0.079206396928807571
164.52386157690611,701.15592326064348,-1000.44822692871,32.549999999999997,-0.079376512310080263
164.53684872533705,701.3060152695947,-1001.18803977966,32.560000000000002,-0.079462570654973391
164.54982907925191,700.93911140188447,-1001.48248672485,32.560000000000002,-0.079506295214837278
164.56279996782604,700.42798300374682,-999.37820434570301,32.210000000000001,-0.07947366684692389
164.57576063047659,699.87578312980838,-998.50893020629906,32.210000000000001,-0.079343137848463918
164.58872200817649,699.91439579481266,-998.98886680603005,32.25,-0.079175689153341902
164.60167832465677,699.64108993553975,-998.98886680603005,32.25,-0.079030252786696606
164.61463559625926,699.69266653430122,-999.08399581909202,32.310000000000002,-0.078982666342174948
164.6275992350038,700.03649220421778,-998.85678291320801,32.310000000000002,-0.079053680722659392
164.64056673873577,700.24520152674745,-998.85678291320801,32.140000000000001,-0.079110287542689603
164.65352655698894,699.8301856717718,-998.64435195922795,32.140000000000001,-0.07911377896895852
164.66648297694809,699.64667779414799,-998.64435195922795,32.119999999999997,-0.079063496862059018
164.67944434843957,699.91406053890501,-999.47500228881802,32.119999999999997,-0.079028224572522454
164.6924108908407,700.19328966108617,-1000.1258850097699,32.119999999999997,-0.079072303034588648
164.70537328161362,699.96910173817014,-1000.1258850097699,32.119999999999997,-0.079162018373519411
164.71834206539754,700.31432433151895,-999.70626831054699,32.530000000000001,-0.079319733712515481
164.73131389564068,700.47883313043587,-998.09432029724098,32.530000000000001,-0.079524751958590711
164.74428629088766,700.50934333615498,-996.79708480834995,32.530000000000001,-0.079652132052603186
164.75724518609513,699.78034120288612,-997.24817276000999,32.530000000000001,-0.079633578037004493
164.77019910597159,699.51167332880243,-998.56925010681096,32.369999999999997,-0.079396813072468236
164.78315118079382,699.41204040075195,-997.82848358154297,32.369999999999997,-0.079120735947760354
164.79610676980747,699.60180673673574,-996.22869491577103,32.210000000000001,-0.078993096120390807
164.80905605066172,699.26116612984788,-996.22869491577103,32.210000000000001,-0.078875409025692692
164.82200211638403,699.08754900499389,-995.86439132690396,32.32,-0.078772108794943382
164.83495212470493,699.30044932865178,-996.09971046447697,32.32,-0.078674930457780082
164.84790278288278,699.33554160327162,-996.09971046447697,32.380000000000003,-0.078518052274668154
164.86084792556059,699.03770460206033,-995.780467987061,32.380000000000003,-0.078373092950513978
164.87379737508766,699.27027446128056,-996.91796302795399,32.090000000000003,-0.078227914248592989
164.88675176269504,699.53693079991706,-998.69966506957996,32.090000000000003,-0.078105610898967517
164.89970279754075,699.35588166713774,-995.94259262084995,32.5,-0.078186317243686604
164.91264459470128,698.85704666895742,-995.94259262084995,32.119999999999997,-0.078214367645258576
164.92557992123949,698.50763306348858,-996.03605270385697,32.140000000000001,-0.078129329615488158
164.93851372765189,698.42554627000004,-997.15852737426803,32.140000000000001,-0.077821908311767288
164.9514508992431,698.60726592558717,-997.72071838378895,32.560000000000002,-0.077378042042005629
164.96439185200495,698.81144913947276,-997.72071838378895,32.560000000000002,-0.077109031585848101
164.97734213351362,699.31520146795765,-997.35474586486805,32.539999999999999,-0.077058478361546653
164.99030349776177,699.91366939968441,-996.58131599426304,32.539999999999999,-0.077216653153701353
165.00326777911849,700.07119326267309,-996.58131599426304,32.189999999999998,-0.077467850512462785
165.01622475166292,699.67651740011536,-998.71087074279797,32.530000000000001,-0.077552901994910842
165.02917357823952,699.2366351363014,-998.71087074279797,32.170000000000002,-0.077472982100400947
165.04212578241231,699.41902533118446,-998.770713806152,32.170000000000002,-0.077161243599182541
165.05507526505309,699.27206260087723,-998.62480163574196,32.229999999999997,-0.076736561540022383
165.06802633922101,699.35800506813814,-1000.28824806213,32.229999999999997,-0.076463171797970603
165.0809825977519,699.63796066788768,-1002.26259231567,32.359999999999999,-0.076437790153726537
165.09394155194323,699.78352633186682,-999.98140335082996,32.359999999999999,-0.076605205734134527
165.10689769354073,699.63164626575906,-1000.2605915069601,32.119999999999997,-0.076897968019694715
165.11984569434449,699.19204340202043,-1000.2605915069601,32.119999999999997,-0.076988045539429936
165.13278983015934,698.98333400254671,-999.50766563415505,32.159999999999997,-0.076949200074209148
165.1457337321099,698.97070533019325,-999.64547157287598,32.159999999999997,-0.076683976997834316
165.15868885959992,699.57688446107295,-999.64547157287598,32.140000000000001,-0.07639628421089957
165.17164208408886,699.47412240277038,-1002.0055770874,32.140000000000001,-0.076246163290757257
165.18460042153839,699.75022227378747,-1002.1758079528799,32.57,-0.076287065943224236
165.19756542415308,700.11014119457718,-1001.27148628235,32.57,-0.076468408936050877
165.21052562528155,699.85086093658572,-1001.27148628235,32.5,-0.07659910143150947
165.22348467674564,699.78877906097523,-1000.71382522583,32.5,-0.076575423073530616
165.23644534664072,699.87617433498087,-1000.70142745972,32.5,-0.076465185524590959
165.24941534528276,700.37992666896184,-999.72629547119095,32.5,-0.076298478783667273
165.26238507694697,700.36550986800398,-1000.72765350342,32.240000000000002,-0.076192525318834248
165.27535291181724,700.26308299416121,-1003.37052345276,32.240000000000002,-0.076141085269172973
165.28832351374942,700.41250433740868,-1004.95648384094,32.380000000000003,-0.076089730072334161
165.30129793617414,700.61881093580678,-1004.90593910217,32.229999999999997,-0.076073292228055228
165.31427047525801,700.51711052854034,-1004.60839271545,32.280000000000001,-0.076057569433942443
165.32723825838883,700.26028906485703,-1004.27937507629,32.280000000000001,-0.075984452333798094
165.34021097235436,700.52655413786511,-1004.13918495178,32.140000000000001,-0.076003437862323983
165.35318982477037,700.85803046405545,-1004.0016174316401,32.140000000000001,-0.075972654546292859
165.36616256460493,700.52795106679321,-1005.09095191956,32.090000000000003,-0.075997197999878391
165.37913120558642,700.30661300046222,-1006.30187988281,32.090000000000003,-0.076043375042303407
165.39209677320372,700.1406513343444,-1006.30187988281,32.100000000000001,-0.076015484001584074
165.40506133395806,700.08628073483067,-1007.15065002441,32.100000000000001,-0.075973594146978185
165.41802059341609,699.8000107329525,-1008.37254524231,32.509999999999998,-0.075902011658971646
165.43098063932473,699.84247906623318,-1009.27639007568,32.509999999999998,-0.075833227277737003
165.44394894813448,700.2886757266798,-1008.87036323547,32.549999999999997,-0.075928357739402222
165.456921109516,700.49671460334559,-1008.20183753967,32.549999999999997,-0.076027005497001254
165.46989034861369,700.3389112743298,-1009.4666481018101,32.210000000000001,-0.076078306883638411
165.48285617596548,700.15467699608189,-1009.4666481018101,32.560000000000002,-0.076059308937311054
165.49582560857164,700.349360733818,-1010.67662239075,32.189999999999998,-0.075879630943486834
165.50880096645807,700.66932586704399,-1008.86058807373,32.189999999999998,-0.075686683670951563
165.52177342689757,700.5128637320355,-1008.86058807373,32.189999999999998,-0.07547583534550302
165.53474612844445,700.5258835326174,-1007.60889053345,32.189999999999998,-0.075367906440396454
165.54772077128274,700.63071326799172,-1007.4245929718001,32.390000000000001,-0.075486134737668506
165.5606954865568,700.63462479759664,-1008.44740867615,32.259999999999998,-0.075621366913732377
165.57366297062967,700.24413993616724,-1008.34608078003,32.240000000000002,-0.075689353462544948
165.58662643966539,700.02732792901634,-1008.34608078003,32.240000000000002,-0.075614520658333892
165.59959137087904,700.10628553729293,-1008.78143310547,32.159999999999997,-0.075493037906981128
165.61256403310495,700.523760197569,-1012.7272605896,32.159999999999997,-0.075479282273929055
165.62553330324573,700.34058760333312,-1012.7272605896,32.329999999999998,-0.075532207264624021
165.63850072212469,700.24061946334268,-1013.82040977478,32.159999999999997,-0.075626699253600257
165.65146969424313,700.32449439642789,-1014.60456848145,32.399999999999999,-0.075755852998128856
165.6644376201765,700.26800040140984,-1013.03839683533,32.399999999999999,-0.075846661089442408
165.67739916654941,699.9235041372375,-1012.70437240601,32.119999999999997,-0.075847102950316977
165.69036311676916,700.05331186670719,-1012.70437240601,32.439999999999998,-0.075770907310077795
165.70333659752356,700.56796073766964,-1015.19870758057,32.5,-0.075643724864486103
165.71631095475681,700.61529059488612,-1015.43474197388,32.5,-0.075690672836725911
165.72928129695308,700.39847859872737,-1014.9974822998,32.119999999999997,-0.075818598270068954
165.74224648169377,700.1199759980824,-1012.94851303101,32.119999999999997,-0.076028789496686081
165.7552097820568,700.0182196030795,-1012.94851303101,32.119999999999997,-0.076116313121696061
165.76817328420745,700.0291161345649,-1010.23006439209,32.119999999999997,-0.076004130144298604
165.78112995769374,699.66036826043353,-1009.41729545593,32.539999999999999,-0.075724269779618006
165.79409603857289,700.16836747335935,-1009.47141647339,32.159999999999997,-0.07539170690673952
165.807072826558,700.74655119705255,-1009.73558425903,32.579999999999998,-0.075127267175029405
165.82005525835672,701.05131712996774,-1010.66160202026,32.579999999999998,-0.075054046593579268
165.8330369958037,701.01382213671229,-1008.88323783875,32.189999999999998,-0.075123629843638809
165.84601714172339,700.92787966395531,-1008.88323783875,32.509999999999998,-0.075308800571329479
165.85899765810251,700.94788447191354,-1007.9331398010301,32.409999999999997,-0.075372887982486966
165.87197284110738,700.65988226321542,-1008.61597061157,32.409999999999997,-0.075238522970357213
165.88494423569881,700.45530793758928,-1008.61597061157,32.159999999999997,-0.074987046212640115
165.89791581965926,700.46553386382686,-1010.1382732391399,32.159999999999997,-0.074832150712102863
165.91088830596922,700.51426073790765,-1010.24580001831,32.25,-0.07481880589516722
165.92385671929372,700.29431952356072,-1010.18333435059,32.25,-0.075021664508686192
165.93681566624196,699.78313520363815,-1010.21289825439,32.25,-0.075125370381883577
165.94977111245194,699.59409533972689,-1010.21289825439,32.25,-0.07522314476486662
165.96273228836554,699.90349933477535,-1009.85264778137,32.189999999999998,-0.075202093769474607
165.97569425072956,699.9459676570641,-1007.88068771362,32.189999999999998,-0.075033888634432486
165.98865601130618,699.93507113657063,-1007.88068771362,32.140000000000001,-0.074781327404156092
166.0016249182321,700.32097400054738,-1008.39638710022,32.140000000000001,-0.074588718513021596
166.01460018609131,700.66446439806805,-1009.00530815125,32.119999999999997,-0.074542280700226032
166.02757709618268,700.75314493330461,-1006.50191307068,32.119999999999997,-0.074647605005543086
166.04054908889009,700.48760620046494,-1006.0122013092,32.539999999999999,-0.074779863157999393
166.05352104951982,700.48587400463691,-1006.0122013092,32.539999999999999,-0.074946790312685627
166.06649774540625,700.74157786801948,-1004.14514541626,32.159999999999997,-0.075020300638189014
166.07947153763578,700.5847803946632,-1001.7993450164799,32.57,-0.07501136304473284
166.09244139968524,700.37255067075682,-1001.7993450164799,32.229999999999997,-0.074942923254155941
166.10541318439752,700.47637446253566,-1001.4340877533,32.5,-0.074875651754491748
166.11839093267903,700.79840720138543,-1001.89805030823,32.189999999999998,-0.074878046288975
166.13136742781487,700.73073733526269,-1002.32625007629,32.189999999999998,-0.074978429410845107
166.14434240282469,700.64865053078222,-1002.32625007629,32.380000000000003,-0.07505549945762488
166.15732396435433,701.004322600107,-1000.45418739319,32.240000000000002,-0.075186262321303682
166.17031046396298,701.27097886729541,-999.44901466369595,32.259999999999998,-0.075254824218921698
166.18329389745188,701.10540840085423,-1000.40650367737,32.259999999999998,-0.075264999435820407
166.19626825468401,700.61529053443019,-1000.40650367737,32.170000000000002,-0.07529082501089493
166.20923682322956,700.30270145986515,-999.58038330078102,32.170000000000002,-0.075248249082451812
166.22220423589997,700.24028420193883,-999.48096275329601,32.119999999999997,-0.075175264435972833
166.23516723824073,700.00212640167024,-1002.40993499756,32.119999999999997,-0.075059983258581514
166.24812325566177,699.62494073540176,-1002.79688835144,32.119999999999997,-0.074959091013669987
166.26108085840121,699.71054793026701,-1002.79688835144,32.119999999999997,-0.074976879275157796
166.27404278868642,699.94423540078003,-998.70634078979504,32.57,-0.075155904309349902
166.28700034589386,699.70808920191075,-998.30436706543003,32.57,-0.075343715854747709
166.29995315439137,699.45165886645589,-998.30436706543003,32.189999999999998,-0.075560809216310185
166.31290810700128,699.56744093418808,-997.783422470093,32.560000000000002,-0.075649875733281483
166.3258685813185,699.86561313085133,-996.75512313842796,32.170000000000002,-0.075661064022391117
166.33882885488401,699.85477253763861,-996.99640274047795,32.549999999999997,-0.075502820933905854
166.35179338976789,700.08488372895863,-998.33202362060501,32.189999999999998,-0.075268708169798498
166.36476243949625,700.32868533160411,-998.22258949279797,32.189999999999998,-0.075140279821144323
166.37773170963706,700.34058760333312,-997.550487518311,32.210000000000001,-0.075191360793917167
166.39069353540739,699.93859159840315,-996.08325958251896,32.210000000000001,-0.075369443123304361
166.40364718209497,699.49692112904074,-994.23909187316895,32.240000000000002,-0.075563150974857288
166.416596918263,699.28575307265874,-994.23909187316895,32.240000000000002,-0.075631745986985743
166.42954689450619,699.29871713282387,-994.63033676147495,32.329999999999998,-0.07562983781111815
166.44248934773088,698.89247413353303,-996.17695808410599,32.329999999999998,-0.075447152678870588
166.45542703155058,698.63492626372931,-996.812343597412,32.280000000000001,-0.075265230197428548
166.46836743276171,698.78166540032998,-996.812343597412,32.280000000000001,-0.07517763930862327
166.48131389998767,699.10923020241148,-997.47228622436501,32.240000000000002,-0.075316726126636688
166.494255021421,698.82055739945747,-995.59473991393997,32.240000000000002,-0.07556630505388913
166.50719499319015,698.75847553483902,-994.69995498657204,32.280000000000001,-0.075808699346072525
166.52013843361729,698.94578306552262,-995.34058570861805,32.280000000000001,-0.075827831816224697
166.53308546067157,699.13946093111133,-995.588779449463,32.380000000000003,-0.075839570620572366
166.54603060334938,699.03770460206033,-994.94552612304699,32.380000000000003,-0.075768539682272915
166.55897465534571,698.97880780047058,-994.94552612304699,32.100000000000001,-0.075781159103639459
166.57192525453834,699.33235640284306,-995.03564834594704,32.509999999999998,-0.075848102569239587
166.58487876463212,699.48954506488383,-997.36380577087402,32.079999999999998,-0.075970260012013152
166.59782670127905,699.18857893342056,-995.21160125732399,32.079999999999998,-0.076097908120020416
166.61077167528407,699.02859627062753,-995.21160125732399,32.140000000000001,-0.07619359220104327
166.62372374286298,699.41164926153158,-994.00901794433605,32.140000000000001,-0.076075590525874703
166.63667910421853,699.58951319937808,-994.36998367309604,32.119999999999997,-0.075817887360526998
166.64962954819256,699.32397459844253,-996.83833122253395,32.119999999999997,-0.075544454157544058
166.66258281200243,699.47624573232292,-996.83833122253395,32.509999999999998,-0.075388086131331924
166.67554164305307,699.77687673428625,-996.15287780761696,32.509999999999998,-0.075372317805008998
166.68849997325927,699.7498311345671,-993.88098716735794,32.090000000000003,-0.075391420266195192
166.70145931757153,699.80459286230916,-993.49331855773903,32.520000000000003,-0.075369627318436855
166.71441462097908,699.58638400867017,-994.149208068848,32.119999999999997,-0.075334321913982719
166.72737407498028,699.81051606476137,-994.15850639343296,32.43,-0.075213061645127047
166.7403316787543,699.71060379709161,-994.34494972229004,32.090000000000003,-0.075156922555330949
166.75328206374439,699.32078946396587,-998.89659881591797,32.090000000000003,-0.075115609086340435
166.76623252013451,699.32464506629015,-1000.76818466187,32.100000000000001,-0.075210824401438781
166.77918321142604,699.33732974286818,-1000.76818466187,32.100000000000001,-0.075396463895868182
166.79213638417411,699.47132839652227,-999.29642677307095,32.119999999999997,-0.075522558763050765
166.80508277379019,699.10503926723516,-999.16434288024902,32.119999999999997,-0.075448835269139286
166.81802665607779,698.9696435307651,-1001.3325214386,32.380000000000003,-0.075233381033759233
166.83097717766162,699.32816552812278,-1000.66184997559,32.380000000000003,-0.075006293546514502
166.84393418952843,699.67864080661184,-1000.66184997559,32.100000000000001,-0.074956100434384762
166.85689036320485,699.63337852753898,-1000.58174133301,32.350000000000001,-0.075006238701742015
166.86984937017161,699.78637620493964,-1000.58174133301,32.350000000000001,-0.07512098488652881
166.88281733439266,700.27006793558564,-1002.1288394928,32.350000000000001,-0.075197079115621637
166.89578699568895,700.36171000060017,-1001.58381462097,32.119999999999997,-0.075192141035785406
166.90874985419262,699.99435919829295,-998.32940101623501,32.119999999999997,-0.075006978586595122
166.92170705439264,699.68881080007293,-998.32940101623501,32.399999999999999,-0.074718424842540543
166.934672186358,700.11712613050565,-999.59993362426803,32.079999999999998,-0.074410226402903026
166.94764097635067,700.31465960391472,-1002.23875045776,32.119999999999997,-0.074279107566557159
166.96061293698028,700.48587399914106,-1002.78997421265,32.119999999999997,-0.0743176239642626
166.9735884769926,700.67916066505325,-1002.78997421265,32.5,-0.074545546538555177
166.98656696619261,700.83841680081389,-1002.41708755493,32.5,-0.074780106337510782
166.99954494833943,700.81103592869874,-1001.93476676941,32.600000000000001,-0.074884826317388131
167.01251360173833,700.3072835397578,-1001.88708305359,32.600000000000001,-0.074866307485237996
167.02548000133703,700.18557833002944,-1001.88708305359,32.57,-0.074774456313968882
167.03845232518142,700.50548759643061,-1002.15554237366,32.57,-0.074801936538368211
167.05142881410862,700.73040206836276,-1003.4396648406999,32.170000000000002,-0.074985294292589585
167.06440472975441,700.69944487308646,-1005.92947006226,32.170000000000002,-0.075273104012286415
167.07738289506057,700.82092653307654,-1005.93233108521,32.189999999999998,-0.075586548902566525
167.09035942227533,700.73246959704261,-1005.93233108521,32.189999999999998,-0.075783355989294823
167.10333216210989,700.52795106679321,-1004.88185882568,32.229999999999997,-0.075795242768821824
167.11629666388029,700.083095600354,-1003.50403785706,32.229999999999997,-0.075680119916287439
167.12926264127901,700.16277953231099,-1003.50403785706,32.280000000000001,-0.075466979501971038
167.14223517311967,700.51671939481594,-1002.75659561157,32.280000000000001,-0.075351001901675554
167.1552126357951,700.78298447331986,-1003.21054458618,32.280000000000001,-0.075392589593103604
167.16819233364569,700.90368393181279,-1005.64861297607,32.280000000000001,-0.075473544291613112
167.18117709168152,701.17693393525326,-1005.64861297607,32.310000000000002,-0.075592248597416117
167.19416322083077,701.25097405933718,-1005.43570518494,32.310000000000002,-0.075629343174714536
167.20714315875554,700.91664793701796,-1003.96370887756,32.25,-0.07558707251346708
167.22011726246171,700.60160013409666,-1003.78179550171,32.25,-0.075546092250682317
167.23309042449625,700.55074986451154,-1003.78179550171,32.299999999999997,-0.075520179751099245
167.24606384730126,700.56483147001757,-1007.30967521667,32.299999999999997,-0.075500898269161357
167.25903808760123,700.60897619825346,-1007.30967521667,32.369999999999997,-0.075520823399186796
167.27200453169624,700.18798113110506,-1007.94792175293,32.369999999999997,-0.075479308143186846
167.28497156149015,700.21960887117291,-1007.94792175293,32.119999999999997,-0.075491268395053657
167.29794117622089,700.35919546037917,-1007.5135231018101,32.119999999999997,-0.075565828009871341
167.31090692596297,700.1504860718976,-1007.76696205139,32.5,-0.07565077187293387
167.32387155811858,700.09013640310707,-1006.86550140381,32.119999999999997,-0.075794277298471602
167.33684179062593,700.39255539627504,-1007.50255584717,32.57,-0.075922093042880362
167.34981507580369,700.5573995994921,-1006.7734718322801,32.119999999999997,-0.076012476864687401
167.36278255987537,700.24413987021524,-1006.7760944366501,32.560000000000002,-0.076056742627227003
167.37574287897166,699.85723120004286,-1007.1601867675799,32.560000000000002,-0.07596006823862253
167.38870141096425,699.76072760010049,-1006.09111785889,32.560000000000002,-0.075844340026179402
167.40166121576425,699.82945919969927,-1006.09111785889,32.560000000000002,-0.075768189918150375
167.41461612284203,699.56498220033586,-1005.59401512146,32.539999999999999,-0.075835669412961396
167.42757440130748,699.74703713381484,-1002.13646888733,32.539999999999999,-0.076010036799418881
167.44054153561603,700.22525266255786,-1002.13646888733,32.210000000000001,-0.076226368545866216
167.45351312475066,700.46581326939804,-1001.37281417847,32.210000000000001,-0.076373478190624983
167.46648495499502,700.47883319638788,-1002.74682044983,32.210000000000001,-0.076357884746973997
167.47945363529877,700.30873640146262,-1005.66601753235,32.210000000000001,-0.076198995940750636
167.49242491295806,700.44899360141255,-1005.55682182312,32.25,-0.076072041151935055
167.50540000489994,700.65496486146276,-1004.0221214294399,32.25,-0.0759825120778891
167.51837674631849,700.7440366018717,-1004.0221214294399,32.399999999999999,-0.076004686868488283
167.53134960929506,700.53460073582164,-1002.52795219421,32.399999999999999,-0.076071179160956834
167.54432350604068,700.5904242629922,-1001.55687332153,32.25,-0.076078439337609119
167.55729351710133,700.38059727420955,-1001.55687332153,32.369999999999997,-0.076037557381240461
167.57025395209632,699.86348972985093,-1001.6365051269501,32.210000000000001,-0.075909985850201478
167.58320879501605,699.56151766578409,-1001.29008293152,32.310000000000002,-0.07573047031890684
167.59616373417285,699.56671446761175,-1001.29008293152,32.25,-0.075646353264798863
167.60912343549256,699.8238712641471,-999.19891357421898,32.25,-0.07565727146955073
167.62208485872347,699.91685446820907,-999.19891357421898,32.259999999999998,-0.075775020651424232
167.63504630679014,699.91819560176043,-998.42905998230003,32.259999999999998,-0.075850885153988648
167.64800778176169,699.91964846346514,-998.57831001281704,32.210000000000001,-0.075894087138540595
167.66097403855807,700.17786700446857,-999.49669837951706,32.329999999999998,-0.07589245008109273
167.6739363186062,699.96312259744548,-997.15900421142601,32.140000000000001,-0.075813494622056901
167.68690186759633,700.13964546769284,-996.50192260742199,32.140000000000001,-0.075807713178199107
167.69986902053216,700.22625853470549,-996.48427963256802,32.090000000000003,-0.075826083000090194
167.71284059000493,700.46475153042593,-996.48427963256802,32.090000000000003,-0.075887090836887355
167.72580876946424,700.28169080174325,-996.76632881164505,32.159999999999997,-0.075939176603167166
167.73876984189755,699.89791139922306,-993.50595474243198,32.159999999999997,-0.075886925267388411
167.75172895855425,699.79229946235171,-993.50595474243198,32.530000000000001,-0.075792568839148686
167.76468406741853,699.57587867136544,-993.868589401245,32.530000000000001,-0.075590101381541777
167.77763551825433,699.37834513200414,-995.26619911193802,32.460000000000001,-0.075386406646302376
167.79058743682228,699.40360266907089,-995.39947509765602,32.460000000000001,-0.075251324516187934
167.80354830746785,699.8870148622417,-995.52726745605503,32.310000000000002,-0.075173725683821496
167.81650675460745,699.75614553669573,-995.52726745605503,32.310000000000002,-0.075168637559358945
167.82946383787529,699.6824964638962,-995.90635299682594,32.259999999999998,-0.075074510855204987
167.84242041409016,699.65511560277309,-993.61491203308105,32.259999999999998,-0.074946517124106479
167.85537300217533,699.43975660022295,-992.63501167297397,32.299999999999997,-0.074787880811279947
167.86832570098392,699.44573566400368,-992.63501167297397,32.299999999999997,-0.074671516194882381
167.88127780064076,699.41338146835142,-992.54846572875999,32.32,-0.07462831317464004
167.894229998605,699.41869006978061,-992.47431755065895,32.32,-0.074662238151901539
167.9071853082209,699.58671925908209,-992.47431755065895,32.140000000000001,-0.074755684988829021
167.92014309308647,699.72038273926819,-992.88487434387196,32.140000000000001,-0.074846913210348004
167.933096889821,699.50502366527007,-993.27111244201706,32.100000000000001,-0.074899871316978298
167.94605524589625,699.7512280634952,-992.76113510131802,32.100000000000001,-0.074902319659118768
167.95902230155932,700.22100580559697,-993.39318275451706,32.119999999999997,-0.074954287459185226
167.97199006502831,700.25922732588492,-994.00401115417503,32.119999999999997,-0.075079131250247635
167.98495442503082,700.07544013612198,-994.00401115417503,32.530000000000001,-0.075108203002836244
167.99792490382231,700.4058547398281,-992.84863471984897,32.530000000000001,-0.075116990548307436
168.01089864431108,700.58198639391094,-994.15206909179699,32.140000000000001,-0.075105402824988912
168.02386589451845,700.23151119786189,-995.74518203735295,32.560000000000002,-0.075020688689370812
168.03682948048765,700.03364233664092,-993.70098114013695,32.520000000000003,-0.074983439925600553
168.04979573003951,700.17747579929619,-992.54798889160202,32.520000000000003,-0.07498875260343206
168.06276339002841,700.25363940132456,-991.87469482421898,32.189999999999998,-0.074977706083298123
168.0757267162617,700.01961659795961,-991.87469482421898,32.189999999999998,-0.075000128190572432
168.08868105109389,699.53408093783628,-993.71910095214798,32.210000000000001,-0.074903085413738552
168.10163471123454,699.49764759561708,-994.04740333557095,32.210000000000001,-0.07477502545545113
168.11458924164316,699.54464206502189,-994.04740333557095,32.420000000000002,-0.074635682006062909
168.12754266688393,699.48496300147917,-993.73316764831497,32.210000000000001,-0.074570083783799757
168.14049035621233,699.17522373403483,-994.67349052429199,32.369999999999997,-0.074553734933272803
168.15344583553582,699.59588346833152,-995.93138694763195,32.369999999999997,-0.074683728937703364
168.16640336066547,699.70635700058688,-995.93138694763195,32.280000000000001,-0.074835382402470271
168.17935602635933,699.44394746944704,-995.92566490173294,32.229999999999997,-0.075032551668171035
168.19230348803086,699.16293026262929,-994.83752250671398,32.329999999999998,-0.075157629325775382
168.20525421140121,699.33906199915214,-995.27001380920399,32.159999999999997,-0.075260739152135242
168.2182051882975,699.35275239948567,-996.19793891906704,32.369999999999997,-0.075241307624451484
168.23115546256295,699.31481033423302,-996.19793891906704,32.369999999999997,-0.075297616421826266
168.24410558160869,699.30642846937656,-996.92130088806096,32.119999999999997,-0.075437505212580608
168.25705444026298,699.23836733212943,-994.86589431762695,32.469999999999999,-0.075588957923891142
168.27000896446418,699.54430686407397,-996.17815017700195,32.560000000000002,-0.075628394261059759
168.28295647166669,699.16538893602569,-996.17815017700195,32.560000000000002,-0.075477082281609667
168.29590025047412,698.96405560070889,-997.54619598388695,32.159999999999997,-0.07522732640213653
168.30885057751487,699.31766020180976,-996.50192260742199,32.159999999999997,-0.075091407116748596
168.32181276029144,699.95786993428908,-996.69814109802201,32.210000000000001,-0.075090138448344362
168.3347773862383,700.08980113071118,-997.09105491638195,32.210000000000001,-0.07526632708819643
168.34773880843463,699.91679860138447,-997.09105491638195,32.259999999999998,-0.075421458523501295
168.36069845180495,699.82074199649514,-998.21043014526401,32.259999999999998,-0.075539439501859096
168.37364964290614,699.3643194647708,-999.27258491516102,32.140000000000001,-0.07552474840609967
168.38659130968145,698.85000586620436,-999.26996231079102,32.140000000000001,-0.07538477890141683
168.39953428237783,698.92052560539992,-999.47714805603005,32.390000000000001,-0.075210743686797851
168.4124803087777,699.08542559300156,-1000.99229812622,32.119999999999997,-0.07512693396862008
168.42543513203702,699.5604560037558,-1000.46801567078,32.119999999999997,-0.075219894448967442
168.43839112979623,699.62387899642965,-1000.46801567078,32.119999999999997,-0.075503041346141719
168.45134773912469,699.6569037368738,-1001.40285491943,32.539999999999999,-0.075730724880631095
168.46430358787404,699.61583246442513,-998.52466583251896,32.539999999999999,-0.075884390000942936
168.47725930002846,699.60845633981228,-999.96638298034702,32.509999999999998,-0.075926103939425629
168.4902158576173,699.65410979657759,-999.96638298034702,32.509999999999998,-0.075784177623156132
168.50317222583578,699.64388379889192,-1001.11675262451,32.329999999999998,-0.075629572900734063
168.5161367348494,700.08348673407841,-1001.47414207458,32.329999999999998,-0.075625098413255765
168.52910553105193,700.31499493676665,-999.68075752258301,32.310000000000002,-0.075714094563940612
168.54206870206539,700.01123472760708,-999.68075752258301,32.310000000000002,-0.075913554885261511
168.55502590847527,699.68914613292463,-999.37057495117199,32.399999999999999,-0.075994397824168392
168.5679866621889,699.88070053705701,-1001.06978416443,32.399999999999999,-0.075840322920886064
168.58094776670114,699.8996436610031,-1001.06978416443,32.5,-0.075663632402125702
168.59390950244327,699.93373007446723,-1001.55138969421,32.5,-0.075648673292269722
168.60687488793459,700.13081653083918,-1000.79035758972,32.119999999999997,-0.075766445240502744
168.61984866050372,700.58371873263491,-1003.3710002899199,32.119999999999997,-0.076015231509612133
168.63282374520247,700.65457373323432,-1007.17258453369,32.140000000000001,-0.076182935800316792
168.64579153557651,700.26068019858155,-1007.17258453369,32.140000000000001,-0.076221724351419884
168.65875643367536,700.10449733724033,-1006.22510910034,32.189999999999998,-0.076194421077307478
168.67172129969629,700.10276513042027,-1003.4806728363,32.189999999999998,-0.076071280572204969
168.68468952468646,700.28414946964369,-1002.68602371216,32.399999999999999,-0.075899279779388651
168.69765798354328,700.29677826840498,-1004.91142272949,32.399999999999999,-0.075838153974240805
168.71063035291979,700.50794633028295,-1004.91142272949,32.280000000000001,-0.075954779361721375
168.72360621061608,700.69631559993866,-1004.91952896118,32.280000000000001,-0.076181929972035434
168.73657971103211,700.56902246564982,-1002.93803215027,32.299999999999997,-0.076371184033022593
168.7495471816506,700.24341339814293,-1003.0779838562,32.189999999999998,-0.076350141315520287
168.76251210665561,700.10595027039312,-1002.13408470154,32.369999999999997,-0.076157070903510413
168.77548242919136,700.39741693120311,-999.775171279907,32.369999999999997,-0.075952466577264094
168.78845835932472,700.70022720099155,-1000.6365776062,32.469999999999999,-0.075850867562722371
168.80143924616303,700.96788926887973,-1000.6365776062,32.469999999999999,-0.075871739536955585
168.81442562159498,701.26427332594642,-1001.86157226563,32.530000000000001,-0.075950403179946724
168.8274127255296,701.30361246851896,-1001.34754180908,32.530000000000001,-0.076134904390495625
168.84039622938519,701.10920820230592,-999.56035614013695,32.189999999999998,-0.07627121379814078
168.853375031095,700.85529233012801,-999.56035614013695,32.189999999999998,-0.076230992044926685
168.86635433882466,700.88261740137045,-1001.4228820800799,32.210000000000001,-0.076078539713573978
168.87933158729629,700.77141746849077,-1003.8800239563,32.210000000000001,-0.075993095007191772
168.89231064770735,700.86926219648876,-1003.8800239563,32.25,-0.076039130281251741
168.90528408293085,700.5655020697692,-1003.86905670166,32.25,-0.076178614463721733
168.91825439304944,700.39674640289923,-1003.65042686462,32.210000000000001,-0.076278679900391139
168.93122617155305,700.47603919563585,-1002.71558761597,32.210000000000001,-0.076285833493042951
168.94419891759759,700.5282864051411,-1002.71558761597,32.359999999999999,-0.076270150020560243
168.95716488775312,700.16238839858647,-1001.61933898926,32.119999999999997,-0.076166721475141308
168.97013218349005,700.23396979431425,-1001.61933898926,32.119999999999997,-0.076034946572906409
168.98310191618896,700.36556574032454,-1003.07536125183,32.119999999999997,-0.075953553119881043
168.99607314831724,700.44653492801615,-1001.08122825623,32.539999999999999,-0.075915149516145489
169.00903943098268,700.17926393339678,-1001.08122825623,32.539999999999999,-0.075895601055597867
169.0220042514716,700.10030640206412,-999.34935569763195,32.469999999999999,-0.075969305923570471
169.03497215153459,700.26660340103376,-998.49200248718296,32.469999999999999,-0.075956068725511472
169.04793543223698,700.01715793005928,-997.34902381896995,32.25,-0.075961681495852515
169.0608994797285,700.05856454085585,-999.22680854797397,32.25,-0.076033272262359439
169.07386540538761,700.15998559201489,-999.22680854797397,32.329999999999998,-0.076196846655531086
169.08683578690733,700.40060206567966,-997.20287322998001,32.329999999999998,-0.076443834437300087
169.09980602562476,700.3928907401189,-999.27926063537598,32.460000000000001,-0.076715657487681541
169.11277625709752,700.39249952945045,-999.27926063537598,32.460000000000001,-0.076831150799419004
169.12574611914687,700.37255066526086,-998.87585639953602,32.57,-0.076939904441794035
169.13871864477775,700.51638406745997,-1000.56099891663,32.57,-0.076909416044705858
169.15168410167155,700.13467226506748,-1000.56099891663,32.170000000000002,-0.076823243871475572
169.16464831887043,700.06772873911325,-999.60207939147904,32.170000000000002,-0.076757876409293879
169.1776100597865,699.93400946904649,-999.90200996398903,32.210000000000001,-0.076762368488445573
169.19056729206665,699.69054312780474,-996.55818939208996,32.210000000000001,-0.076770650016623393
169.20351641149134,699.25244893213949,-996.55818939208996,32.210000000000001,-0.076764699899248848
169.21646349649512,699.14259020425925,-994.947910308838,32.210000000000001,-0.076667448092086629
169.22940932731612,699.07486433391182,-998.56519699096702,32.280000000000001,-0.076540778908023216
169.24235747816672,699.20014593275368,-997.18523025512695,32.280000000000001,-0.076408550763616884
169.25529991793954,698.89174773290881,-997.18523025512695,32.090000000000003,-0.076336409482482576
169.26824488573581,699.02826099823176,-998.37779998779297,32.090000000000003,-0.076304933883764373
169.28119341946291,699.2208212635195,-997.62487411499001,32.479999999999997,-0.076348689487775734
169.29414820960864,699.55866786965532,-995.83888053893997,32.119999999999997,-0.076486627674571928
169.30710040757279,699.41869006428442,-995.314121246338,32.539999999999999,-0.076615100519745877
169.32005540571237,699.56989953613663,-994.70996856689396,32.539999999999999,-0.076683257809283076
169.33301369038767,699.74737246666677,-995.36633491516102,32.590000000000003,-0.076677504306572719
169.34597561342844,699.94384420110362,-995.10717391967796,32.590000000000003,-0.076582433862432339
169.3589332234111,699.71093906399153,-995.20468711853005,32.520000000000003,-0.076496796682010135
169.37188813669886,699.56531753868376,-995.20468711853005,32.520000000000003,-0.076469818337842208
169.38484738994811,699.79967546055673,-995.77569961547795,32.170000000000002,-0.076537201595073462
169.39780635034819,699.7838616042626,-993.46518516540505,32.170000000000002,-0.076658187640168504
169.41076036749629,699.51692599745479,-994.13776397705101,32.189999999999998,-0.076715054197219787
169.42371185144566,699.38013326610474,-994.13776397705101,32.189999999999998,-0.076615663451564051
169.4366667450717,699.56425580520749,-994.32587623596203,32.369999999999997,-0.076409041260617636
169.44962097642349,699.52849299678803,-993.47925186157204,32.259999999999998,-0.076190189768424552
169.4625742588606,699.47725160447033,-992.500782012939,32.259999999999998,-0.07609159168254033
169.47552645061612,699.41835479738461,-992.500782012939,32.259999999999998,-0.076081589277950556
169.48848162363834,699.57934320042125,-992.80953407287598,32.140000000000001,-0.076228040788187526
169.50143497126788,699.48077199485476,-993.826866149902,32.140000000000001,-0.076323213675805981
169.51438462258275,699.281171003758,-993.826866149902,32.439999999999998,-0.076368338325713103
169.52732972697291,699.03563706788464,-993.26348304748501,32.119999999999997,-0.076248570241820662
169.54027583098269,699.08961652817766,-994.48251724243198,32.509999999999998,-0.076020334122646263
169.55322433263086,699.21908900173958,-993.629932403564,32.509999999999998,-0.075778905301830859
169.56617618600487,699.40008219624644,-993.629932403564,32.579999999999998,-0.07567326227786185
169.57913074849384,699.54637440374574,-995.28479576110794,32.579999999999998,-0.075690943954738507
169.59208943674071,699.76916533178155,-997.03955650329601,32.549999999999997,-0.075739573479622846
169.60505204171733,699.98066873750338,-996.77920341491699,32.549999999999997,-0.075797903247242226
169.61800362293957,699.38538600070933,-996.77920341491699,32.159999999999997,-0.075735657786493646
169.63095505411485,699.37728346448,-994.73500251769997,32.159999999999997,-0.07562121065974732
169.64391228018511,699.69020779495293,-994.50707435607899,32.229999999999997,-0.075448017773968395
169.65687173522232,699.8105720085299,-996.57607078552201,32.229999999999997,-0.075236736900207629
169.66983159900497,699.83264426272797,-998.008251190186,32.369999999999997,-0.075162573612934797
169.68279571789873,700.06242026409211,-998.008251190186,32.369999999999997,-0.075171371507676485
169.69576619048158,700.40551947292829,-998.77858161926304,32.119999999999997,-0.075234719035507519
169.70873212131363,700.16026493163395,-998.979091644287,32.119999999999997,-0.075165533149599228
169.72168955538027,699.70143959883421,-998.979091644287,32.079999999999998,-0.074966731998185168
169.7346453917111,699.61516186467327,-999.45759773254395,32.079999999999998,-0.074709252351024921
169.74760608023215,699.87718013568053,-997.69520759582497,32.140000000000001,-0.074573468623014852
169.76057162922339,700.13964552814878,-998.62575531005905,32.140000000000001,-0.074553102669230126
169.77353381199995,699.95786993428908,-1000.83875656128,32.539999999999999,-0.074600532857934734
169.78649178519882,699.73055273822524,-1000.83875656128,32.539999999999999,-0.074604190885728977
169.79945731349267,700.13852786739199,-1002.83741950989,32.159999999999997,-0.074548851698616164
169.81241966597781,699.96703419849837,-1003.53932380676,32.539999999999999,-0.074427640065784895
169.82537896475807,699.8021341339529,-1003.26371192932,32.380000000000003,-0.074306811309042181
169.8383421999296,700.01469926215907,-1004.2991638183599,32.380000000000003,-0.074224703841541034
169.85131130139882,700.33147933785233,-1004.1289329528799,32.280000000000001,-0.0742150149827491
169.86428280050623,700.46095180042209,-1003.32283973694,32.280000000000001,-0.074291458974132474
169.87725299369143,700.39043200077072,-1003.32283973694,32.390000000000001,-0.074418732482312469
169.89022429204701,700.45011120171341,-1003.12542915344,32.390000000000001,-0.074387016809932691
169.90319659002091,700.50409059055846,-1002.65765190125,32.530000000000001,-0.07419914007079724
169.9161687907247,700.49883800434611,-1003.93652915955,32.530000000000001,-0.073937489133703807
169.92913914637407,700.39920506530359,-1004.29821014404,32.090000000000003,-0.073708442764000529
169.9421149326692,700.69245993715822,-1002.89988517761,32.090000000000003,-0.07368020920207044
169.95509930782842,701.15625859899137,-1002.5162696838401,32.210000000000001,-0.07387111791228064
169.96807972590122,700.94257593094039,-1003.59773635864,32.210000000000001,-0.074091345692161692
169.9810515437272,700.47816260213222,-1005.3882598877,32.229999999999997,-0.074227284639178881
169.99401532527526,700.04420359573044,-1005.3882598877,32.229999999999997,-0.074203139585231406
170.00697752046912,699.9585404680887,-1006.91652297974,32.450000000000003,-0.074043884459106063
170.01993712451738,699.81861860648667,-1006.72221183777,32.450000000000003,-0.073908022087326941
170.03289689102959,699.8273916600275,-1009.74631309509,32.299999999999997,-0.073947252498490379
170.04586043871114,700.03157480246523,-1009.74631309509,32.299999999999997,-0.074232920175981223
170.05882925457408,700.31605659879472,-1010.57505607605,32.240000000000002,-0.074636844089957771
170.07179213273827,699.99542086581721,-1007.77459144592,32.240000000000002,-0.075010858061196062
170.0847484626704,699.64181633616408,-1007.77459144592,32.280000000000001,-0.075075318001410707
170.09770212177659,699.49759173428845,-1007.84277915955,32.280000000000001,-0.07486645546245288
170.1106591657223,699.68037306839176,-1007.96413421631,32.159999999999997,-0.074547989708248621
170.12361576884192,699.65656845898184,-1008.33678245544,32.359999999999999,-0.074295216343829643
170.13657871219871,699.99894126719369,-1008.4443092346201,32.43,-0.074244333016627806
170.14955170556055,700.54164153857471,-1008.5346698761,32.43,-0.074311290970392394
170.16252586100617,700.60439406340083,-1007.5101852417,32.119999999999997,-0.07435535494612612
170.17549779576541,700.48447699876488,-1006.23536109924,32.119999999999997,-0.07441647661126044
170.18846306432465,700.12450220015842,-1005.20753860474,32.119999999999997,-0.074303126376503326
170.20142961914328,700.19396020587783,-1006.25395774841,32.119999999999997,-0.074136412391242967
170.21440051392597,700.42831826515066,-1006.25395774841,32.579999999999998,-0.073993484385891414
170.22736955123705,700.32801479780437,-1007.97367095947,32.210000000000001,-0.074011643106989419
170.24034389605188,700.61462000063057,-1008.23402404785,32.530000000000001,-0.074243902539798109
170.25332240387772,700.83942259601736,-1008.56757164001,32.530000000000001,-0.074571939184647176
170.26630150464692,700.87144153576185,-1009.47284698486,32.350000000000001,-0.074756819133917324
170.2792728019667,700.45005526893681,-1007.99608230591,32.350000000000001,-0.074804143772581613
170.29224157229876,700.3135979308945,-1007.99608230591,32.259999999999998,-0.074722793780690966
170.30521236980991,700.42306560199415,-1007.43103027344,32.259999999999998,-0.074657720202881403
170.31818457672222,700.49917326574996,-1006.57439231873,32.32,-0.074593720751108636
170.33115718617168,700.5209102695361,-1008.52918624878,32.32,-0.074634394711618021
170.34412569676792,700.29957219770915,-1008.52918624878,32.409999999999997,-0.074695025880871138
170.35709263549873,700.21469146392428,-1007.493019104,32.409999999999997,-0.074798509270655442
170.37005939210488,700.20485673186715,-1005.0594806671101,32.530000000000001,-0.07477935093175439
170.3830231995222,700.04560053565046,-1005.50746917725,32.530000000000001,-0.07464987122321938
170.3959865133383,700.01894606965584,-1005.50746917725,32.140000000000001,-0.074490645072201628
170.40895883718269,700.50548759643061,-1006.0894489288301,32.140000000000001,-0.074476048142641207
170.4219330381604,700.60685279725305,-1005.38039207458,32.210000000000001,-0.074571035802286564
170.43490918249756,700.71179420582064,-1003.50379943848,32.210000000000001,-0.074736614608498453
170.44788429306669,700.65597073361027,-1004.36329841614,32.240000000000002,-0.074835613163671308
170.46086059365803,700.72023193200585,-1004.54998016357,32.240000000000002,-0.074920295219960437
170.47383728954571,700.74157793397148,-1003.52430343628,32.210000000000001,-0.07493245001460179
170.48680614473079,700.31817999429927,-1003.44753265381,32.210000000000001,-0.074982613117663771
170.49977899529009,700.53393020202202,-1004.32085990906,32.119999999999997,-0.07498430088099016
170.51275804949259,700.86892693508491,-1004.32085990906,32.119999999999997,-0.0750646119304961
170.52573896840983,700.96962153065954,-1004.09770011902,32.079999999999998,-0.075089623115740661
170.53871690502586,700.80857726629449,-1002.0546913147,32.079999999999998,-0.075177282301792506
170.55168789087043,700.43323560644728,-1001.54638290405,32.539999999999999,-0.075150283260304929
170.56466527593585,700.77879353264768,-1002.56514549255,32.539999999999999,-0.075091545779772714
170.57764012676918,700.64194500042493,-1002.56514549255,32.57,-0.074904126425163114
170.59061085287905,700.41920993371787,-1003.45778465271,32.57,-0.074761784117989283
170.60358204671857,700.44446733338441,-1001.80673599243,32.560000000000002,-0.074758462400520392
170.61655926932104,700.7700205340667,-999.55129623413097,32.560000000000002,-0.074904080893970743
170.62953680960621,700.78717539750426,-998.85272979736305,32.210000000000001,-0.074994947967118752
170.64250881576669,700.48833266704116,-998.13723564147904,32.210000000000001,-0.075056643948625004
170.65548101647039,700.49883799885015,-998.13723564147904,32.259999999999998,-0.074980065433315049
170.66845385357772,700.53320379590161,-998.39735031127896,32.259999999999998,-0.074827177449632298
170.68142949086055,700.68441327324967,-998.58832359313999,32.450000000000003,-0.07469485927741204
170.69440406850623,700.62719286661513,-996.98615074157703,32.450000000000003,-0.074631637996228531
170.7073780366531,700.59427993126849,-995.84174156188999,32.079999999999998,-0.074612901856063882
170.72035568145432,700.79281926583303,-995.84174156188999,32.079999999999998,-0.074641009171244665
170.73333073407417,700.65284147145439,-997.11275100707996,32.159999999999997,-0.074534844607043432
170.74629877693957,700.27431473209049,-994.61245536804199,32.159999999999997,-0.074374061077528336
170.75926702780004,700.28554646452369,-994.61245536804199,32.25,-0.074214323734022189
170.77223961758895,700.51984860201196,-993.94392967224098,32.25,-0.074177864523868264
170.7852058547235,700.17680526549634,-995.03278732299805,32.240000000000002,-0.074187188098448598
170.79816912300871,700.01648740175563,-997.66802787780796,32.240000000000002,-0.074251461773574876
170.81112614729381,699.67931139537154,-995.36919593811001,32.100000000000001,-0.074343438156717137
170.82407981985187,699.49831813491278,-995.36919593811001,32.100000000000001,-0.074402809970739017
170.83702647644571,699.11945606819302,-994.38023567199696,32.5,-0.074384422558701202
170.84997089165802,698.99842146371225,-995.22829055786099,32.159999999999997,-0.074286344978987257
170.86291589153339,699.02999327100349,-994.168519973755,32.57,-0.074207543706321502
170.8758674986247,699.38678292963721,-994.168519973755,32.57,-0.074200141760591726
170.88881740346551,699.29486140409153,-993.89314651489303,32.5,-0.074326908215380849
170.90176405902591,699.11940026182447,-992.97356605529797,32.5,-0.074571711528787082
170.91470991054331,699.07598193970875,-991.75381660461403,32.329999999999998,-0.074775477664171294
170.92765364381975,698.96159692731248,-992.06066131591797,32.329999999999998,-0.074885762813648546
170.94059460899879,698.81211966777641,-992.06066131591797,32.299999999999997,-0.074837711742808788
170.95353401472966,698.72790946779151,-993.12019348144497,32.299999999999997,-0.074798327145580601
170.96647886559387,699.02194666755099,-993.23177337646496,32.359999999999999,-0.074841333552787201
170.97943104389631,699.41762833080827,-992.83242225646995,32.359999999999999,-0.074996608826311192
170.99238136472843,699.31732493490995,-993.755102157593,32.460000000000001,-0.075208783770277371
171.00533032686292,699.24395526218564,-996.28734588623001,32.460000000000001,-0.075372493721844652
171.01828184289252,699.38186559933274,-994.72188949584995,32.140000000000001,-0.075395007928517208
171.03123606803456,699.52815766943218,-994.72188949584995,32.140000000000001,-0.075325683379483019
171.04418455002232,699.21802733971128,-993.06201934814396,32.189999999999998,-0.075235444431280163
171.05713134941973,699.12716745970579,-991.33706092834495,32.189999999999998,-0.075161292527746865
171.07008435866919,699.46249947066065,-991.33706092834495,32.170000000000002,-0.07519007763918048
171.08303744035427,699.4664109947696,-992.53582954406704,32.170000000000002,-0.075201500827265566
171.09597797091595,698.78865033076238,-995.14627456665005,32.43,-0.075198025958811643
171.10891585031362,698.64548747335482,-993.896484375,32.43,-0.075157115029472726
171.12185666648026,698.80407299837179,-993.27397346496605,32.299999999999997,-0.075148393710172665
171.13479691764562,698.77356293005278,-993.27397346496605,32.299999999999997,-0.075122008306585331
171.14774107312221,698.98439573602286,-992.809057235718,32.189999999999998,-0.075092067321124487
171.16068207037895,698.81385186360433,-995.53418159484897,32.189999999999998,-0.075070618961886562
171.17363196901113,699.29452613719161,-995.53418159484897,32.399999999999999,-0.075143651207987119
171.18658759010367,699.60353899851566,-993.97087097168003,32.399999999999999,-0.075285102551619604
171.1995384376493,699.34576746355731,-993.252992630005,32.490000000000002,-0.075396383180209484
171.21248992677408,699.38041273762803,-994.731664657593,32.490000000000002,-0.075399675923995671
171.2254473153086,699.69898086498188,-995.59378623962402,32.090000000000003,-0.075425128969605904
171.23840678276301,699.81124253683379,-995.59378623962402,32.560000000000002,-0.075440842450952797
171.25136220310242,699.59269832835878,-994.44127082824696,32.140000000000001,-0.075442785810268934
171.26431796803209,699.61130620189294,-993.55697631835903,32.140000000000001,-0.075357399051964577
171.2772771622987,699.79649039752792,-996.40154838562,32.189999999999998,-0.075274100526580554
171.29024115184069,700.05543526770771,-997.97034263610794,32.189999999999998,-0.075244631410553139
171.30320100838154,699.83225320594738,-997.97034263610794,32.450000000000003,-0.07524413781055235
171.31616256820612,699.92423052686991,-997.13730812072697,32.210000000000001,-0.075237468505033683
171.32913016300242,700.25011899994797,-995.83959579467796,32.299999999999997,-0.075287879961275408
171.34210031065683,700.38797333836646,-995.83959579467796,32.299999999999997,-0.075392979714750161
171.35506545607407,700.11785253112998,-994.68326568603504,32.259999999999998,-0.075548397791006472
171.36802181187659,699.64321333654016,-993.42632293701195,32.259999999999998,-0.075578853074500199
171.38098584591481,700.05783806328748,-997.336864471436,32.119999999999997,-0.075539956903808006
171.39395244729999,700.1964748010588,-997.336864471436,32.119999999999997,-0.075512512896919168
171.40691689732972,700.08030160509782,-1000.12159347534,32.409999999999997,-0.075650890874634044
171.41988185441355,700.10768252667697,-997.92408943176304,32.409999999999997,-0.075856914950415508
171.43285156020741,700.3641128676278,-998.56519699096702,32.509999999999998,-0.076094258370319454
171.44582042160124,700.31851526669516,-998.56519699096702,32.509999999999998,-0.076262612516129508
171.45878663286541,700.17540826512038,-997.70832061767601,32.590000000000003,-0.076375091448363852
171.47174915298768,699.97608660265064,-997.77889251708996,32.590000000000003,-0.076392516492542584
171.48471744317158,700.2876699314761,-997.77889251708996,32.140000000000001,-0.076297778222479809
171.49769108639015,700.57673380220251,-997.66564369201706,32.140000000000001,-0.076166818746070578
171.51066146066665,700.40021093195514,-996.37603759765602,32.210000000000001,-0.076098639725558914
171.52363509043215,700.57600733562617,-996.27041816711403,32.210000000000001,-0.076085935450046785
171.53661001991119,700.64619186837774,-995.71967124938999,32.240000000000002,-0.076150806207090319
171.54958841183947,700.83316412666534,-995.71967124938999,32.240000000000002,-0.076141439171375266
171.56256286013456,700.62020793618274,-996.22774124145496,32.259999999999998,-0.076076328340466612
171.57553559997027,700.52795112724914,-1000.5464553833,32.259999999999998,-0.075947063871211556
171.58851620016793,700.95241067398968,-1000.07295608521,32.119999999999997,-0.075820462984801829
171.6014969245432,700.95911626480279,-1000.07295608521,32.119999999999997,-0.075684430906054673
171.61447325100502,700.72162893787788,-1000.38385391235,32.100000000000001,-0.075633771096022526
171.62745022628889,700.75666532918501,-1004.14204597473,32.100000000000001,-0.075696245249848249
171.64042876722965,700.84121080156592,-1003.90124320984,32.560000000000002,-0.075849552328554934
171.65339923981116,700.40551940148043,-1003.90124320984,32.560000000000002,-0.075989426630127047
171.66636317657907,700.05258546608297,-1004.7669410705601,32.159999999999997,-0.07598932521999846
171.67933244154702,700.3403082692098,-1003.1929016113299,32.560000000000002,-0.07595163666500418
171.6923045832666,700.49565285887752,-1001.8906593322801,32.530000000000001,-0.075968457385575228
171.70527756317657,700.54091513795038,-1001.8906593322801,32.530000000000001,-0.076047723285475072
171.71824797056669,700.40199906605574,-1001.97076797485,32.189999999999998,-0.076118884608705362
171.73121900194192,700.43569426335546,-1003.68571281433,32.189999999999998,-0.076181701280790284
171.74418922099761,700.39182900664275,-1001.86944007874,32.229999999999997,-0.076216548266554843
171.75715836903331,700.33399392753722,-1001.86944007874,32.229999999999997,-0.076222999228266849
171.77012488452959,700.19183679938135,-1000.04911422729,32.450000000000003,-0.076114667786460241
171.78309511703702,700.39255540177123,-998.70824813842796,32.240000000000002,-0.076022123295999444
171.79607421677164,700.87138566893714,-998.98386001586903,32.310000000000002,-0.076054870668564575
171.80904915245924,700.6465271297817,-998.98386001586903,32.310000000000002,-0.076222174491100178
171.82201827358887,700.33254099988051,-1000.04315376282,32.210000000000001,-0.07645155717082347
171.83498891587908,700.41468367118568,-1000.3514289856,32.210000000000001,-0.076638036925053069
171.84795461284571,700.14763619882478,-1000.3514289856,32.280000000000001,-0.076684203618614694
171.86091779627779,700.01190533285478,-999.59659576416004,32.189999999999998,-0.076666501247675281
171.8738785768962,699.88215339326587,-1000.0851154327401,32.32,-0.076630554265191261
171.88684255195184,700.05465300575474,-1003.05366516113,32.32,-0.076588162531778844
171.89980998428268,700.24134586396713,-1003.06224822998,32.359999999999999,-0.076678477019631167
171.91277805301857,700.27571173796252,-1003.06224822998,32.359999999999999,-0.076869675475421284
171.92574317256665,700.11645559670592,-1002.9468536377,32.350000000000001,-0.077079047138540094
171.93870630425675,700.00911126615063,-1000.68473815918,32.350000000000001,-0.077274277184734674
171.9516664991778,699.85052573563769,-1000.00953674316,32.140000000000001,-0.077318629870765057
171.96462598629259,699.81230419886197,-1000.00953674316,32.140000000000001,-0.077253477647557994
171.97757863232718,699.44288586787491,-999.43900108337402,32.43,-0.07714552597914523
171.99053368945061,699.57308466511722,-998.31461906433105,32.090000000000003,-0.077107543539473494
172.0034907137358,699.6793114008675,-998.93164634704601,32.140000000000001,-0.077079239611765854
172.01644428281358,699.49273019936049,-998.93164634704601,32.140000000000001,-0.077089557631498662
172.02939978076299,699.59688926903107,-1000.32711029053,32.549999999999997,-0.077106079293011456
172.04236232779144,699.97753953580332,-996.94871902465798,32.549999999999997,-0.077110371656432697
172.05533004572843,700.25676859752855,-995.46003341674805,32.560000000000002,-0.077168869061369549
172.06829960871852,700.3564014651231,-995.46003341674805,32.560000000000002,-0.077263409685454212
172.08126974395554,700.38730279907065,-995.069980621338,32.43,-0.077331365189508644
172.09424478933207,700.6524503322338,-999.01247024536099,32.43,-0.077446894719977941
172.10722283046297,700.81422106867137,-999.01247024536099,32.189999999999998,-0.077548320922821379
172.12019197746298,700.33393800025658,-999.45688247680698,32.189999999999998,-0.077567678979895555
172.13316079332603,700.31605660429091,-999.04561042785599,32.259999999999998,-0.077503473600998046
172.14613044117024,700.3609835889838,-998.08073043823197,32.259999999999998,-0.077454600896195214
172.15909282573455,699.96876647127044,-996.85359001159702,32.32,-0.07743869804747236
172.17205524961975,699.97088980082287,-996.85359001159702,32.32,-0.077480334374619486
172.18501327455925,699.73334673348131,-995.88203430175804,32.140000000000001,-0.077500137397196703
172.19797241087534,699.79336106941992,-995.41854858398403,32.140000000000001,-0.077464641588251351
172.21093495790367,699.97753953030735,-995.41854858398403,32.359999999999999,-0.077372122969592769
172.22389030580737,699.58878679875386,-995.61786651611305,32.119999999999997,-0.07728631918632213
172.23684553160493,699.58219306799788,-995.18609046936001,32.090000000000003,-0.077209278113835739
172.24980940317897,700.04906499875437,-995.33128738403298,32.090000000000003,-0.077219421249878836
172.2627689430692,699.81515407193467,-994.87662315368596,32.490000000000002,-0.077322378961147603
172.27572619501117,699.69160486677708,-994.87662315368596,32.490000000000002,-0.077504101727164543
172.28868349248404,699.6940635346773,-994.42195892333996,32.469999999999999,-0.077654018791969981
172.30164240114448,699.78106766396638,-992.75183677673294,32.469999999999999,-0.077726002782411069
172.31460113492224,699.77162399968188,-992.75183677673294,32.119999999999997,-0.077756824385196127
172.3275584127345,699.69300186165708,-991.99199676513695,32.539999999999999,-0.077732378203354074
172.34051998497657,699.92490107166168,-993.818759918213,32.140000000000001,-0.077777856753529703
172.35348400039015,700.05683233403579,-994.52495574951195,32.140000000000001,-0.077868945276130641
172.36645171832717,700.25676859752855,-994.55451965331997,32.159999999999997,-0.077983769070013878
172.37941686995305,700.11818779802991,-994.26555633544899,32.159999999999997,-0.078146234154005498
172.39238296428516,700.16909393443962,-993.31212043762196,32.189999999999998,-0.07823839576715641
172.40535534711361,700.50867273640324,-992.00701713562,32.189999999999998,-0.078192509503457269
172.41832913934326,700.58478040015916,-992.20514297485295,32.450000000000003,-0.078039570814099568
172.43129519435314,700.16697053343921,-992.83003807067905,32.450000000000003,-0.077810414756072657
172.44425752614077,699.96591653224561,-992.83003807067905,32.369999999999997,-0.07765448134772153
172.45722566627771,700.279567395247,-993.23439598083496,32.369999999999997,-0.077611225553680357
172.47018385471605,699.74217567033497,-993.663549423218,32.210000000000001,-0.077618786857921895
172.48313927505558,699.59269833385486,-993.325233459473,32.280000000000001,-0.077638835128439707
172.49609672774827,699.70244540502983,-992.98453330993596,32.259999999999998,-0.077698634316189466
172.50905718343955,699.8646073301519,-991.78481101989701,32.259999999999998,-0.077774596089479592
172.52201468890735,699.70529526161454,-991.78481101989701,32.210000000000001,-0.077793628184277569
172.53496801687658,699.47971033832266,-992.88606643676803,32.310000000000002,-0.077786857469546319
172.54792828319756,699.85438133246612,-994.16160583496105,32.450000000000003,-0.077772524414476046
172.56088782929754,699.81548939929064,-992.88415908813499,32.450000000000003,-0.07773282834242369
172.57384772515923,699.83437653000396,-995.37110328674305,32.140000000000001,-0.077727847835107569
172.58680004005683,699.42500447190912,-995.37110328674305,32.140000000000001,-0.0776521706338308
172.59976007975683,699.84214379933326,-995.28431892394997,32.560000000000002,-0.077659823000762407
172.61272506891856,700.10941473349681,-995.71490287780796,32.140000000000001,-0.077695810339549115
172.62568463364448,699.81649519999007,-995.71490287780796,32.189999999999998,-0.07760416509347097
172.63863622728269,699.38605646306087,-995.64170837402298,32.189999999999998,-0.077455933722646697
172.65159240820367,699.63376973271147,-995.98956108093296,32.530000000000001,-0.077324862488568624
172.66454908169018,699.66036827142557,-997.93982505798294,32.530000000000001,-0.077222447015157056
172.67750048699506,699.37588646410381,-997.39909172058105,32.450000000000003,-0.077263793598047373
172.690447474726,699.13733746965488,-996.62017822265602,32.450000000000003,-0.077253616310887438
172.70339638615673,699.24121726016233,-996.62017822265602,32.380000000000003,-0.077208482349741106
172.71634286683457,699.10995660303581,-997.40409851074196,32.380000000000003,-0.07716854516752257
172.72928543078399,698.89845326876184,-997.16734886169399,32.210000000000001,-0.077204235518937125
172.74222660395796,698.82335139471365,-997.16734886169399,32.210000000000001,-0.07727432582086087
172.75517216262719,699.06016813837471,-995.78928947448696,32.189999999999998,-0.077302701150138209
172.76812212541731,699.29799066624753,-1001.86133384705,32.369999999999997,-0.077301533893287436
172.78107378424824,699.38957686993342,-1001.32846832275,32.469999999999999,-0.077296027706132669
172.79402355870494,699.28782066179451,-1000.41198730469,32.469999999999999,-0.077338090373861731
172.8069776017222,699.51832293187886,-1000.41198730469,32.140000000000001,-0.077464468777163731
172.81993504924068,699.70216599945854,-1000.7848739624,32.140000000000001,-0.077593497310633391
172.83288675360373,699.39203560378576,-1003.4613609314,32.119999999999997,-0.077781826257573017
172.84584021816664,699.48708639698361,-1003.4613609314,32.119999999999997,-0.078017932052507746
172.85879969803821,699.81191306513745,-1002.27165222168,32.549999999999997,-0.078220574392175932
172.87176247893086,699.9901682026607,-1000.9617805481,32.170000000000002,-0.078348901328767748
172.88472163490991,699.79442286884807,-1000.9617805481,32.549999999999997,-0.078374277800870126
172.89768197987647,699.85862819492309,-1002.08497047424,32.549999999999997,-0.07835373696339569
172.91064546133092,700.02799853976001,-1001.29222869873,32.189999999999998,-0.078302888820863739
172.92360799594076,699.97686893055561,-1000.53882598877,32.490000000000002,-0.078205580098667821
172.93656677421606,699.77402686670951,-1000.83684921265,32.299999999999997,-0.07811608206907468
172.94952517685797,699.75374266417202,-1000.83684921265,32.299999999999997,-0.078062837321900044
172.96248587158766,699.87751540258034,-1000.6377696991,32.310000000000002,-0.0781095338355174
172.97544620310256,699.85790180529057,-1004.54235076904,32.310000000000002,-0.078247229878492586
172.98840393622717,699.71758872752389,-1004.69779968262,32.350000000000001,-0.078358606745069351
173.00135417841358,699.31307806695713,-1004.69779968262,32.350000000000001,-0.078461989759499473
173.01431056008516,699.64461026546826,-1004.15110588074,32.119999999999997,-0.078537481733006703
173.02726998304323,699.80883973575806,-1005.23066520691,32.43,-0.078545271729104041
173.04022063397653,699.33515039809913,-1007.2007179260301,32.100000000000001,-0.07851268992542719
173.05316868134685,699.19455799720129,-1008.73589515686,32.100000000000001,-0.078432996653733239
173.0661258556778,699.68741387114483,-1008.43715667725,32.159999999999997,-0.078392437555724739
173.0790813018877,699.59409533423093,-1005.67889213562,32.159999999999997,-0.078423911084588835
173.092032310863,699.35448466676166,-1005.75423240662,32.159999999999997,-0.078579106677839183
173.10498947795062,699.68702273192423,-1005.75423240662,32.159999999999997,-0.078763678255488745
173.11795323983708,700.04314186775025,-1005.80906867981,32.539999999999999,-0.078925005057024752
173.13092155589015,700.28906686590028,-1003.80730628967,32.539999999999999,-0.078976724504013232
173.14388712350745,700.1406513343444,-1003.80730628967,32.409999999999997,-0.078882700246390672
173.15685567963459,700.30203086560948,-1003.57866287231,32.409999999999997,-0.078808260667436875
173.16982769200374,700.48866793394109,-1003.57866287231,32.280000000000001,-0.078805170745638059
173.18280505016421,700.77734066544701,-1003.26943397522,32.280000000000001,-0.078914295881176322
173.19577796591602,700.53745059790242,-1003.21531295776,32.299999999999997,-0.079084860366947812
173.20875138147781,700.56444033629305,-1003.48997116089,32.299999999999997,-0.079274113392651696
173.22173223520375,700.96610120073103,-1002.45308876038,32.43,-0.07945915373673465
173.23471875447413,701.27204060077167,-1003.53693962097,32.43,-0.079504265967008297
173.24770424618515,701.21655239546124,-1003.53693962097,32.5,-0.079451204381107768
173.26069169470858,701.32222026510908,-1007.3709487915,32.5,-0.079458856748548273
173.27368418375676,701.59440860102529,-1008.24737548828,32.100000000000001,-0.079465766126710746
173.2866700076396,701.23448967473962,-1004.56833839417,32.100000000000001,-0.079647897639600673
173.29965305721603,701.08467712631966,-1005.71441650391,32.159999999999997,-0.079819543493913653
173.31263491780359,701.02047172879691,-1005.71441650391,32.159999999999997,-0.07990400203354199
173.32561269919881,700.8001953409821,-1006.69860839844,32.549999999999997,-0.079948590653729307
173.33858982349386,700.76471193263762,-1004.44436073303,32.189999999999998,-0.079969304302800262
173.35155912054071,700.34204053098983,-1003.19957733154,32.409999999999997,-0.079959559564665023
173.36453015812594,700.43602960170335,-1003.19957733154,32.409999999999997,-0.079918195389795985
173.37750616586919,700.70441813616776,-1004.42862510681,32.240000000000002,-0.07983033648811548
173.39048572091605,700.8959725293081,-1003.19457054138,32.229999999999997,-0.079828251359925412
173.40345946761479,700.58232173225883,-1001.60503387451,32.140000000000001,-0.079862435037703364
173.41643609830871,700.73805747213885,-1001.60503387451,32.140000000000001,-0.079947195739695331
173.42941746633085,700.99387319557866,-1001.36113166809,32.509999999999998,-0.079967710706792441
173.44239985259878,701.04885846756349,-1002.16770172119,32.509999999999998,-0.079966277504681438
173.45537074117158,700.42798293229873,-1002.16770172119,32.549999999999997,-0.079996345770546401
173.46834137621858,700.41429253746128,-1000.62584877014,32.549999999999997,-0.079979808586501888
173.48131380457903,700.51113146475961,-1000.3190040588401,32.469999999999999,-0.079923993390959888
173.4942830229802,700.33779366303702,-1005.28764724731,32.469999999999999,-0.079847533877146562
173.50724811044816,700.1147232689741,-1004.91380691528,32.229999999999997,-0.079739618425022959
173.52021550966668,700.23955780131439,-1002.54154205322,32.229999999999997,-0.079784050790614555
173.53317969375186,700.06594059951658,-1002.54154205322,32.280000000000001,-0.079874805070810462
173.54613814813456,699.75653666492417,-1001.08242034912,32.280000000000001,-0.079976090540470363
173.55909110564326,699.45970546990839,-1000.95653533936,32.240000000000002,-0.079967105347087258
173.57203930202465,699.20260459515794,-999.83096122741699,32.32,-0.079854955482571821
173.58499064213703,699.37236606822341,-999.03869628906205,32.119999999999997,-0.079631871646925007
173.59794217782726,699.38292727235296,-999.91512298583996,32.119999999999997,-0.079394817973109877
173.61089690278027,699.55514746278277,-999.91512298583996,32.43,-0.079164893056241817
173.62385339517536,699.65058933474495,-999.82428550720203,32.119999999999997,-0.07905022655020201
173.63681706496422,700.0381685991731,-999.45592880249001,32.119999999999997,-0.079015911453227727
173.64977594775428,699.77967066359042,-997.49970436096203,32.119999999999997,-0.079081583146304035
173.66273157609018,699.60393013773614,-997.49970436096203,32.530000000000001,-0.07915372339408884
173.67568936819885,699.72077386749663,-996.10090255737305,32.530000000000001,-0.079191985229866466
173.68864721101235,699.72351192997621,-995.64743041992199,32.490000000000002,-0.079155028280207124
173.70159940276665,699.41835473143271,-996.42729759216297,32.490000000000002,-0.079037653695514673
173.71455337438275,699.51446726909853,-997.752904891968,32.359999999999999,-0.078859362336613364
173.72751369244568,699.85717539917039,-997.752904891968,32.359999999999999,-0.078797220355542125
173.74048093644319,700.23117586500996,-998.74758720397904,32.259999999999998,-0.07881593269609953
173.75344386013825,699.99787953371742,-994.81201171875,32.259999999999998,-0.078964351365158114
173.76640703736058,700.01157000549892,-994.77934837341297,32.329999999999998,-0.079127021340482315
173.77936816153453,699.90070539447925,-994.77934837341297,32.329999999999998,-0.079209183653468379
173.79233129943464,700.00944660449852,-994.95148658752396,32.119999999999997,-0.079136701921588087
173.80528621892961,699.56565272863963,-997.99346923828102,32.399999999999999,-0.078979307371606952
173.81823090112101,699.01283833611819,-996.81568145751896,32.090000000000003,-0.078822069076933995
173.83117779054561,699.13202892868173,-996.81568145751896,32.090000000000003,-0.078807770170537902
173.84412935210622,699.38432427272903,-995.19729614257801,32.100000000000001,-0.078839298544174485
173.85707537850621,699.08542559849752,-996.12259864807095,32.100000000000001,-0.078865543215188946
173.8700187868543,698.94405079824662,-995.21851539611805,32.159999999999997,-0.078895204804238561
173.88297067955179,699.40220566319874,-993.24965476989701,32.159999999999997,-0.078884400427722087
173.89592239012356,699.39237087618164,-992.47312545776401,32.560000000000002,-0.078891854112476303
173.90887388028148,699.3804685275087,-992.300987243652,32.560000000000002,-0.078940326347379866
173.92182200422712,699.1986930655529,-992.300987243652,32.549999999999997,-0.078950815109058645
173.93477576784818,699.50323553666533,-992.112636566162,32.549999999999997,-0.079004997387166279
173.94773300737154,699.69093426152926,-992.573022842407,32.329999999999998,-0.078976908698433282
173.96069148762348,699.7579336048442,-991.932153701782,32.329999999999998,-0.078925334123420537
173.97365027314322,699.77441806638603,-991.932153701782,32.259999999999998,-0.078904491125210904
173.98661206579885,699.93680340384662,-991.35828018188499,32.259999999999998,-0.078867544523804262
173.99957762099754,700.13998072909669,-993.36719512939396,32.409999999999997,-0.078864032401437037
174.0125358994641,699.74703719427089,-993.38865280151401,32.409999999999997,-0.07885726686200259
174.02548868209135,699.45026187157589,-992.037534713745,32.520000000000003,-0.078833689913236318
174.03844295897414,699.53095167018421,-992.037534713745,32.520000000000003,-0.0788262755500104
174.05140584334697,699.99575613271702,-992.55442619323696,32.159999999999997,-0.078753791748886678
174.06436148409995,699.60460066054384,-992.545127868652,32.159999999999997,-0.078591418761850634
174.07731455957781,699.46607580481384,-992.545127868652,32.57,-0.078443495763766496
174.09027520877649,699.87505672918405,-992.46835708618198,32.210000000000001,-0.078280347709446571
174.10323656060623,699.91299880542863,-992.75159835815396,32.259999999999998,-0.07825611987018985
174.11619483286302,699.74670186691503,-991.36161804199196,32.259999999999998,-0.078210288450957857
174.12915227313832,699.70177486573402,-992.73562431335404,32.159999999999997,-0.078171839316233491
174.14211385883337,699.92562753274206,-994.57287788391102,32.159999999999997,-0.078105181454265982
174.15507435902097,699.86701013122752,-994.57287788391102,32.100000000000001,-0.077964012613912309
174.16802814230377,699.50429727014159,-995.58591842651401,32.100000000000001,-0.07786340080262906
174.18098413385442,699.62354373502581,-994.95744705200195,32.189999999999998,-0.077819060533382375
174.19394458954571,699.8646073301519,-994.95744705200195,32.189999999999998,-0.077833163862636667
174.20690745425679,699.99469439924076,-994.91667747497604,32.469999999999999,-0.077901979286695663
174.21986549264818,699.73407313410564,-997.03502655029297,32.469999999999999,-0.077855494907119113
174.23282136105803,699.61689413194927,-999.41849708557095,32.259999999999998,-0.077751519985966785
174.24578964399751,700.28727873179957,-999.41849708557095,32.259999999999998,-0.077582510808431412
174.25875779758763,700.28029386731919,-998.90851974487305,32.119999999999997,-0.077389735314652042
174.27171951987648,699.93300359689874,-998.30555915832497,32.119999999999997,-0.077243418328443419
174.28468562662599,700.16976447373543,-998.30555915832497,32.490000000000002,-0.077177342026980983
174.29765718989134,700.46441632947801,-998.71468544006302,32.490000000000002,-0.077157206833277731
174.31062782493703,700.41429246601319,-1000.08916854858,32.579999999999998,-0.077149889741897085
174.32359342566792,700.14243946844488,-999.98807907104504,32.579999999999998,-0.077093533343781162
174.33655940203218,700.16272367098236,-999.98807907104504,32.159999999999997,-0.077033864541064007
174.34952728967656,700.26593279578606,-1001.6467571258499,32.509999999999998,-0.076941322120457303
174.36249062211982,700.01995193630728,-1001.70564651489,32.210000000000001,-0.076861658857729331
174.3754458996568,699.58498699730205,-1004.02402877808,32.210000000000001,-0.076853484949751277
174.38839991059626,699.51659073055498,-1004.02402877808,32.25,-0.076911602583228059
174.40135799348394,699.73647593518137,-1004.23359870911,32.25,-0.077034728601896321
174.41431275154935,699.55693553093124,-1004.67443466187,32.299999999999997,-0.077123097660273074
174.42726572251112,699.46043193648484,-1004.87112998962,32.299999999999997,-0.07701119614903916
174.44022430624449,699.76352160085253,-1004.87112998962,32.140000000000001,-0.076872804719460855
174.45319272577782,700.29465480145245,-1005.10382652283,32.140000000000001,-0.076795378699708691
174.46616082141858,700.27716459966723,-1005.58400154114,32.119999999999997,-0.07680991354148306
174.47912673983333,700.15959439783433,-1005.44381141663,32.119999999999997,-0.07687423895634625
174.49209267790997,700.16065613680655,-1005.2273273468001,32.119999999999997,-0.076846383097854146
174.50506023338269,700.2479955274996,-1005.2273273468001,32.119999999999997,-0.076654602048616585
174.51801832972345,699.73720240175771,-1004.74071502686,32.579999999999998,-0.076377254186362806
174.5309748159099,699.65025406784514,-1005.97548484802,32.579999999999998,-0.075983715553777031
174.54393532851481,699.86768066502714,-1006.98399543762,32.530000000000001,-0.075731918008775198
174.55690504776052,700.36483926825224,-1006.98399543762,32.530000000000001,-0.075634669304409458
174.56987165535438,700.19681006795861,-1008.95714759827,32.210000000000001,-0.075641010576271164
174.58283974996053,700.27710873284275,-1008.25905799866,32.390000000000001,-0.075705081431445637
174.59581176853823,700.48900319534505,-1006.95610046387,32.25,-0.075766203097190621
174.60878328730624,700.46201347344231,-1006.95610046387,32.25,-0.075738731150172114
174.62175023845558,700.21536206367603,-1007.07268714905,32.159999999999997,-0.075610551155511921
174.63471196695306,699.93333886379878,-1008.50677490234,32.350000000000001,-0.075482429107911794
174.64767609826413,700.06309079789185,-1014.36758041382,32.479999999999997,-0.075432482279107704
174.66064523905558,700.33360273885273,-1014.36758041382,32.479999999999997,-0.075501790270530444
174.67360874120612,700.02911612906883,-1014.65082168579,32.119999999999997,-0.075557915908056009
174.68657260657162,700.04872973735053,-1012.8695964813199,32.119999999999997,-0.0756283187195783
174.69953850636057,700.15858860263086,-1012.8695964813199,32.579999999999998,-0.075627833397569011
174.71251042766661,700.48375052669257,-1012.02607154846,32.210000000000001,-0.075629933012498651
174.72547772340496,700.23396987125807,-1012.02607154846,32.450000000000003,-0.075609469785952663
174.73844275809881,700.11187346734926,-1011.14892959595,32.229999999999997,-0.07558733224875791
174.75141442587781,700.470060065903,-1011.14892959595,32.259999999999998,-0.075628405643679744
174.76438933569503,700.64513012940563,-1010.45918464661,32.259999999999998,-0.07564715627099107
174.77736184787415,700.51565767233171,-1010.83397865295,32.119999999999997,-0.07557273325005584
174.79033606954695,700.6079703316019,-1011.43074035645,32.119999999999997,-0.075424498773788873
174.80331075791725,700.63317199634798,-1011.43074035645,32.460000000000001,-0.07525108237216338
174.81628671391977,700.70162413541561,-1011.54470443726,32.090000000000003,-0.075198291903664782
174.82926131743571,700.62858986149536,-1011.06667518616,32.539999999999999,-0.075242301035643805
174.84223292726662,700.46693086969901,-1011.6105079650901,32.539999999999999,-0.07538909609952503
174.85521025334808,700.77560839817102,-1011.58571243286,32.57,-0.075580415626055206
174.8681919845852,701.01348680386036,-1011.58571243286,32.57,-0.075695254943182633
174.88116909025439,700.76370613743404,-1013.00883293152,32.450000000000003,-0.075674627183235185
174.89414422669381,700.65736772849039,-1014.3268108367899,32.450000000000003,-0.075659909181713378
174.90712668539746,701.05276999716853,-1014.3268108367899,32.259999999999998,-0.075686543972338843
174.92010601899628,700.88401433579452,-1012.87412643433,32.259999999999998,-0.075895126080212857
174.93307539365316,700.34623147166212,-1011.89732551575,32.259999999999998,-0.076063658213017998
174.94604430782343,700.32136519472783,-1010.76316833496,32.259999999999998,-0.076176996032416289
174.95901506601112,700.42094213504174,-1012.02607154846,32.159999999999997,-0.076188242270010892
174.97198894309511,700.5893625350119,-1012.02607154846,32.409999999999997,-0.076125912989076908
174.98495950570492,700.41038093091231,-1011.15894317627,32.140000000000001,-0.076046942007814672
174.99793123867778,700.47358053323148,-1008.80002975464,32.140000000000001,-0.076007781963751894
175.01091359390125,701.0471820671122,-1007.72380828857,32.090000000000003,-0.075971868095167649
175.02390074957538,701.3064064033191,-1008.09526443481,32.090000000000003,-0.076077966432383529
175.03688561833573,701.18291305949003,-1008.09526443481,32.119999999999997,-0.076161996564629159
175.04987033084069,701.17447526735305,-1005.32078742981,32.119999999999997,-0.076262131333523081
175.06286410614811,701.66386660124863,-1005.47218322754,32.57,-0.076252138241088535
175.0758591615074,701.73298940052405,-1005.47218322754,32.57,-0.076208640303226355
175.08884587532094,701.28254593258055,-1006.19530677795,32.159999999999997,-0.0761531966008476
175.10182978274943,701.13100113886878,-1005.32674789429,32.57,-0.07623676831531967
175.11482017321725,701.48108526164924,-1004.15897369385,32.170000000000002,-0.076339228285149233
175.12780569183334,701.21800526815787,-1004.0009021759,32.479999999999997,-0.076471266026183898
175.14078217351599,700.73001086319039,-1004.8842430114699,32.240000000000002,-0.076488487214923989
175.15375571946299,700.57148113904611,-1005.20634651184,32.240000000000002,-0.076392969736953142
175.16673257160497,700.75001566565265,-1005.20634651184,32.210000000000001,-0.076181483971859781
175.17970789016914,700.66720246604348,-1004.9512386322,32.210000000000001,-0.075994029433089194
175.19267615344822,700.2862170697714,-1004.96101379395,32.32,-0.075882165175056152
175.20564191664326,700.15121253297798,-1002.89130210876,32.32,-0.075949436675229229
175.2186115117124,700.3581337323991,-1002.89130210876,32.25,-0.076111148421282998
175.23157370794203,699.95859640086542,-1002.20561027527,32.25,-0.076215924280910771
175.24452995922837,699.63756946271519,-1002.69508361816,32.140000000000001,-0.076174190681307707
175.25748249557282,699.43696259947069,-1002.68745422363,32.140000000000001,-0.076039726327682161
175.27043719465556,699.55375046790266,-999.83787536621105,32.439999999999998,-0.07593139695644209
175.28339000936174,699.4519941333557,-999.31836128234897,32.090000000000003,-0.075953365820628962
175.29634031053212,699.3162632014338,-999.31836128234897,32.520000000000003,-0.076060495856096422
175.30929010464945,699.28888233481473,-1001.02257728577,32.520000000000003,-0.076281867093322783
175.32224339432966,699.47764273269888,-999.34983253479004,32.579999999999998,-0.076438086106527858
175.33519436398274,699.35236126576126,-999.34983253479004,32.579999999999998,-0.076492156625745336
175.34814099470745,699.11805913376895,-997.93505668640103,32.159999999999997,-0.07633183772336255
175.36109460207288,699.4947977335363,-997.87092208862305,32.560000000000002,-0.076141866543881817
175.37405635023342,699.9344006687229,-998.05665016174305,32.189999999999998,-0.076038490774399045
175.3870133745173,699.67931132941953,-996.22726440429699,32.189999999999998,-0.076111775512166219
175.39997026324318,699.67199119803922,-996.22726440429699,32.5,-0.076259942725045007
175.41292570945308,699.59409533423093,-996.22797966003395,32.189999999999998,-0.076375402924002245
175.42587769942097,699.40745826589932,-996.78969383239701,32.409999999999997,-0.076299065515906914
175.43881994465184,698.88124246705183,-997.16877937316895,32.240000000000002,-0.076017768846725925
175.45175660298142,698.57954979756414,-996.25468254089401,32.240000000000002,-0.075698363491429221
175.46469700315805,698.78160953900135,-995.04470825195301,32.240000000000002,-0.075466016100966038
175.47764695352967,699.29732006649579,-996.609926223755,32.140000000000001,-0.075456119245602374
175.49059319413334,699.09699259783054,-996.609926223755,32.140000000000001,-0.075550471535253447
175.50353584293708,698.90303540361469,-997.74289131164505,32.090000000000003,-0.075693451281970331
175.5164838499494,699.19237866342428,-997.50471115112305,32.090000000000003,-0.075697117588264959
175.52943457952838,699.33939726605206,-997.44606018066395,32.5,-0.075595882824280008
175.54237780575193,698.93421607168557,-997.44606018066395,32.5,-0.075437188562866742
175.55531943423836,698.84793826607665,-996.27637863159202,32.57,-0.075334731695222992
175.56826606496304,699.11805913376895,-996.86360359191895,32.57,-0.075363676166898583
175.58121376049999,699.17555899543868,-996.84524536132801,32.549999999999997,-0.075487143669865892
175.59416057955923,699.12822919867813,-996.84524536132801,32.549999999999997,-0.075562376943162007
175.60710583296054,699.04368367133713,-996.31786346435501,32.189999999999998,-0.075547280203529618
175.62005647147646,699.33447985880343,-997.47538566589401,32.189999999999998,-0.075358279669390571
175.63301313254567,699.65969773762583,-997.69091606140103,32.189999999999998,-0.07516532722451004
175.64596753877902,699.53793660061672,-997.69091606140103,32.189999999999998,-0.075021165732981482
175.65892129619132,699.50290026426956,-996.22535705566395,32.240000000000002,-0.075001161959288784
175.67187973712092,699.75581019834783,-994.32492256164505,32.240000000000002,-0.075069493096825313
175.6848367034556,699.6761820727595,-995.10693550109897,32.259999999999998,-0.075174068203505584
175.6977844838469,699.18014113029142,-995.10693550109897,32.259999999999998,-0.075110201206823088
175.71072850272839,698.97701960041798,-995.43666839599598,32.170000000000002,-0.074992029823363393
175.72367310006544,699.00825620126545,-996.89078330993596,32.170000000000002,-0.074767483811413973
175.73662339399263,699.31587206770939,-998.05283546447697,32.119999999999997,-0.074655252198500999
175.7495710057099,699.17103273290661,-999.53675270080601,32.119999999999997,-0.074737899832885688
175.76251734358522,699.10224526648301,-999.53675270080601,32.479999999999997,-0.075025803719086862
175.77546910693212,699.39522073276646,-999.28331375122104,32.479999999999997,-0.075412423660133621
175.78842460488275,699.59688933498308,-998.00467491149902,32.539999999999999,-0.075684509550739729
175.80137187201112,699.15242493082053,-998.55089187622104,32.539999999999999,-0.075698332447078201
175.81431826162716,699.10503926723516,-999.46236610412598,32.560000000000002,-0.075565348897017243
175.8272734543099,699.58040486794539,-999.30238723754906,32.560000000000002,-0.07542809264485896
175.84023796332349,700.08348673407841,-997.70879745483398,32.210000000000001,-0.075484386955392391
175.85320501898758,700.22100586055694,-997.70879745483398,32.210000000000001,-0.075672476862528815
175.86617040447899,700.13081653633526,-996.63758277893101,32.259999999999998,-0.075974231585910559
175.87913557576661,700.11924953150617,-997.59244918823197,32.259999999999998,-0.076085921997470926
175.89210143623208,700.15646513567833,-997.15447425842297,32.240000000000002,-0.076044074569021819
175.90506299605798,699.92423059831799,-997.15447425842297,32.299999999999997,-0.075800951776844414
175.9180240032988,699.89439100334255,-997.52569198608398,32.119999999999997,-0.075564987750681822
175.93099622987154,700.50023492777825,-1001.5275478363,32.119999999999997,-0.075418865307451302
175.94397399057166,700.79907780663325,-1001.8527507781999,32.119999999999997,-0.075512132090582926
175.95694771140003,700.58092473188265,-1001.8527507781999,32.119999999999997,-0.075736140003976229
175.96992282921238,700.65636186733479,-999.94301795959495,32.140000000000001,-0.075951570437306382
175.98289769349881,700.64267146700126,-1000.73599815369,32.140000000000001,-0.075953679366732127
175.99587006287408,700.50794626433105,-1000.73599815369,32.549999999999997,-0.075828570664980305
176.00883513689016,700.11399686834966,-1003.09252738953,32.549999999999997,-0.07563481107307983
176.02180138644198,700.17747579929619,-1003.5259723663301,32.380000000000003,-0.075611206184896348
176.0347713333457,700.3771328001136,-1005.11264801025,32.380000000000003,-0.07573613793564879
176.04774018128765,700.31778886607071,-1005.71155548096,32.299999999999997,-0.075972874959648273
176.06070462510863,700.07996633270204,-1004.20331954956,32.189999999999998,-0.076255499281612391
176.07366627599632,699.92914793411853,-1004.20331954956,32.280000000000001,-0.076422677892173066
176.08663373419751,700.24274286434309,-1003.71146202087,32.280000000000001,-0.076430121228471024
176.09960288119751,700.33393800025658,-1005.88226318359,32.399999999999999,-0.076238255326411
176.11256870855061,700.15467706752975,-1006.96325302124,32.399999999999999,-0.075975763093521664
176.12553847953706,700.36763326900439,-1006.96325302124,32.119999999999997,-0.075887534767005355
176.13851455247286,700.70793853204827,-1005.88726997375,32.5,-0.075976934490691289
176.15149005316169,700.67703719810072,-1004.11772727966,32.159999999999997,-0.076117729767620518
176.16446098726664,700.43044166615107,-1003.68022918701,32.159999999999997,-0.076123033132482573
176.17743459116303,700.57461040669807,-1003.52668762207,32.189999999999998,-0.075949873361926559
176.19040935093329,700.6370275931763,-1002.95305252075,32.189999999999998,-0.075748448984275199
176.20338255850004,700.55320860385984,-1001.67679786682,32.450000000000003,-0.075636751328887045
176.21635536973707,700.5318068010215,-1001.67679786682,32.210000000000001,-0.075684500237057847
176.229329454816,700.60059426194903,-1003.21435928345,32.299999999999997,-0.075865957058018088
176.24230090839131,700.45849306656987,-1008.25047492981,32.299999999999997,-0.076024246712266541
176.25526670987415,700.15328007264975,-1008.25047492981,32.280000000000001,-0.076135058577069259
176.26822568993586,699.78492333224278,-1008.20255279541,32.140000000000001,-0.076086330744751046
176.28118501458772,699.80353120028099,-1006.6235065460201,32.119999999999997,-0.075958151784559891
176.29414997167041,700.10768246622104,-1006.74676895142,32.119999999999997,-0.075927219456335945
176.30711344070735,700.02732799496823,-1006.74676895142,32.520000000000003,-0.075880801305271417
176.3200779890432,700.08561013507892,-1007.89356231689,32.520000000000003,-0.076023217083156625
176.33304444038154,700.18837227032554,-1006.60300254822,32.140000000000001,-0.07622788556653419
176.34601349011112,700.32868539755623,-1004.43625450134,32.549999999999997,-0.076303724200044373
176.35898206486419,700.30303666630903,-1003.90315055847,32.189999999999998,-0.076173982686160865
176.37194199384078,699.83616473555253,-1003.90315055847,32.539999999999999,-0.07581079275164343
176.38490185141609,699.83230906727601,-1004.69207763672,32.210000000000001,-0.075421715154977878
176.39786713963588,700.12556386768279,-1004.62889671326,32.210000000000001,-0.075278209728829468
176.41083806028772,700.42971519957473,-1004.62889671326,32.380000000000003,-0.075391961467649565
176.42380523909259,700.22765546363348,-1004.37593460083,32.25,-0.075647062103570736
176.43677460133208,700.34556093236631,-1003.27467918396,32.25,-0.075840140796014782
176.44974502838272,700.40306073357999,-1003.39841842651,32.32,-0.075897072544666364
176.46271445478024,700.34902546691819,-1003.39841842651,32.159999999999997,-0.075739013652229598
176.47568093198885,700.18976926520554,-1002.49791145325,32.159999999999997,-0.075419755238762723
176.48864977993094,700.31778887156668,-1002.49791145325,32.359999999999999,-0.075148381292880068
176.50162401402224,700.60864093135365,-1002.2714138031,32.119999999999997,-0.075094120370189157
176.51459987275311,700.69637146676314,-1004.9910545349099,32.460000000000001,-0.075208870693971697
176.52757122181356,700.45284926419299,-1006.26397132874,32.100000000000001,-0.075365966185505243
176.54054325384445,700.48972966741735,-1004.58979606628,32.5,-0.075351915632288879
176.55351685773954,700.57461033524999,-1001.4634132385301,32.5,-0.075233489688428037
176.56648382854948,700.21642373669624,-1001.66821479797,32.140000000000001,-0.07497289528437491
176.57944649871851,699.98418912788782,-1002.82788276672,32.590000000000003,-0.074754855077383317
176.59241371684573,700.22977887013008,-1002.82788276672,32.5,-0.074720400281694535
176.60537543189125,699.93261245767837,-1001.83463096619,32.5,-0.074859731312161726
176.61833645879389,699.89545274231466,-1001.91402435303,32.240000000000002,-0.075139776906850989
176.63129445786302,699.73194973310524,-1001.91402435303,32.240000000000002,-0.075252257907921644
176.64425035938646,699.61868226604986,-1001.05357170105,32.310000000000002,-0.075206737965345827
176.65720709806538,699.66388866181012,-1001.05357170105,32.310000000000002,-0.075081505088327241
176.67016238181102,699.58532226420198,-1000.35953521729,32.210000000000001,-0.074949033764918405
176.68312289545059,699.86773653734781,-1000.04935264587,32.329999999999998,-0.075008457318575403
176.69609355636786,700.41568953234128,-1000.50020217896,32.140000000000001,-0.075132175244780108
176.70907076551725,700.76929406749036,-1000.63681602478,32.140000000000001,-0.075333100847133863
176.72205000184442,700.87876166714204,-1000.27275085449,32.469999999999999,-0.075480230152402336
176.7350259640568,700.70195946826755,-998.31676483154297,32.119999999999997,-0.075496931870764311
176.74800191902474,700.70156826859113,-998.31676483154297,32.159999999999997,-0.075431986608642143
176.76097438670743,700.51325486576002,-995.02110481262196,32.159999999999997,-0.075328769162286091
176.77394220191607,700.26202126618102,-995.17154693603504,32.469999999999999,-0.075239590887035288
176.78690959492474,700.23922246846269,-995.17154693603504,32.469999999999999,-0.075270103083628914
176.79987804757283,700.29644299600909,-996.51455879211403,32.259999999999998,-0.075331095399726336
176.81284822109629,700.38937026729445,-995.64099311828602,32.259999999999998,-0.075404453608204872
176.82581633536296,700.27817040036678,-994.98820304870605,32.140000000000001,-0.075353712049876967
176.83878354624687,700.22938773090948,-994.98820304870605,32.140000000000001,-0.075211039639802732
176.85175025111238,700.20206273661108,-995.32866477966297,32.439999999999998,-0.075049504844341225
176.8647176254951,700.23821666776314,-996.06013298034702,32.439999999999998,-0.074925939034041822
176.87768157468028,700.05325599988259,-995.76592445373501,32.140000000000001,-0.074964825891255679
176.89064544729024,700.04912093702706,-994.576454162598,32.539999999999999,-0.075153672239126446
176.90362040263943,700.64758885776178,-993.44158172607399,32.420000000000002,-0.075416297962389314
176.91659626033584,700.69631560543462,-994.86255645751896,32.420000000000002,-0.075603718351773291
176.92956514759996,700.31991226157515,-994.86255645751896,32.240000000000002,-0.075612004017827306
176.9425312160617,700.16769693406354,-995.48029899597202,32.240000000000002,-0.075535579687564303
176.95549957661109,700.29146966697601,-994.19665336608898,32.189999999999998,-0.075495980886034111
176.96846229955554,699.98703900096064,-994.64130401611305,32.329999999999998,-0.075547890737412041
176.98142024688403,699.72915573784906,-994.64130401611305,32.140000000000001,-0.075657134874955831
176.99438161113216,699.91366939968441,-995.94902992248501,32.479999999999997,-0.075716319390132736
177.00734384564939,699.96066392954515,-993.92533302307095,32.119999999999997,-0.075804285912318331
177.02030622400369,699.96843113292255,-991.732358932495,32.119999999999997,-0.075749233364630311
177.03325884416668,699.44148880154683,-991.732358932495,32.560000000000002,-0.075563807039524977
177.04621442697157,699.60147146433974,-992.18797683715798,32.189999999999998,-0.075349156848470183
177.05917094523704,699.65198633512114,-994.53639984130905,32.299999999999997,-0.075092610592025849
177.07212792399014,699.67685266701528,-992.81787872314396,32.299999999999997,-0.075011371324047449
177.08508116193093,699.47484880339459,-993.56269836425804,32.189999999999998,-0.074999732895868185
177.09803510767787,699.51307033467447,-993.56269836425804,32.189999999999998,-0.074990478654835477
177.11098676547414,699.38952099761286,-993.89505386352505,32.119999999999997,-0.074985222891019887
177.12393072640742,698.97389039871791,-995.27144432067905,32.119999999999997,-0.074850062115304386
177.13686442209635,698.41956720072312,-995.05090713500999,32.57,-0.07469156032630267
177.14979438939014,698.21823386540632,-995.05090713500999,32.189999999999998,-0.074556152232080036
177.16272818235058,698.42481986387963,-996.65498733520496,32.509999999999998,-0.074526158471497253
177.17566197634571,698.42487573620031,-996.41585350036598,32.509999999999998,-0.074687608413627413
177.1886000182063,698.65426047193603,-997.039794921875,32.299999999999997,-0.074921451094191224
177.20154632400246,699.10051299371116,-997.93982505798294,32.299999999999997,-0.075132293211400566
177.2145003928901,699.51971993225504,-997.93982505798294,32.119999999999997,-0.075219218721958039
177.22745357805681,699.47199900176997,-995.95069885253895,32.119999999999997,-0.075209371538716277
177.24040533415936,699.3948295385859,-995.95069885253895,32.5,-0.07516741752535068
177.25335991010132,699.54710086482601,-995.48387527465798,32.5,-0.075137168169287033
177.2663169674988,699.68109946352001,-996.39439582824696,32.119999999999997,-0.075124906789627424
177.27927674642839,699.8280621993232,-997.47347831726097,32.560000000000002,-0.075078821844361557
177.29223727248649,699.86840713709955,-998.52633476257301,32.189999999999998,-0.075036333874387143
177.30519519394448,699.72775873197702,-998.52633476257301,32.380000000000003,-0.074968358708398117
177.3181536804062,699.75826893220005,-996.24943733215298,32.229999999999997,-0.074816207505143548
177.33110700940867,699.4797661336994,-996.96803092956497,32.229999999999997,-0.074675662649619723
177.34405509506658,699.19662552588113,-996.96803092956497,32.210000000000001,-0.074480169762488044
177.35700346012098,699.21171293758266,-998.20065498352005,32.420000000000002,-0.074328961264852625
177.3699539817037,699.32816546766674,-1000.20503997803,32.520000000000003,-0.074396246215667788
177.38290479613696,699.34397939540872,-1000.1482963562,32.520000000000003,-0.074418310282965389
177.39585373861112,699.24289360565353,-1000.1482963562,32.170000000000002,-0.074462726091047315
177.40880335784567,699.27943866503415,-1000.54430961609,32.170000000000002,-0.074501029318614451
177.42175098198146,699.17170333265835,-1002.78878211975,32.25,-0.074458547557388122
177.43470088061363,699.29452613719161,-1001.30033493042,32.25,-0.074563179578491415
177.44764983654079,699.24362006673391,-1001.51681900024,32.259999999999998,-0.07462521083676997
177.46060347701982,699.4965858676369,-1001.51681900024,32.329999999999998,-0.074677509772679201
177.47355851965682,699.57230239766807,-1001.13081932068,32.119999999999997,-0.074773036564739062
177.48651085421486,699.4260661339373,-1000.83136558533,32.119999999999997,-0.074840039014718085
177.4994592451383,699.21310986651076,-1000.83136558533,32.479999999999997,-0.074852052040281947
177.51241209916793,699.45411760030811,-1000.27227401733,32.119999999999997,-0.074769789352857691
177.52536580483948,699.50010626351741,-1001.7662048339801,32.210000000000001,-0.074661807674359398
177.53832128312851,699.59582760700289,-998.16608428955101,32.210000000000001,-0.074665653001405721
177.55128256976673,699.9094784645082,-998.16608428955101,32.450000000000003,-0.074742697179640161
177.56425180161978,700.33852006366135,-999.91941452026401,32.450000000000003,-0.074865069860675898
177.5772209103321,700.33187046608077,-1002.610206604,32.240000000000002,-0.074899393236964804
177.5901836187889,699.9862566675597,-1002.68816947937,32.240000000000002,-0.075009375189812919
177.60314170271116,699.73653180200608,-1001.7025470733601,32.329999999999998,-0.07507642731008185
177.6161003319753,699.76598026325678,-1003.20720672607,32.07,-0.075081495775256024
177.62906365924448,700.01967253623206,-1003.20720672607,32.549999999999997,-0.075079276123444699
177.64202613383577,699.97362792925435,-1006.18076324463,32.549999999999997,-0.07512087933770982
177.65499106504819,700.10628547134093,-1006.18076324463,32.159999999999997,-0.075296870329141091
177.66796249275436,700.45709613214581,-1005.63454627991,32.509999999999998,-0.075563847397252554
177.68093585657527,700.56164633004505,-1006.21795654297,32.189999999999998,-0.075728741163180277
177.69390754401732,700.47112187082723,-1006.21199607849,32.350000000000001,-0.075829932466335834
177.70688051771734,700.54057979960248,-1005.38945198059,32.280000000000001,-0.075869378115252559
177.71985445895925,700.59282706406782,-1003.2691955566401,32.280000000000001,-0.075964608953187976
177.73282873858147,700.61109959925386,-1003.2691955566401,32.420000000000002,-0.076036708842329215
177.74580443381481,700.68754260135756,-1002.69246101379,32.420000000000002,-0.076021292350695366
177.75877922669886,700.63881573826893,-1003.3733844757101,32.090000000000003,-0.076032801427802166
177.77175630028884,700.76197385916612,-1003.3733844757101,32.549999999999997,-0.076120687234837947
177.7847323339025,700.70581513654395,-1002.27665901184,32.159999999999997,-0.076180291879406073
177.79770678840615,700.6205431975867,-1002.93231010437,32.159999999999997,-0.076226834207976463
177.81068479021357,700.81209760171896,-1003.9119720459,32.5,-0.076194194455509304
177.82367239395805,701.33060220141363,-1003.9119720459,32.210000000000001,-0.076261178279956557
177.83666362985923,701.52673866345447,-1003.28898429871,32.25,-0.076444530859084689
177.8496489270284,701.20604713510022,-1002.81667709351,32.32,-0.076552961642387118
177.86263786256302,701.40251886953706,-1002.81667709351,32.140000000000001,-0.07661339826784791
177.87562359538401,701.229572333443,-1004.86946105957,32.140000000000001,-0.076684043225837439
177.88860926301115,701.22605186611452,-1007.5511932373,32.450000000000003,-0.076754203894047621
177.90158755145924,700.82757619660902,-1006.15644454956,32.119999999999997,-0.076793935149141415
177.91456025818144,700.52616299864462,-1004.49323654175,32.539999999999999,-0.0768152603663603
177.92753177074081,700.4616782065425,-1004.58216667175,32.140000000000001,-0.076818292338758157
177.94050172281729,700.37741212874084,-1002.1755695343001,32.549999999999997,-0.076889501263238472
177.9534624703235,699.88036533610909,-1003.01766395569,32.549999999999997,-0.077032055706386895
177.96642015791599,699.71512999367167,-1004.0016174316401,32.210000000000001,-0.076995194992882432
177.97938019037286,699.84175267110481,-1004.1332244873,32.369999999999997,-0.076863281428742963
177.99234143147908,699.90701973615194,-1004.1332244873,32.259999999999998,-0.076685134942020963
178.00530249149389,699.89724079947132,-1003.84521484375,32.210000000000001,-0.076519212580739931
178.01827119042468,700.30974226261822,-1001.07407569885,32.390000000000001,-0.076510713745565395
178.03124246187542,700.44865834000871,-1000.0696182251,32.390000000000001,-0.076534040272315598
178.04421311658271,700.41535419399338,-1001.29914283752,32.539999999999999,-0.07662942115569156
178.05718097732344,700.26448000003336,-1001.7917156219499,32.539999999999999,-0.076765426331424316
178.07014329669389,699.96524600394196,-1001.7917156219499,32.140000000000001,-0.076845598717906152
178.08310369960998,699.861757468071,-1000.32591819763,32.549999999999997,-0.076787983998824486
178.09606214674812,699.75614545975168,-999.267578125,32.159999999999997,-0.076675523693037928
178.10901985400253,699.71619173813986,-1002.57563591003,32.159999999999997,-0.076585206099437572
178.12197841186548,699.76212460047645,-1002.57563591003,32.439999999999998,-0.076605039131387873
178.13493880236297,699.8610868628233,-1002.34246253967,32.210000000000001,-0.076609521896857671
178.14789644442476,699.71267133676338,-1002.37703323364,32.359999999999999,-0.076630786060657777
178.1608518057815,699.5895132653302,-1001.03998184204,32.359999999999999,-0.076599981014466398
178.17381119562467,699.80705153020961,-999.61256980895996,32.100000000000001,-0.076516375151625501
178.18677307313465,699.94138553869936,-999.61256980895996,32.100000000000001,-0.076409440693605196
178.19973050099264,699.7011043319344,-998.00610542297397,32.170000000000002,-0.076246256422589004
178.21268868218644,699.74178446516248,-997.20215797424305,32.170000000000002,-0.076111904862322666
178.22564714277777,699.75687193182398,-997.30706214904797,32.490000000000002,-0.075988896811699763
178.23860403771241,699.67232647043511,-997.30706214904797,32.229999999999997,-0.075829873482262264
178.25155601422844,699.40673186527488,-997.38526344299305,32.259999999999998,-0.075711445469361538
178.26450428201107,699.20646026343422,-997.19309806823696,32.259999999999998,-0.075525103343992345
178.27745466079139,699.32045413661001,-997.19309806823696,32.299999999999997,-0.075381105351294414
178.29040893767407,699.53095166468825,-997.45774269104004,32.140000000000001,-0.075282663520005899
178.30336120083084,699.4222104656609,-996.07586860656704,32.100000000000001,-0.075261165490783405
178.31631549013213,699.53162226993595,-995.55468559265103,32.100000000000001,-0.075324339171123994
178.32927719896909,699.93227719627453,-995.55468559265103,32.5,-0.075321004002097028
178.34224226056668,700.11332626859792,-996.86288833618198,32.5,-0.075323871439566759
178.35521082290367,700.3023661984613,-996.86288833618198,32.579999999999998,-0.075255724497671608
178.36817870951359,700.26587693445742,-994.88258361816395,32.579999999999998,-0.075173742240516941
178.38115222855555,700.57002826634937,-994.88258361816395,32.140000000000001,-0.07522991030552241
178.39412353932843,700.45078173551315,-995.49865722656205,32.57,-0.075273476540325818
178.40708743780854,700.0505179264112,-994.38428878784202,32.170000000000002,-0.075321029871456585
178.42003887519257,699.37761873687589,-993.89004707336403,32.170000000000002,-0.075312871485501365
178.43299198999145,699.46819913986224,-993.63780021667503,32.210000000000001,-0.075159791028389294
178.44594685774689,699.5628587938395,-993.63780021667503,32.210000000000001,-0.0749613572317534
178.45889733379875,699.32570679976652,-993.69835853576706,32.259999999999998,-0.074834890869677359
178.47184910335429,699.39555599966627,-994.67182159423805,32.259999999999998,-0.074808373011203314
178.48480421842845,699.57621400421715,-993.50190162658703,32.259999999999998,-0.074953257830380635
178.49776454994193,699.85790172834675,-993.50190162658703,32.259999999999998,-0.075067484543771532
178.51071669513209,699.41584026815576,-993.75295639038097,32.140000000000001,-0.07507931234105697
178.52366560656171,699.24121719970617,-994.07482147216797,32.140000000000001,-0.074975756514623237
178.53661933706917,699.50144740256474,-994.07482147216797,32.460000000000001,-0.074844833257047619
178.54958094863449,699.92702452762205,-994.10605430603005,32.140000000000001,-0.074752385003454158
178.56254737410245,700.18697526994936,-993.96657943725597,32.57,-0.074765920224372132
178.57551596851849,700.30409846573718,-994.57478523254395,32.57,-0.074921602176441698
178.58849222357904,700.71777326960159,-994.57478523254395,32.210000000000001,-0.075121741327975597
178.60146484027291,700.52130146921263,-992.15984344482399,32.329999999999998,-0.0752733151108404
178.61442698372721,699.95574653328856,-992.15984344482399,32.140000000000001,-0.075296147002204772
178.62738843282838,699.91825146308918,-991.12606048583996,32.140000000000001,-0.075152239037320767
178.64035383177279,700.13154299741552,-991.12606048583996,32.509999999999998,-0.075040947024686014
178.65332372590126,700.37428293803282,-993.34549903869595,32.509999999999998,-0.074954099125158768
178.66629009238525,700.1837901354728,-993.34549903869595,32.560000000000002,-0.074979142389121609
178.67925321786794,700.00877606520282,-992.04540252685501,32.560000000000002,-0.075049811145904158
178.69222149459878,700.28694346489988,-992.89894104003895,32.170000000000002,-0.075137030539714197
178.70518895280009,700.24274286983928,-992.85936355590798,32.469999999999999,-0.075099127781028549
178.71814958958146,699.87438619538432,-992.85936355590798,32.259999999999998,-0.074908223209407002
178.73110865449752,699.78950546709564,-993.18408966064396,32.259999999999998,-0.074626060409437825
178.7440733249407,700.0922039317868,-994.48895454406704,32.210000000000001,-0.074468190885700128
178.75703827581486,700.10734720481719,-995.86582183837902,32.369999999999997,-0.074445466613823064
178.76999763978887,699.80565459578554,-996.40130996704102,32.479999999999997,-0.07458957119072504
178.78295200773454,699.53586906644091,-997.22051620483398,32.479999999999997,-0.074720968389521969
178.79590643983704,699.53933353504078,-997.22051620483398,32.140000000000001,-0.074874893244005092
178.80885839772714,699.40572606457522,-997.30420112609897,32.140000000000001,-0.074913691108077621
178.82181019315306,699.39695300004234,-998.19612503051803,32.189999999999998,-0.074832465292980405
178.8347655679618,699.5902396714506,-1000.65183639526,32.189999999999998,-0.07471005949672177
178.84772747755059,699.94311779498332,-1000.65183639526,32.469999999999999,-0.074664009734497341
178.86069389680981,700.18663999755358,-1001.95074081421,32.229999999999997,-0.074741660305786453
178.87365325354077,699.80526347305295,-1000.91147422791,32.25,-0.074891289695680291
178.88660612723081,699.4551792623364,-998.26216697692905,32.25,-0.074903007803726093
178.89955898746788,699.45445280125602,-998.26216697692905,32.310000000000002,-0.074761826543840726
178.91251256896416,699.49340079911224,-999.46117401123001,32.119999999999997,-0.074459679632113446
178.9254661639124,699.49412720523264,-999.80998039245605,32.119999999999997,-0.074213872560381727
178.93842665789015,699.86667479837558,-1000.43702125549,32.119999999999997,-0.074046294515103278
178.95139431063453,700.25324819615207,-1001.92546844482,32.549999999999997,-0.074041527177518343
178.96435950882719,700.12070240420292,-1003.27634811401,32.549999999999997,-0.074163302779181289
178.97731837195684,699.77860900156213,-1003.27634811401,32.490000000000002,-0.074354264264818754
178.99027136257905,699.46149359851313,-1001.82509422302,32.490000000000002,-0.07437640904502707
179.00322543146669,699.51971993225504,-1004.40573692322,32.210000000000001,-0.074287482226566712
179.01617580403834,699.3201188697102,-1004.40573692322,32.280000000000001,-0.074023700629276615
179.02912984705682,699.51832299783098,-1006.76512718201,32.299999999999997,-0.07392552784767327
179.04209063905805,699.88276806573685,-1004.5211315155,32.299999999999997,-0.074080196725903477
179.05505521947279,700.08734239685896,-1004.5211315155,32.159999999999997,-0.07433328570566905
179.06801790309501,699.98491559996023,-1005.51319122314,32.439999999999998,-0.074525134016869901
179.08097296539262,699.5733640706884,-1005.51319122314,32.549999999999997,-0.074485899466507161
179.09392956230369,699.65623319757799,-1006.1252117156999,32.549999999999997,-0.074280226188604845
179.10689154329384,699.94697346875569,-1004.80961799622,32.159999999999997,-0.07411338078475882
179.1198557987814,700.06979632824903,-1002.9311180114699,32.159999999999997,-0.073911175132398629
179.1328247119161,700.32130927294327,-1002.47669219971,32.189999999999998,-0.073807839717997217
179.14579706887406,700.50727573053121,-1003.16882133484,32.189999999999998,-0.073742230111994517
179.15877596061242,700.86015387055193,-1001.47914886475,32.530000000000001,-0.07373126741041755
179.17175381961843,700.8043863256222,-1001.47914886475,32.210000000000001,-0.073669818747418431
179.18473037994568,700.73425767068727,-1001.31487846375,32.32,-0.073434068924540088
179.19770976528514,700.88680833105059,-1002.45904922485,32.32,-0.073181949555036485
179.21069116538641,700.99560546835062,-1002.45904922485,32.299999999999997,-0.07306796705532069
179.22367125853089,700.92502980187453,-1003.43036651611,32.189999999999998,-0.073128529927734359
179.23664688960488,700.68407799535782,-1002.26640701294,32.119999999999997,-0.073335756443815139
179.2496184994358,700.46693086969901,-1004.60076332092,32.119999999999997,-0.073537117697684729
179.2625831243482,700.08974526938243,-1004.60076332092,32.43,-0.073592438259163992
179.27554540543088,699.96317846427019,-1005.75661659241,32.43,-0.073526224327721587
179.28850678933941,699.9147310617127,-1006.45613670349,32.490000000000002,-0.073354842347389884
179.30147604085559,700.33958187408155,-1005.86605072021,32.490000000000002,-0.073259724304543916
179.31445500399499,700.86400952783629,-1006.76012039185,32.100000000000001,-0.073323096665942347
179.32743351906549,700.83981380668592,-1006.76012039185,32.539999999999999,-0.073485011234390593
179.3404056162889,700.49325006329786,-1007.7862739563,32.159999999999997,-0.073628438015853948
179.35337604333952,700.40306073357999,-1003.83329391479,32.159999999999997,-0.073676652585422553
179.36634704160249,700.43390620070295,-1003.83329391479,32.549999999999997,-0.073508849988505362
179.37931377233704,700.20345966553919,-1004.70972061157,32.170000000000002,-0.073200657755987469
179.39228162065928,700.26380940028162,-1004.18591499329,32.280000000000001,-0.072970948078195819
179.40525245024932,700.42479786377419,-1003.61227989197,32.280000000000001,-0.072966926834212062
179.41822833381602,700.69771260031473,-1001.6143321991,32.259999999999998,-0.073172813280929574
179.43120466027781,700.72162893787788,-1001.6143321991,32.259999999999998,-0.073503194789768439
179.44417677612716,700.49425586399741,-1001.21808052063,32.140000000000001,-0.073668684603144338
179.45715015236669,700.56231693529253,-1001.30653381348,32.140000000000001,-0.073728062625608964
179.47013190326544,701.01454853184066,-1001.25789642334,32.390000000000001,-0.073617867503334974
179.48311182152835,700.91558619804584,-1001.66845321655,32.140000000000001,-0.073466528620259833
179.49609771681361,701.23834540347184,-1002.37345695496,32.5,-0.073368105416538654
179.50908886165311,701.52182133315011,-1004.78601455688,32.5,-0.07350845158907085
179.52208194778157,701.62665093662031,-1004.78601455688,32.100000000000001,-0.07384603739552402
179.53507030589753,701.37133826192235,-1002.18105316162,32.509999999999998,-0.074217368124425073
179.54805016517659,700.91240106906514,-1000.89168548584,32.549999999999997,-0.074393786489482444
179.56102790724935,700.79807192898954,-1001.41072273254,32.549999999999997,-0.074340099883265245
179.57400451310858,700.73671639904342,-1001.41072273254,32.170000000000002,-0.074178407796499854
179.58697655755554,700.49040013526508,-1001.66726112366,32.170000000000002,-0.074134613903495447
179.59994205377157,700.136795666068,-997.44987487793003,32.259999999999998,-0.074154512128572728
179.61290973342099,700.25470106884882,-999.44424629211403,32.259999999999998,-0.074354038676878981
179.62587355946548,700.04660640230202,-999.44424629211403,32.329999999999998,-0.074486009155339677
179.6388339561716,699.86142212972322,-1000.73289871216,32.310000000000002,-0.074542130653564159
179.65179681467527,699.99435919829295,-998.85845184326195,32.159999999999997,-0.074471967915194545
179.66477069175926,700.5893625350119,-995.68200111389206,32.159999999999997,-0.074319868452185758
179.6777506421013,700.9173184708178,-997.05791473388695,32.350000000000001,-0.074222373465206812
179.69073360785802,701.08015086378759,-997.05791473388695,32.140000000000001,-0.074259489773988593
179.70371081079878,700.76895880059044,-996.64020538330101,32.140000000000001,-0.074355803015748761
179.71668178319138,700.43250920032676,-996.32215499877896,32.140000000000001,-0.074578403598324378
179.72964786407042,700.16836746786328,-996.68979644775402,32.479999999999997,-0.074658900913325804
179.74260787790004,699.84074679895718,-996.68979644775402,32.479999999999997,-0.074628305930914032
179.75556220031481,699.53341039854058,-996.37866020202603,32.100000000000001,-0.074541979572738573
179.76851801594935,699.61404426437241,-996.23417854309105,32.579999999999998,-0.074487740380309683
179.78147233836302,699.53341033808465,-995.18895149231003,32.549999999999997,-0.074602244420970132
179.79442204866166,699.28435612724275,-995.26524543762196,32.549999999999997,-0.074841217655613718
179.80737281031847,699.34112946737594,-995.26524543762196,32.189999999999998,-0.075021982192360212
179.82032624280257,699.48535414069954,-996.487855911255,32.189999999999998,-0.075129309875434244
179.8332703920704,698.98406046362697,-996.487855911255,32.329999999999998,-0.07503021198029225
179.84621860707784,699.20361040135344,-995.73922157287598,32.259999999999998,-0.07487801524472576
179.85917167531116,699.46568459964124,-995.32389640808105,32.25,-0.074714159386103027
179.87212465972593,699.46115839756521,-994.70639228820801,32.329999999999998,-0.074631440349843287
179.88507324519256,699.22361519831975,-994.70639228820801,32.119999999999997,-0.074690502757470204
179.89801777733712,699.00473580538494,-994.49205398559604,32.119999999999997,-0.074876101894070263
179.91096162133704,698.96757599658929,-993.77131462097202,32.119999999999997,-0.074944923527895099
179.92391103154208,699.2681510712722,-992.02203750610295,32.119999999999997,-0.074942700770946419
179.93685516114817,698.98299873015083,-992.89059638977005,32.549999999999997,-0.074760099458070037
179.94979532125055,698.76864552830011,-992.89059638977005,32.189999999999998,-0.074615689614379518
179.962740834389,699.05770947597046,-993.12210083007801,32.539999999999999,-0.074537401604972256
179.97569555313214,699.55481212993084,-993.35789680481003,32.539999999999999,-0.074611314467989909
179.98864247567167,699.13381713423041,-993.35789680481003,32.229999999999997,-0.07465421325662519
180.00158894393201,699.10928605824392,-992.44189262390103,32.299999999999997,-0.07464318122302728
180.01454478647159,699.61549713706916,-993.14618110656704,32.189999999999998,-0.074496516543466229
180.02750677470496,699.94736460248009,-992.50435829162598,32.189999999999998,-0.074330013658897173
180.04046840489767,699.92803040526576,-992.50435829162598,32.399999999999999,-0.074186705880660675
180.05342698242103,699.76318626250475,-992.47956275939896,32.399999999999999,-0.074110166686980797
180.06638406568888,699.6824964638962,-992.15984344482399,32.520000000000003,-0.074109079108877027
180.07933578971364,699.39309733726202,-992.02799797058105,32.520000000000003,-0.074110427457554903
180.09228068507409,699.02434946313065,-992.02799797058105,32.100000000000001,-0.074060523055009375
180.10522318383087,698.89493286738548,-992.96236038207996,32.590000000000003,-0.073909483228855155
180.11816832030004,699.03736933516041,-993.305444717407,32.189999999999998,-0.073718668685963537
180.13112065485799,699.42606612844133,-995.34296989440895,32.189999999999998,-0.073615350863947951
180.14407014370738,699.27239786777704,-995.34296989440895,32.530000000000001,-0.073585546471351793
180.15701879436796,699.2271356711442,-995.07498741149902,32.210000000000001,-0.07367753113289266
180.16996847879511,699.28295906641051,-994.71521377563499,32.420000000000002,-0.073793515975998161
180.18292180676414,699.47971032733074,-994.85588073730503,32.240000000000002,-0.073901074421087426
180.19587356907658,699.39516487143783,-994.85588073730503,32.240000000000002,-0.073922493805421319
180.20882396130997,699.32118060318646,-995.52798271179199,32.240000000000002,-0.073875152609858025
180.22178459809015,699.87438612943231,-995.52798271179199,32.140000000000001,-0.073876025982133109
180.23474979524815,700.12064653188213,-994.62413787841797,32.140000000000001,-0.073919010659077689
180.24770727484568,699.70389826673443,-994.62413787841797,32.390000000000001,-0.074061985230599536
180.2606614803272,699.52709600190792,-995.49627304077103,32.07,-0.074232782547019038
180.27362067562839,699.79654626435263,-995.58639526367199,32.509999999999998,-0.074322990452397542
180.2865866457839,700.16238839858647,-994.88353729248001,32.509999999999998,-0.074260465593812858
180.29955106994316,700.07890459922578,-994.88353729248001,32.100000000000001,-0.074102098329144842
180.31251661169017,700.13925433946417,-995.64766883850098,32.560000000000002,-0.073919367665094229
180.32548477769751,700.28096439562296,-995.85413932800304,32.479999999999997,-0.073864486896467435
180.33845226901241,700.24453100393976,-995.35250663757301,32.479999999999997,-0.073925356069324474
180.35141616024941,700.05012679818276,-995.85270881652798,32.240000000000002,-0.074052111142307836
180.36437219733205,699.62600246338206,-995.85270881652798,32.240000000000002,-0.074187356771965349
180.37733137918028,699.79581980327214,-996.88124656677201,32.25,-0.074245448534250566
180.3902965577112,700.11964067072654,-996.90532684326195,32.25,-0.074263436512079492
180.40325729176425,699.87963886403679,-997.21860885620094,32.240000000000002,-0.074345711618221219
180.41622118920867,700.05046199913045,-997.21860885620094,32.329999999999998,-0.074458223663642908
180.42918536087655,700.06527006571696,-997.35474586486805,32.159999999999997,-0.074648207259398455
180.4421487067728,700.02067839738788,-998.85177612304699,32.159999999999997,-0.07482579805772295
180.45510924628277,699.86913353772377,-1000.24390220642,32.399999999999999,-0.074950207231738578
180.46807507984317,700.15501226298159,-997.32279777526901,32.119999999999997,-0.07506549358310359
180.48105005485311,700.64865053627807,-997.32279777526901,32.090000000000003,-0.07512303379598706
180.49402830397906,700.82545280110469,-996.34861946106003,32.090000000000003,-0.075097514522984354
180.5070032127617,700.64507426258092,-995.78166007995605,32.549999999999997,-0.075122885819586385
180.51997972755805,700.73179900278694,-995.58973312377896,32.549999999999997,-0.075150701321063357
180.53295782663704,700.81735026487547,-995.58973312377896,32.560000000000002,-0.075212874345976732
180.54593336044081,700.6788254036494,-996.45161628723099,32.560000000000002,-0.075191261453642702
180.55890621720863,700.53426546342587,-996.45161628723099,32.170000000000002,-0.075129755875609897
180.57188008704941,700.58897140128738,-998.37279319763195,32.460000000000001,-0.075127014683362789
180.58486016156795,700.92402400117487,-998.37279319763195,32.210000000000001,-0.075222008550941993
180.59783940410489,700.8790969944979,-998.31509590148903,32.210000000000001,-0.075324384702825264
180.61081216360128,700.52901280576532,-999.38035011291504,32.329999999999998,-0.07546788702424341
180.62378492930745,700.52934813312118,-999.38035011291504,32.25,-0.07557619156130542
180.63675875465069,700.58656853425975,-1000.81062316895,32.189999999999998,-0.075690501058580675
180.64972794097284,700.33606139576102,-1001.18613243103,32.299999999999997,-0.075702773819740721
180.66269792616421,700.37920033428952,-1001.78670883179,32.140000000000001,-0.075731603429118985
180.67566919140486,700.44832299616485,-1001.78670883179,32.140000000000001,-0.07587763480772565
180.68864153491108,700.50654933540284,-1002.23231315613,32.380000000000003,-0.07615449631299219
180.70160597148885,700.07957519897752,-1000.1437664031999,32.159999999999997,-0.076467623519801839
180.71456197028402,699.6239349401983,-999.58038330078102,32.399999999999999,-0.076654211929005567
180.72751744857285,699.59582759601085,-1000.55909156799,32.140000000000001,-0.076743049753815712
180.74047069893084,699.47551933169848,-1000.55909156799,32.329999999999998,-0.076777021296738635
180.75342667185555,699.62253793432615,-1000.52690505981,32.329999999999998,-0.076710282720435535
180.76638463160253,699.7298263376008,-1000.54717063904,32.159999999999997,-0.076579146294451839
180.77934565850364,699.89545265987465,-1000.54717063904,32.380000000000003,-0.076455267973536092
180.79231287663211,700.22977893608197,-999.90439414978005,32.119999999999997,-0.076477474843057128
180.80528174423458,700.31885053359497,-997.697353363037,32.469999999999999,-0.076593113027482784
180.81824562926292,700.04979153128272,-997.697353363037,32.119999999999997,-0.076634617935840685
180.83121258765436,700.2157531369445,-997.234106063843,32.119999999999997,-0.076556988060242775
180.84418529437664,700.52616300414059,-998.61907958984398,32.090000000000003,-0.076417716012526046
180.8571565399568,700.44726132864059,-998.84319305419899,32.090000000000003,-0.076317215958708079
180.87012225761976,700.14875379912553,-1000.16045570374,32.490000000000002,-0.07626676000574302
180.88308787076795,700.14311000224461,-1000.16045570374,32.119999999999997,-0.076313932528909112
180.89605069719249,699.99262692552099,-1001.18398666382,32.520000000000003,-0.076422775163407675
180.90900673427535,699.6260024743741,-1000.51856040955,32.520000000000003,-0.076597248100312584
180.9219584707173,699.39376786556568,-1000.51856040955,32.140000000000001,-0.076602883637318472
180.93491242991612,699.51379673529891,-998.14319610595703,32.560000000000002,-0.076483756097088657
180.94786918101232,699.66455919560974,-998.14319610595703,32.57,-0.076305897285278271
180.96083083810865,699.92948320101846,-997.39980697631802,32.57,-0.076163706058624686
180.97379110443083,699.85438139841813,-997.39980697631802,32.189999999999998,-0.076145265871770271
180.98675728361599,700.17367599784438,-996.60038948059105,32.189999999999998,-0.076258215638867213
180.99973119277908,700.59109480778375,-996.81687355041504,32.189999999999998,-0.076370010565998861
181.01270396469391,700.5296834000211,-996.12021446228005,32.189999999999998,-0.076415373218797461
181.02567130596304,700.23642853366243,-996.16837501525902,32.189999999999998,-0.076375509508918735
181.03864408512098,700.53007452824954,-996.16837501525902,32.189999999999998,-0.07620445866483691
181.05161334905304,700.34025233093735,-994.95506286621105,32.479999999999997,-0.0760101113050064
181.06457275752354,699.80805740785308,-995.863437652588,32.479999999999997,-0.075836167152466841
181.07753298555807,699.85231386424232,-995.17202377319302,32.439999999999998,-0.075816347574008389
181.09049637077533,700.02280173243616,-995.17202377319302,32.439999999999998,-0.075970256907181122
181.10346477685684,700.29392840082812,-994.36950683593705,32.189999999999998,-0.076135976446780107
181.11642870120733,700.05191492678716,-995.01252174377396,32.32,-0.076282043010260217
181.1293946651532,700.16205307672669,-994.833946228027,32.259999999999998,-0.076281035111106982
181.14236567686794,700.43463259583143,-994.833946228027,32.259999999999998,-0.076193796055871246
181.15533347965928,700.26135073238129,-994.0185546875,32.25,-0.076113322542105497
181.16829871613942,700.12276992738657,-994.58003044128395,32.25,-0.076019218605328828
181.18125958678644,699.88701493918563,-996.24180793762196,32.280000000000001,-0.07595444408535619
181.19422486155435,700.12483746705834,-996.01411819457996,32.280000000000001,-0.075968672625262287
181.20719467186294,700.36975666450871,-996.01411819457996,32.259999999999998,-0.075915184699899371
181.22015763488025,700.00000293471794,-994.17042732238804,32.259999999999998,-0.075929113145158628
181.23311764146663,699.84035566523278,-994.368076324463,32.310000000000002,-0.075891973035650054
181.24608002603094,699.96876647127044,-994.368076324463,32.310000000000002,-0.075903227552762825
181.25904132508524,699.91014893235581,-993.13712120056096,32.299999999999997,-0.075969974406141422
181.27199974014567,699.75441326392377,-993.71099472045898,32.299999999999997,-0.076067029601591007
181.28495987090744,699.84706113513391,-993.55053901672397,32.229999999999997,-0.076172422203442169
181.29792591867408,700.16657939971469,-992.83075332641602,32.229999999999997,-0.076242911939981922
181.31089661270374,700.41747760048997,-992.83075332641602,32.25,-0.076284268870616054
181.32386120553701,700.0880129966107,-993.51978302001896,32.25,-0.076339138257945971
181.33682617607158,700.10840886684525,-993.71743202209495,32.240000000000002,-0.076359516629532179
181.34979534273342,700.33499973922892,-993.39270591735794,32.240000000000002,-0.076412086685286013
181.36276779592836,700.51247252686301,-994.23885345458996,32.390000000000001,-0.076470793121263647
181.37574260226549,700.63954220484527,-994.96769905090298,32.390000000000001,-0.076525817728414908
181.38871689430499,700.61177013305371,-994.96769905090298,32.509999999999998,-0.076655346071956551
181.4016926164432,700.68899546306238,-995.43929100036598,32.509999999999998,-0.076654373358185646
181.41466801365186,700.6714492680444,-995.36609649658203,32.530000000000001,-0.076555426542749702
181.4276319566284,700.05292073298278,-995.44906616210903,32.530000000000001,-0.076461873120396845
181.44058850697411,699.65371866834892,-993.57557296752896,32.159999999999997,-0.076409123010032942
181.45354798788026,699.81196893196204,-993.57557296752896,32.159999999999997,-0.076485954018129063
181.4665066947544,699.77017120392895,-993.865966796875,32.210000000000001,-0.076541391512268631
181.47945880269012,699.41382852935646,-996.39797210693405,32.210000000000001,-0.076623506223088667
181.49241046773091,699.38991220278535,-995.18156051635697,32.210000000000001,-0.076674081177855694
181.50536573181603,699.58426059667772,-995.18156051635697,32.210000000000001,-0.076746108631975951
181.51831796910253,699.42081347078101,-994.478940963745,32.479999999999997,-0.07681703712445645
181.53126313040619,699.03871039726391,-994.96793746948197,32.479999999999997,-0.076852139706210756
181.54421288623573,699.28681479514296,-994.28725242614701,32.450000000000003,-0.076935255071643796
181.55716562333208,699.44780320367545,-994.28725242614701,32.450000000000003,-0.077058483536029232
181.57012286906419,699.69126953392515,-994.34161186218296,32.450000000000003,-0.077231566731143633
181.58308110199886,699.74457847141059,-994.651317596436,32.450000000000003,-0.07738082669681233
181.59603682760618,699.60918279539658,-994.651317596436,32.210000000000001,-0.077502852720084239
181.60899322893826,699.64567193299251,-995.66555023193405,32.210000000000001,-0.077632595266197688
181.62194531617902,699.41271100050369,-997.07269668579102,32.189999999999998,-0.077702032608998203
181.6348840213482,698.69007913618793,-995.92065811157204,32.189999999999998,-0.077724392629097139
181.64783126260619,699.15102793044446,-995.92065811157204,32.170000000000002,-0.077736513274148322
181.66079041134191,699.7940317296277,-997.26986885070801,32.170000000000002,-0.077754087331842997
181.67374633149132,699.61968806674952,-997.26986885070801,32.439999999999998,-0.077771450289151681
181.68669948457898,699.47026673449398,-997.12467193603504,32.439999999999998,-0.07769744946786887
181.6996550280605,699.5993480028834,-996.21868133544899,32.43,-0.077604465186489391
181.71260979233455,699.55727079783128,-997.13277816772495,32.43,-0.077539367807444137
181.72556139218273,699.38639180140876,-998.42309951782204,32.409999999999997,-0.077469848716653189
181.73851268055557,699.36957213342328,-997.76458740234398,32.409999999999997,-0.077433126668513722
181.75146442424082,699.39415900478627,-998.91018867492699,32.229999999999997,-0.077435332867749188
181.76441785672472,699.48535412970762,-998.91018867492699,32.229999999999997,-0.077459763528687955
181.77737073662351,699.45551453473217,-1000.1616477966299,32.259999999999998,-0.077494118983491594
181.79031634082341,699.06262679528322,-1001.13964080811,32.259999999999998,-0.07748280962231878
181.803259521516,698.93175739828916,-1001.23333930969,32.329999999999998,-0.077519871086836972
181.81620949775805,699.29871707236794,-1001.23333930969,32.329999999999998,-0.077525590443010481
181.82915988274692,699.32078939801386,-1004.4620037078899,32.090000000000003,-0.077550661645881661
181.84210908599269,699.25697527161549,-1005.42759895325,32.090000000000003,-0.077614281326703227
181.8550667021839,699.71127432539538,-1005.42759895325,32.119999999999997,-0.077652115788854753
181.86802329185062,699.65584200339742,-1003.46231460571,32.119999999999997,-0.077684397497477645
181.88097611276666,699.45232946620763,-1002.54821777344,32.159999999999997,-0.077657170800638844
181.8939286491111,699.43696259947069,-1003.48496437073,32.159999999999997,-0.077611973716016081
181.90688345891724,699.5597295316835,-1004.32014465332,32.549999999999997,-0.077651192744152428
181.91984256832973,699.79190827366722,-1004.42290306091,32.549999999999997,-0.077617346412695534
181.93280039872596,699.72284139617636,-1004.42290306091,32.439999999999998,-0.077567720371888624
181.9457559949827,699.60219786496418,-1005.52558898926,32.439999999999998,-0.077516614563716377
181.95871421446427,699.74385200483425,-1005.1028728485099,32.32,-0.07749000874626473
181.97166898494817,699.55760613068298,-1005.1028728485099,32.32,-0.077574786006071705
181.98462063136171,699.38890633063772,-1005.5019855499301,32.280000000000001,-0.077574715638665706
181.99756881429133,699.20187820002957,-1008.63575935364,32.280000000000001,-0.077510999722299911
182.01052340264945,699.54777133816981,-1010.13994216919,32.299999999999997,-0.07747523072640386
182.02348811965808,700.09471846651184,-1010.13994216919,32.299999999999997,-0.07742008608206559
182.03645496732713,700.20977412812374,-1010.64133644104,32.380000000000003,-0.077419794268056452
182.04942100888272,700.16624400091086,-1009.82689857483,32.380000000000003,-0.077500755173583805
182.06239438512225,700.56231693529253,-1009.72390174866,32.079999999999998,-0.077686197020101308
182.07536849607166,700.60199126782118,-1009.33074951172,32.079999999999998,-0.077902716066513181
182.08833399849632,700.13713093296792,-1008.23283195496,32.140000000000001,-0.078011384854233742
182.10129659105547,699.97999819271172,-1007.77769088745,32.140000000000001,-0.078018321138362157
182.1142668690951,700.39501414111942,-1007.77769088745,32.189999999999998,-0.078027494665975278
182.12724317486052,700.72051133208106,-1007.25054740906,32.189999999999998,-0.07803112889243205
182.14022069652094,700.78616966275649,-1007.60626792908,32.439999999999998,-0.078069841902867906
182.15320338909012,701.06539873547388,-1006.6897869110099,32.439999999999998,-0.078162005585058689
182.16618636726548,701.0808214690353,-1005.6545734405501,32.280000000000001,-0.078354702434458356
182.17917273028024,701.26360279764253,-1004.53662872314,32.280000000000001,-0.078583976460225288
182.19215270752713,700.9187713325224,-1004.8892498016399,32.189999999999998,-0.078686500589119884
182.20513130641598,700.84433999777002,-1007.06815719604,32.189999999999998,-0.078618164276897218
182.21811236192832,700.97699766626454,-1008.01491737366,32.359999999999999,-0.07842697513621387
182.23109840622342,701.24639193547648,-1008.01491737366,32.359999999999999,-0.078253850547274406
182.24407769532715,700.88161160067079,-1008.75663757324,32.119999999999997,-0.078226772861101773
182.25705188388645,700.60618220299739,-1011.8014812469499,32.439999999999998,-0.078426186616455909
182.2700369016581,701.19095966843861,-1010.63370704651,32.439999999999998,-0.078723685195046453
182.28301669677901,700.9089365290173,-1010.63370704651,32.439999999999998,-0.079025600312019662
182.29598759777033,700.42865353205048,-1008.83054733276,32.090000000000003,-0.079211500576310739
182.30895717421362,700.3571279371954,-1007.32445716858,32.090000000000003,-0.079207315833598149
182.32192567860122,700.29923693080923,-1006.2651634216299,32.100000000000001,-0.079130980497188905
182.33489465692841,700.32482966882378,-1006.2651634216299,32.100000000000001,-0.079012706669335145
182.34785511779268,699.86488666977095,-1007.20429420471,32.549999999999997,-0.078923047209544142
182.36081682662964,699.93227719627453,-1008.29172134399,32.159999999999997,-0.078938403683551372
182.37378084204315,700.05683232853983,-1007.38453865051,32.549999999999997,-0.079019433922015672
182.38674805292592,700.22938767045355,-1007.38453865051,32.549999999999997,-0.079152190849871351
182.39971393926299,700.15786220200641,-1004.9910545349099,32.210000000000001,-0.079210616854968718
182.41268076726908,700.20871232869547,-1004.99582290649,32.439999999999998,-0.079257160216990391
182.42565441669629,700.57706906910244,-1004.99582290649,32.229999999999997,-0.079372634903196085
182.43863014504325,700.68933073545827,-1004.16326522827,32.329999999999998,-0.079501168802094138
182.45159877257166,700.30588653388577,-1003.87525558472,32.240000000000002,-0.079737517774606484
182.46456768570624,700.32130926744719,-1005.3188800811801,32.240000000000002,-0.079938780722161762
182.47753630702712,700.30555132744189,-1006.28972053528,32.25,-0.080031290029072222
182.49050257624077,700.1785375382683,-1006.28972053528,32.25,-0.0800577447646805
182.50346609080873,700.02978666836452,-1007.11393356323,32.299999999999997,-0.079997206727564454
182.51642924216046,700.01017299413093,-1005.45072555542,32.299999999999997,-0.080057172518366207
182.52939901935557,700.3679685359042,-1005.45072555542,32.189999999999998,-0.08031537445850262
182.54237008281117,700.43742660207954,-1004.00376319885,32.189999999999998,-0.080619705841137132
182.5553340330309,700.05331186670719,-1004.2865276336699,32.140000000000001,-0.080820448282929225
182.56829746998895,700.02559573318842,-1004.53352928162,32.140000000000001,-0.080792522057947125
182.58125962689513,699.95647293391289,-1004.53352928162,32.119999999999997,-0.080580506473001606
182.59421743142107,699.72144440129648,-1003.6888122558599,32.119999999999997,-0.080352655300991185
182.60716976597911,699.4260661339373,-1002.10165977478,32.469999999999999,-0.080154789611063162
182.62012191841237,699.41623139638421,-998.87752532958996,32.469999999999999,-0.080066377090228583
182.63307878126668,699.67059413171125,-999.117612838745,32.520000000000003,-0.080091304455593051
182.64603841739375,699.82035086277051,-999.117612838745,32.520000000000003,-0.080112215751761695
182.65899294780368,699.54464213646975,-998.51512908935501,32.119999999999997,-0.080022660808661522
182.6719489331457,699.62320846812599,-999.75538253784202,32.600000000000001,-0.079765581628652549
182.68490847200124,699.815098199614,-999.28975105285599,32.159999999999997,-0.079491185024155697
182.69786711471733,699.7667066693773,-999.28975105285599,32.159999999999997,-0.079327874506288421
182.71082062481236,699.48954513083584,-997.80011177063,32.539999999999999,-0.079302594273292476
182.72377983253094,699.79721680364833,-998.86417388916004,32.189999999999998,-0.079498175117875103
182.73674688715923,700.22094992778045,-999.37391281127896,32.189999999999998,-0.079746278417165084
182.74971170764815,700.10030640206412,-999.37391281127896,32.189999999999998,-0.079933474254096096
182.7626703244951,699.76530973495323,-999.31144714355503,32.479999999999997,-0.079991755387115948
182.77562888235684,699.76212453452456,-998.66819381713901,32.479999999999997,-0.079788881250759919
182.78858205510494,699.47132839652227,-999.35126304626499,32.399999999999999,-0.07949705442587153
182.80153174574195,699.28329439926245,-997.72286415100098,32.399999999999999,-0.079289252558847986
182.81447951268026,699.17941466921104,-997.72286415100098,32.229999999999997,-0.079198466200239126
182.82742443494453,699.02580226987538,-993.62087249755905,32.229999999999997,-0.079233581199387795
182.84037658737779,699.41623139638421,-993.62087249755905,32.32,-0.079197807030637613
182.85333274139262,699.63231679955891,-995.34773826599098,32.32,-0.079015076366587014
182.86628315225195,699.32218640388589,-994.86422538757301,32.170000000000002,-0.07881243713083487
182.87924338028645,699.85231386424232,-994.67730522155796,32.399999999999999,-0.078585668363463423
182.8922072653136,700.04979146533083,-995.27311325073197,32.490000000000002,-0.078383595164463277
182.90516794762709,699.87684492923665,-995.27311325073197,32.490000000000002,-0.078320727787008729
182.91812318584195,699.58286360179773,-995.56732177734398,32.090000000000003,-0.078330116553901805
182.93108106176916,699.72530006957277,-994.51947212219204,32.090000000000003,-0.07837399426403828
182.94404101661479,699.83756166448063,-995.06235122680698,32.119999999999997,-0.078288606470755986
182.95699530591611,699.53162226993595,-995.06235122680698,32.119999999999997,-0.078142735486046139
182.96994802438519,699.44679733152793,-996.31881713867199,32.170000000000002,-0.078006609239064412
182.98290185216419,699.50670006572125,-994.85540390014603,32.170000000000002,-0.077974102977072579
182.99586306119139,699.90528746887594,-995.50724029541004,32.549999999999997,-0.078081328214429424
183.00882557510491,699.97575133025475,-995.50724029541004,32.549999999999997,-0.07812825134984494
183.02179021450374,700.09052753683147,-996.20604515075695,32.159999999999997,-0.078110663840693956
183.03476211614938,700.48268886466428,-994.84682083129906,32.57,-0.078081144020314713
183.04773714910749,700.65177973797813,-994.11725997924805,32.43,-0.077924752193375788
183.06070372358766,700.19502192836205,-996.67024612426803,32.43,-0.077704581327612418
183.07366582875432,699.95367899911275,-996.67024612426803,32.189999999999998,-0.077563341085180149
183.08662898010616,700.01017299962689,-996.21772766113304,32.189999999999998,-0.077470840057075413
183.09959083174698,699.9399886042753,-996.21772766113304,32.259999999999998,-0.077530344326900008
183.1125443615025,699.49060679836009,-994.34947967529297,32.259999999999998,-0.077597452327530014
183.12549069937779,699.10224526648301,-994.18544769287098,32.310000000000002,-0.077495010983741119
183.13844637324448,699.60638880014051,-997.41482734680199,32.310000000000002,-0.0773137280094571
183.15140205331969,699.60672406154436,-998.35872650146496,32.119999999999997,-0.077057600848545599
183.16435447790624,699.43092767436133,-997.458457946777,32.119999999999997,-0.076885641449147238
183.17730964471852,699.57900786207335,-997.458457946777,32.100000000000001,-0.07688364324444795
183.19027247114326,699.99262693651292,-997.63417243957497,32.100000000000001,-0.076986702366252407
183.20324109246303,700.30555126698596,-998.94428253173805,32.469999999999999,-0.077132436756978021
183.21620849168147,700.23955779581854,-999.417543411255,32.090000000000003,-0.077174019275450159
183.22917457256059,700.16836747335935,-1000.39625167847,32.539999999999999,-0.077171032834550013
183.24214548700368,700.42937992717896,-997.82943725585903,32.539999999999999,-0.077103142522604765
183.25511593371604,700.40412246705614,-997.82943725585903,32.57,-0.077048530801932927
183.26807452469262,699.76391273457705,-996.61350250244095,32.57,-0.077026487431446078
183.28102919790499,699.55235346752659,-998.23355674743596,32.579999999999998,-0.076999185192820493
183.29398857429626,699.80632512958516,-1000.10776519775,32.579999999999998,-0.07694481872019103
183.30695068567167,699.95401427150864,-1000.10776519775,32.119999999999997,-0.076926882481590103
183.31990733328769,699.65897126555342,-999.88746643066395,32.119999999999997,-0.07685050885659496
183.33286367667171,699.64254273678841,-998.32367897033703,32.210000000000001,-0.076861254249648528
183.34582708051602,700.02380759359175,-999.55439567565895,32.210000000000001,-0.076980900225889187
183.35879105660615,700.05470886708338,-999.492406845093,32.210000000000001,-0.077065411540028814
183.3717476793876,699.65763019795406,-999.492406845093,32.210000000000001,-0.07713251126256554
183.38470479473457,699.68422873666816,-1001.63960456848,32.450000000000003,-0.077140340581514311
183.39766323566417,699.75581019834783,-1002.62117385864,32.450000000000003,-0.077069196849041399
183.41061829175436,699.5730288697406,-1004.0245056152301,32.369999999999997,-0.076984358537342326
183.42356461721104,699.1015746612353,-1004.0245056152301,32.369999999999997,-0.076847706609911304
183.43651357313831,699.24362007222987,-1006.55102729797,32.409999999999997,-0.076801862774200938
183.4494695915939,699.62499660222659,-1006.0555934906,32.409999999999997,-0.076942286556847372
183.46242803252341,699.75581019285187,-1006.0555934906,32.240000000000002,-0.07714841618226205
183.47538688220121,699.7778826009378,-1005.71703910828,32.240000000000002,-0.077346991748077201
183.48834737617906,699.86667480387155,-1004.17470932007,32.280000000000001,-0.07736004371602577
183.50131437389393,700.21787660389691,-1005.14054298401,32.25,-0.077145325226808406
183.51428032438764,700.16132665961425,-1004.7550201416,32.350000000000001,-0.076908185663564443
183.52724264375931,699.96524606989385,-1004.99773025513,32.350000000000001,-0.076613686979264128
183.54020988775679,700.23117586500996,-1004.99773025513,32.119999999999997,-0.076525027139718843
183.5531823544037,700.51319893298353,-1006.35766983032,32.119999999999997,-0.076584836674703546
183.56615330816913,700.43150333367532,-1005.64765930176,32.100000000000001,-0.076702309564081861
183.57912086985183,700.24833086584749,-1005.64765930176,32.100000000000001,-0.076808511382705308
183.59208773718149,700.21083580114396,-1005.0528049469,32.479999999999997,-0.07676792227542549
183.60505956742475,700.47883313593206,-1008.56184959412,32.119999999999997,-0.076600700202712313
183.61802908488397,700.35394279722266,-1009.9117755889901,32.479999999999997,-0.076452120102946983
183.63099428204205,700.12064653737809,-1009.9117755889901,32.479999999999997,-0.076303494473007064
183.64396351389632,700.33852012961336,-1011.04974746704,32.539999999999999,-0.076337186620231215
183.65693907356913,700.6802223325775,-1012.25566864014,32.539999999999999,-0.076527410290055456
183.6699098907408,700.42412726951841,-1012.1967792511,32.5,-0.076696127652665688
183.68287569843207,700.15361532855752,-1010.16688346863,32.5,-0.07681088522007247
183.69583974592345,700.05856453535966,-1009.23657417297,32.159999999999997,-0.076815923675364675
183.70880669086301,700.21502673632028,-1010.0185871124301,32.159999999999997,-0.076678768833945643
183.7217732850049,700.1960836618382,-1010.0185871124301,32.140000000000001,-0.076487283739850295
183.73473958008765,700.1799344671964,-1010.6899738311801,32.140000000000001,-0.076282088540536586
183.74771257345068,700.5416416045266,-1010.29419898987,32.170000000000002,-0.07616757829163695
183.7606922319778,700.90156046486038,-1006.39319419861,32.170000000000002,-0.076114802310692162
183.77367058458395,700.83104073116101,-1006.87217712402,32.590000000000003,-0.0760453815259102
183.78664355828516,700.54057986555449,-1006.05988502502,32.590000000000003,-0.075907717562162191
183.79961889754566,700.66832006634445,-1006.05988502502,32.530000000000001,-0.075728414165620803
183.81259784723329,700.86328313270792,-1007.34663009644,32.530000000000001,-0.075553224111240089
183.82557385497654,700.70441813616776,-1007.13920593262,32.450000000000003,-0.075408871182481477
183.8385509865148,700.76510306636226,-1007.13920593262,32.450000000000003,-0.075345102489772414
183.85153750578519,701.27204060077167,-1006.79230690002,32.25,-0.075430783132143561
183.86452857198023,701.51757453114919,-1008.13460350037,32.25,-0.075524447279222862
183.87751294092959,701.15592326613944,-1009.06801223755,32.229999999999997,-0.075508149133454869
183.89049023493334,700.7738762023431,-1009.90605354309,32.229999999999997,-0.075474298662289788
183.90347056194324,700.93765853468392,-1009.90605354309,32.229999999999997,-0.075454293853110255
183.91645383917654,701.09697059772509,-1009.12976264954,32.229999999999997,-0.075492727466524218
183.92942872312346,700.64373313452552,-1007.9970359802199,32.350000000000001,-0.075581022020433
183.94240322315801,700.62300186548691,-1007.6484680175799,32.350000000000001,-0.075582766697978865
183.95538444113461,700.98577073629349,-1008.78882408142,32.280000000000001,-0.075569939282585027
183.9683706675556,701.25622673348573,-1010.67662239075,32.280000000000001,-0.075483162783507932
183.98134677877894,700.71000606072812,-1008.39996337891,32.259999999999998,-0.075352324379874325
183.99431772633574,700.43116806677551,-1008.39996337891,32.259999999999998,-0.075240210733581822
184.00729445430122,700.74331013529536,-1006.47521018982,32.280000000000001,-0.075095488379071415
184.02027571780869,700.9882294041937,-1007.42816925049,32.280000000000001,-0.07509645281566503
184.03325594858143,700.93246172736008,-1007.42816925049,32.329999999999998,-0.075098396175286505
184.0462331836012,700.77069106786644,-1005.94162940979,32.329999999999998,-0.075075299376184276
184.05921306978522,700.91385393626592,-1005.35249710083,32.399999999999999,-0.075012441310172498
184.07219425464689,700.98398253074492,-1006.32905960083,32.399999999999999,-0.074947696799878269
184.08516705346665,700.53113626722188,-1006.32905960083,32.079999999999998,-0.074907507126603795
184.09813888991854,700.47916840283187,-1005.83171844482,32.079999999999998,-0.074928464988433863
184.11111473519756,700.69564506613892,-1004.91261482239,32.460000000000001,-0.074950330372536289
184.12409184086667,700.76370613193808,-1005.52463531494,32.100000000000001,-0.075070770043628152
184.13706254731483,700.4181482002416,-1004.6882629394501,32.07,-0.07521758373375359
184.1500283746667,700.15467700157774,-1003.75580787659,32.07,-0.0753696604316242
184.16299275329516,700.07644593682153,-1003.75580787659,32.530000000000001,-0.075494304506141932
184.17595538414196,699.98206572688741,-1007.93409347534,32.530000000000001,-0.075507649323891785
184.18891157748021,699.63444026651121,-1006.63495063782,32.579999999999998,-0.075500055941135513
184.20186775840008,699.63376967225543,-1006.63495063782,32.579999999999998,-0.075568809277001353
184.21482434806671,699.65584199790146,-1002.79498100281,32.170000000000002,-0.075615088764634658
184.22778013162343,699.61231206304853,-1002.12717056274,32.509999999999998,-0.075620077550349399
184.24072818520128,699.19489320364517,-1004.17375564575,32.25,-0.075512478748244988
184.25367203437662,698.96785546811259,-1002.94470787048,32.25,-0.07539958589658885
184.26661776896177,699.06966759803618,-1002.94470787048,32.280000000000001,-0.07542185071459484
184.27956219038148,698.99875666466016,-1001.0359287262,32.280000000000001,-0.075551264194414269
184.29250939956165,699.14929572912047,-1001.0359287262,32.409999999999997,-0.075704252554570764
184.305460200542,699.34325293982431,-1002.37345695496,32.409999999999997,-0.075933503814995959
184.31841531561483,699.57621393276929,-1002.57658958435,32.079999999999998,-0.076085177974843404
184.33137254168645,699.6902078664009,-1000.73432922363,32.079999999999998,-0.076168387507391452
184.34432811103713,699.60074493730747,-1000.79536437988,32.119999999999997,-0.076078865676053736
184.35728366072843,699.59968333023915,-1002.68244743347,32.119999999999997,-0.075934841815319357
184.37024622741728,699.97860119783161,-1002.68244743347,32.140000000000001,-0.075871260423185483
184.38320817011967,699.94490592908392,-1000.74005126953,32.140000000000001,-0.075966562661571049
184.39616223900731,699.51971993225504,-999.59826469421398,32.539999999999999,-0.076118028826169873
184.40912149846542,699.80001073844846,-999.59826469421398,32.539999999999999,-0.076353559270365398
184.42207801052226,699.65165106822133,-999.46117401123001,32.579999999999998,-0.076434043132180302
184.43502277653212,699.01736453269825,-999.80521202087402,32.579999999999998,-0.076366323562995247
184.44796302045427,698.77317179632826,-999.80521202087402,32.170000000000002,-0.076130634795164132
184.46090574065806,698.90689100593897,-1000.06031990051,32.520000000000003,-0.075932374843983116
184.47386041283576,699.55229759520591,-1000.1072883606,32.240000000000002,-0.075915632768707789
184.48681843880993,699.73340260580198,-999.27973747253395,32.240000000000002,-0.076031828712911725
184.49977289057406,699.54039526302097,-998.96597862243596,32.240000000000002,-0.076224413803014091
184.51272697291481,699.52044639883138,-998.96597862243596,32.240000000000002,-0.076301378301687303
184.52568291893456,699.62108506712548,-997.49183654785202,32.329999999999998,-0.076212233139522065
184.53863344776173,699.32855666734338,-996.79160118103005,32.259999999999998,-0.07600493418669009
184.55157643287532,698.92119613370369,-997.51234054565396,32.210000000000001,-0.075683473712271063
184.56452233613328,699.07877592946886,-997.35546112060501,32.210000000000001,-0.075447912224233402
184.57747867848281,699.64248687545978,-997.67017364501896,32.189999999999998,-0.075383890005795789
184.59042939564443,699.33872672675636,-1000.0014305114699,32.189999999999998,-0.075443491546447874
184.60337878101353,699.26680993222476,-998.97980690002396,32.159999999999997,-0.075657916151394888
184.61632923740498,699.32464513773823,-998.97980690002396,32.159999999999997,-0.075797807010985555
184.62928016877038,699.35029373158545,-997.94650077819801,32.390000000000001,-0.075807918070244132
184.64222805884938,699.18606426679162,-998.24547767639206,32.390000000000001,-0.075646427769266833
184.65517684610376,699.234511735301,-1000.44465065002,32.439999999999998,-0.075364799962614637
184.66813509249016,699.74530486653885,-1001.58095359802,32.439999999999998,-0.075088356518106525
184.68110359687788,700.29923693630519,-1000.92220306396,32.119999999999997,-0.074983857985850097
184.69406861915311,700.11120286210144,-1000.03719329834,32.520000000000003,-0.074927426045947376
184.7070264102272,699.72071800067204,-1000.03719329834,32.140000000000001,-0.074987060701109914
184.71998421475303,699.7214443958004,-999.47762489318802,32.140000000000001,-0.075022904201982821
184.73294295474076,699.77195933802977,-998.740196228027,32.189999999999998,-0.075000004014796784
184.74589223559502,699.26116612984788,-996.58298492431595,32.189999999999998,-0.074945767926996379
184.7588405944407,699.21137766518689,-996.58298492431595,32.57,-0.07487694732865835
184.77179285035311,699.42181927148044,-997.69520759582497,32.140000000000001,-0.074870445661067833
184.78474971320873,699.67059420315934,-1003.46636772156,32.560000000000002,-0.074916411604735306
184.79770501661611,699.58638399767824,-1004.54473495483,32.560000000000002,-0.07490222859703935
184.81065929349887,699.53095167018421,-1004.54473495483,32.409999999999997,-0.074916104267889097
184.8236180262432,699.7715681933131,-1003.09038162231,32.409999999999997,-0.0749277302781651
184.83658471765682,700.20133633598664,-1002.01177597046,32.240000000000002,-0.074987212816709892
184.84955331931485,700.30448953350958,-1001.51419639587,32.259999999999998,-0.075023376071823369
184.86252034289993,700.21927359328095,-1001.78527832031,32.280000000000001,-0.075024266002931245
184.87549189995551,700.46408100212216,-1001.78527832031,32.280000000000001,-0.074950228962407717
184.88846518513216,700.55739953903606,-1001.97672843933,32.329999999999998,-0.074903903942157152
184.90143178651738,700.1964748010588,-1002.37703323364,32.329999999999998,-0.074707732225321358
184.91439471021232,699.99787952822146,-1002.69818305969,32.369999999999997,-0.074497824534212984
184.92736293416917,700.28409366877099,-1002.69818305969,32.369999999999997,-0.074242422771109678
184.94033271860749,700.36835966962872,-1003.92460823059,32.159999999999997,-0.074117914255496464
184.95330118367286,700.29711352980883,-1002.9513835906999,32.159999999999997,-0.074093926490715542
184.96627055211977,700.34589613331423,-1003.2157897949201,32.119999999999997,-0.074125324478708857
184.97924160936671,700.43709133517962,-1003.28254699707,32.119999999999997,-0.074139719621666947
184.99221015825063,700.30163973188496,-1003.28254699707,32.119999999999997,-0.074139787918506395
185.00517375146296,700.03403346486959,-1005.14769554138,32.119999999999997,-0.074068515870854987
185.01813880581852,700.1129352008254,-1005.14769554138,32.520000000000003,-0.074024521228363532
185.03110903108265,700.39216426255064,-1004.65631484985,32.520000000000003,-0.073944374711546593
185.04407841298266,700.34662259989057,-1005.88321685791,32.509999999999998,-0.074032950731618904
185.05704741718023,700.32622666919985,-1004.62913513184,32.509999999999998,-0.07423933388418702
185.07001518685806,700.25956260377666,-1004.62913513184,32.539999999999999,-0.074531821947920351
185.08298296998757,700.26028899340906,-1005.22661209106,32.539999999999999,-0.074763889941565215
185.09594755040254,700.087342407851,-1006.85858726501,32.119999999999997,-0.07481841163442314
185.10891006431606,699.97575133025475,-1008.51273536682,32.119999999999997,-0.074792663669971726
185.12187242300996,699.96736947089437,-1005.66816329956,32.119999999999997,-0.074827361644866572
185.13484316257151,700.41993632335027,-1005.66816329956,32.119999999999997,-0.074793997531502926
185.14781395904697,700.42300967471363,-1004.73999977112,32.119999999999997,-0.074812155215892767
185.16078212608886,700.28102026244767,-1005.67674636841,32.119999999999997,-0.074844698731797929
185.17375036349756,700.28482006939532,-1005.67674636841,32.549999999999997,-0.074906565455555477
185.18671780203823,700.24168119681906,-1004.32324409485,32.549999999999997,-0.074967633312116574
185.19968699456922,700.33639667365298,-1002.58684158325,32.57,-0.074923334436084302
185.21265413508635,700.22558792396171,-1003.47113609314,32.57,-0.074844294123208227
185.22562245734815,700.28940213829617,-1003.47113609314,32.539999999999999,-0.074844890170147532
185.23859146154575,700.32622666919985,-1003.82161140442,32.539999999999999,-0.074945409885696548
185.25156353186429,700.49179720159316,-1003.38006019592,32.140000000000001,-0.075101214978258501
185.26452972967658,700.17468186449594,-1005.784034729,32.140000000000001,-0.075194737356565663
185.27749104942708,699.91126652716071,-1006.41798973083,32.100000000000001,-0.075225714180088041
185.29045204942469,699.89399986961814,-1006.41798973083,32.100000000000001,-0.075294508909575397
185.30341675298024,700.09399199993538,-1006.10542297363,32.140000000000001,-0.075334485412100902
185.31637597415181,699.7979432647287,-1008.87966156006,32.140000000000001,-0.075391778307800347
185.32933464894694,699.76843893665318,-1009.48476791382,32.560000000000002,-0.075466965014824361
185.34229513671613,699.86633953697174,-1007.39502906799,32.560000000000002,-0.075623760413034147
185.35525312233329,699.73122332698483,-1004.6398639679001,32.539999999999999,-0.075815688405221099
185.36820944605557,699.64148100331226,-1002.82883644104,32.539999999999999,-0.075869078022539477
185.38116875725436,699.80280473370465,-1002.82883644104,32.490000000000002,-0.075801486769347157
185.39413356532711,700.09963592872043,-1003.85427474976,32.490000000000002,-0.075659261395953192
185.40710307657778,700.35360753581881,-1003.85427474976,32.189999999999998,-0.075525511056599853
185.42007098284819,700.26693860198168,-1002.40731239319,32.189999999999998,-0.075444051374146462
185.43304183209875,700.42585953129833,-1002.24471092224,32.25,-0.075462010377682007
185.44601590993466,700.60020313921655,-1002.24471092224,32.25,-0.07557891930056955
185.45898856491732,700.52336906384437,-1001.48344039917,32.259999999999998,-0.075704212197352086
185.47195481550375,700.17753166612079,-1000.4794597625699,32.310000000000002,-0.075685050752601207
185.48492274764564,700.26833566281368,-999.58038330078102,32.140000000000001,-0.075483336630489492
185.49789294083084,700.39043200077072,-1000.15354156494,32.140000000000001,-0.075274160545835606
185.5108667785926,700.5872391340115,-1000.15354156494,32.119999999999997,-0.07506603064657999
185.52383543820002,700.30761880116165,-999.41563606262196,32.119999999999997,-0.075046428374914709
185.53680281258275,700.23821666776314,-999.41563606262196,32.100000000000001,-0.075088488972687911
185.54977223277041,700.34869013406637,-998.73256683349598,32.100000000000001,-0.075184982269363473
185.56273506540373,699.99296219791677,-998.36945533752396,32.509999999999998,-0.075230128648616626
185.57569559146171,699.86840713160359,-997.13087081909202,32.509999999999998,-0.075208427798628089
185.58865713783453,699.92350413174154,-997.13087081909202,32.539999999999999,-0.075082470559389908
185.60162154957658,700.07823407092212,-997.98393249511696,32.539999999999999,-0.074921995401495411
185.61458998152844,700.2953254012042,-998.13008308410599,32.159999999999997,-0.074842653962353206
185.62755618658275,700.17507293226845,-997.01929092407204,32.57,-0.074897543008666176
185.64052612624201,700.37674160043719,-997.01929092407204,32.170000000000002,-0.074993466130001102
185.65349947040244,700.56058466252057,-995.208740234375,32.170000000000002,-0.075073850651337981
185.66647010544943,700.41429253746128,-995.208740234375,32.229999999999997,-0.07505287105832989
185.67943887578159,700.31359793639047,-994.182348251343,32.229999999999997,-0.074879068674460689
185.69240932870247,700.40445772846022,-994.182348251343,32.259999999999998,-0.074679623875366197
185.70538492045432,700.68195459985327,-993.91508102417004,32.259999999999998,-0.07453192128819483
185.71836348105683,700.8422725350423,-993.90888214111305,32.210000000000001,-0.07447117422176823
185.73134056085556,700.76230913156201,-995.97883224487305,32.210000000000001,-0.074522102044573837
185.74431984271484,700.88122040099427,-995.97883224487305,32.140000000000001,-0.074546565818699936
185.75730071610008,700.96716280230339,-994.43936347961403,32.140000000000001,-0.07457320785305141
185.77027543758408,700.63496013594454,-994.43936347961403,32.159999999999997,-0.074523373818013647
185.78324401958147,700.30342786048936,-994.53425407409702,32.159999999999997,-0.074376791922336954
185.79620904806546,700.11153813449732,-993.458032608032,32.359999999999999,-0.074189524683327332
185.80917429075433,700.12310519978246,-994.12059783935501,32.359999999999999,-0.074033819966221354
185.8221370716482,699.99016826861271,-996.22106552124001,32.469999999999999,-0.073977828854149039
185.83510100220622,700.05225013323115,-994.53449249267601,32.469999999999999,-0.073976715405159044
185.84806384725681,699.99363273171662,-993.61515045166004,32.520000000000003,-0.073942078483784757
185.86102582928143,699.94702933008432,-993.61515045166004,32.520000000000003,-0.073846564109322832
185.8739879023704,699.95194680328484,-994.91667747497604,32.119999999999997,-0.073725911271247765
185.88694815523951,699.85365493184179,-993.10564994812,32.119999999999997,-0.073618693277413369
185.89990701215928,699.77827366871031,-993.10564994812,32.159999999999997,-0.073672436798257149
185.91286788280621,699.88701493368967,-992.50912666320801,32.159999999999997,-0.073785107168128652
185.92582403061238,699.63198153265887,-992.32578277587902,32.549999999999997,-0.073840164889383261
185.93877719715181,699.47099312962234,-994.09008026123001,32.170000000000002,-0.07390405982670431
185.95173398757169,699.66668267355419,-993.34120750427201,32.590000000000003,-0.07382129112056178
185.96469134402719,699.69724859770599,-992.71821975707996,32.590000000000003,-0.073681672413147437
185.97764616625184,699.56040013143524,-992.71821975707996,32.159999999999997,-0.073574052916776711
185.99060429570622,699.73899053585831,-995.03993988037098,32.520000000000003,-0.073509387051167538
186.00356498422715,699.87718013018457,-995.03993988037098,32.530000000000001,-0.07363109538913698
186.01652728393708,699.9641843364177,-994.90380287170399,32.530000000000001,-0.073801856487944212
186.02948531611972,699.73373786170987,-993.90220642089798,32.189999999999998,-0.073905904880622125
186.04243766309503,699.42673666773703,-994.83036994934105,32.189999999999998,-0.073896560610961268
186.05538492401496,699.15208967491265,-994.83036994934105,32.210000000000001,-0.073751875509855278
186.06832577226061,698.80580526564779,-995.47433853149403,32.210000000000001,-0.073530705024558635
186.08126453641367,698.69326426516864,-993.43085289001499,32.189999999999998,-0.073368554520630333
186.09420654053457,698.86822252907007,-995.67961692810104,32.189999999999998,-0.073277537399497342
186.10715571790988,699.25557826574345,-995.67961692810104,32.409999999999997,-0.073380945250751742
186.12010824080122,699.43623613289435,-995.50724029541004,32.409999999999997,-0.073528183210078354
186.13305642373084,699.20187820002957,-995.50724029541004,32.329999999999998,-0.073643169469849848
186.14600109246916,699.01211186954185,-996.57726287841797,32.329999999999998,-0.07363461268517256
186.15894813194075,699.14013146491095,-996.57726287841797,32.25,-0.07353890790672829
186.17189436012723,699.09632206952688,-998.65317344665505,32.25,-0.073516655506116663
186.18484186732962,699.16538893052973,-998.52561950683605,32.280000000000001,-0.073665750937569691
186.19779325918142,699.3751599975277,-995.52822113037098,32.280000000000001,-0.073955858953457562
186.21074990058892,699.65863600414957,-996.33526802063,32.329999999999998,-0.074254904562903387
186.22370450964436,699.54888899343064,-997.48921394348099,32.329999999999998,-0.074427698014269864
186.23665300404821,699.21869780755912,-997.48921394348099,32.310000000000002,-0.07438927164407301
186.24959982931608,699.12856446557794,-998.63767623901401,32.310000000000002,-0.074303830041912169
186.26254815504825,699.20958953658226,-998.612880706787,32.140000000000001,-0.074221565285142704
186.27549848208758,699.31766012486594,-998.612880706787,32.140000000000001,-0.074206513041419411
186.28844931618144,699.34504106842894,-999.83477592468296,32.100000000000001,-0.074257095240319551
186.30140495693584,699.60460073748777,-1001.27720832825,32.100000000000001,-0.074379287867763003
186.31436105920989,699.62952279880665,-1001.27720832825,32.119999999999997,-0.07447344354386945
186.32731944839998,699.75301626354769,-999.05085563659702,32.119999999999997,-0.074470476764802132
186.34027247110129,699.46322587128509,-999.04847145080601,32.43,-0.074328116865242461
186.3532214404803,699.24434646735824,-1000.47707557678,32.43,-0.074119007007166823
186.36617428830129,699.4537823334083,-1001.36971473694,32.439999999999998,-0.074036989568192046
186.37912442700744,699.30749013140485,-999.63688850402798,32.439999999999998,-0.074143454225411701
186.3920714085296,699.13700219725888,-999.63688850402798,32.520000000000003,-0.0743649465334799
186.40501866841484,699.15203380259186,-1001.97672843933,32.520000000000003,-0.074575066358730874
186.41796329783094,699.00998846854145,-1002.57253646851,32.119999999999997,-0.074604943187772887
186.43090965640252,699.10336286678375,-1002.57253646851,32.119999999999997,-0.074479304668509785
186.4438563254148,699.1201266624488,-1002.65026092529,32.159999999999997,-0.074279796745735316
186.45681361667781,699.69372820182537,-1002.59637832642,32.159999999999997,-0.074165929108723952
186.46977754723704,700.05225019918316,-1002.01487541199,32.159999999999997,-0.074305380176988817
186.48274814917033,700.41250439786461,-1003.39722633362,32.159999999999997,-0.074600449039275998
186.49571686155309,700.31046866873839,-1003.39722633362,32.549999999999997,-0.074863956413110791
186.50868284516048,700.1631147992108,-1003.48258018494,32.549999999999997,-0.075028343126360086
186.52165005604439,700.22938773090948,-1003.40938568115,32.479999999999997,-0.074964376787367545
186.53461535150859,700.1259550673592,-1002.55298614502,32.479999999999997,-0.074769246081549223
186.54757704068405,699.9312154737903,-1001.81984901428,32.43,-0.074652400281934553
186.56054734459377,700.39641112500749,-1005.619764328,32.43,-0.07467182560066668
186.57352769126538,700.93872026816007,-1004.74119186401,32.240000000000002,-0.074800032501292829
186.58650865571363,700.97208020405594,-1004.74119186401,32.240000000000002,-0.075060788334526035
186.59948636570746,700.79633966720951,-1004.22739982605,32.299999999999997,-0.075142437385373156
186.61246159320874,700.662285069787,-1003.53074073792,32.299999999999997,-0.075091768262676897
186.62543462589383,700.5437649945352,-1003.53074073792,32.280000000000001,-0.074867494403718024
186.63840485736793,700.39249960089842,-1006.17170333862,32.280000000000001,-0.074635390192867995
186.65137866304943,700.58550680078361,-1007.33757019043,32.170000000000002,-0.074541473553409635
186.66435705497901,700.83316419811342,-1009.5522403717,32.170000000000002,-0.074729835614961493
186.67733710362717,700.92262700079891,-1009.5522403717,32.140000000000001,-0.074978862993117512
186.69031570251602,700.84433999777002,-1006.4537525177,32.140000000000001,-0.075220908555036742
186.70328748101966,700.47603919563585,-1004.6601295471201,32.170000000000002,-0.075263936692505362
186.71626385301366,700.72408767722618,-1007.74359703064,32.170000000000002,-0.075122546404632562
186.7292423742926,700.8401490625937,-1008.2867145538301,32.359999999999999,-0.074922201326482821
186.74221491958511,700.51744579544027,-1008.34608078003,32.359999999999999,-0.074821995157036969
186.75518759422837,700.52443073686459,-1008.34608078003,32.409999999999997,-0.074885952182347615
186.76816743488152,700.91139526836548,-1007.68995285034,32.409999999999997,-0.075099232296396271
186.78114843140864,700.97381246583586,-1008.38398933411,32.460000000000001,-0.075261029931573548
186.79412100257164,700.5188428013123,-1008.38398933411,32.460000000000001,-0.075330080257559551
186.80709036377533,700.34550499958959,-1006.69384002686,32.079999999999998,-0.0752601337922265
186.82006327228393,700.5370594641779,-1003.78322601318,32.079999999999998,-0.075200021059900243
186.83303958529379,700.72090253175747,-1003.78322601318,32.119999999999997,-0.075232328639714685
186.84601164940369,700.49146193469323,-1007.77077674866,32.119999999999997,-0.075238007638669516
186.85898056978138,700.32170039567586,-1007.77077674866,32.159999999999997,-0.075264179871304321
186.87194758612219,700.21888240459657,-1008.79073143005,32.159999999999997,-0.0753330397932062
186.88491107482108,700.02838973943653,-1009.98592376709,32.520000000000003,-0.075398874986945114
186.89786835366678,699.69305766802574,-1009.38320159912,32.520000000000003,-0.075364203916693101
186.91082525480996,699.67266173183907,-1008.76641273499,32.420000000000002,-0.075210970308901351
186.9237834101333,699.74038745929033,-1007.51185417175,32.420000000000002,-0.075177930088163356
186.93675250539386,700.3311440709524,-1006.04772567749,32.25,-0.075288599149826649
186.94972107393829,700.30270139940922,-1006.04772567749,32.25,-0.075544838068203432
186.96268397797286,699.99681786619317,-1005.67603111267,32.310000000000002,-0.075679323117723754
186.97564545294441,699.91964846346514,-1006.62589073181,32.310000000000002,-0.075696457383278404
186.98860021721975,699.55727086927914,-1006.62589073181,32.380000000000003,-0.075554833229677862
187.00154773787526,699.16611539710607,-1006.46471977234,32.380000000000003,-0.075363972121124806
187.01450081231732,699.46601987203712,-1003.26871871948,32.5,-0.07525510775524466
187.02746186508892,699.8968496657468,-1003.37624549866,32.5,-0.075324541991788257
187.04043072027409,700.31817999979523,-1003.37624549866,32.07,-0.075534212712947538
187.05339762589142,700.21290333531977,-1001.9237995147701,32.07,-0.07583983449435007
187.06636622134204,700.30415433256189,-1002.28214263916,32.509999999999998,-0.076005240488049464
187.07933692158153,700.41781293334179,-1001.50585174561,32.100000000000001,-0.07595088229442927
187.09230809575931,700.44340559990837,-1001.55997276306,32.100000000000001,-0.075801611980304301
187.10527592442102,700.26274773275736,-1001.55997276306,32.100000000000001,-0.075683529592021487
187.11824640942106,700.40619000123195,-1000.59676170349,32.549999999999997,-0.075739010546990448
187.13121849940001,700.49285886362145,-1002.25830078125,32.549999999999997,-0.075966332934940844
187.14419069389504,700.49850273195023,-1002.25830078125,32.57,-0.076163584986968624
187.15715139586916,699.87790660225687,-1002.47049331665,32.57,-0.076332413073999988
187.17010501668636,699.49552412866456,-1000.93674659729,32.539999999999999,-0.076354936592217107
187.18306374943089,699.77156820430514,-999.83716011047397,32.539999999999999,-0.076208731365814658
187.19601617505191,699.43098353568996,-1000.7951259613,32.159999999999997,-0.075970472146868182
187.20896745721478,699.36923679507538,-1000.7951259613,32.159999999999997,-0.07587775277577101
187.22192587848386,699.75474853082358,-1000.83923339844,32.590000000000003,-0.075960313487886247
187.23488708026665,699.90489626919941,-998.00872802734398,32.159999999999997,-0.076167862861512961
187.24784414490864,699.6814906686925,-996.33193016052201,32.189999999999998,-0.076290641186523456
187.26079829140619,699.52391086743137,-996.38986587524403,32.189999999999998,-0.076210257700164527
187.27375328954687,699.56989959659245,-996.39892578125,32.409999999999997,-0.075999297614808031
187.28671471174442,699.91679866733637,-996.91295623779297,32.409999999999997,-0.075855781841322911
187.29968392393704,700.33745840163317,-996.91295623779297,32.32,-0.075857351637927062
187.31264858920503,700.09192447125577,-996.11186981201195,32.32,-0.076038608740917737
187.3256195419371,700.43144753280262,-995.98455429077103,32.259999999999998,-0.076237971791004028
187.33859116521978,700.46765726482727,-994.74501609802201,32.259999999999998,-0.076459295426776819
187.35155651863209,700.1290842635633,-995.25785446167004,32.259999999999998,-0.076506208214041402
187.36451132119501,699.55933839795898,-993.84784698486305,32.259999999999998,-0.076365376718991018
187.37747183483449,699.86773653185185,-992.32268333435104,32.390000000000001,-0.076194381754456059
187.39043796745426,700.17116146861542,-993.48902702331497,32.390000000000001,-0.076092205320237014
187.40340074213827,699.98983293576089,-993.48902702331497,32.479999999999997,-0.076133857170221211
187.41636048898897,699.82632993754339,-993.64399909973099,32.479999999999997,-0.07625470765681884
187.42932236029009,699.9410502608074,-993.14665794372604,32.119999999999997,-0.076350441409047592
187.44228749846422,700.11746140290143,-992.62070655822697,32.119999999999997,-0.076299992700113881
187.45524871370006,699.90562273577575,-991.90521240234398,32.090000000000003,-0.076108409297973995
187.46820867475557,699.83789699733234,-991.76263809204102,32.090000000000003,-0.075867124315479512
187.48117434067908,700.14595986982147,-991.76263809204102,32.140000000000001,-0.07569683922703524
187.49414274055061,700.29359306248034,-991.32657051086403,32.140000000000001,-0.075581172066585989
187.50710580704944,700.00559093622212,-990.94009399414097,32.490000000000002,-0.075515408275434556
187.52006446218272,699.76737719768096,-990.94009399414097,32.490000000000002,-0.075447160956556764
187.53302337084318,699.78106766396638,-992.38085746765103,32.299999999999997,-0.075334323983022602
187.54598578127784,699.97016347164652,-991.69969558715798,32.299999999999997,-0.075144271055754996
187.55894437846172,699.764247930029,-991.85013771057095,32.189999999999998,-0.074926600273599209
187.57190639256547,699.94876160285617,-992.28286743164097,32.189999999999998,-0.074798763832379711
187.58487563787281,700.33924659618958,-992.28286743164097,32.369999999999997,-0.074831128327736723
187.59784614874198,700.40758693565601,-993.83997917175304,32.369999999999997,-0.07493449581892267
187.61081048287414,700.07404313574591,-993.76511573791504,32.439999999999998,-0.074995560571058842
187.62376910489505,699.76558912953237,-993.76511573791504,32.439999999999998,-0.07491202507592927
187.63673174298518,699.98245686610801,-993.57724189758301,32.439999999999998,-0.074777939460108966
187.64969922705683,700.24413987021524,-992.90657043456997,32.439999999999998,-0.074528084239750672
187.66266448940613,700.12416686181064,-992.90657043456997,32.119999999999997,-0.074330070573116649
187.67562641244811,699.94384426705562,-991.50633811950695,32.119999999999997,-0.074265258800044906
187.68858988251972,700.0273838672889,-991.84036254882801,32.090000000000003,-0.074287657108627989
187.70154731658639,699.70143959883421,-993.30472946167004,32.090000000000003,-0.074319525932298125
187.71449512284693,699.18153807021145,-995.78452110290505,32.079999999999998,-0.07427982468586497
187.7274414741741,699.10297166710745,-995.78452110290505,32.079999999999998,-0.074128195022028401
187.74039078710859,699.26289846307566,-994.88496780395496,32.399999999999999,-0.074031327126543339
187.75334803904946,699.69160480632104,-996.09136581420898,32.399999999999999,-0.074014817881407138
187.76630246597901,699.5390541954215,-996.09136581420898,32.119999999999997,-0.074055246594891919
187.77925359188646,699.36079900293828,-995.474815368652,32.43,-0.07413000903139165
187.79220671910377,699.4688697341179,-994.92120742797795,32.100000000000001,-0.074235187428737234
187.80515889016306,699.41723720257983,-996.15740776062,32.43,-0.07421837498707369
187.81810580649261,699.13348179588252,-996.15740776062,32.119999999999997,-0.074135958112566916
187.83105764745065,699.39941173389457,-998.69918823242199,32.119999999999997,-0.073950758410582865
187.84401745328523,699.82951506652398,-999.58872795105003,32.090000000000003,-0.07385893517913808
187.85697987613574,699.97083392850232,-995.98693847656205,32.090000000000003,-0.07390048665264852
187.86993527060611,699.59130139943079,-996.31237983703602,32.090000000000003,-0.074010614513060985
187.88288989828638,699.54989473367436,-996.31237983703602,32.090000000000003,-0.073988547341338459
187.89584242117903,699.43623620434244,-996.45352363586403,32.5,-0.073872258265913468
187.90879433250245,699.4032114638984,-995.81336975097702,32.5,-0.07366374341939208
187.9217495448469,699.58146660142165,-996.10972404480003,32.5,-0.073480406361777897
187.93470931756789,699.82772693242339,-996.10972404480003,32.5,-0.073292912500766569
187.94767636081355,700.22033526630139,-997.89071083068802,32.079999999999998,-0.073260378298441509
187.96064438401845,700.27325306456623,-998.25692176818802,32.549999999999997,-0.073366790182371217
187.97360236342595,699.73088800512505,-996.82354927063,32.159999999999997,-0.073573967027856763
187.98655645818386,699.52111692713515,-998.54755401611305,32.159999999999997,-0.073664857902749348
187.99950657101982,699.30609314202081,-998.54755401611305,32.560000000000002,-0.073508272567708491
188.0124574175309,699.34571159673271,-1000.98514556885,32.189999999999998,-0.07319182364383707
188.02541220767651,699.55866786415925,-1001.93953514099,32.229999999999997,-0.073024576736436947
188.03837370851855,699.92104546933729,-1002.97880172729,32.229999999999997,-0.073086580054484068
188.05134057584687,700.21083572969599,-1002.13861465454,32.359999999999999,-0.073370370598728127
188.06430527940375,700.09399207138335,-1003.0937194824201,32.359999999999999,-0.07366850972169374
188.07726077735438,699.59688933498308,-1003.0937194824201,32.170000000000002,-0.073823751881317942
188.09021495075677,699.52536372913596,-1002.53438949585,32.170000000000002,-0.073798632041709916
188.10317313815924,699.74211973206241,-1000.50950050354,32.090000000000003,-0.073639057162158225
188.11613532093702,699.95787000024097,-1002.58588790894,32.090000000000003,-0.073383900646893749
188.12910027181107,700.10734719932123,-1003.74531745911,32.460000000000001,-0.073281129201018674
188.14206923047655,700.32376793534763,-1003.74531745911,32.460000000000001,-0.073360816264473439
188.15503560420498,700.18418133514922,-1002.88438796997,32.509999999999998,-0.073652998025829614
188.16800179477406,700.17429073077142,-1002.13170051575,32.509999999999998,-0.073818681347918122
188.18096736342605,700.14070720666496,-1001.72853469849,32.579999999999998,-0.073838903465926378
188.19393594542345,700.30342786048936,-1001.72853469849,32.579999999999998,-0.073755856396416797
188.2069140703729,700.81874727074739,-1000.92220306396,32.189999999999998,-0.073758040864779564
188.21989765287279,701.1134549933148,-1001.9059181213401,32.189999999999998,-0.073869283207735073
188.23287983838887,701.03801786885469,-1001.9059181213401,32.210000000000001,-0.074042495753820159
188.24586286209501,701.08328013143955,-1002.2671222686801,32.210000000000001,-0.074194669722925349
188.25884445673947,701.00611080015949,-1002.94709205627,32.240000000000002,-0.074403668857394092
188.2718186070112,700.60411467431754,-1001.35517120361,32.240000000000002,-0.074574629673153106
188.28478984534703,700.44687013446014,-1001.35517120361,32.329999999999998,-0.074642179533029235
188.29776411255185,700.61042905995828,-1000.4768371582001,32.329999999999998,-0.074585018057747463
188.3107420812469,700.81030953357026,-1001.24526023865,32.210000000000001,-0.074512614971875321
188.32371912172229,700.76018567010556,-1002.7813911438,32.210000000000001,-0.074539782685251216
188.33669425298763,700.65708832841517,-1002.7813911438,32.189999999999998,-0.074618601550608135
188.3496721502803,700.80645380483804,-998.41737747192406,32.189999999999998,-0.074602704908190695
188.36265577831239,701.11591373266299,-998.41737747192406,32.329999999999998,-0.074523304485280259
188.3756415307939,701.23063400096726,-998.92115592956497,32.329999999999998,-0.074358605261821739
188.38863107686302,701.43548773216457,-999.89056587219204,32.189999999999998,-0.07429937211184176
188.40162532093586,701.68917993369178,-999.99547004699696,32.32,-0.07433804372885966
188.41462446169757,701.9536011321826,-999.33624267578102,32.189999999999998,-0.074389239566576046
188.42761372216049,701.42006499860292,-999.59492683410599,32.299999999999997,-0.074481014162403533
188.44059442687416,700.95805453682249,-999.59492683410599,32.259999999999998,-0.074535902176079444
188.453578776163,701.1548615986153,-1000.37956237793,32.259999999999998,-0.074542299326979145
188.46656570418025,701.29411293191379,-999.19366836547795,32.240000000000002,-0.074424876107178281
188.47954979994196,701.14117113232976,-999.71389770507801,32.240000000000002,-0.07430378244086569
188.4925314659877,701.00996646843589,-1000.07605552673,32.240000000000002,-0.074245386446566294
188.50551266430122,700.98470893136925,-1000.07605552673,32.240000000000002,-0.074244106395134984
188.51848927533464,700.73699580461482,-999.17244911193802,32.280000000000001,-0.074224576560526237
188.53145930709138,700.38171486351825,-1000.69499015808,32.280000000000001,-0.074137950109230577
188.54442671976179,700.24028420193883,-1000.03623962402,32.259999999999998,-0.074037305182724431
188.55739498303953,700.28621699832354,-1000.03623962402,32.259999999999998,-0.073928039313493732
188.57037044544194,700.67496972987692,-998.26335906982399,32.280000000000001,-0.073895542364776662
188.5833428075741,700.50755513610238,-998.87228012084995,32.280000000000001,-0.073893053662974842
188.5963085645605,700.15087726607794,-997.97821044921898,32.189999999999998,-0.073941459672419718
188.60927020096173,699.92836566666961,-997.97821044921898,32.189999999999998,-0.074059589662665001
188.62222657642468,699.64427499856845,-998.52013587951706,32.159999999999997,-0.074062488145605329
188.63517444787786,699.18505847158792,-998.884677886963,32.159999999999997,-0.074002651704756464
188.64812365733084,699.25731046157136,-998.884677886963,32.119999999999997,-0.073856143280808917
188.66108013006541,699.64952766722092,-997.65944480895996,32.119999999999997,-0.073724860946344867
188.67404215037783,699.94909686975609,-995.566844940186,32.350000000000001,-0.073687303810750449
188.68700057268157,699.75480440314413,-997.26104736328102,32.350000000000001,-0.073779420927585146
188.69996041680361,699.83158258970775,-995.57113647460903,32.390000000000001,-0.07386684107261246
188.71291933167291,699.78140294185835,-994.73309516906704,32.390000000000001,-0.073952577593818028
188.72587405041727,699.55481219588273,-994.73309516906704,32.119999999999997,-0.073876622029174194
188.73883096501231,699.67338813246329,-996.03438377380405,32.350000000000001,-0.07375743240126012
188.75178904169135,699.73614066828145,-995.02229690551803,32.119999999999997,-0.073684834771290342
188.76474958120122,699.86913353222792,-994.33159828186001,32.119999999999997,-0.073718216477141579
188.77771210856793,699.97647780232728,-995.09930610656704,32.329999999999998,-0.07386833429377497
188.79066680764944,699.55375040195065,-997.12514877319302,32.140000000000001,-0.074051778969349794
188.8036146925555,699.18578492717234,-996.84214591980003,32.229999999999997,-0.074138555468426889
188.81656673426414,699.41025226665136,-996.84214591980003,32.229999999999997,-0.074141562605018224
188.82951869215432,699.40572607007141,-994.40121650695801,32.25,-0.074020517576256717
188.84246928513824,699.33202113044729,-992.23566055297795,32.25,-0.073911015771138872
188.85542767432841,699.75301626904366,-992.94066429138195,32.280000000000001,-0.07379765932732836
188.86838753811236,699.83264433417605,-992.94066429138195,32.280000000000001,-0.073798262618197219
188.88134269871608,699.57867260066939,-992.61116981506302,32.369999999999997,-0.073864403076994475
188.89429038804448,699.17522373403483,-990.57221412658703,32.369999999999997,-0.074003119435397696
188.90723811566048,699.17729126271468,-991.01567268371605,32.079999999999998,-0.074098958737361456
188.92019043055686,699.42500440595711,-991.01567268371605,32.079999999999998,-0.074058317889734077
188.93314537074815,699.56677032894038,-991.48035049438499,32.090000000000003,-0.073881833296062904
188.94610042062837,699.5726935313927,-992.09976196289097,32.090000000000003,-0.073726748426215918
188.95905897124823,699.76173347224801,-991.50109291076706,32.119999999999997,-0.073658815689131671
188.97202420772845,700.12276993288253,-991.50109291076706,32.119999999999997,-0.073805104734396401
188.98499002887158,700.15434172918185,-992.07210540771496,32.509999999999998,-0.073978046162468877
188.99794741119757,699.69864560357803,-991.09220504760697,32.509999999999998,-0.074168867948475853
189.01090285119884,699.59376006733112,-991.09220504760697,32.530000000000001,-0.074271329988770174
189.02386556690007,699.98664786723623,-991.18399620056096,32.530000000000001,-0.074298254524975557
189.0368194991926,699.51234379665027,-991.80865287780796,32.509999999999998,-0.074184380677485909
189.04976756518886,699.19556379790083,-992.61045455932594,32.509999999999998,-0.074061036316842993
189.06271604096676,699.21769200685958,-993.50309371948197,32.170000000000002,-0.073989650440752633
189.07566415870377,699.19835779865298,-993.885278701782,32.170000000000002,-0.074033492968661893
189.08861048416179,699.10157473268339,-993.885278701782,32.539999999999999,-0.074057941221782927
189.10155571169386,699.04228673141699,-993.47853660583496,32.170000000000002,-0.074116244084759475
189.11450607702108,699.31972767003367,-992.30432510375999,32.170000000000002,-0.074201058595935315
189.12746053602964,699.5407864626975,-991.04762077331497,32.170000000000002,-0.074293654825522332
189.14040732197415,699.12644100412149,-989.58325386047397,32.57,-0.074310097843062514
189.15334867727404,698.83318619272279,-991.10746383667004,32.57,-0.074273249547970197
189.1662932621939,699.0075856729618,-993.71409416198696,32.450000000000003,-0.074197469899754911
189.17925047481231,699.68948139432871,-993.71409416198696,32.450000000000003,-0.074295921044216409
189.19220775986665,699.69339293492555,-994.63033676147495,32.189999999999998,-0.074482706064623899
189.20516816899138,699.86209273497093,-993.18695068359398,32.350000000000001,-0.074670771136360919
189.21813370452955,700.13891906157244,-993.18695068359398,32.210000000000001,-0.074891287625520858
189.23109903828143,700.12802260153501,-993.59345436096203,32.210000000000001,-0.075080589287452704
189.24405397122959,699.56637920071205,-993.38817596435501,32.259999999999998,-0.075135521797444829
189.25700438933214,699.32257753761053,-993.40319633483898,32.259999999999998,-0.07508661390909166
189.26995803602105,699.49692120048871,-993.40319633483898,32.299999999999997,-0.074844043702006383
189.28292145952588,700.02486926111601,-995.32938003540005,32.299999999999997,-0.074597252532764252
189.29588895705064,700.24486633679169,-996.79350852966297,32.210000000000001,-0.07448487397761433
189.30885663566539,700.25464519652803,-994.41695213317905,32.210000000000001,-0.074421375369263035
189.32183064934324,700.59673860466478,-994.67921257018997,32.170000000000002,-0.07446512993819468
189.33480104948882,700.40160786088336,-995.78118324279797,32.170000000000002,-0.074545168834710088
189.34776245305932,699.91579280618078,-995.78118324279797,32.159999999999997,-0.07458444374229152
189.36071724320493,699.55866786415925,-995.65362930297795,32.159999999999997,-0.074619452158864591
189.37367761404201,699.86002520079512,-996.94991111755405,32.359999999999999,-0.074592902221875812
189.38664533818763,700.25710386442836,-996.94991111755405,32.359999999999999,-0.074529449144513343
189.39961178952598,700.18837227032554,-998.93236160278298,32.380000000000003,-0.074464723259954443
189.4125783453803,700.19401613315836,-1000.55146217346,32.380000000000003,-0.074537313647215983
189.42554580358149,700.24274286434309,-1000.61559677124,32.420000000000002,-0.074676604320362716
189.4385099742149,700.06521420438833,-1000.15187263489,32.420000000000002,-0.074781259107825529
189.45147069584942,699.87896826428516,-1000.15187263489,32.090000000000003,-0.074852206226346682
189.4644332615037,699.9785453310069,-1001.26910209656,32.090000000000003,-0.074844950188690154
189.47740268790002,700.34902540096618,-1000.85353851318,32.119999999999997,-0.074791329808949425
189.49037486997787,700.49783220364657,-1001.10530853271,32.119999999999997,-0.074708697696791129
189.50334399731602,700.33287626128435,-1001.70874595642,32.100000000000001,-0.074631392747880818
189.51631293632099,700.32270626782338,-999.15003776550304,32.100000000000001,-0.074576027690899563
189.52928087570621,700.26872680203417,-1000.0419616699201,32.460000000000001,-0.074564087101069113
189.54224490353576,700.05750279638755,-1000.0419616699201,32.460000000000001,-0.07450884001070833
189.55520845742717,700.03191013531705,-1000.08940696716,32.490000000000002,-0.074425123425176529
189.56817300472844,700.08555426825444,-999.79329109191895,32.490000000000002,-0.074304094952296257
189.58114132699015,700.28940213279998,-999.79329109191895,32.560000000000002,-0.074257836159031046
189.594104569405,700.01509040137944,-1000.62489509583,32.560000000000002,-0.074249664320907086
189.60706197760126,699.70004259845803,-1002.19249725342,32.140000000000001,-0.074269604972242914
189.62001376578397,699.39656186631782,-1002.95233726501,32.140000000000001,-0.074284009427865116
189.63296604239261,699.42293686628534,-1002.95233726501,32.140000000000001,-0.074327484600589105
189.64592081287651,699.55760613068298,-1003.12399864197,32.140000000000001,-0.074445454196530481
189.65887755155563,699.66388867280205,-1003.830909729,32.140000000000001,-0.074607972055542274
189.67183787065315,699.85723126599487,-1003.16882133484,32.140000000000001,-0.074726964037071103
189.68480376216297,700.15814153063354,-1002.5794506073,32.579999999999998,-0.074830154577868332
189.69777085093955,700.2227939342016,-1002.5794506073,32.579999999999998,-0.074885340613385462
189.71072938293213,699.76072760010049,-1003.21245193481,32.560000000000002,-0.074926689267045862
189.72368897352834,699.8178921948703,-1001.99913978577,32.560000000000002,-0.07491067465821151
189.73665127323704,699.96418427046569,-1002.28047370911,32.57,-0.074840791315947772
189.74961863416792,700.2374902671387,-1002.42614746094,32.57,-0.074733808222920833
189.76258747590123,700.3174535991709,-1002.42614746094,32.210000000000001,-0.07467490931320854
189.77555598028883,700.29923693080923,-1000.24604797363,32.210000000000001,-0.074670406886821916
189.78852841485673,700.51146666570753,-998.365879058838,32.189999999999998,-0.074732028361722866
189.80150047896663,700.49146193469323,-998.365879058838,32.189999999999998,-0.074823789505483393
189.81446909304327,700.3051601387574,-998.85749816894497,32.520000000000003,-0.074862563569236248
189.82743874709627,700.36131886137957,-1000.98729133606,32.189999999999998,-0.074849236342141995
189.84041647054195,700.79706606783395,-1001.57499313354,32.490000000000002,-0.074825873597881301
189.8533910875112,700.62931633906362,-1000.67925453186,32.490000000000002,-0.074773755753188523
189.86636195021364,700.42658593192277,-1000.37360191345,32.229999999999997,-0.074818298841572803
189.87933390359882,700.48548279946453,-1000.92124938965,32.390000000000001,-0.074945237072776935
189.89230480459017,700.42865353205048,-1001.43933296204,32.280000000000001,-0.075071625825145857
189.9052746345605,700.37081839798509,-1003.01003456116,32.280000000000001,-0.075255113964501616
189.91823980584698,700.11924947105013,-1003.01003456116,32.310000000000002,-0.075376024468929423
189.9312067901098,700.21715019228054,-1001.95026397705,32.310000000000002,-0.075488773484809091
189.94417154540611,700.09678600068764,-1002.108335495,32.280000000000001,-0.07557900932909592
189.9571325650642,699.89506153714217,-1002.64573097229,32.280000000000001,-0.075598119033092118
189.97008631005923,699.50222973046982,-1002.67791748047,32.329999999999998,-0.075635770336208649
189.98304030754448,699.51586420352271,-1001.6815662384,32.329999999999998,-0.075681050203392664
189.99600145758893,699.90210240035128,-1001.6815662384,32.159999999999997,-0.075741613076824102
190.00896293876912,699.91998373036517,-999.94945526123001,32.159999999999997,-0.075740648640026928
190.02193034523097,700.23994894053499,-999.83859062194801,32.369999999999997,-0.07568634942986964
190.03490392946546,700.57354866222977,-999.62115287780796,32.119999999999997,-0.075659350388382063
190.04788255525926,700.84579286497069,-999.62115287780796,32.100000000000001,-0.075640997124204204
190.06085743817161,700.64367726770092,-996.27614021301304,32.100000000000001,-0.075685285652492662
190.07382481255425,700.23821666226706,-996.27614021301304,32.469999999999999,-0.075801106997174642
190.08679487535565,700.3833912749617,-994.67706680297795,32.469999999999999,-0.075898242907570496
190.09977035638389,700.6759755250805,-995.98908424377396,32.5,-0.075932316895803487
190.11274351945309,700.5508057368321,-995.98908424377396,32.5,-0.075928533656034317
190.12571716163697,700.57667792988184,-996.11544609069801,32.100000000000001,-0.075920284207796132
190.13869816540867,700.97420367100835,-996.15716934204102,32.530000000000001,-0.076028612545584934
190.15167619929511,700.81382986899484,-994.80462074279797,32.100000000000001,-0.076181077294128444
190.16465127157659,700.65390319943447,-994.30680274963402,32.100000000000001,-0.076345919320522815
190.17762215394077,700.42764766539892,-994.30680274963402,32.140000000000001,-0.076388554232734177
190.19059221674195,700.38339126396966,-993.83640289306595,32.140000000000001,-0.076372450631878044
190.20356988120378,700.79388093885325,-993.83640289306595,32.189999999999998,-0.076227910401730034
190.21654349751719,700.5752809240098,-995.48745155334495,32.189999999999998,-0.076043447479054602
190.22951177424824,700.2869434758918,-995.48745155334495,32.5,-0.075906870058127102
190.24248098644074,700.33745839613709,-993.00575256347702,32.5,-0.075885724896637849
190.25545611770619,700.65708833391113,-993.00575256347702,32.210000000000001,-0.076007626743116327
190.26842680449261,700.41708646676534,-992.57946014404297,32.409999999999997,-0.076228600615580788
190.28139637990122,700.35707206487473,-992.93136596679699,32.390000000000001,-0.076397417320195726
190.29436841193211,700.48972966741735,-992.85125732421898,32.390000000000001,-0.076423599901999234
190.30734035910862,700.48514753256472,-992.85125732421898,32.25,-0.076384318785567951
190.32030645964807,700.16942912989157,-993.00837516784702,32.25,-0.07636777332200527
190.3332705268013,700.059626274332,-992.77377128601097,32.259999999999998,-0.076332765941224345
190.3462352955506,700.09751246176791,-993.97587776184105,32.259999999999998,-0.076369873971505728
190.3591983299703,700.00385866345027,-993.97587776184105,32.280000000000001,-0.076395440846267343
190.3721615775593,700.01536980695062,-994.87662315368596,32.280000000000001,-0.076396494276205845
190.38512348818276,699.94317366730388,-993.76416206359897,32.259999999999998,-0.076421021172688827
190.39808866567904,700.11958479840598,-990.339756011963,32.259999999999998,-0.076395003124999195
190.41105718351849,700.29996333143356,-990.339756011963,32.189999999999998,-0.076300492509473405
190.42401872989265,699.92350420318951,-991.38998985290505,32.189999999999998,-0.076160621312529778
190.43696942635682,699.33760906599935,-992.30360984802201,32.189999999999998,-0.076074357040817261
190.44992309891489,699.49831813491278,-991.710424423218,32.189999999999998,-0.076091903157873383
190.46287561559882,699.43590093194643,-991.41860008239701,32.310000000000002,-0.076089098842760522
190.47582046646181,699.0219466015991,-991.41860008239701,32.310000000000002,-0.075963545175709218
190.48876142543219,698.8117844008766,-993.03841590881302,32.43,-0.075824125152100713
190.50170157208271,698.76791912767578,-993.55101585388195,32.43,-0.075721527553614304
190.5146395104629,698.64867253088755,-993.55101585388195,32.549999999999997,-0.075712862113861107
190.52757091302837,698.29573853503439,-991.20116233825695,32.549999999999997,-0.075747617002262971
190.54051251461104,698.84648546482777,-991.47224426269497,32.140000000000001,-0.075859961409960056
190.55346075031477,699.20472800165419,-992.15483665466297,32.140000000000001,-0.076004756199695003
190.56641444253466,699.49937987388512,-992.15483665466297,32.140000000000001,-0.076001786316609865
190.57937065449886,699.63544606721086,-995.85604667663597,32.140000000000001,-0.075867896278745586
190.59232291765554,699.42221046016493,-995.85604667663597,32.560000000000002,-0.075655793771428836
190.60527809171234,699.57939906724573,-992.84482002258301,32.189999999999998,-0.075539473651245706
190.61823688964938,699.77508860018565,-993.48521232605003,32.539999999999999,-0.075509842071263836
190.63119023727901,699.48077200035095,-993.48521232605003,32.539999999999999,-0.075474676365931317
190.64414094098765,699.33800026567587,-994.87400054931595,32.469999999999999,-0.07541498997154078
190.65710097344453,699.84175267110481,-995.86153030395496,32.469999999999999,-0.075318615677379616
190.67005413377407,699.47065779677041,-995.24688720703102,32.439999999999998,-0.075221068949035338
190.68299982179377,699.06715306331125,-994.50111389160202,32.439999999999998,-0.075148823153754638
190.69594541254193,699.06190040015474,-996.17338180542004,32.210000000000001,-0.075070109839862925
190.7088959537864,699.329227201143,-997.23839759826706,32.210000000000001,-0.075022582378295274
190.72184223992105,699.09945127122694,-997.23839759826706,32.229999999999997,-0.075078591082956975
190.73478617498398,698.97249339834195,-997.03359603881802,32.229999999999997,-0.075174577326852329
190.74773707944442,699.34884086438467,-994.84300613403298,32.259999999999998,-0.075321286502322504
190.76068627027169,699.25630467186386,-996.39201164245605,32.259999999999998,-0.07541758318657299
190.77363642139633,699.30816073115648,-996.39201164245605,32.159999999999997,-0.07542766837626845
190.78658245400362,699.08576079394925,-998.04401397705101,32.159999999999997,-0.075383595086547503
190.79952368616179,698.82653654018236,-998.88873100280796,32.140000000000001,-0.075423234244787501
190.81246990710505,699.09593093580224,-997.28322029113804,32.140000000000001,-0.075630471109935218
190.82542189086419,699.40712299350332,-997.28322029113804,32.119999999999997,-0.075945394734027616
190.8383706719099,699.23417646840119,-997.42603302001896,32.119999999999997,-0.076235071238820284
190.85132110243086,699.32324813186608,-998.75879287719704,32.450000000000003,-0.076384659235703284
190.86427602916913,699.56604386786012,-999.04370307922397,32.450000000000003,-0.076440088450019344
190.87722960445547,699.49306546076434,-999.04370307922397,32.549999999999997,-0.076447814288374771
190.89017742934317,699.182543936863,-997.02429771423294,32.549999999999997,-0.076444509128110225
190.9031317134704,699.53134286986074,-996.70481681823696,32.539999999999999,-0.076423188051413751
190.91608871809265,699.67824960143935,-1000.01096725464,32.539999999999999,-0.076405928572561066
190.92904880332475,699.84460253318559,-1000.01096725464,32.189999999999998,-0.076388816038693338
190.94200791998023,699.79229939639981,-1000.29754638672,32.189999999999998,-0.076364699957105459
190.95496969400992,699.93579760314697,-1000.29754638672,32.189999999999998,-0.076359250685798602
190.96793292297278,700.01436399525903,-999.680995941162,32.189999999999998,-0.076503029299711936
190.98089520922974,699.96345787533733,-998.32010269165005,32.189999999999998,-0.076616025632673848
190.99385300133829,699.72077386200067,-998.13175201416004,32.189999999999998,-0.076659065154187342
191.00681137707539,699.75228980246732,-1001.13725662231,32.490000000000002,-0.076682907012319917
191.0197812774112,700.37461813348477,-1003.30686569214,32.490000000000002,-0.076685584046112656
191.03274951585433,700.28487593072396,-1001.5017986297599,32.409999999999997,-0.076749295823177369
191.04571243955064,699.99787959966943,-1001.5017986297599,32.409999999999997,-0.0768379515246429
191.05868212568276,700.36305113415153,-1003.27587127686,32.329999999999998,-0.076976620281694316
191.07165698996786,700.64267139555341,-1004.12201881409,32.329999999999998,-0.077222558772825897
191.08462575409138,700.31326266949065,-1004.12201881409,32.280000000000001,-0.077505815360257593
191.0975949207531,700.33499973373273,-1003.80849838257,32.280000000000001,-0.077798443121992966
191.11056920037521,700.6110995937579,-1002.34413146973,32.369999999999997,-0.077990068950086075
191.12354523398773,700.70581507608779,-1003.8108825683599,32.369999999999997,-0.078076579503699367
191.13652049460373,700.66407326434364,-1005.71012496948,32.439999999999998,-0.078069194116700602
191.14949047255067,700.37880913461299,-1005.71012496948,32.439999999999998,-0.077962397287642468
191.16246970266909,700.87842639474616,-1005.49483299255,32.079999999999998,-0.078020839848010393
191.17545066711844,700.97208026451199,-1002.9792785644501,32.079999999999998,-0.078173050036356301
191.18842914390115,700.83774626701404,-1003.63087654114,32.07,-0.078377590204046471
191.20140510507773,700.70190353549094,-1003.63087654114,32.07,-0.07850409381871272
191.21438543933087,700.93804966840833,-1004.77576255798,32.159999999999997,-0.078513265275759289
191.22736904149266,701.11451673778299,-1006.06989860535,32.159999999999997,-0.078486225877663698
191.240344172758,700.65708832841517,-1006.06989860535,32.560000000000002,-0.078483405005957158
191.25331313763212,700.32410320224744,-1006.587266922,32.560000000000002,-0.078509370278015952
191.26628358434448,700.40412246705614,-1006.92057609558,32.170000000000002,-0.078554754662399695
191.27925525833334,700.47039539875482,-1006.51741027832,32.469999999999999,-0.07862349454721633
191.29222330844198,700.27470586581501,-1006.51741027832,32.32,-0.078798162025877999
191.30518897333093,700.14590400299687,-1004.49776649475,32.32,-0.078984861158892194
191.31815915306424,700.38970560014639,-1004.49776649475,32.25,-0.079070211698159393
191.3311289240506,700.36763326350831,-1004.74834442139,32.25,-0.079140233703549015
191.34409292601111,700.05610586745945,-1006.0031414031999,32.299999999999997,-0.079188896343045587
191.35705699316293,700.05962619738796,-1006.92749023438,32.299999999999997,-0.079199989428840947
191.37001992306796,699.99821487206532,-1006.12831115723,32.359999999999999,-0.079154959982960557
191.38298640027648,700.18976925970958,-1005.03873825073,32.359999999999999,-0.07901046425035009
191.39595036394942,700.05403833877972,-1004.61864471436,32.119999999999997,-0.07886982522944147
191.40891198172349,699.92735980001805,-1004.61864471436,32.119999999999997,-0.078757685712364522
191.42187754934079,700.1406513343444,-1005.04302978516,32.159999999999997,-0.078717892368772233
191.43485023743574,700.52515712649699,-1003.14950942993,32.159999999999997,-0.078746575033674451
191.4478190729605,700.31711833776706,-1003.14950942993,32.119999999999997,-0.078832928298426516
191.46078411386299,700.11220873424907,-1003.21912765503,32.119999999999997,-0.078929568537949704
191.47375140339136,700.2336345329104,-1003.41367721558,32.460000000000001,-0.078951762989262139
191.48671706828023,700.14590399750068,-1004.76741790771,32.460000000000001,-0.07879673192920969
191.49967505493095,699.73127913884946,-1004.76741790771,32.119999999999997,-0.078557495854850348
191.51263089126175,699.61516186467327,-1006.21461868286,32.479999999999997,-0.078371597660718703
191.52559271703211,699.93859159840315,-1006.2620639801,32.100000000000001,-0.078336444373085887
191.53855799800866,700.12517273395827,-1002.96235084534,32.57,-0.07843776709564132
191.55151568560123,699.71512999916763,-1002.32696533203,32.119999999999997,-0.078544656021146145
191.56447492643332,699.79900493225284,-1002.36248970032,32.119999999999997,-0.078591994113302296
191.57743141779505,699.65053353387248,-1002.36248970032,32.170000000000002,-0.07851546423299896
191.59039157442709,699.84845813001402,-1001.57976150513,32.170000000000002,-0.078324414788994559
191.60334666363087,699.57481700384096,-1001.08695030212,32.159999999999997,-0.07811220466280118
191.61629993261613,699.47652520384599,-1000.39267539978,32.159999999999997,-0.0779358928821514
191.62926264210751,699.98631253438441,-1000.39267539978,32.520000000000003,-0.077879495091431744
191.64223111441598,700.29750465803727,-1000.94676017761,32.520000000000003,-0.077907398549952545
191.65519487526663,700.04308593497365,-999.672889709473,32.460000000000001,-0.077953724603552599
191.66815845502717,700.03330706974111,-997.13063240051304,32.460000000000001,-0.078037252856075712
191.68112957746663,700.44061173106002,-997.13063240051304,32.390000000000001,-0.078083648242510934
191.6941005312321,700.43150333367532,-996.95372581481899,32.390000000000001,-0.07816139091197695
191.70706871690001,700.28202606864318,-999.66883659362804,32.280000000000001,-0.078229743779877292
191.72003755863335,700.3174535991709,-1001.95002555847,32.280000000000001,-0.0782822403643091
191.73301298792225,700.67318160127229,-1001.99580192566,32.399999999999999,-0.078325231249187513
191.74599238050493,700.88719946477522,-999.82666969299305,32.399999999999999,-0.078430355836840326
191.75896250849752,700.38691159939413,-999.36079978942905,32.5,-0.078561755103354031
191.77193337120127,700.42658600337074,-999.36079978942905,32.5,-0.078672096133192357
191.78490035442852,700.21709427049609,-998.68273735046398,32.140000000000001,-0.078673448620458886
191.79786344783219,700.00704379792694,-998.56877326965298,32.140000000000001,-0.078629588501079789
191.81081698379626,699.49094205976394,-998.30007553100597,32.159999999999997,-0.078530154294187568
191.82377174082717,699.55687966960261,-996.96803092956497,32.159999999999997,-0.078417440462061783
191.8367287599383,699.67903200079229,-996.63662910461403,32.170000000000002,-0.078245633178161619
191.84968662862096,699.72490886440028,-998.40164184570301,32.170000000000002,-0.078068808133846243
191.86264367360246,699.68042900116848,-997.17140197753895,32.479999999999997,-0.077959723356442662
191.87560176373327,699.73686706340993,-997.17140197753895,32.479999999999997,-0.077990907140133944
191.88856685637651,700.11500273500121,-996.04487419128395,32.420000000000002,-0.0780722602374673
191.90152955344936,699.98564193463255,-995.46480178832996,32.420000000000002,-0.07817410036024143
191.91449373753576,700.0659406654687,-995.57995796203602,32.310000000000002,-0.078192686455677979
191.927459200637,700.1350074660154,-996.64568901062,32.310000000000002,-0.07816200868897473
191.94042615902964,700.21575320289651,-997.57719039917004,32.25,-0.078025454034610309
191.95339196051114,700.15328000120167,-998.49200248718296,32.25,-0.077892687792156745
191.96635829491723,700.18205792865285,-998.49200248718296,32.259999999999998,-0.077893642915170244
191.97932820249758,700.37500933865726,-996.56343460082996,32.259999999999998,-0.078081231977460308
191.99229768063464,700.35181940171833,-994.92406845092796,32.329999999999998,-0.078323628339497811
192.00525896727154,699.90947839306023,-995.88537216186501,32.329999999999998,-0.078522293931498455
192.0182219747864,700.00240580174545,-995.88537216186501,32.119999999999997,-0.078525454219380147
192.0311853796654,700.02386346591243,-993.96944046020496,32.119999999999997,-0.078426417376333823
192.04415201933827,700.19854233523449,-993.96944046020496,32.090000000000003,-0.07826473356918838
192.05711603475055,700.05683226258793,-993.66998672485295,32.090000000000003,-0.078035381932493
192.07007602788516,699.8396292701043,-994.72451210021995,32.509999999999998,-0.077811311930092317
192.0830403744346,700.07471366954564,-995.53608894348099,32.140000000000001,-0.077749761855539737
192.09600551985184,700.11785253112998,-995.39685249328602,32.530000000000001,-0.077801411970812612
192.10896286285561,699.69652220257751,-995.06092071533203,32.530000000000001,-0.077904519727521937
192.12191526260617,699.42958652981781,-995.06092071533203,32.549999999999997,-0.077870753076033361
192.1348717539679,699.65053353387248,-996.73891067504906,32.549999999999997,-0.077767149648756723
192.14782795454937,699.63483140023573,-998.18801879882801,32.469999999999999,-0.077644228521319247
192.16078003558027,699.41237566765176,-998.53682518005405,32.469999999999999,-0.077560689921255865
192.17373346702968,699.48529826837898,-998.34203720092796,32.229999999999997,-0.077564583884631944
192.18668928990752,699.61443540359301,-998.34203720092796,32.229999999999997,-0.077663321668416441
192.19964736141239,699.73586126271039,-997.93243408203102,32.259999999999998,-0.077803200110307419
192.21259874705677,699.37482479657967,-997.489452362061,32.259999999999998,-0.077928513702679378
192.22554750843963,699.23311467446899,-997.489452362061,32.210000000000001,-0.07792430101953178
192.23850362416789,699.63024932583903,-998.25072288513195,32.329999999999998,-0.07785661559983513
192.25146556583582,699.94485006775528,-999.06682968139603,32.119999999999997,-0.077851920698797844
192.26442122004076,699.60532706666413,-996.96326255798294,32.119999999999997,-0.077885613879676824
192.27737704291982,699.6144354695449,-996.99902534484897,32.439999999999998,-0.077933222055681844
192.29034130564946,700.0701874015175,-996.99902534484897,32.119999999999997,-0.077818698352374358
192.30330098730866,699.82280959662273,-998.59070777893101,32.539999999999999,-0.077561124538607987
192.31625067794448,699.28329433331044,-999.09687042236305,32.189999999999998,-0.077341168911412128
192.32920097808019,699.31620732911324,-999.09687042236305,32.549999999999997,-0.077175299326067259
192.34215604762224,699.57375527036493,-997.92337417602505,32.549999999999997,-0.077110255757121882
192.35511122788768,699.57973433414577,-999.71342086792004,32.460000000000001,-0.077024200516653693
192.36806308747157,699.40041752909815,-1002.03204154968,32.460000000000001,-0.076971285872583006
192.38101416784812,699.35834033503795,-1000.6377696991,32.329999999999998,-0.076928069400070132
192.39396935432345,699.58006966699747,-1000.66566467285,32.329999999999998,-0.076907063937397158
192.40692613956793,699.66640320203101,-1000.66566467285,32.259999999999998,-0.076838539291860478
192.41987644694697,699.31659846833372,-1001.75499916077,32.259999999999998,-0.076625738291887249
192.43282945619623,699.46249945966872,-1003.0825138092,32.259999999999998,-0.076386470140132709
192.44578650117774,699.68042900116848,-1003.0825138092,32.259999999999998,-0.076287862741584375
192.4587485473605,699.95049387013216,-1003.43537330627,32.329999999999998,-0.076207499951425534
192.4717095546012,699.89439099784659,-1002.91657447815,32.329999999999998,-0.076136240321066709
192.48467167942846,699.95474067213297,-1004.03308868408,32.119999999999997,-0.076040868750456639
192.49763976058145,700.27638226077022,-1004.03308868408,32.119999999999997,-0.075888840687389117
192.51060872649137,700.32415913502405,-1003.68452072144,32.359999999999999,-0.075748174761328793
192.52357369599258,700.10835306597278,-1001.89566612244,32.159999999999997,-0.075589849923530003
192.53653767932593,700.0551000008079,-1001.89566612244,32.140000000000001,-0.075429197813821902
192.54950604711976,700.29186086665231,-1001.18231773376,32.140000000000001,-0.075369322051648299
192.56247201106675,700.16205313718262,-1002.08067893982,32.350000000000001,-0.075302516213585469
192.57543132847405,699.80313999510849,-1002.50053405762,32.350000000000001,-0.075209617821940147
192.58839233571484,699.89439100334255,-1002.50053405762,32.350000000000001,-0.075100555808860547
192.60135318773462,699.88600906703812,-1004.18281555176,32.350000000000001,-0.075030482063530468
192.61431852148638,700.12802259603905,-1004.52423095703,32.159999999999997,-0.075058096812365277
192.62728482277899,700.18026980004834,-1006.59465789795,32.399999999999999,-0.075161194221941438
192.64025153385302,700.20239799801493,-1007.19928741455,32.07,-0.075250284538927084
192.65322574828272,700.60757920337346,-1007.19928741455,32.07,-0.075278314244706074
192.66620408226169,700.83003486450946,-1007.90405273438,32.420000000000002,-0.075239217321677057
192.67917578832959,700.4721276660307,-1009.9170207977299,32.090000000000003,-0.075135489718522977
192.69214598875922,700.39082320044713,-1008.2106590271,32.119999999999997,-0.075136958104184332
192.70512027459017,700.61143487164986,-1008.2106590271,32.119999999999997,-0.075189366729129639
192.71809300097277,700.5272246606728,-1008.0654621124301,32.490000000000002,-0.075341553115629192
192.73105721092844,700.06733760538873,-1007.73143768311,32.490000000000002,-0.075484636342430522
192.74402058993837,700.02246653698433,-1005.98430633545,32.509999999999998,-0.07555773792228225
192.75699188725807,700.45005526344073,-1004.56809997559,32.509999999999998,-0.075513448359015856
192.76996415936293,700.50269366163059,-1004.56809997559,32.539999999999999,-0.075366030343857832
192.78293991978768,700.69106293678215,-1006.0029029846201,32.539999999999999,-0.075162421497640158
192.79592482166174,701.18470119908659,-1006.0029029846201,32.140000000000001,-0.075062501968636869
192.80891623244568,701.53618233323527,-1005.87177276611,32.140000000000001,-0.075069087454580796
192.82190677916788,701.48952299882637,-1004.72974777222,32.170000000000002,-0.075188299846818837
192.83489370718647,701.29411300336164,-1002.68054008484,32.170000000000002,-0.07535175420331236
192.84788290866541,701.41687986412649,-1002.68054008484,32.189999999999998,-0.075460904174351806
192.86087519696176,701.58356800231661,-1003.55291366577,32.189999999999998,-0.075497368556647404
192.87386118951733,701.24359800067646,-1004.75335121155,32.560000000000002,-0.075420081201242481
192.88683826828151,700.76225326473741,-1007.7300071716299,32.560000000000002,-0.075356008277435244
192.89982096085066,701.06539873547388,-1007.7300071716299,32.189999999999998,-0.075436521113645294
192.91280403733214,701.08612999901641,-1006.63995742798,32.450000000000003,-0.075591430067063731
192.92577539260245,700.45318459704481,-1005.96356391907,32.32,-0.075780383001275861
192.93873994714693,700.08594540197885,-1005.25164604187,32.32,-0.075846194392863109
192.95170464449507,700.09365679898758,-1005.25164604187,32.280000000000001,-0.075839226031034185
192.96467460381473,700.37780326246548,-1004.63628768921,32.280000000000001,-0.075735679516653887
192.9776465830704,700.48687980533646,-1004.9250125885,32.32,-0.075600625326363774
192.99061887483583,700.5037553346508,-1003.73816490173,32.32,-0.075520701291840353
193.00359711050993,700.82472640048024,-1003.72743606567,32.350000000000001,-0.0754748843608746
193.01657918012833,701.0317593940066,-1003.72743606567,32.350000000000001,-0.075532226926253276
193.02955616162095,700.7570006015809,-1004.03094291687,32.140000000000001,-0.075593869098880995
193.04252626995182,700.38584986591798,-1002.49671936035,32.140000000000001,-0.075572781884757148
193.05549420312838,700.26839153513436,-1002.49671936035,32.140000000000001,-0.075582292758284222
193.06846260920989,700.29392840082812,-1001.17778778076,32.140000000000001,-0.075606106676796028
193.08142380478523,699.90456106825161,-1000.78296661377,32.119999999999997,-0.075689094762130274
193.09438297421605,699.79514926397655,-1002.2037029266399,32.119999999999997,-0.075825628720905272
193.1073420712099,699.79123766841951,-1002.50005722046,32.390000000000001,-0.075906518224862912
193.12030364345307,699.92490113211761,-1002.50005722046,32.390000000000001,-0.075913272383000482
193.13326086331614,699.68987260499705,-1001.27124786377,32.359999999999999,-0.075835962262050249
193.14621826426796,699.69965139878161,-1002.45881080627,32.359999999999999,-0.07574667947092284
193.15918104516172,699.99016826311663,-1002.45881080627,32.369999999999997,-0.075705356688657549
193.17214586565066,700.10030640206412,-1002.4733543396,32.369999999999997,-0.075792556421652543
193.18510741202346,699.92350413174154,-1002.4733543396,32.119999999999997,-0.075953008813391079
193.19806555492968,699.73971693648264,-1001.9950866699201,32.119999999999997,-0.076086169314654964
193.21101846690863,699.4572468624641,-1002.53248214722,32.399999999999999,-0.076033720332592744
193.22397098980008,699.43623613839031,-1002.78663635254,32.090000000000003,-0.075796312756066436
193.23692145964318,699.32537152737063,-1001.40118598938,32.159999999999997,-0.075450485779061244
193.24986765471607,699.09453393542628,-1000.6625652313199,32.159999999999997,-0.075244133670945929
193.26281777376047,699.3064283979287,-1000.24390220642,32.409999999999997,-0.075180006937344154
193.27577270049997,699.56604393381213,-999.35698509216297,32.409999999999997,-0.075269634317907966
193.28872610711358,699.48395713482751,-1000.32043457031,32.479999999999997,-0.07531164110446173
193.30167924674819,699.46954026791775,-999.06659126281704,32.479999999999997,-0.075334437812173985
193.31463366022595,699.53832780029325,-999.06659126281704,32.539999999999999,-0.075250297991808268
193.32759244574439,699.77441799493795,-997.78294563293503,32.539999999999999,-0.075054776130281442
193.34055048413586,699.73407313960161,-998.05259704589798,32.140000000000001,-0.074802096932773912
193.35350797615069,699.70456880053416,-1001.03688240051,32.140000000000001,-0.074642329579589342
193.36647457650122,700.19641892873801,-1001.03688240051,32.140000000000001,-0.074636509848061625
193.37944074223461,700.17294960271602,-1001.25455856323,32.140000000000001,-0.074827900777586401
193.39239976161855,699.7870467332433,-998.91662597656205,32.159999999999997,-0.074957662985532664
193.40535789728148,699.73932579726215,-999.17984008789097,32.159999999999997,-0.074959723278323329
193.41831357735688,699.60672407253628,-999.17984008789097,32.57,-0.074808118449784397
193.43126638585554,699.45165892691182,-999.70436096191395,32.57,-0.074673171879388697
193.44421610236182,699.28469133918247,-999.36962127685501,32.579999999999998,-0.074562290682666815
193.45716158238523,699.05592126492593,-997.38645553588901,32.579999999999998,-0.07445153159318961
193.47011398213579,699.42958652981781,-997.38645553588901,32.549999999999997,-0.074351212629672078
193.4830689668247,699.56917320146408,-999.43375587463402,32.549999999999997,-0.074293460283663806
193.49602183430619,699.45484400093255,-1001.22570991516,32.170000000000002,-0.074205930448175528
193.50897826771723,699.64740419477232,-997.41125106811501,32.170000000000002,-0.07411861378211311
193.52193740403465,699.79336114086789,-997.41125106811501,32.25,-0.073998125476625265
193.53489629303456,699.78000599644236,-998.58784675598099,32.25,-0.07401485306546636
193.54785035571243,699.5193846048993,-998.58784675598099,32.25,-0.074171258342334914
193.5608066069999,699.63756952317112,-999.10402297973599,32.25,-0.074390201932806668
193.57376424285306,699.71233606986357,-998.23522567749001,32.280000000000001,-0.074493853995904177
193.58671594721599,699.39203559828968,-998.03447723388695,32.280000000000001,-0.074427037809893973
193.59966676785686,699.34431460734857,-998.61407279968296,32.259999999999998,-0.074244757285727214
193.61262487144074,699.73759352998616,-998.440980911255,32.259999999999998,-0.074104041688664538
193.62559282324315,700.26939733033794,-997.86257743835404,32.189999999999998,-0.074035619488132587
193.6385590407173,700.17574360346805,-997.86257743835404,32.189999999999998,-0.074096220649132169
193.65152383533584,700.09890940168805,-1000.48470497131,32.329999999999998,-0.074257071439796318
193.66448744096667,700.03470406462111,-999.55058097839401,32.329999999999998,-0.07433299803055389
193.67745043606422,700.00173526794583,-999.55058097839401,32.280000000000001,-0.074303791755158249
193.69041142985185,699.89366453127025,-999.46165084838901,32.280000000000001,-0.074098324402752228
193.70336759111109,699.63270799923521,-1001.02519989014,32.170000000000002,-0.073856676203966451
193.71632445293213,699.67053833633452,-1001.66749954224,32.329999999999998,-0.073787892858015083
193.72928423910497,699.82845333304772,-1000.94509124756,32.159999999999997,-0.073838458499914439
193.7422386132593,699.53620433334072,-1000.94509124756,32.159999999999997,-0.0739880506362003
193.7551862570555,699.17276499468642,-1001.5561580658,32.119999999999997,-0.074109873837383058
193.7681360315124,699.28782067278644,-1003.09753417969,32.119999999999997,-0.074166688654290325
193.78109143219018,699.59163660037859,-1002.3980140686,32.159999999999997,-0.074149417794038996
193.79404627511104,699.56151772624003,-1002.4836063385,32.159999999999997,-0.074040477889018269
193.80700035641607,699.52039047155074,-1002.4836063385,32.420000000000002,-0.073952569315928293
193.81996444943823,700.06102319776403,-1004.4903755188,32.420000000000002,-0.073967627766160546
193.83293534422094,700.42831826515066,-1004.9569606781,32.439999999999998,-0.074126196817837997
193.84590527146167,700.37607100068544,-1004.9569606781,32.439999999999998,-0.074292683145609828
193.8588706372926,700.12975486881089,-1004.03499603271,32.469999999999999,-0.07438855866549117
193.87183533464071,700.09365679898758,-1002.57134437561,32.469999999999999,-0.074308667745681761
193.88480239651233,700.22134106700082,-1002.57134437561,32.079999999999998,-0.074155788040194071
193.89776403394814,699.92842153349409,-1003.8437843322801,32.079999999999998,-0.073969153066143128
193.91071959088276,699.60007446945974,-1003.8437843322801,32.119999999999997,-0.073815581078680817
193.92368366424444,700.05996153023989,-1005.01680374146,32.119999999999997,-0.073793823313353255
193.93665378602847,700.38657633799028,-1005.26714324951,32.469999999999999,-0.073891772578397574
193.94962354356173,700.36690679693186,-1005.40018081665,32.079999999999998,-0.073975192175641219
193.96259419206172,700.41501899854154,-1005.88846206665,32.490000000000002,-0.074015749204711628
193.97556606783584,700.48129180383228,-1005.34820556641,32.490000000000002,-0.073982515474752167
193.98853833994082,700.50269366712655,-1005.8913230896,32.549999999999997,-0.074064510149708301
194.00150551150247,700.22726432990908,-1005.8913230896,32.549999999999997,-0.074170824761487397
194.01446536286792,699.83197373442431,-1006.6692829132101,32.530000000000001,-0.074325139736904647
194.02742360201111,699.74491373281444,-1009.42659378052,32.530000000000001,-0.074422605749081341
194.0403794124729,699.61376493574528,-1009.42659378052,32.140000000000001,-0.074536250904816942
194.05333344203706,699.51759646530263,-1009.93013381958,32.140000000000001,-0.074648701896005629
194.06628303540256,699.27804173610605,-1007.7426433563199,32.140000000000001,-0.074780102198515039
194.07923853335311,699.59688932948711,-1007.5671672820999,32.140000000000001,-0.074861918885967202
194.09219829986543,699.82739166552358,-1007.5671672820999,32.119999999999997,-0.074928977216307313
194.10515811811729,699.83018560032372,-1006.7737102508499,32.119999999999997,-0.074959793645220443
194.11811802743213,699.83510300207627,-1006.13141059875,32.57,-0.075026743321095296
194.13108814921605,700.38657633249431,-1002.51173973083,32.57,-0.075011536891917946
194.14406530041606,700.76616479983829,-1002.51173973083,32.140000000000001,-0.074923312705008044
194.15704000844687,700.63423366387224,-1003.23581695557,32.560000000000002,-0.074749413048784699
194.17001307321109,700.54549726730716,-1003.23581695557,32.579999999999998,-0.07462391008903678
194.18298505867529,700.4872150667403,-1001.57642364502,32.579999999999998,-0.074567903454127407
194.1959592348172,700.60551166370169,-1000.004529953,32.170000000000002,-0.074539903758128606
194.20892802480986,700.31465960391472,-1000.004529953,32.170000000000002,-0.074481456022769219
194.2218907529284,699.98731840103585,-999.08065795898403,32.159999999999997,-0.074465393813397271
194.23485009724078,699.80459286780524,-1004.04357910156,32.159999999999997,-0.074378892571633867
194.24781240419384,699.96457546464615,-1005.49507141113,32.210000000000001,-0.074274231575830088
194.26077561970371,700.01363753417877,-1005.36298751831,32.210000000000001,-0.074195708664597598
194.27373971272721,700.061023269212,-1005.36298751831,32.460000000000001,-0.074142370787219677
194.2867074110026,700.25570686954848,-1004.5380592346201,32.460000000000001,-0.074244266789540672
194.29968005356662,700.52269845859666,-1004.4002532959,32.420000000000002,-0.074355800945589329
194.31265172134695,700.47006013735097,-1004.0447711944601,32.420000000000002,-0.074344738903839663
194.3256241952383,700.51359013265994,-1003.1361579895,32.390000000000001,-0.074285029744209155
194.33859824099508,700.5984708664447,-1002.48789787292,32.390000000000001,-0.074127818354077252
194.35157136370736,700.54862646351103,-1000.90837478638,32.229999999999997,-0.074008995046268719
194.36453695098518,700.14171300186854,-1002.08210945129,32.229999999999997,-0.073887833083116694
194.37749807515925,699.90070539997521,-1002.08210945129,32.210000000000001,-0.073774948509146718
194.39045839425555,699.85723120004286,-1001.3575553894,32.210000000000001,-0.073695624660558359
194.40342155802591,700.01084359937863,-1000.6856918335,32.229999999999997,-0.073720063599793953
194.41638158427281,699.84141733275692,-1000.6856918335,32.229999999999997,-0.073753183499787822
194.42934699563449,700.13221353121514,-998.70228767394997,32.390000000000001,-0.073721112889515356
194.4423190473272,700.49079140638946,-997.48516082763695,32.390000000000001,-0.073687552164133752
194.45529017597411,700.44094693200793,-997.48516082763695,32.420000000000002,-0.073654158040073928
194.46826309069135,700.53739473107782,-998.18897247314396,32.420000000000002,-0.073641996002215451
194.48123431764566,700.44625553343712,-998.02613258361805,32.189999999999998,-0.073621775954570173
194.49421082519879,700.73140786906231,-998.48461151123001,32.390000000000001,-0.07362376795072495
194.50718943133086,700.84473113149443,-998.89659881591797,32.240000000000002,-0.073563820784742523
194.52016070899015,700.44899360141255,-999.15170669555698,32.240000000000002,-0.073513644229104683
194.53313034338274,700.36025719935151,-999.15170669555698,32.359999999999999,-0.073520581548719918
194.54610344746908,700.54762066281148,-998.568296432495,32.259999999999998,-0.073555212261040795
194.55907208741488,700.30655707318147,-998.60882759094204,32.259999999999998,-0.07363357477674802
194.57203227612715,699.85019046324192,-998.60882759094204,32.259999999999998,-0.073692589584040916
194.58499297189263,699.87757133535695,-998.52013587951706,32.170000000000002,-0.073715650166548644
194.59795562240004,699.98312739990763,-997.71237373352005,32.170000000000002,-0.07373555252899322
194.61092034561733,700.09505373341165,-997.30896949768101,32.119999999999997,-0.073701787946239203
194.62388579630246,700.13433699816767,-994.57263946533203,32.119999999999997,-0.0736192137833801
194.63685801666676,700.49989967187048,-994.57263946533203,32.460000000000001,-0.073565537523685387
194.64983366015926,700.68474859510957,-995.23425102233898,32.119999999999997,-0.073619303811194026
194.6628083878507,700.63529533689245,-995.59211730956997,32.509999999999998,-0.07360132721557798
194.67578406445679,700.68653672921016,-993.48235130310104,32.509999999999998,-0.073547167702710303
194.68875651868652,700.51252840467964,-992.73204803466797,32.579999999999998,-0.07349741334641953
194.70173584607778,700.88367912935053,-991.68086051940895,32.579999999999998,-0.073464003701659966
194.7147151796766,700.88401433579452,-993.11137199401901,32.530000000000001,-0.073356336603530331
194.72768878357292,700.57461040120211,-993.11137199401901,32.530000000000001,-0.073216872082791387
194.74065995050736,700.44301446068778,-993.71910095214798,32.210000000000001,-0.073155101594272715
194.75363343126301,700.56796080362153,-991.01281166076706,32.210000000000001,-0.07325062631790337
194.76660407251731,700.41462773291312,-992.176294326782,32.210000000000001,-0.073346245205188579
194.77956839940614,700.07365199652543,-992.176294326782,32.210000000000001,-0.073368326864057795
194.7925329674037,700.08667186855519,-993.98756027221702,32.259999999999998,-0.073396516963631822
194.80549397464441,699.89439099784659,-993.00217628479004,32.259999999999998,-0.073421733039394727
194.81845183090988,699.72423833609651,-993.00217628479004,32.299999999999997,-0.073520073459740445
194.83140532134317,699.48848339735957,-991.26553535461403,32.299999999999997,-0.073537185995033061
194.84435767556181,699.42712780695751,-991.04523658752396,32.210000000000001,-0.073514186465740552
194.85730869695553,699.35515526101733,-992.13242530822697,32.299999999999997,-0.073471162468489018
194.87025783500738,699.25345479879115,-992.13242530822697,32.25,-0.073459698921251468
194.88320223780124,698.99775086945669,-990.85497856140103,32.25,-0.073420617522179071
194.89614838734323,699.09207526752596,-990.85497856140103,32.299999999999997,-0.073409015313240525
194.90909638814566,699.19204333057235,-991.68300628662098,32.299999999999997,-0.073418794198625056
194.92204477907035,699.21310993246277,-991.68300628662098,32.32,-0.073450839974210563
194.93498765449499,698.91527293125137,-991.36829376220703,32.32,-0.07357107992692577
194.94793340149874,699.07033820328388,-991.50085449218705,32.350000000000001,-0.07369938823859648
194.96088196833944,699.22260939762009,-992.67792701721203,32.350000000000001,-0.073773184170378717
194.97382666294826,699.01350887541389,-995.08810043334995,32.119999999999997,-0.073822823664168605
194.98676831730492,698.84933526095665,-995.08810043334995,32.119999999999997,-0.073797841451894303
194.9997181631629,699.2916763300708,-995.49913406372104,32.390000000000001,-0.07375389337577673
195.01266887308017,699.3383355325758,-993.87025833129906,32.119999999999997,-0.073709049158174764
195.02561956437171,699.33732974286818,-993.21341514587402,32.07,-0.07372386546662156
195.03856974136542,699.30955766008469,-993.885278701782,32.07,-0.073780831363336644
195.05152237498149,699.44221526812316,-994.38309669494595,32.439999999999998,-0.073819466763454716
195.06447587886663,699.48920979798402,-993.98112297058105,32.439999999999998,-0.07368228191357859
195.07742569885309,699.29027926923879,-994.73261833190895,32.520000000000003,-0.073447200573067639
195.09037490830619,699.25731046706733,-994.73261833190895,32.520000000000003,-0.07314805769208188
195.10332772301359,699.45199419930771,-995.96571922302201,32.530000000000001,-0.073003645779555051
195.11628083677769,699.4681432620456,-994.61627006530796,32.530000000000001,-0.072916110770601963
195.1292309889358,699.30821653752525,-994.61627006530796,32.159999999999997,-0.072903565854721172
195.14217813913211,699.14611060013976,-995.34773826599098,32.159999999999997,-0.072889024806030725
195.1551327864741,699.55095646715051,-996.40011787414505,32.159999999999997,-0.072901259279011962
195.16808373025677,699.35096426538507,-995.88918685913097,32.159999999999997,-0.072875005295740508
195.18103011987284,699.10503926723516,-995.88918685913097,32.57,-0.072843442773735084
195.19397956422591,699.26999506670143,-994.55618858337402,32.189999999999998,-0.072791214203806964
195.2069325155272,699.45937026896058,-996.96159362793003,32.530000000000001,-0.072787754858088333
195.21989035834073,699.72351192997621,-999.27520751953102,32.530000000000001,-0.072855571698609761
195.23284943670865,699.79023186771997,-997.64060974121105,32.43,-0.072949602164573288
195.24581013868277,699.87790660225687,-997.64060974121105,32.43,-0.072910475233697855
195.2587689686975,699.77682079601357,-999.41015243530296,32.210000000000001,-0.072778113599325095
195.27172722129387,699.74564020488674,-1001.4634132385301,32.210000000000001,-0.072545429898841884
195.2846850848037,699.72462953027696,-1001.17564201355,32.369999999999997,-0.072339179201567586
195.29764042649884,699.58845153735001,-1001.17564201355,32.369999999999997,-0.072220679786791822
195.31059761428145,699.68814026077712,-1002.08759307861,32.420000000000002,-0.072161945410379208
195.32355875811604,699.90176706749946,-1001.65796279907,32.420000000000002,-0.072146981125938855
195.33651288495307,699.52284919990711,-1001.55067443848,32.469999999999999,-0.072173698701975347
195.34946628432346,699.48356600110299,-1001.55067443848,32.469999999999999,-0.072129867557398517
195.36242241350368,699.63097573195921,-1000.10251998901,32.090000000000003,-0.072081222509677106
195.37537533893337,699.45797320263262,-1003.70383262634,32.090000000000003,-0.07202585331227522
195.38832447077655,699.25311953189123,-1003.70383262634,32.090000000000003,-0.071967025804539744
195.40127769423091,699.47406653594578,-1004.03833389282,32.090000000000003,-0.072029636551840831
195.41423949412965,699.93719453207518,-1005.12170791626,32.159999999999997,-0.072244321926547742
195.42720626418767,700.2055831324916,-1004.10413742065,32.159999999999997,-0.072470096249580923
195.44017098740616,700.09505379936354,-1004.10413742065,32.560000000000002,-0.072609501787162301
195.4531379126839,700.21396499734794,-1004.06312942505,32.560000000000002,-0.072612724162830045
195.46610689721973,700.32516493572359,-1004.4872760772701,32.460000000000001,-0.072588920592672718
195.47907669407658,700.36903026938046,-1005.2299499511701,32.460000000000001,-0.072608174135498721
195.4920443995963,700.25609806372881,-1005.2299499511701,32.43,-0.072601028821245542
195.50501618430866,700.47637446803162,-1005.14054298401,32.43,-0.072640961863552317
195.51799245178648,700.71844380340121,-1006.1786174774199,32.259999999999998,-0.072667356579396644
195.53097018765061,700.79773666208973,-1004.55689430237,32.259999999999998,-0.07268767596843595
195.5439351830222,700.10975006634874,-1004.55689430237,32.210000000000001,-0.072660972882090599
195.55690457733951,700.3472931336903,-1004.27269935608,32.329999999999998,-0.07255711282242136
195.56987740202965,700.53253326759796,-1005.92064857483,32.469999999999999,-0.072461879915649632
195.58285162266799,700.60791447027327,-1005.75089454651,32.469999999999999,-0.072502404864882186
195.59582321283708,700.46586913072667,-1005.13386726379,32.119999999999997,-0.072638199975003356
195.60880618480377,701.08048620213549,-1005.13386726379,32.119999999999997,-0.07282586147373929
195.62179066965183,701.1621817959475,-1006.95562362671,32.210000000000001,-0.07296273277873358
195.63477322562724,701.05802267131685,-1009.08517837524,32.210000000000001,-0.07305283202913794
195.64774745971857,700.60864093135365,-1009.08517837524,32.210000000000001,-0.073082809233534163
195.66072082353949,700.56164633004505,-1008.56828689575,32.210000000000001,-0.073136139867389635
195.67369217984324,700.45324040341347,-1010.0622177124,32.380000000000003,-0.073153935372196333
195.68666142411479,700.33919066341309,-1011.86013221741,32.380000000000003,-0.073265256359735131
195.69962979190862,700.29186086665231,-1011.86013221741,32.259999999999998,-0.073485000886544999
195.7125993486913,700.3560662641753,-1010.88261604309,32.259999999999998,-0.073765362095257733
195.72557171185801,700.50761100292721,-1009.76300239563,32.159999999999997,-0.074004608516852019
195.73854410089513,700.50900800330317,-1010.13469696045,32.159999999999997,-0.074176741763028381
195.7515108057604,700.20206272561893,-1010.13469696045,32.369999999999997,-0.074228107307305682
195.76447862096913,700.26202127167699,-1006.85930252075,32.369999999999997,-0.074302459963074025
195.77745069749622,700.49213246299701,-1006.85930252075,32.530000000000001,-0.074351318180119516
195.79042272331847,700.48939440051754,-1007.319688797,32.530000000000001,-0.07439224670337094
195.80339351358526,700.42267440781382,-1008.18181037903,32.590000000000003,-0.074477956319221245
195.81636672115192,700.55320859836388,-1008.18181037903,32.590000000000003,-0.074602963609826711
195.82933492027294,700.28275253521963,-1007.76886940002,32.189999999999998,-0.074816169217778963
195.84230146888282,700.19362493348194,-1005.19633293152,32.189999999999998,-0.075028311047743559
195.85526602963583,700.08628066338269,-1004.39095497131,32.240000000000002,-0.075059846663783056
195.86823092152716,700.10416213079645,-1006.21700286865,32.240000000000002,-0.075068914642068288
195.88119622319877,700.12629026830712,-1007.29918479919,32.280000000000001,-0.075072525068714271
195.89415932281111,700.00737906482675,-1006.11162185669,32.280000000000001,-0.075122213197001908
195.90712036833958,699.89645853751836,-1006.2427520752,32.25,-0.075211337663475944
195.92007957605804,699.79721679815236,-1006.2427520752,32.25,-0.075303653461063144
195.93304032977281,699.88070059751294,-1007.34448432922,32.170000000000002,-0.075284611019742681
195.94599681595926,699.65025406784514,-1006.55364990234,32.170000000000002,-0.075312346840233552
195.9589521121234,699.58599286395361,-1006.55364990234,32.100000000000001,-0.075335204601364586
195.97191748519754,700.13014600253541,-1005.98454475403,32.100000000000001,-0.075395799552394768
195.98488678845314,700.34237580338561,-1003.2691955566401,32.509999999999998,-0.075430317472170647
195.99785086181481,700.05996153023989,-1004.13751602173,32.509999999999998,-0.075413253572800654
196.01081278485557,699.94384420110362,-1004.1668415069601,32.57,-0.075364535053451878
196.02377728766052,700.08315146717882,-1002.57182121277,32.57,-0.075349744616400205
196.03674107541602,700.04453879667835,-1002.57182121277,32.530000000000001,-0.075308422867891509
196.04969943770124,699.75156340184287,-999.07183647155796,32.530000000000001,-0.075359073364139995
196.06265904174941,699.81861860099048,-999.94134902954102,32.210000000000001,-0.075424460487340278
196.07562551274938,700.18943399830573,-999.94134902954102,32.210000000000001,-0.07546352222539407
196.08859679040867,700.44899360141255,-999.73678588867199,32.25,-0.075387026493663148
196.10156452800615,700.2578302650528,-1000.76246261597,32.25,-0.075352588254059147
196.11452994661241,700.13260473638763,-1000.38480758667,32.210000000000001,-0.075364446060310564
196.12750260159385,700.52336899789248,-999.34959411621105,32.210000000000001,-0.075435759499751481
196.14047310729015,700.40730760153281,-999.34959411621105,32.390000000000001,-0.075418003317185525
196.15343542045184,699.96491073154596,-999.62592124938999,32.390000000000001,-0.075399765951809597
196.16639287314445,699.70244539953364,-1001.25336647034,32.25,-0.075369711136383147
196.17935562816783,699.98877126274067,-999.91512298583996,32.32,-0.075307659183736497
196.19231262037289,699.67757907313558,-997.52068519592297,32.229999999999997,-0.075232133061758646
196.20526105682833,699.21556859486714,-999.14145469665505,32.229999999999997,-0.075047049256337414
196.21821198198521,699.34995847018149,-999.88794326782204,32.329999999999998,-0.074870153847058696
196.23116866892468,699.66109473250594,-999.88794326782204,32.329999999999998,-0.074744366316518776
196.24413087136176,699.95893160181333,-999.00555610656704,32.350000000000001,-0.074643791755688388
196.25708454391972,699.49831812941682,-995.93544006347702,32.350000000000001,-0.074566035633646499
196.27004514137897,699.87226279987999,-995.93544006347702,32.119999999999997,-0.074478356787899186
196.28300801333461,699.99508560441336,-996.16241455078102,32.399999999999999,-0.074461684044543022
196.29596878670989,699.8817622650372,-995.33581733703602,32.100000000000001,-0.074444756739767942
196.30892608418264,699.69406352918134,-994.83728408813499,32.100000000000001,-0.074431981063602104
196.32188489557154,699.7758150008101,-993.60966682434105,32.119999999999997,-0.07438249782542572
196.33485541368518,700.40797813533266,-993.60966682434105,32.119999999999997,-0.074369531745074005
196.34782824458395,700.53286853449777,-993.73483657836903,32.5,-0.074367847086884986
196.36080407640998,700.69491860505843,-993.07870864868198,32.090000000000003,-0.074333288809890416
196.37377874615311,700.63216612969643,-993.94822120666504,32.549999999999997,-0.074328162397045497
196.38675618295918,700.78158752790387,-993.94822120666504,32.549999999999997,-0.07442764317010804
196.39972946192719,700.55706427213613,-994.32158470153797,32.579999999999998,-0.074503520090168598
196.41269395748759,700.08276026200622,-993.22962760925304,32.579999999999998,-0.074502133453515459
196.42565767384204,700.04068313939399,-993.22962760925304,32.140000000000001,-0.074310117503979339
196.43862249433207,700.10030646252005,-994.42172050476097,32.539999999999999,-0.074056089959015248
196.45158830926667,700.154006467778,-994.54498291015602,32.189999999999998,-0.0739615586485107
196.46454984943094,699.92316887033769,-992.40207672119095,32.189999999999998,-0.073966185251894315
196.47751298733081,700.0094465935066,-992.84076690673805,32.189999999999998,-0.074002165347667459
196.49047613764807,700.01011713280218,-994.31109428405796,32.189999999999998,-0.074027345205003883
196.50343711901851,699.89299400296647,-994.31109428405796,32.329999999999998,-0.073979529034462685
196.51639066843578,699.49166853183624,-993.37816238403298,32.280000000000001,-0.073931154070691937
196.52934556206046,699.56425573375952,-991.55545234680199,32.189999999999998,-0.073829054211405634
196.54230599809023,699.86354560766745,-991.17588996887196,32.189999999999998,-0.073645911696158875
196.55526840231482,699.96982812780266,-991.71996116638195,32.329999999999998,-0.073520309394813382
196.56822742790865,699.78738206609523,-994.26674842834495,32.140000000000001,-0.073539771967560605
196.58119100042475,700.03291587006458,-994.26674842834495,32.140000000000001,-0.073662017367581545
196.59415950481235,700.29923693080923,-992.94090270996105,32.140000000000001,-0.07381442416835253
196.60712480648522,700.12629033425912,-992.58017539978005,32.560000000000002,-0.073907637140061169
196.62008342333084,699.76530966350515,-994.52233314514206,32.560000000000002,-0.073966421185847703
196.63304124648405,699.72245027344388,-994.52233314514206,32.390000000000001,-0.074034218365961205
196.6459982645593,699.67897606251961,-995.44835090637196,32.390000000000001,-0.074051421963231459
196.65894870232347,699.32363926559071,-995.36252021789505,32.170000000000002,-0.074038156825449924
196.67189284434698,698.98366926944652,-994.56620216369595,32.170000000000002,-0.074077436906903271
196.68484192445061,699.25032559709098,-994.56620216369595,32.390000000000001,-0.074158619261578212
196.6977902698433,699.21065120410651,-995.19038200378395,32.390000000000001,-0.074228254250255074
196.71073376925429,698.94896819450321,-994.08888816833496,32.539999999999999,-0.074141079352252365
196.72367802821108,698.98998366607918,-995.92328071594204,32.539999999999999,-0.073968665674076187
196.73662680925568,699.23417640794526,-995.11981010437,32.560000000000002,-0.073856010825616866
196.74957451100127,699.17589426233849,-994.86827850341797,32.560000000000002,-0.073853839809219293
196.76251710082107,698.89985026913791,-994.86827850341797,32.210000000000001,-0.073857201884008641
196.77546251668645,699.05245673037416,-998.26169013977005,32.210000000000001,-0.073882249286458354
196.78841424071112,699.39309733176606,-999.24850463867199,32.259999999999998,-0.073925255694072059
196.8013711998037,699.67579099949103,-999.24850463867199,32.259999999999998,-0.074005348400585577
196.81432748420374,699.63935760231175,-997.51210212707497,32.189999999999998,-0.074039168862581134
196.82727909129511,699.3867829351334,-997.60699272155796,32.420000000000002,-0.073984409164999723
196.84023644050743,699.69685746398136,-997.68567085266102,32.119999999999997,-0.073939833996268717
196.85319288737284,699.64813073279674,-998.13866615295399,32.119999999999997,-0.073958058944759181
196.86614351968029,699.33414460289555,-998.13866615295399,32.159999999999997,-0.074039955313299211
196.87909671208891,699.47239006404641,-998.54445457458496,32.159999999999997,-0.074063642984858166
196.89205308030873,699.64388387033978,-998.91281127929699,32.25,-0.074008279996713236
196.90501588707153,699.99156519204473,-999.187231063843,32.25,-0.073912333075465728
196.91797944717169,700.03224540771282,-998.06189537048294,32.210000000000001,-0.073842871934584636
196.93094814610126,700.30974219666621,-998.68273735046398,32.210000000000001,-0.073771676462171296
196.94392373785431,700.68195466580539,-999.08733367919899,32.140000000000001,-0.073651634157266208
196.9569041890407,700.94436406504099,-999.08733367919899,32.140000000000001,-0.073575091858652519
196.96988022265313,700.70581507059205,-1000.23651123047,32.159999999999997,-0.073596642662080963
196.98284777812717,700.24799559894757,-1000.27632713318,32.159999999999997,-0.073628071696155512
196.99581585410607,700.276102860695,-1000.30708312988,32.560000000000002,-0.073589194152012871
197.00877759502228,699.93400947454245,-1000.30708312988,32.560000000000002,-0.073501904392221734
197.0217292083222,699.38711819653724,-1001.03712081909,32.549999999999997,-0.073438349904120015
197.03468230966914,699.46747273374172,-1000.34523010254,32.549999999999997,-0.073487511318099955
197.04764117900743,699.77894426846206,-1000.34523010254,32.390000000000001,-0.073499944475294149
197.06060277711978,699.92629806654168,-1000.33259391785,32.390000000000001,-0.073471185232711206
197.07356970343341,700.21402093562062,-1002.67314910889,32.229999999999997,-0.073495950135342547
197.0865429751581,700.55667313291565,-1003.41105461121,32.229999999999997,-0.073549188673972671
197.09952154300237,700.84266359182266,-1000.77533721924,32.380000000000003,-0.073614261216295412
197.11249928507524,700.79807193448551,-999.81546401977505,32.380000000000003,-0.073562418627186099
197.12547325943086,700.59461520366438,-999.81546401977505,32.509999999999998,-0.073434137221786655
197.13844692127526,700.57773959740609,-999.53198432922397,32.509999999999998,-0.073332952128193393
197.15142283795552,700.69950073441521,-999.672412872314,32.119999999999997,-0.07324324196343987
197.16440087287779,700.81388580177156,-999.672412872314,32.119999999999997,-0.073132683625688824
197.17737443745176,700.57248699470574,-1000.5455017089801,32.210000000000001,-0.072953198104683273
197.19034778161239,700.56058467351272,-999.04799461364701,32.210000000000001,-0.07284884548029652
197.20332740081727,700.89943706385998,-998.05784225463901,32.229999999999997,-0.072934415398246535
197.21630117338518,700.5837186666829,-998.34489822387695,32.229999999999997,-0.073013132851032211
197.2292720040098,700.42485373059867,-998.34489822387695,32.259999999999998,-0.072974160105712629
197.24225134381859,700.88434967414241,-999.63045120239303,32.259999999999998,-0.072854429276547727
197.25523820043458,701.29025726363727,-1002.58421897888,32.140000000000001,-0.072782448389513796
197.26822699937532,701.39514279988418,-1004.54163551331,32.140000000000001,-0.072760354313250217
197.28121458345805,701.32954046793736,-1003.69834899902,32.140000000000001,-0.072767639324996566
197.29420428578268,701.44392552979764,-1002.46238708496,32.140000000000001,-0.072778048407521237
197.30719342310371,701.41341533507057,-1002.46238708496,32.539999999999999,-0.072844721790697356
197.32017282189636,700.88753480312312,-1002.38013267517,32.539999999999999,-0.072909870909275948
197.33314076749014,700.26906206343801,-1001.96647644043,32.369999999999997,-0.072885363673099113
197.34610552278633,700.09678599519145,-999.79662895202603,32.369999999999997,-0.072686507676200135
197.35907591775924,700.40132853775208,-999.76158142089798,32.210000000000001,-0.07252254419809008
197.37204548074934,700.3564014651231,-999.76158142089798,32.210000000000001,-0.072466462022309913
197.38501718785182,700.47218353285552,-1002.57205963135,32.329999999999998,-0.072508664387735705
197.39799301967895,700.69491866551459,-1001.8162727356,32.329999999999998,-0.072563373379845697
197.41097568637775,701.06400173509769,-1001.8162727356,32.490000000000002,-0.072588372147594116
197.42395792984323,701.04114713650665,-1001.31464004517,32.490000000000002,-0.072610516929227306
197.43693960313217,701.0103576021603,-1001.1661052703899,32.560000000000002,-0.072598899197044583
197.44992404244812,701.15972306209528,-999.81617927551304,32.560000000000002,-0.072638075798006366
197.46291116604323,701.30467413604322,-999.81617927551304,32.189999999999998,-0.072735927791205426
197.47589215636307,700.97347727038391,-1000.56886672974,32.189999999999998,-0.072875255718977905
197.48886014024438,700.27112959211775,-1000.28729438782,32.469999999999999,-0.073079864184321747
197.50182368171738,700.03123954106138,-1000.40078163147,32.189999999999998,-0.07317282569934172
197.51478399357035,699.85684006082249,-999.50766563415505,32.280000000000001,-0.0731709433923248
197.52773959500118,699.6024772650394,-999.50766563415505,32.280000000000001,-0.073116489996102776
197.54069469041229,699.57515219929292,-999.15528297424305,32.140000000000001,-0.073167058742223498
197.55365181921235,699.6849552032445,-999.90129470825195,32.140000000000001,-0.073340444100312194
197.56661577667654,700.05370306638383,-999.44043159484897,32.119999999999997,-0.073570027533390092
197.57957706952229,699.90981367095196,-999.44043159484897,32.119999999999997,-0.073732321874214427
197.59253634139873,699.80068132720828,-999.09019470214798,32.549999999999997,-0.073825791477704975
197.60549633556784,699.83968513143304,-998.67582321167004,32.189999999999998,-0.073847815187783897
197.61845848005683,699.95580240560923,-999.06349182128895,32.460000000000001,-0.07387936529178428
197.63141556332477,699.68249646939216,-997.575283050537,32.460000000000001,-0.073811893040699267
197.64437278215317,699.68981673267638,-995.70250511169399,32.25,-0.073807420623075048
197.65733312091109,699.85829292802316,-996.654272079468,32.229999999999997,-0.073883768377998205
197.67029471281489,699.92596280513783,-996.654272079468,32.090000000000003,-0.0740645505068252
197.68325114001848,699.64706899382452,-994.01783943176304,32.090000000000003,-0.074211501826421708
197.69620493571855,699.50496780394133,-993.29233169555698,32.439999999999998,-0.074182064790435709
197.70916120045675,699.63829586333964,-994.46940422058105,32.439999999999998,-0.07399978012564476
197.72211876490863,699.70848040158728,-994.46940422058105,32.509999999999998,-0.073821393565668289
197.73508179208511,700.00346752972564,-995.18918991088901,32.509999999999998,-0.073654253242981096
197.74804744455554,700.14523340324513,-993.57843399047795,32.549999999999997,-0.073670368227474983
197.76101676022844,700.34304633718534,-993.46971511840798,32.549999999999997,-0.073795423118414472
197.77398772020243,700.43183859507917,-993.46971511840798,32.159999999999997,-0.074011724855386957
197.78694887645554,699.90243766725121,-993.83544921875,32.159999999999997,-0.074107833206425208
197.79989835288765,699.27172733397731,-993.84880065918003,32.530000000000001,-0.073959747742554607
197.81285105790488,699.4460709309036,-993.45755577087402,32.229999999999997,-0.073692598896806794
197.825801202821,699.30782546975263,-992.72990226745605,32.210000000000001,-0.073489693717931737
197.83874676148889,699.06016806692685,-993.31116676330601,32.210000000000001,-0.073415139275866403
197.8516925147012,699.07067346468773,-994.58050727844204,32.350000000000001,-0.073505567593073667
197.86464404935685,699.38287140552825,-995.25642395019497,32.350000000000001,-0.073624157036782906
197.87759804063336,699.51552893112682,-994.62437629699696,32.229999999999997,-0.073723158695261123
197.89054764020739,699.27837699750989,-994.62437629699696,32.229999999999997,-0.07381827156525296
197.90349991578145,699.42288099946074,-993.40343475341797,32.299999999999997,-0.073814136492321381
197.91645442653089,699.54358046894572,-993.27111244201706,32.189999999999998,-0.073716179985790151
197.92941329690376,699.77900013528665,-993.11614036560104,32.359999999999999,-0.073650411019749021
197.9423670274098,699.50144732562069,-993.11614036560104,32.359999999999999,-0.073661477200698003
197.95532142122593,699.53726607231306,-992.78831481933605,32.450000000000003,-0.073732382927836751
197.9682787383592,699.69512519670559,-993.39675903320301,32.450000000000003,-0.073770169789145357
197.98123593856045,699.68881086602482,-993.929624557495,32.5,-0.073670460324328779
197.99418774640367,699.39762353384208,-993.929624557495,32.5,-0.073574997690519742
198.00714606419257,699.74916060076725,-993.38674545288097,32.090000000000003,-0.073608253151453681
198.02011311985552,700.22100580010101,-992.27356910705601,32.090000000000003,-0.073721911757526029
198.03307565343087,699.97681306922686,-992.27356910705601,32.140000000000001,-0.073850745748831839
198.04603477732968,699.79269053562018,-993.25871467590298,32.140000000000001,-0.073990586937623712
198.0589930620049,699.7473724611707,-993.86811256408703,32.140000000000001,-0.074021713807807976
198.07195553038642,699.97329260189849,-993.18218231201195,32.140000000000001,-0.073982257809315416
198.08491186031856,699.64181633616408,-994.28367614746105,32.560000000000002,-0.073749495462416936
198.09786110909502,699.25943392852378,-994.28367614746105,32.560000000000002,-0.073404291437909872
198.11081383377288,699.44713260392382,-993.54171752929699,32.549999999999997,-0.073183681814780868
198.12377254064691,699.77017119843322,-993.18909645080601,32.549999999999997,-0.073217074903862756
198.13672757086661,699.57163186386845,-993.18909645080601,32.170000000000002,-0.073403700565554925
198.14967875575806,699.36398413741506,-991.710424423218,32.539999999999999,-0.073503500056964099
198.16262891412592,699.30855186488111,-992.73633956909202,32.189999999999998,-0.073401191167858343
198.1755833265679,699.53827186751653,-995.10717391967796,32.189999999999998,-0.073165673140751855
198.18854115075558,699.72250613477252,-993.84379386901901,32.210000000000001,-0.072897021762500527
198.20149827334569,699.6846198648966,-993.84379386901901,32.210000000000001,-0.072742919954575366
198.21446378922346,700.13785739954415,-993.28160285949696,32.399999999999999,-0.072723610533423827
198.22743786705925,700.6002031337207,-996.87838554382301,32.259999999999998,-0.072904808654172953
198.24041052204069,700.52336899789248,-996.44827842712402,32.25,-0.073106963601672403
198.25337516143952,700.09052753683147,-996.44827842712402,32.25,-0.073193646967391085
198.26633802615063,699.99469439924076,-994.45486068725597,32.189999999999998,-0.072990301995561793
198.27930195670987,700.05225019918316,-996.682167053223,32.189999999999998,-0.072605297382820427
198.29226449028522,699.97681306922686,-998.13961982727005,32.090000000000003,-0.072243370944158419
198.30522244485681,699.72954686607761,-998.13961982727005,32.090000000000003,-0.072075181329816038
198.31818587457153,700.02520459396783,-997.81441688537598,32.490000000000002,-0.072094857071480237
198.33115106551975,700.12031120452639,-998.82054328918503,32.490000000000002,-0.07232349469369985
198.34411361254686,699.97753946435535,-997.59507179260197,32.590000000000003,-0.072507327421881346
198.35707107248399,699.70283660470625,-997.01189994812,32.590000000000003,-0.072596302876875005
198.37002997493579,699.78073239706669,-1000.01883506775,32.469999999999999,-0.072488824112771841
198.38299384754563,700.04912093153109,-1000.99396705627,32.469999999999999,-0.072306687425501101
198.39595689438272,700.00452920274597,-1000.17905235291,32.240000000000002,-0.072242328896636357
198.40891887537288,699.94697346875569,-1000.17905235291,32.240000000000002,-0.072465828722882181
198.4218826051802,700.04140959497829,-1000.20289421082,32.329999999999998,-0.072788642719138555
198.43484554853711,699.99894127268965,-999.88389015197697,32.32,-0.073154256161109515
198.4478005135642,699.56811146249197,-1000.27942657471,32.350000000000001,-0.073392113878028561
198.4607507888642,699.31486620105773,-1000.6206035614,32.350000000000001,-0.073453201395099366
198.47370153810371,699.3404589335762,-999.54032897949196,32.100000000000001,-0.073456257166697347
198.48665320314441,699.38991219728928,-1000.8533000945999,32.100000000000001,-0.073395939543343836
198.49960445219511,699.36744873791883,-1000.74005126953,32.140000000000001,-0.073426317217028664
198.51255561121607,699.36258713154291,-1000.74005126953,32.140000000000001,-0.073624075286044491
198.52551633181724,699.87891246341235,-1000.74005126953,32.170000000000002,-0.073849835123152324
198.53848155587906,700.12209933862698,-998.887538909912,32.170000000000002,-0.074036931618994647
198.55144731803955,700.15115666615316,-998.887538909912,32.530000000000001,-0.074042343638423741
198.56441107371612,700.04280653489843,-1000.18787384033,32.530000000000001,-0.073944160507041015
198.57738099992221,700.37601512836477,-1001.54948234558,32.350000000000001,-0.073835216462210321
198.59035618913705,700.66021760156309,-1001.34778022766,32.350000000000001,-0.073850642268950939
198.60332235486922,700.17294953676412,-1003.23915481567,32.170000000000002,-0.073861738459171225
198.6162824328581,699.84421139946119,-1005.1965713501,32.170000000000002,-0.073904633107996526
198.62924457734687,699.95580239461731,-1006.03413581848,32.409999999999997,-0.073959568722820695
198.64220396615556,699.80699566888086,-1005.70464134216,32.409999999999997,-0.074027338996561151
198.65515474850989,699.34224713362892,-1004.91809844971,32.5,-0.074069655189815203
198.66810513349884,699.32078940350982,-1004.91809844971,32.5,-0.074152645344799983
198.68106139823837,699.63829593478749,-1003.73363494873,32.560000000000002,-0.074252830818249294
198.6940246986012,700.01821959208746,-1004.30226325989,32.560000000000002,-0.074453258679062065
198.7069882390395,700.03118366874071,-1004.82153892517,32.189999999999998,-0.074684185285419286
198.71995697108397,700.31153040221477,-1004.7914981842,32.189999999999998,-0.074841597427888013
198.73293210131487,700.65703246708654,-1004.7914981842,32.210000000000001,-0.07483877552079643
198.74590502327533,700.53778586480234,-1005.1417350769,32.210000000000001,-0.074758894948221952
198.7588740471333,700.32728833122815,-1004.36544418335,32.25,-0.074634380224166005
198.77184375292714,700.3641128676278,-1002.19511985779,32.25,-0.074585062554979681
198.78481284818773,700.3311440709524,-1000.31352043152,32.189999999999998,-0.074589868179623861
198.79778575669511,700.53705939822589,-1001.01542472839,32.189999999999998,-0.074657663288051263
198.81075417726424,700.29471073422917,-1001.55377388,32.100000000000001,-0.07470630212824593
198.8237187835494,700.08873939723503,-1000.89716911316,32.100000000000001,-0.074705612949271333
198.83668912574689,700.39847866467926,-999.75872039794899,32.159999999999997,-0.074646119028819014
198.84966053379139,700.45603440416562,-999.27067756652798,32.159999999999997,-0.074573693176383807
198.86262382070257,700.01749320245506,-1000.04410743713,32.549999999999997,-0.074499516437552898
198.87558646500122,699.98279212751186,-1000.04410743713,32.549999999999997,-0.074484460055139187
198.88855557371355,700.33187046608077,-999.81760978698696,32.380000000000003,-0.074526410963469195
198.90152394771602,700.29219613355235,-1000.29730796814,32.380000000000003,-0.074658403173006149
198.91449386874822,700.37573573928159,-1001.35493278503,32.210000000000001,-0.074786997089225482
198.92746311922843,700.3395259303129,-1001.35493278503,32.210000000000001,-0.074821462233370536
198.94043643751846,700.55918766214461,-1001.12223625183,32.380000000000003,-0.074858905539406453
198.95340538376797,700.32309747299576,-999.85194206237804,32.380000000000003,-0.074863059239803575
198.96636784594074,699.97295732950272,-998.884677886963,32.469999999999999,-0.07485486153069161
198.97932847651359,699.87405093398047,-997.43413925170898,32.469999999999999,-0.074864948789528735
198.99229823404696,700.36690680242805,-997.90883064269997,32.57,-0.074898831338903224
199.00526818094934,700.37713272866563,-999.38654899597202,32.57,-0.074847659302218955
199.01823728241857,700.33147933785233,-1000.5199909210201,32.210000000000001,-0.074797653489544855
199.03121286796176,700.68161933295346,-1000.5199909210201,32.210000000000001,-0.074790509209658934
199.04419877566431,701.23901593727169,-999.10140037536598,32.25,-0.074807181954236426
199.05718363200614,701.1822424597384,-995.99385261535599,32.25,-0.074890110020010267
199.07016648600492,701.07411593318216,-996.14214897155796,32.259999999999998,-0.074971119562783364
199.08315239474203,701.23907180409628,-995.84269523620605,32.259999999999998,-0.075024338438969995
199.09614058935804,701.36250926461275,-995.84269523620605,32.259999999999998,-0.074996862352955745
199.10912183320369,700.98716766522159,-996.48618698120094,32.259999999999998,-0.07485665587862915
199.12209899682108,700.7668353391341,-997.27559089660599,32.210000000000001,-0.074688648389972273
199.13507631048523,700.7749378643714,-997.12705612182594,32.210000000000001,-0.074590863659143622
199.14804977157902,700.56689906464942,-997.39313125610295,32.140000000000001,-0.074594503062016759
199.16102170633826,700.48447699876488,-997.32279777526901,32.140000000000001,-0.074581361065134716
199.17398973575058,700.27358826551415,-995.54014205932594,32.390000000000001,-0.074509747532573584
199.18695950673705,700.36763326900439,-995.54014205932594,32.390000000000001,-0.074409449265968611
199.19993541720868,700.69916546751551,-994.23193931579601,32.469999999999999,-0.074212779808609602
199.2129123407519,700.75387133392894,-996.03104591369595,32.469999999999999,-0.0740098311668696
199.22588110384072,700.3132067971701,-996.03104591369595,32.460000000000001,-0.073886648234592539
199.23884730889503,700.17507293226845,-996.36673927307095,32.460000000000001,-0.073859813725997522
199.25181219457781,700.10382686939261,-995.43166160583496,32.159999999999997,-0.073984126663654698
199.26477084971108,699.76737719768096,-993.55030059814396,32.159999999999997,-0.074087792179022727
199.27772252096054,699.39024746968516,-993.55030059814396,32.119999999999997,-0.074098307845446104
199.29067726557406,699.55620913030702,-992.81096458435104,32.119999999999997,-0.074076944339946646
199.30363422570122,699.67584686631562,-993.03555488586403,32.119999999999997,-0.074050923188137427
199.31659157594817,699.69691333630215,-993.152856826782,32.119999999999997,-0.074110619930068233
199.32954713909135,699.60040973086359,-993.77489089965798,32.520000000000003,-0.074198452962287401
199.34250843814695,699.91014900380389,-994.48513984680199,32.520000000000003,-0.074303421294835609
199.3554723231741,700.04979146533083,-993.66331100463901,32.560000000000002,-0.074418351674958458
199.36843629926423,700.05470886708338,-992.32864379882801,32.560000000000002,-0.07448014803222601
199.38139553285311,699.79861379852844,-992.27690696716297,32.560000000000002,-0.07449437036307871
199.394354344242,699.7758150008101,-992.27690696716297,32.560000000000002,-0.074470200471899839
199.40731338949632,699.78844373361926,-992.137670516968,32.189999999999998,-0.074456490368309924
199.42026857597165,699.58006966699747,-992.89608001708996,32.189999999999998,-0.074487117429541769
199.4332147389654,699.09280166265444,-993.72363090515103,32.189999999999998,-0.074576195329336598
199.44616397428885,699.2587074674434,-994.19736862182594,32.189999999999998,-0.074661975312796447
199.45911448966305,699.32783020626289,-994.19736862182594,32.579999999999998,-0.074750376450909262
199.4720565786383,698.87280466392269,-992.37370491027798,32.170000000000002,-0.074780814143238492
199.4849943938766,698.64202286735508,-990.83971977233898,32.560000000000002,-0.074837739682429544
199.49793671050864,698.88509812983216,-992.60687828063999,32.560000000000002,-0.074930598752546554
199.51088641356304,699.28396493855814,-993.82710456848099,32.539999999999999,-0.074998909193984775
199.52383049142841,698.98020472939868,-992.60067939758301,32.539999999999999,-0.075081962470308655
199.53678031141609,699.2902793351908,-992.99788475036598,32.460000000000001,-0.075133290763115312
199.5497371991062,699.67193526526262,-992.99788475036598,32.460000000000001,-0.07522722602708766
199.56269560174823,699.7537426696681,-993.19624900817905,32.189999999999998,-0.075320832224155351
199.5756529768309,699.69825446435755,-991.95361137390103,32.189999999999998,-0.075386840228880106
199.58860405824205,699.35839620186266,-992.47217178344704,32.310000000000002,-0.075424761613911748
199.6015577763321,699.50077686326915,-993.65711212158203,32.310000000000002,-0.07552365772397808
199.61450742040245,699.28077979858551,-993.65711212158203,32.32,-0.075618815090387898
199.62745117334072,698.96265866628471,-992.82479286193802,32.32,-0.075594338898562097
199.640388123484,698.59530773756956,-994.58932876586903,32.159999999999997,-0.075452502609902966
199.65333479353095,699.12018253476947,-994.58932876586903,32.159999999999997,-0.075291384838797076
199.66628477598277,699.29905239972368,-995.33963203430199,32.140000000000001,-0.075157551715661158
199.67923297236419,699.20260459515794,-994.14563179016102,32.140000000000001,-0.07506040545813214
199.69218377334323,699.34325286837645,-994.14563179016102,32.450000000000003,-0.074980783586175909
199.70514199386048,699.74390793211478,-994.27604675293003,32.140000000000001,-0.07494286323540976
199.71809537977779,699.48283953452653,-994.86970901489303,32.469999999999999,-0.0749754615947643
199.73104585686553,699.32576273803909,-996.08182907104504,32.469999999999999,-0.074953686239493569
199.74399398805309,699.19908412782945,-994.85301971435501,32.509999999999998,-0.074909951330053848
199.75694076779018,699.12610580317357,-994.85301971435501,32.509999999999998,-0.074848687897063393
199.7698863719902,699.06262680077907,-998.24404716491699,32.539999999999999,-0.074847939734117006
199.78282693463089,698.79038259803815,-999.03273582458496,32.539999999999999,-0.074916078398834879
199.79576415796308,698.61005993733124,-998.66175651550304,32.119999999999997,-0.074995378447001784
199.80870902745312,699.02295246275446,-999.03416633606003,32.119999999999997,-0.0750470368400626
199.82166049174199,699.37907159858048,-999.03416633606003,32.210000000000001,-0.075124736047986793
199.83461135791353,699.34677326425685,-1000.08296966553,32.210000000000001,-0.075189851016466316
199.84756594006424,699.54743613722201,-999.56703186035202,32.210000000000001,-0.075230099675239248
199.86053550305434,700.3564014651231,-998.78334999084495,32.210000000000001,-0.075201174864276923
199.87350544892223,700.377076867337,-1000.22172927856,32.530000000000001,-0.075225774198121778
199.88647327758395,700.26274773275736,-999.09114837646496,32.530000000000001,-0.07528647780382075
199.89944496502468,700.47112179937915,-999.075889587402,32.399999999999999,-0.075410216425614893
199.91242164228518,700.74057206731993,-1000.2646446228,32.399999999999999,-0.075458143320170104
199.92539705191228,700.67211986230018,-1000.2646446228,32.299999999999997,-0.075384522270143806
199.93836292479637,700.15713574092604,-1004.66895103455,32.25,-0.075317373913312877
199.95132780426917,700.10349153104471,-1004.18591499329,32.299999999999997,-0.075347970964052088
199.96429036992345,699.9785453310069,-1004.18591499329,32.299999999999997,-0.07545554700040763
199.97725215740499,699.93652400377141,-1003.30567359924,32.369999999999997,-0.075616743414875467
199.99020552469636,699.4818337338271,-1003.30567359924,32.369999999999997,-0.075664326755277553
200.00316006131484,699.54497739787371,-1003.73387336731,32.140000000000001,-0.075672175734837796
200.01612659647284,700.19289853285761,-1004.2510032653799,32.509999999999998,-0.075644414044783809
200.02910026556057,700.57813073662669,-1005.44548034668,32.140000000000001,-0.075582212043439734
200.04207463624567,700.61601699551056,-1004.99439239502,32.140000000000001,-0.075573349991668565
200.05505800350616,701.10183206670104,-1004.99439239502,32.140000000000001,-0.075687981313140265
200.06804302231359,701.19101560121533,-1006.11090660095,32.140000000000001,-0.075888753765526784
200.0810226487618,700.89982820308057,-1006.84523582458,32.549999999999997,-0.07607784743078512
200.0939911003741,700.29638706323249,-1005.97667694092,32.189999999999998,-0.076181837874978078
200.10695857823711,700.24380460331531,-1004.65059280396,32.439999999999998,-0.076210255631022877
200.11992506165436,700.19010453210547,-1004.65059280396,32.439999999999998,-0.07615955960327668
200.13288640727657,699.91266359898475,-1005.3977966308599,32.189999999999998,-0.076071790730529651
200.14584420455807,699.72105320161995,-1004.9068927764901,32.509999999999998,-0.075947364999004355
200.15880510107527,699.88841192856967,-1004.32133674622,32.420000000000002,-0.07584447869022129
200.1717726700013,700.24872200506798,-1004.32133674622,32.420000000000002,-0.075830658898205963
200.18474256412847,700.37428286658474,-1005.33270835876,32.229999999999997,-0.075913879813373997
200.1977092752025,700.20239799801493,-1003.51238250732,32.229999999999997,-0.075999030636401857
200.21067980056054,700.40836933500918,-1004.25243377686,32.229999999999997,-0.076077350725545181
200.22366042041975,700.95347239647379,-1004.25243377686,32.229999999999997,-0.076120335401675537
200.2366379151741,700.78471673509989,-1006.20174407959,32.259999999999998,-0.076186933244082641
200.24960765408144,700.36590099623243,-1010.58173179626,32.259999999999998,-0.076326409147339791
200.26257599600498,700.29046387177232,-1010.20193099976,32.210000000000001,-0.076517629333900827
200.27554206964081,700.16797633413876,-1010.20193099976,32.210000000000001,-0.076692918729675583
200.28850030981849,699.74496959414307,-1008.89253616333,32.189999999999998,-0.076890130423365122
200.30145208558278,699.39589127206204,-1009.19556617737,32.189999999999998,-0.077056654004744915
200.31440313388023,699.35660806226599,-1008.06713104248,32.100000000000001,-0.077147683542152734
200.32735635733459,699.47406653594578,-1006.65616989136,32.100000000000001,-0.077242396978444552
200.34031004955438,699.49937986838893,-1006.22224807739,32.490000000000002,-0.077355348816311592
200.35326825661855,699.74318146553844,-1007.08913803101,32.490000000000002,-0.077464517413391693
200.36623576035063,700.24520153224353,-1007.08913803101,32.140000000000001,-0.077567559976465153
200.37921001410368,700.6097026648298,-1009.96613502502,32.57,-0.077652542127604696
200.39218361179013,700.57427506835018,-1008.34250450134,32.469999999999999,-0.077775089691108829
200.40515589631227,700.50336419543021,-1002.09712982178,32.469999999999999,-0.077998667127163537
200.41812748648269,700.46586920217476,-1003.3352375030501,32.210000000000001,-0.078193973749613968
200.43110213656419,700.63110440171613,-1003.3352375030501,32.210000000000001,-0.078252446320169214
200.44406726231981,700.11679080314968,-1003.6098957061801,32.299999999999997,-0.078254875001698199
200.45702572291114,699.75687193182398,-1004.1923522949201,32.299999999999997,-0.078352562462106465
200.46999040059754,700.09259506551132,-1003.98087501526,32.369999999999997,-0.078544057905472309
200.48295661186171,700.17540826512038,-1003.98087501526,32.369999999999997,-0.078693165753607255
200.49591920338514,699.97994226543096,-1006.03985786438,32.140000000000001,-0.078744357451106556
200.50887960733579,699.86181333489571,-1004.85730171204,32.140000000000001,-0.078749943316702986
200.52184709140857,700.24413993067128,-1004.50420379639,32.090000000000003,-0.078848188536482414
200.53482010339755,700.54264740522626,-1004.50420379639,32.090000000000003,-0.078959337746486641
200.54779132310745,700.4458643337606,-1002.74395942688,32.560000000000002,-0.078947324719396111
200.56075809316545,700.2055831324916,-1001.69205665588,32.119999999999997,-0.078847126828348865
200.57372686970615,700.31393319779431,-1003.4317970275901,32.560000000000002,-0.078753377828039983
200.58669584182348,700.32449433597185,-1004.21690940857,32.560000000000002,-0.078663596261411436
200.59965799252225,699.9561377329652,-1003.12042236328,32.189999999999998,-0.078572190056256028
200.6126124318692,699.53972473471731,-1000.00214576721,32.359999999999999,-0.078437533229099368
200.62556836443707,699.62035866650126,-999.808311462402,32.189999999999998,-0.078333873923090075
200.63852696162098,699.764247930029,-999.808311462402,32.189999999999998,-0.0782729447299602
200.65148677366417,699.82985033342391,-999.96829032897904,32.329999999999998,-0.078189425790202965
200.66444822897532,699.91858680143685,-998.76832962036099,32.329999999999998,-0.078137641151207068
200.67742081979873,700.51990446334059,-1000.239610672,32.409999999999997,-0.078128088885686925
200.69039697034452,700.71212947272045,-1000.239610672,32.409999999999997,-0.078213626725427532
200.70336533813824,700.29186086115635,-997.32089042663597,32.490000000000002,-0.07833220168117587
200.71634168943575,700.72297006593328,-997.22218513488804,32.490000000000002,-0.078412492034685283
200.72932135520742,700.90195167003299,-997.22218513488804,32.119999999999997,-0.078449744938367302
200.74229721290371,700.69631559993866,-998.69179725646995,32.119999999999997,-0.078415463988642298
200.7552648656482,700.25324820164803,-998.29816818237305,32.189999999999998,-0.078422766592062043
200.76823007004941,700.12103766560676,-996.47092819213901,32.189999999999998,-0.078525102386319504
200.7811952537543,700.11992006530579,-997.957944869995,32.229999999999997,-0.078558350602204327
200.79415514444324,699.83409720137672,-997.957944869995,32.229999999999997,-0.07850181621821288
200.80711486542344,699.82493293167124,-1001.18255615234,32.329999999999998,-0.078396161810402556
200.82006973938763,699.56319406623527,-996.90699577331497,32.329999999999998,-0.078287252948511521
200.83303059761727,699.88634439989005,-995.87440490722702,32.240000000000002,-0.07825062920617748
200.84600116022719,700.41038093640827,-995.87440490722702,32.240000000000002,-0.078171825863148733
200.85897100985926,700.37188013146113,-996.79780006408703,32.119999999999997,-0.078051322036248719
200.87194409324943,700.5465030680067,-997.94054031372104,32.119999999999997,-0.078005884877353715
200.88492224510372,700.82020013245221,-998.04496765136696,32.409999999999997,-0.077972892257662199
200.89789374420991,700.4609517344702,-998.04496765136696,32.409999999999997,-0.077952441447899909
200.91086246280244,700.31080399609436,-996.03080749511696,32.530000000000001,-0.077871794088373941
200.92383149907781,700.32795887052373,-999.06563758850098,32.530000000000001,-0.077780484117744977
200.93679905558645,700.24805146577228,-998.53348731994595,32.57,-0.077724742392405455
200.9497645383494,700.13606919949154,-996.91200256347702,32.57,-0.077675979377249363
200.96272611059257,699.92490113211761,-996.50526046752896,32.189999999999998,-0.077685080468518394
200.97569506304939,700.32343266844759,-996.05369567871105,32.189999999999998,-0.077659233162367627
200.98866793327034,700.53499193000221,-997.06363677978504,32.259999999999998,-0.077654402702222264
201.00164186105928,700.59210060298744,-997.06363677978504,32.259999999999998,-0.077634788014282169
201.01461356816174,700.47218353285552,-997.42650985717796,32.32,-0.077507424478593587
201.02758879669872,700.66234099706764,-995.79596519470203,32.280000000000001,-0.077387521871690568
201.04056435533707,700.68016647124887,-995.23544311523403,32.210000000000001,-0.077308182500977582
201.05353384071725,700.35221052994689,-995.23544311523403,32.210000000000001,-0.077183374927222104
201.06649041072347,699.65478033587328,-993.88551712036099,32.119999999999997,-0.077017656423415279
201.0794418356902,699.37694820307615,-994.98462677001896,32.119999999999997,-0.07682206626606676
201.09239284466551,699.35448466676166,-997.19381332397495,32.159999999999997,-0.076654307130386068
201.10533358943087,698.80021733009539,-997.19381332397495,32.159999999999997,-0.076586002896779928
201.11826770111108,698.44203073154165,-996.38819694518997,32.539999999999999,-0.076563452474021756
201.13120618483217,698.67812093717839,-998.42953681945801,32.539999999999999,-0.076549716500054515
201.14414690993701,698.79915566257125,-998.42953681945801,32.310000000000002,-0.076554315164020906
201.15708690757535,698.75987246926309,-998.72994422912598,32.310000000000002,-0.076552989581193651
201.17002878234567,698.86123759863779,-999.02629852294899,32.159999999999997,-0.0765502721885538
201.18298257908032,699.50502367076581,-998.03471565246605,32.159999999999997,-0.076566936654223774
201.19593839575063,699.61410019714913,-998.812437057495,32.409999999999997,-0.076591320749501118
201.20889210659635,699.50038566908859,-999.45044517517101,32.409999999999997,-0.076605552393323256
201.22184799466663,699.61795579397756,-999.72200393676803,32.520000000000003,-0.076619195233524992
201.23480521452959,699.68987259950109,-998.94261360168503,32.520000000000003,-0.076680102696494612
201.24776627971855,699.89752020504261,-997.66898155212402,32.530000000000001,-0.076787435552524555
201.26072258378022,699.64041933029205,-997.66898155212402,32.530000000000001,-0.07686947161916842
201.27366811657899,699.05877113250278,-997.35164642333996,32.189999999999998,-0.07684442835490024
201.28662153561109,699.48462773457925,-997.19762802124001,32.189999999999998,-0.076747475605982052
201.29957711220624,699.601136136984,-998.62623214721702,32.280000000000001,-0.076625020139128169
201.31252611987293,699.24641400153405,-998.25978279113804,32.280000000000001,-0.076574953272831731
201.32547568633336,699.2765888634093,-998.25978279113804,32.390000000000001,-0.076566851801299546
201.33843330976921,699.71166553606372,-1001.0237693786599,32.390000000000001,-0.076587259149112893
201.35139705820248,700.04241539567795,-1002.20227241516,32.090000000000003,-0.076566769017415187
201.36435471268146,699.71334186506726,-1002.20227241516,32.090000000000003,-0.076552171052367946
201.37731473272092,699.84108213180912,-1001.1260509491,32.119999999999997,-0.076606910054868804
201.39027833835064,700.03470400416518,-1001.7561912536599,32.119999999999997,-0.076702869392492892
201.4032390268728,699.87718019613646,-1002.72965431213,32.210000000000001,-0.076741932166745963
201.41619244693825,699.48468353545184,-1004.92000579834,32.210000000000001,-0.076791328480108459
201.42913944087914,699.13767280800278,-1004.92000579834,32.409999999999997,-0.076820384711081338
201.44209406856052,699.5498947941303,-1003.82447242737,32.409999999999997,-0.076921028602406002
201.45505191137414,699.72351193547217,-1004.8279762268101,32.229999999999997,-0.077011476581038976
201.46800556530616,699.49731232871716,-1004.8279762268101,32.229999999999997,-0.077026321863066696
201.48095893259631,699.48183366787498,-1006.07824325562,32.329999999999998,-0.077038617390280922
201.49392100464945,699.95189087050812,-1002.9511451721201,32.119999999999997,-0.076994238834382098
201.50688275280987,699.93440066322694,-1002.02512741089,32.509999999999998,-0.076824059295774585
201.51984312364573,699.86002513484311,-1002.02512741089,32.509999999999998,-0.076578154952706506
201.53280865194077,700.13852793334399,-1002.11262702942,32.119999999999997,-0.076270352841733391
201.54578393221729,700.66513493186778,-1001.98841094971,32.560000000000002,-0.076108843915224336
201.55876177156171,700.80332459764202,-1002.75921821594,32.460000000000001,-0.076023990081604181
201.57173419992102,700.51113140430368,-1003.59034538269,32.460000000000001,-0.076036822670971699
201.58470451624814,700.39708166430307,-1003.59034538269,32.240000000000002,-0.076099427209117596
201.59767258498394,700.27571173246656,-1003.76415252686,32.240000000000002,-0.076128016742798746
201.61063943886052,700.21010933456762,-1005.1417350769,32.310000000000002,-0.076137118868435036
201.6235998159062,699.86036046769493,-1005.1417350769,32.310000000000002,-0.076092721686190218
201.63656085522592,699.89612326512236,-1006.15191459656,32.439999999999998,-0.076014704794897331
201.64953250438032,700.46905433665142,-1009.60803031921,32.439999999999998,-0.076022064313248983
201.66250881014571,700.72051133208106,-1009.60803031921,32.140000000000001,-0.076101973859607944
201.67548477235809,700.70195946826755,-1006.79326057434,32.140000000000001,-0.076176845986059741
201.68846329467169,700.84020493491437,-1006.79326057434,32.159999999999997,-0.076303479985656827
201.70144889710747,701.22253153068993,-1006.98518753052,32.159999999999997,-0.076298976524292267
201.71443566886921,701.28567513428061,-1007.71260261536,32.229999999999997,-0.076231185553130382
201.72741940762469,701.12189279644394,-1008.38494300842,32.229999999999997,-0.076130270543589562
201.74040252860246,701.08853280009203,-1008.91399383545,32.390000000000001,-0.076010129931352394
201.75338898888887,701.26885546629501,-1007.22002983093,32.390000000000001,-0.075902800178831387
201.76637421569015,701.20224726769663,-1007.37309455872,32.170000000000002,-0.07580764798608991
201.77934950838528,700.6658055371156,-1007.37309455872,32.170000000000002,-0.075705160076232472
201.79232449581238,700.64932106458184,-1006.1886310577401,32.380000000000003,-0.075624495123302896
201.80530386873457,700.88613779725097,-1004.8763751983601,32.100000000000001,-0.075520303928401561
201.81828496977656,700.97945626821274,-1005.40065765381,32.490000000000002,-0.075431838631529038
201.83126701249012,701.03030653230201,-1005.40065765381,32.490000000000002,-0.075384548140012247
201.84425055566786,701.11133159781036,-1004.55403327942,32.57,-0.075380583810858631
201.85723597080366,701.21241733260558,-1007.23552703857,32.57,-0.075352507539519997
201.87022007898267,701.14184166612938,-1007.70735740662,32.509999999999998,-0.075275431282567265
201.88320214756681,701.03170354367012,-1007.70735740662,32.509999999999998,-0.075207966275717145
201.89617908456299,700.75459779500932,-1008.05640220642,32.210000000000001,-0.075247184269893339
201.90915866548022,700.89736952968417,-1005.29980659485,32.210000000000001,-0.075280915739154672
201.92212871482843,700.38266480288928,-1005.98955154419,32.280000000000001,-0.07537644563431635
201.93508862414328,699.83510300207627,-1005.98955154419,32.280000000000001,-0.075434678131210006
201.94804525313327,699.65796545935791,-1006.9031715393101,32.359999999999999,-0.07545048681424274
201.9610029014037,699.7130066036633,-1007.49683380127,32.359999999999999,-0.075419370291598745
201.97395867254201,699.61164146879287,-1007.37404823303,32.119999999999997,-0.075288140731951295
201.98691093569877,699.4222104656609,-1006.02173805237,32.119999999999997,-0.075208472294740744
201.99987215714319,699.9059579971796,-1005.17463684082,32.140000000000001,-0.075157711075088909
202.01283827734446,700.17049086886368,-1003.6735534667999,32.140000000000001,-0.075082176674407114
202.02580585247912,700.24905727196779,-1003.14927101135,32.159999999999997,-0.075049922904081884
202.03877321961852,700.23782552854266,-1002.51913070679,32.159999999999997,-0.074908496397477251
202.05173902730991,700.1536153340536,-1002.51913070679,32.560000000000002,-0.074772299784819765
202.06470675145553,700.25710386442836,-1001.4202594757101,32.560000000000002,-0.074661237497492108
202.07766969481233,699.99894126719369,-1001.86657905579,32.579999999999998,-0.074545310602260897
202.09063165717657,699.94596766805603,-1002.8648376464801,32.579999999999998,-0.074536948361477715
202.10359315180995,699.92071020243736,-1003.2012462616,32.189999999999998,-0.074682429225864114
202.1165578098346,700.09153333203517,-1001.9998550415,32.530000000000001,-0.074926040445595296
202.12951855113087,699.8800299977612,-1000.84018707275,32.210000000000001,-0.07521099721374773
202.14247708933212,699.76106286700031,-1000.84018707275,32.210000000000001,-0.075336674020986094
202.15543571238769,699.76564500185293,-1001.0724067688,32.229999999999997,-0.075347268333621181
202.16839592696914,699.85158739766598,-1000.1757144928,32.229999999999997,-0.075218135284071355
202.18135954501736,700.03537460391692,-998.95215034484897,32.240000000000002,-0.075113528097247889
202.19432616606298,700.19753646308709,-998.95215034484897,32.240000000000002,-0.075087109579964326
202.2072929350864,700.20552726566689,-998.75259399414097,32.280000000000001,-0.075131498483301654
202.2202587820999,700.15573872955792,-998.40784072875999,32.280000000000001,-0.07522307750188556
202.2332174248161,699.76670667487315,-998.58856201171898,32.189999999999998,-0.075313235735956371
202.24616790707782,699.32604213261834,-998.58856201171898,32.189999999999998,-0.07531392905474095
202.25912572505555,699.72217079642473,-996.63257598876896,32.310000000000002,-0.075259596729462544
202.27208434811112,699.76564500185293,-994.85087394714401,32.159999999999997,-0.075208584054038033
202.28504350408886,699.79442279740022,-996.43731117248501,32.409999999999997,-0.075211664660831859
202.29799951530126,699.62460546850207,-996.43731117248501,32.409999999999997,-0.075291312402147648
202.31095777410619,699.74597546629059,-996.51598930358898,32.530000000000001,-0.075392402294055083
202.32391857335182,699.88315926541327,-995.62931060791004,32.530000000000001,-0.075414728166802947
202.33687620196054,699.71194487018704,-996.304750442505,32.539999999999999,-0.075396248656486448
202.34983228560986,699.628517064059,-996.304750442505,32.539999999999999,-0.075320316892772965
202.36279068721601,699.75368673139542,-996.76942825317406,32.210000000000001,-0.075221808832972442
202.37575847034685,700.26028906485703,-996.70696258544899,32.210000000000001,-0.07519604948681706
202.3887214074951,699.99860600578984,-996.33836746215798,32.170000000000002,-0.075252867407029689
202.40168194596905,699.86907759395524,-995.17416954040505,32.170000000000002,-0.075349196169998481
202.41463972462594,699.72004747236826,-995.17416954040505,32.43,-0.075444860590816953
202.42758788168399,699.20048113370137,-994.19069290161099,32.210000000000001,-0.075405258684861837
202.44052737951233,698.73288273087257,-994.17304992675804,32.350000000000001,-0.075226742773202251
202.45346990413952,698.89632986776144,-994.59600448608398,32.350000000000001,-0.074962992220364955
202.46641778180123,699.18539373299177,-995.46027183532703,32.189999999999998,-0.07478866519122794
202.47936717338033,699.26714527057266,-995.27978897094704,32.189999999999998,-0.074789776570262062
202.49231899467654,699.39834999492234,-995.27978897094704,32.100000000000001,-0.074806561072406616
202.50527367409754,699.55268873442651,-995.21565437316895,32.100000000000001,-0.074881440442482655
202.51823349855803,699.83052086722364,-994.737148284912,32.439999999999998,-0.074845375492971045
202.53119169941365,699.74284620413459,-996.359825134277,32.439999999999998,-0.074760832098586472
202.54414527470007,699.4930654662603,-995.76330184936501,32.469999999999999,-0.0746122354430417
202.55710020764815,699.56637919521597,-995.76330184936501,32.469999999999999,-0.074500200442044917
202.57006522268026,700.11081173387299,-996.79541587829601,32.560000000000002,-0.074511151760187674
202.58302782869134,699.98072459883201,-997.92456626892101,32.560000000000002,-0.074660845307314552
202.5959842165729,699.64494560381615,-997.92456626892101,32.170000000000002,-0.074818821416782963
202.60894400274572,699.82845333304772,-998.04425239563,32.170000000000002,-0.075021015686624948
202.62190446981975,699.86522199712692,-997.01023101806595,32.5,-0.075012163983615376
202.63486746491608,700.00173520199371,-995.93329429626499,32.189999999999998,-0.07490793967308404
202.64782888814818,699.91685453416108,-995.78428268432594,32.210000000000001,-0.074707092717145554
202.66079732113454,700.29538126253283,-996.96469306945801,32.210000000000001,-0.074456929125370233
202.67377018411102,700.53460073032568,-996.92964553832996,32.439999999999998,-0.074264085333937177
202.68674754330749,700.77739660921566,-995.96738815307594,32.439999999999998,-0.074206830727434323
202.69971926282713,700.47285406115918,-997.09343910217297,32.32,-0.074149300862091122
202.7126839539655,700.09332147163173,-997.09343910217297,32.32,-0.074133860567389603
202.72564892346662,700.10835306047659,-997.55907058715798,32.25,-0.073999759430564221
202.73861050916167,699.92562753274206,-995.61500549316395,32.25,-0.073927569512591287
202.75156581877778,699.58671927007401,-995.46289443969704,32.280000000000001,-0.073869639178773691
202.76452146677531,699.60499186571644,-995.46289443969704,32.280000000000001,-0.073883041946229855
202.77747712718889,699.60566233356406,-998.02160263061501,32.299999999999997,-0.07385840328983892
202.79043180040247,699.55235353347848,-1001.53851509094,32.259999999999998,-0.073811152122394877
202.80338059386426,699.23484693624891,-1001.53851509094,32.25,-0.073797499967188152
202.81633587761121,699.58532233564995,-1001.43647193909,32.25,-0.073830068319103367
202.82929509774689,699.79788732645602,-1000.85186958313,32.280000000000001,-0.073791555024805069
202.84225943187903,700.07404313574591,-1001.77335739136,32.280000000000001,-0.073814733574951066
202.85522225830246,699.99262686506495,-1001.77335739136,32.259999999999998,-0.073798015299384748
202.86818262810493,699.85996933397041,-1001.2743473053,32.259999999999998,-0.073860983053923718
202.88114717644078,700.08561013507892,-1001.2743473053,32.329999999999998,-0.073840454633640085
202.89410796844331,699.88276813718471,-1001.00874900818,32.159999999999997,-0.073680550688303259
202.90705880253708,699.34504106293298,-1001.00874900818,32.359999999999999,-0.07338353536196969
202.92000851904325,699.28469133368651,-1001.93190574646,32.359999999999999,-0.073149943103218401
202.93296186046425,699.48043673345092,-1002.68244743347,32.420000000000002,-0.07300790192322669
202.94591279803828,699.35062899848526,-1002.14815139771,32.420000000000002,-0.072984826854284715
202.95885559481854,698.91102613474663,-1002.14815139771,32.520000000000003,-0.07299200010744622
202.97180165433221,699.08721373809408,-1002.27808952332,32.520000000000003,-0.073075945385139174
202.98475196791972,699.31693372424149,-1002.57897377014,32.170000000000002,-0.073097760063668429
202.9977059198753,699.5134056015745,-1007.1759223938,32.170000000000002,-0.073023468463150859
203.01065825443342,699.42606613943326,-1008.17012786865,32.170000000000002,-0.072881677705378775
203.02361957935813,699.911545932732,-1008.17012786865,32.170000000000002,-0.072869828177017079
203.03658770707776,700.27889686144715,-1007.5695514679001,32.229999999999997,-0.073077178870705514
203.04954937659261,699.93015380077009,-1007.64012336731,32.229999999999997,-0.073402291164577818
203.06250271180494,699.4801014665511,-1005.72657585144,32.420000000000002,-0.073690989778877905
203.075452928121,699.31168106658117,-1005.72657585144,32.420000000000002,-0.073879590879011622
203.08840571074813,699.4502618660797,-1006.11805915833,32.210000000000001,-0.074010240948008094
203.10135773383084,699.4092464659517,-1006.25371932983,32.280000000000001,-0.073965368791803141
203.11430608543216,699.21098647100632,-1007.69400596619,32.159999999999997,-0.073806184033083783
203.1272625974901,699.65165112867714,-1007.53808021545,32.159999999999997,-0.073627247992948994
203.14023226396048,700.36198940067538,-1007.53808021545,32.369999999999997,-0.073584764160443683
203.15320394519256,700.47078653247934,-1003.33404541016,32.369999999999997,-0.073721907618530286
203.1661769509729,700.54231213832645,-1002.09403038025,32.5,-0.073887868266768797
203.17915649256787,700.89524612868377,-1002.09403038025,32.5,-0.073900438016725883
203.19213917892841,701.06506346857395,-1002.50697135925,32.140000000000001,-0.07379562076541038
203.20512163038893,701.05237886893985,-1004.74381446838,32.579999999999998,-0.073579759853825644
203.21810058111106,700.86333899403655,-1004.74381446838,32.119999999999997,-0.073426950515947512
203.23107667370866,700.70900027102061,-1005.64789772034,32.119999999999997,-0.073404052398513789
203.24405084881491,700.60545573642105,-1007.75456428528,32.159999999999997,-0.073481831284777852
203.25701930767161,700.29677826290902,-1009.63044166565,32.159999999999997,-0.073687166182602501
203.26997544926914,699.63164626575906,-1009.63044166565,32.189999999999998,-0.07389275667509379
203.28293490947908,699.81085133715715,-1007.98535346985,32.189999999999998,-0.07408330941304403
203.29590162055302,700.20239799251897,-1008.0680847167999,32.43,-0.074218164921970975
203.30886590915438,700.07158447334155,-1009.28068161011,32.43,-0.074208105603263519
203.32183147677156,700.14065132884832,-1009.28068161011,32.240000000000002,-0.07428155177153388
203.33480226082963,700.42233913541781,-1010.17570495605,32.299999999999997,-0.074384940995628063
203.3477788987679,700.73844866631941,-1008.68725776672,32.159999999999997,-0.074524945682843444
203.36075970075186,700.9633071340271,-1003.2589435577401,32.159999999999997,-0.074650171315728903
203.37373407143707,700.61601700100653,-1002.35080718994,32.350000000000001,-0.074572074743958813
203.3867090257506,700.64753293048125,-1002.35080718994,32.350000000000001,-0.074395571524450532
203.3996846764864,700.68513973432994,-1002.7937889099099,32.5,-0.074196546855357912
203.41265584445688,700.44307040445642,-1002.70795822144,32.5,-0.074018939501864639
203.42562389973946,700.27498526039415,-1002.0279884338401,32.57,-0.073962103989469716
203.4385951266938,700.44625553343712,-1002.0279884338401,32.57,-0.073950098206715859
203.45156713802837,700.48861206711649,-1002.32124328613,32.159999999999997,-0.074036274519349007
203.46453732500493,700.39009673387079,-1002.76494026184,32.159999999999997,-0.074059857675845567
203.47751018177286,700.53426546892183,-1001.94001197815,32.170000000000002,-0.073897014888823082
203.49049204236053,701.02047173429276,-1001.94001197815,32.170000000000002,-0.07372004186841237
203.50347957470373,701.32674653313711,-1002.54344940186,32.210000000000001,-0.073555278488636813
203.51646663310623,701.30115373466663,-1006.44946098328,32.210000000000001,-0.073488025615115068
203.52945209273824,701.21482012818524,-1006.44946098328,32.469999999999999,-0.073574239180236631
203.5424388976148,701.28746333433321,-1002.12025642395,32.469999999999999,-0.073673365016729608
203.5554217133259,701.07204839900623,-1002.12025642395,32.380000000000003,-0.073786690416901543
203.56839638927778,700.63250140209232,-1001.9593238830601,32.380000000000003,-0.073758603797615521
203.58135966377165,700.01682266865544,-1001.9593238830601,32.299999999999997,-0.073563296140594273
203.59432478952715,700.11679079765372,-1001.9326210022,32.299999999999997,-0.073341425094110152
203.60729138366915,700.19608366733416,-1000.4410743713401,32.299999999999997,-0.073138121515088139
203.6202562693507,700.10382680344048,-1002.41351127625,32.299999999999997,-0.073099238797582483
203.6332258778728,700.35886019347936,-1001.98888778687,32.399999999999999,-0.073181671193704986
203.64620231505924,700.72760806761073,-1000.6799697876,32.399999999999999,-0.073292306107202998
203.65918044000858,700.81874726525143,-1000.3266334533701,32.530000000000001,-0.07335031405052414
203.67215447955684,700.59813560504085,-1000.16808509827,32.530000000000001,-0.073270545237755835
203.6851298560704,700.67033173369555,-999.93228912353504,32.170000000000002,-0.073130841677315483
203.69810275216059,700.53638886992223,-999.93228912353504,32.170000000000002,-0.072972229164503299
203.71107792792225,700.65949112949079,-999.65357780456497,32.210000000000001,-0.072833079223217009
203.72404759542832,700.36204532795603,-999.79567527770996,32.210000000000001,-0.072789758237168434
203.73701416990869,700.19502193935398,-999.79567527770996,32.409999999999997,-0.072815428591607376
203.74998386949255,700.3637775292799,-1000.02312660217,32.229999999999997,-0.072858808561525976
203.76294884623709,700.10874420519315,-998.146533966064,32.259999999999998,-0.072877852038129715
203.77590245981241,699.49513306638812,-995.31006813049305,32.259999999999998,-0.07279400196324215
203.78885505410491,699.44009179567479,-996.30308151245094,32.189999999999998,-0.072709970796832807
203.80181149476047,699.64779539994493,-996.30308151245094,32.189999999999998,-0.072597599484391109
203.81476360787161,699.41410800087976,-996.58489227294899,32.119999999999997,-0.072530605312607146
203.82771459718518,699.3534229332854,-995.77307701110794,32.119999999999997,-0.072444382433091245
203.84067043351612,699.61516187016935,-995.62764167785599,32.460000000000001,-0.072385637710054351
203.85362568518406,699.58359006837406,-995.62764167785599,32.460000000000001,-0.072333684397948808
203.8665778045025,699.4144431963316,-994.86231803893997,32.090000000000003,-0.072277341451390961
203.87952442177411,699.11733266719261,-993.01624298095703,32.560000000000002,-0.072195715167005139
203.89247061788146,699.09458979675492,-992.20657348632801,32.520000000000003,-0.072137304684439504
203.90542212666796,699.38147447110418,-991.71924591064396,32.520000000000003,-0.072207420857860138
203.91837411663585,699.40745826589932,-991.82724952697697,32.189999999999998,-0.0722612544058054
203.9313188826456,699.01736452720218,-991.82724952697697,32.189999999999998,-0.072260422424607382
203.94426570791359,699.1285644710739,-993.67904663085903,32.210000000000001,-0.072174729365554316
203.95722471384568,699.78632033261886,-993.77965927124001,32.210000000000001,-0.072059978006590267
203.97017942017163,699.55414160162718,-992.04373359680199,32.25,-0.072058273686568433
203.98313358633092,699.52497260090752,-990.79012870788597,32.25,-0.072129203213823323
203.99609454183096,699.89159700259052,-991.09935760498001,32.229999999999997,-0.072238605675918693
204.00905561322972,699.89785553239835,-991.09935760498001,32.229999999999997,-0.072381986925680791
204.0220122422198,699.65796546485399,-992.80047416687,32.159999999999997,-0.072449092856762043
204.03496188008148,699.2804445316857,-993.01075935363804,32.159999999999997,-0.072421868228352462
204.04791263656546,699.34085013325273,-992.196083068848,32.159999999999997,-0.072315882684394026
204.06085590107534,698.93628353441329,-991.768360137939,32.159999999999997,-0.072085309980239112
204.07379545685308,698.73601199852465,-991.00255966186501,32.560000000000002,-0.071915988293003399
204.08672936053705,698.43079893315644,-992.91872978210404,32.560000000000002,-0.071790048645031496
204.09966685084814,698.62447679874515,-992.31791496276901,32.359999999999999,-0.071777750013087019
204.11261117499751,698.99350406745577,-992.31791496276901,32.359999999999999,-0.071889715683385966
204.12555407629264,698.91666993712352,-990.714550018311,32.170000000000002,-0.071926246293582921
204.13849342407403,698.72478019464336,-992.25282669067406,32.170000000000002,-0.071898622230964451
204.15143624155061,698.91214373504749,-995.35059928893997,32.380000000000003,-0.071802634952600045
204.16437801904942,698.85598493548116,-996.75774574279797,32.380000000000003,-0.071710133924393515
204.17731906287415,698.81636653572923,-994.91572380065895,32.509999999999998,-0.071785124019094232
204.19025925505423,698.77037772412802,-993.74794960021995,32.509999999999998,-0.071996893319085667
204.20320408625682,699.02088493957081,-995.161533355713,32.560000000000002,-0.072273064610806792
204.21614955386303,699.05525073662227,-995.161533355713,32.560000000000002,-0.072460688856952518
204.2290911037062,698.84369153002774,-997.672080993652,32.189999999999998,-0.072544063959203056
204.24203195816173,698.80614059849961,-996.22035026550304,32.189999999999998,-0.072555581314606696
204.25497652962841,699.00685920088938,-997.33281135559105,32.210000000000001,-0.072536701336324699
204.26792352356787,699.13767273105873,-998.26359748840298,32.210000000000001,-0.072510437003782763
204.28087266886413,699.25384599846745,-998.26359748840298,32.329999999999998,-0.072461848870993273
204.29382750454076,699.56112653755542,-997.09749221801803,32.229999999999997,-0.072406881178672139
204.30679442257536,700.2135738691195,-997.40695953369095,32.259999999999998,-0.072372377746246511
204.31976671434083,700.5037553346508,-997.40695953369095,32.259999999999998,-0.072272672420731016
204.33273575786055,700.3283500647043,-997.89118766784702,32.299999999999997,-0.072160331117458856
204.34570329367287,700.24693386547131,-999.37701225280796,32.159999999999997,-0.07203240050983678
204.35867351376291,700.39188486247542,-998.35038185119595,32.079999999999998,-0.071881170279801995
204.37163919106916,700.14657453679649,-997.19452857971203,32.079999999999998,-0.071792033397053159
204.38459692419383,699.71758873302008,-1000.13279914856,32.479999999999997,-0.07174700395076565
204.39755406644565,699.68568159837287,-1002.0840167999301,32.479999999999997,-0.071792494918539201
204.41051474151482,699.87645373505609,-1003.41129302979,32.579999999999998,-0.071865826223799792
204.42347645759634,699.93266840144702,-1003.41129302979,32.579999999999998,-0.07191136479424827
204.4364344628741,699.73228500000528,-1004.53448295593,32.560000000000002,-0.071951683818086309
204.44940387064449,700.34801960026653,-1005.8388710022,32.560000000000002,-0.072014972361436669
204.46237886428025,700.64965633148165,-1005.8388710022,32.189999999999998,-0.072140005520180364
204.47535624313704,700.77845826574787,-1005.47480583191,32.189999999999998,-0.072281840774879327
204.48833743420735,700.98431779764474,-1006.47020339966,32.549999999999997,-0.072313159083311429
204.50132069177903,701.0959088697449,-1006.44755363464,32.229999999999997,-0.072236321865958339
204.5143062559271,701.22046399651413,-1006.11877441406,32.25,-0.072169670213960244
204.52728820757778,701.02538913604531,-1006.11877441406,32.25,-0.072113655300652252
204.54025992813209,700.47290993347974,-1003.85713577271,32.32,-0.072112369040065752
204.55323046487288,700.40898400198421,-1002.60066986084,32.32,-0.072093889531784805
204.56620310743702,700.52269846409263,-1003.28779220581,32.280000000000001,-0.072057734553950384
204.57917118962467,700.27643813309101,-1004.15849685669,32.280000000000001,-0.072038895967661457
204.59213478904695,700.03436880321726,-1004.69398498535,32.280000000000001,-0.072096879076906317
204.60509865441247,700.04872973735053,-1004.29725646973,32.229999999999997,-0.072150685720412305
204.6180673595519,700.31007752951803,-1004.29725646973,32.32,-0.07216222584176836
204.63103670212965,700.34449919889016,-1009.5648765564,32.32,-0.072176750335595355
204.64400308206672,700.18451660204926,-1009.5648765564,32.159999999999997,-0.07214782759458889
204.65697038401362,700.23430513266203,-1009.22966003418,32.369999999999997,-0.072164250951517586
204.66994047371853,700.38484406521832,-1010.41388511658,32.390000000000001,-0.072192430702431795
204.6829100294654,700.35601033139869,-1011.4905834198,32.390000000000001,-0.072247736776357249
204.69587543565314,700.13193413663612,-1011.32440567017,32.100000000000001,-0.072392602967967248
204.7088385538926,700.0083849314783,-1010.10489463806,32.100000000000001,-0.072555381597553148
204.7217976705482,699.79229940189578,-1009.2101097106899,32.079999999999998,-0.072709548597078608
204.73475451374199,699.669532464187,-1009.2101097106899,32.079999999999998,-0.072809474334829968
204.74770734190125,699.45272059993204,-1008.95524024963,32.530000000000001,-0.072839922375106572
204.76065840882595,699.35761393441373,-1007.95388221741,32.140000000000001,-0.07284321201385717
204.77361762999629,699.79794319877669,-1007.49039649963,32.57,-0.072775530732240259
204.78658079376675,700.01084360487459,-1007.39288330078,32.57,-0.072650436518652897
204.79954990868762,700.33220572748462,-1007.08985328674,32.609999999999999,-0.072651825223531696
204.81252609131235,700.71386173450048,-1006.18696212769,32.609999999999999,-0.072802187253331305
204.82550416452227,700.81595333594737,-1003.78513336182,32.57,-0.073056028535242581
204.83847773633957,700.57287813392611,-1003.78513336182,32.57,-0.073221968487484551
204.85144816339019,700.40306073357999,-1005.01728057861,32.229999999999997,-0.073174713179110992
204.86441982496177,700.46972486495508,-1010.18452644348,32.229999999999997,-0.07303649145762027
204.87738990121358,700.38411759864198,-1010.60819625854,32.25,-0.07294798166249776
204.89035349339255,700.03397766399678,-1010.60819625854,32.25,-0.072978129610468387
204.9033176453988,700.06420833773677,-1009.49096679688,32.259999999999998,-0.073183851522766671
204.91628428507167,700.19854233523449,-1010.53929328918,32.280000000000001,-0.073457607584618667
204.92924644818763,699.95680826126886,-1010.0669860839801,32.170000000000002,-0.073655640913492609
204.94220440896788,699.72988213297754,-1007.85326957703,32.170000000000002,-0.07374562012579397
204.95516160916918,699.68881087152079,-1007.85326957703,32.100000000000001,-0.073686981987062902
204.9681278980444,700.17959926075252,-1006.2930583953899,32.100000000000001,-0.073585716179337596
204.98109759038525,700.36338640654742,-1006.15930557251,32.119999999999997,-0.073522471098139738
204.99406672496787,700.333267460961,-1007.13562965393,32.119999999999997,-0.073538883071837785
205.00703430010253,700.24905727196779,-1007.13562965393,32.560000000000002,-0.073613750024519448
205.02000960624932,700.66653192674789,-1005.78022003174,32.560000000000002,-0.073752171463267277
205.03298450261354,700.64440366832514,-1003.59320640564,32.579999999999998,-0.073870234191549283
205.04595170108027,700.22871720260571,-1001.53589248657,32.579999999999998,-0.073958135520200793
205.05891606729011,700.07577533157382,-1001.09362602234,32.390000000000001,-0.074001714172093239
205.07188675407787,700.41708653821343,-1002.2392272949201,32.390000000000001,-0.074054463249718316
205.08485514774074,700.29325779558042,-1003.4065246582001,32.240000000000002,-0.074095363831618744
205.09782316473587,700.27291773721049,-1003.4065246582001,32.240000000000002,-0.074201518047770823
205.11079225275313,700.33075293173192,-1004.24265861511,32.299999999999997,-0.074257446039114702
205.12376677969263,700.6244547326877,-1002.60663032532,32.299999999999997,-0.074358962268550738
205.13674233212222,700.67983119885287,-1003.05652618408,32.329999999999998,-0.074400316095167063
205.14971146670493,700.33326746645673,-1003.05652618408,32.329999999999998,-0.074441454683826527
205.16268212141233,700.41535419948957,-1002.47001647949,32.100000000000001,-0.074583690406287442
205.17565465946174,700.51705466721171,-1001.12104415894,32.100000000000001,-0.074672488909671056
205.18862293619267,700.28694347039573,-1001.12104415894,32.090000000000003,-0.074719894263688719
205.20158071484815,699.72004739542433,-999.87220764160202,32.090000000000003,-0.074707851227021546
205.21453656359625,699.615832398473,-1001.32751464844,32.5,-0.074646771988145788
205.22750047449387,700.05118847120298,-1000.24938583374,32.119999999999997,-0.074540865089788411
205.24046652329511,700.1666352665394,-998.17538261413597,32.57,-0.074373812725061036
205.25343570340871,700.33572613435717,-998.17538261413597,32.57,-0.074229170050620727
205.2664063384556,700.41429253196532,-997.05576896667503,32.539999999999999,-0.074205256791529103
205.27938114375681,700.6394862665727,-995.81885337829601,32.539999999999999,-0.074304201535787845
205.29235912590374,700.81103593419471,-995.81885337829601,32.409999999999997,-0.074359216830580332
205.30533217824944,700.54482666755541,-996.45066261291504,32.409999999999997,-0.074295056983384095
205.31830327378395,700.43915886385946,-997.23553657531704,32.240000000000002,-0.074191054121898567
205.33127560487287,700.5058788016031,-995.766639709473,32.240000000000002,-0.074100105298826352
205.34425191788273,700.72090253175747,-995.52965164184604,32.259999999999998,-0.074092431201632711
205.35722602158771,700.60160006814476,-996.53124809265103,32.259999999999998,-0.074093779548580374
205.37019768936793,700.47006013185501,-996.53124809265103,32.380000000000003,-0.074147509617866064
205.38317089693456,700.55320859836388,-997.34377861022904,32.380000000000003,-0.074291711466511534
205.39613873180369,700.26308293370516,-998.340845108032,32.119999999999997,-0.074358959163616928
205.40909678364804,699.73479959518613,-997.59078025817905,32.119999999999997,-0.074295892069923042
205.4220529242111,699.63159040443043,-996.01674079894997,32.100000000000001,-0.074085571492945923
205.43501471169265,699.93652400377141,-996.39463424682594,32.100000000000001,-0.073829013853576278
205.44797819418278,700.02805446704065,-996.39463424682594,32.159999999999997,-0.073722343271776333
205.46093809625299,699.83471179140781,-996.89745903015103,32.159999999999997,-0.073731702026955434
205.47389983096053,699.93367420764264,-995.90873718261696,32.609999999999999,-0.073735182069484817
205.48686098100376,699.90210233439927,-995.59617042541504,32.609999999999999,-0.073723073840606668
205.49981694771972,699.62220266193037,-995.59617042541504,32.439999999999998,-0.073564128121690511
205.51276566978146,699.23099133392452,-996.05727195739701,32.439999999999998,-0.073340354073414271
205.52571540491491,699.28569720583414,-995.78213691711403,32.329999999999998,-0.073098817633824004
205.53866634352343,699.3506848598139,-996.87218666076706,32.329999999999998,-0.072904668955356675
205.55161528599749,699.24289360015757,-996.87218666076706,32.280000000000001,-0.072936679546475841
205.56456218990996,699.13281127307471,-996.54841423034702,32.280000000000001,-0.073107299911895976
205.57750982025439,699.17203859955816,-995.99838256835903,32.170000000000002,-0.073224583433389459
205.59046264841356,699.45272059443607,-997.54881858825695,32.420000000000002,-0.073167859680495384
205.60341652896665,699.5095498673461,-997.70021438598599,32.509999999999998,-0.073016047891583988
205.6163695713297,699.46428760476113,-997.70021438598599,32.509999999999998,-0.072940092326634828
205.62932966897898,699.84527306148925,-996.06728553771995,32.119999999999997,-0.072999602803884373
205.64229035853461,699.87723600250513,-994.31133270263695,32.119999999999997,-0.073095244458546885
205.65524410870367,699.50250913054504,-994.24314498901401,32.170000000000002,-0.073170032765627502
205.66819242822598,699.20925420373044,-994.24314498901401,32.170000000000002,-0.073212735974881871
205.68113939008762,699.13594052973485,-994.28296089172397,32.189999999999998,-0.073190714335573046
205.69408332411609,698.97243753701332,-994.47846412658703,32.189999999999998,-0.072998445895082767
205.70702649859879,698.93142206543735,-995.58234214782703,32.420000000000002,-0.072658986059705957
205.71996728268763,698.80234079704792,-995.58234214782703,32.420000000000002,-0.072378826637595539
205.73291599129627,699.23026486734818,-995.75948715209995,32.259999999999998,-0.07231219982018261
205.7458706707173,699.55268873442651,-995.43738365173294,32.259999999999998,-0.072483722534206763
205.7588252342407,699.54643026507449,-995.39756774902298,32.210000000000001,-0.072586146286627615
205.77177662609384,699.37516006897556,-993.80087852478005,32.210000000000001,-0.072588503567808216
205.78473058425686,699.51374080252219,-993.44873428344704,32.380000000000003,-0.072507345013758301
205.79768951257893,699.78212939194668,-996.82641029357899,32.380000000000003,-0.072343230453804877
205.81064132766545,699.39801467306256,-996.82641029357899,32.450000000000003,-0.072157250509443702
205.82359373362465,699.42992179671762,-996.93822860717796,32.450000000000003,-0.07199373820456699
205.83655701432841,700.01715800150725,-997.44033813476597,32.119999999999997,-0.071945622977308415
205.84952190000993,700.10382680344048,-998.85272979736305,32.539999999999999,-0.072164148505902193
205.86248297244316,699.8979113937271,-998.85272979736305,32.119999999999997,-0.072450274601064818
205.8754397959753,699.66847073620681,-996.87623977661099,32.119999999999997,-0.072637939204225691
205.88840130302597,699.9213807362371,-996.00863456726097,32.189999999999998,-0.072663571270994723
205.90135846390496,699.68668746502442,-997.20692634582497,32.189999999999998,-0.072571366196912637
205.91431192225923,699.48675113008358,-997.20692634582497,32.560000000000002,-0.072485013968156292
205.92726499773588,699.46607573886183,-996.24776840209995,32.189999999999998,-0.072389310225707729
205.94022859715804,700.0343687977213,-995.97954750061001,32.43,-0.072300107114955756
205.95319913389761,700.40898393603209,-998.78048896789505,32.43,-0.072375924015557688
205.96616965201113,700.40797812983658,-999.04704093933105,32.299999999999997,-0.072566135268089332
205.97913985244077,700.39082320044713,-999.04704093933105,32.299999999999997,-0.072764494559646592
205.99211146744574,700.46721026977423,-996.09041213989303,32.170000000000002,-0.072795289257687038
206.00507834822716,700.21156219627233,-998.26264381408703,32.170000000000002,-0.072677851550128819
206.01803453432223,699.63404913278669,-1001.14297866821,32.350000000000001,-0.072516526820177132
206.03098879154317,699.5298899312121,-1001.14297866821,32.350000000000001,-0.072480426687115199
206.04394853218523,699.82599467064335,-1002.72965431213,32.439999999999998,-0.072563217124130427
206.05691448992346,700.16171786478674,-1000.63228607178,32.439999999999998,-0.072752639858328999
206.06987689414814,699.96982813329862,-1000.63228607178,32.509999999999998,-0.072999026419083221
206.08284224756054,700.12908426905926,-1000.67615509033,32.509999999999998,-0.073179127648453787
206.09581302540994,700.422003868518,-1001.13415718079,32.140000000000001,-0.073176647225864797
206.10878276949137,700.36618039630764,-1000.2269744873,32.140000000000001,-0.073030975957292507
206.12175367151727,700.42870939887507,-1000.2269744873,32.140000000000001,-0.072793255870149856
206.13473155018391,700.80544799864242,-999.25398826599098,32.140000000000001,-0.07266368199582296
206.14771838713827,701.28919553565709,-999.25398826599098,32.170000000000002,-0.07263753045714913
206.16071184372714,701.64665579953851,-999.90463256835903,32.170000000000002,-0.072679521722087151
206.17370314482216,701.53025913078307,-998.18992614746105,32.600000000000001,-0.072772163484087882
206.18669066992092,701.32635533346058,-998.18992614746105,32.600000000000001,-0.072922300960823874
206.19967765692226,701.2972980718863,-997.08771705627396,32.560000000000002,-0.073019764903248241
206.21266043331121,701.06992500350191,-1000.3447532653799,32.560000000000002,-0.073005813692138363
206.22563290099259,700.51325479431216,-1000.62966346741,32.57,-0.072821794697545378
206.23860558184452,700.5247660037644,-1001.7509460449201,32.57,-0.072661709660483215
206.25158898221983,701.10362026675364,-1004.82678413391,32.189999999999998,-0.072685011351732248
206.26457151232464,701.05662565994885,-1005.78665733337,32.189999999999998,-0.072790926528488245
206.27754668912098,700.65954700181157,-1003.31568717957,32.189999999999998,-0.072875825894929205
206.29051891569503,700.50023499922622,-1003.31568717957,32.189999999999998,-0.072886361222981852
206.3034904530889,700.46301926864601,-1001.32513046265,32.189999999999998,-0.072911797711896639
206.31646210845182,700.46938959805527,-1002.57968902588,32.189999999999998,-0.072908937516728015
206.32943502316917,700.53739473657379,-1002.05707550049,32.460000000000001,-0.072885124634110135
206.34240744531976,700.51079613190768,-1002.05707550049,32.460000000000001,-0.072773228295628586
206.35538610940122,700.8478603991465,-1001.8730163574201,32.380000000000003,-0.072670759011201139
206.36836077293583,700.63183086829258,-1002.51960754395,32.380000000000003,-0.072603684125692236
206.38132543096171,700.09153339798706,-1001.24835968018,32.25,-0.072496680336668756
206.39428344969144,699.73301140612546,-1001.24835968018,32.25,-0.072321849357446247
206.40724753547042,700.06063206403951,-998.63147735595703,32.259999999999998,-0.072139003831301882
206.42021325934311,700.14908912648139,-995.85008621215798,32.259999999999998,-0.072036167193012271
206.43317927502954,700.1648470664868,-997.47276306152298,32.359999999999999,-0.072092627071517978
206.44615278165443,700.56935774354156,-997.47276306152298,32.359999999999999,-0.072200582880351374
206.45912813333211,700.66899059464811,-995.48244476318405,32.390000000000001,-0.072307198619007279
206.47210075623462,700.52163673611244,-994.49920654296898,32.390000000000001,-0.072316034800502887
206.48506450466797,700.04241540117403,-996.787548065186,32.119999999999997,-0.072328401728879721
206.49802498622967,699.86600433052786,-998.11768531799305,32.119999999999997,-0.072290144033522727
206.51098898818884,700.05610579601148,-998.11768531799305,32.140000000000001,-0.072210898828703421
206.52395078808891,699.93719460352315,-997.47371673583996,32.140000000000001,-0.07219181292584112
206.53691391253579,700.00872013242622,-996.51145935058605,32.189999999999998,-0.072315202817676422
206.54987395844566,699.84247913218519,-997.20072746276901,32.189999999999998,-0.072454624912665702
206.56283773274939,700.04381240154999,-998.76880645751896,32.409999999999997,-0.072480764033334491
206.57579697358148,699.79900493225284,-997.85304069518997,32.409999999999997,-0.072288547332479317
206.58875531723953,699.75055753519132,-997.05886840820301,32.25,-0.072081184221396519
206.60171486851237,699.81576873341385,-996.47688865661598,32.25,-0.071994806122262833
206.61468013086298,700.12416693325872,-996.45686149597202,32.210000000000001,-0.072081358068988743
206.6276488370371,700.31013340183858,-995.72873115539505,32.210000000000001,-0.072223740733991931
206.64061378687657,700.1072913324964,-994.70257759094204,32.329999999999998,-0.072381058707513657
206.65357149413089,699.71619173264401,-994.70257759094204,32.329999999999998,-0.072461312843817918
206.66652837561244,699.67160000385877,-994.46010589599598,32.43,-0.0723762882664198
206.67948289981354,699.54430685857801,-991.78171157836903,32.43,-0.072121352164510752
206.69243689109013,699.51552893662279,-990.89479446411099,32.539999999999999,-0.071817519556054282
206.70540436791848,700.24374873099475,-990.89479446411099,32.539999999999999,-0.071698582420417489
206.71837542516545,700.43709133517962,-991.721630096436,32.189999999999998,-0.071900983651344369
206.73134611298642,700.41714233358994,-992.74516105651901,32.189999999999998,-0.07216085058936364
206.74431028982838,700.06554946579217,-992.74516105651901,32.210000000000001,-0.072346648408344649
206.75727244052592,699.95613766701308,-992.37060546875,32.210000000000001,-0.072365799503825032
206.77023629968392,700.04839453090676,-993.24798583984398,32.210000000000001,-0.072294541944846968
206.78319730071595,699.89405573094677,-995.378017425537,32.210000000000001,-0.072206512300915168
206.79615769742216,699.86142213521919,-996.42324447631802,32.32,-0.072210246903133254
206.80912062732719,699.99821487206532,-996.42324447631802,32.32,-0.072341572700156911
206.82208181565801,699.90416986307912,-993.85380744934105,32.189999999999998,-0.072674166617895303
206.83503277289387,699.35169073745749,-993.682861328125,32.189999999999998,-0.072936431193804996
206.84797554483825,698.90968499569931,-993.757724761963,32.119999999999997,-0.072995798869136458
206.86091785526173,698.88476286842831,-993.57914924621605,32.119999999999997,-0.0727945307476075
206.87386318006421,699.04753933411746,-993.57914924621605,32.409999999999997,-0.072547829606179282
206.88681190833461,699.23132660082433,-991.67394638061501,32.409999999999997,-0.072430931031544452
206.89977108397406,699.79548453087637,-990.75078964233398,32.439999999999998,-0.072516341589964936
206.91273822345681,700.22553206812916,-992.03467369079601,32.439999999999998,-0.072737456195816494
206.92570427846536,700.16697046199124,-990.73863029480003,32.469999999999999,-0.073010124679259381
206.93866534365557,699.89752027099451,-989.32099342346203,32.469999999999999,-0.073132712600491076
206.95162340170856,699.73513486208594,-990.64278602600098,32.119999999999997,-0.073025981999436079
206.96458588354326,699.97401907397079,-990.64278602600098,32.119999999999997,-0.072630560025262553
206.97755276329022,700.21150633494369,-991.82415008544899,32.509999999999998,-0.072296197630167508
206.99051694116673,700.06560533261677,-990.80181121826195,32.119999999999997,-0.072164406171644269
207.00348120286174,700.07013152919694,-990.06390571594204,32.579999999999998,-0.072333441218640965
207.01645073377412,700.35466926929519,-990.06390571594204,32.159999999999997,-0.072550828464982675
207.02941294966416,699.9596580628936,-991.45889282226597,32.560000000000002,-0.072661742774077678
207.04236341226425,699.32498040463804,-991.65582656860295,32.560000000000002,-0.072558145556261541
207.05531536394571,699.40539079767541,-991.65582656860295,32.189999999999998,-0.072391748221631039
207.06827415567287,699.77475326733384,-992.02132225036598,32.460000000000001,-0.07229145098888444
207.08123970362846,700.13958960086802,-992.45572090148903,32.210000000000001,-0.072351214992371432
207.09419889892965,699.79654626435263,-995.32508850097702,32.299999999999997,-0.072523314091603841
207.10716122450995,699.96558133679366,-996.35863304138195,32.280000000000001,-0.072740369165903498
207.12012263428889,699.91612806208866,-996.35863304138195,32.280000000000001,-0.072848549526782741
207.13308087446674,699.744969605135,-995.79787254333496,32.329999999999998,-0.072754322447681694
207.14603363018895,699.44880899887914,-994.79722976684604,32.329999999999998,-0.07247481908993364
207.15898617895067,699.43763313327054,-996.11711502075195,32.140000000000001,-0.07211372049255789
207.17194610171842,699.83582945766057,-996.11711502075195,32.420000000000002,-0.071880527668320829
207.18491187733085,700.15188307227356,-996.39058113098099,32.119999999999997,-0.07193414908273417
207.19787375484074,699.94138553320329,-995.99909782409702,32.119999999999997,-0.072074732225622579
207.21083417741721,699.86281913009918,-994.54164505004906,32.159999999999997,-0.072236743030123937
207.22379763403708,700.02665747216054,-995.92518806457497,32.159999999999997,-0.072333559186991664
207.23675715323088,699.81403646613785,-995.92518806457497,32.579999999999998,-0.072252429606827998
207.24971270292218,699.59968333023915,-996.77681922912598,32.170000000000002,-0.07207864999013254
207.26267235974447,699.82146840261532,-996.99711799621605,32.520000000000003,-0.071930518994357137
207.27563745238771,700.11500273500121,-997.12038040161099,32.520000000000003,-0.071894944542660502
207.28860129188396,700.0473327974305,-997.04146385192905,32.359999999999999,-0.07197848107286979
207.30155727826053,699.62326433495059,-998.54111671447697,32.359999999999999,-0.072136055677460981
207.31451104188159,699.50323553666533,-998.43025207519497,32.259999999999998,-0.072119494693503899
207.32746807961863,699.68003780149195,-998.43025207519497,32.189999999999998,-0.072021969697558974
207.34042058905803,699.43550972677394,-998.69990348815895,32.359999999999999,-0.071871133727861164
207.35336964950005,699.24926386911079,-996.65498733520496,32.359999999999999,-0.071765882894985714
207.36631890448393,699.25976912947169,-998.95286560058605,32.140000000000001,-0.071794517958841453
207.37926982860611,699.34990259786082,-998.95286560058605,32.469999999999999,-0.071864887658092402
207.39221908359008,699.25976913496777,-1000.71620941162,32.560000000000002,-0.071887823028014552
207.40516026400871,698.82374260538222,-1001.74927711487,32.560000000000002,-0.071908634983603378
207.41810496482594,699.01384413132178,-1002.35605239868,32.170000000000002,-0.071846130820811677
207.4310570396481,699.41204039525599,-1002.35605239868,32.170000000000002,-0.071767028421065568
207.44400930177028,699.42215459883641,-1001.9645690917999,32.560000000000002,-0.071672355342195973
207.45695924593335,699.29698480509194,-1002.24137306213,32.210000000000001,-0.071705954356265283
207.46991484115554,699.60214199813959,-1002.24137306213,32.479999999999997,-0.07192072148140527
207.48287468527786,699.83158260619587,-1001.57737731934,32.240000000000002,-0.072143509362724095
207.49583069649015,699.62460546300599,-1000.44536590576,32.299999999999997,-0.072184432712001825
207.50878419416665,699.48887453108409,-1000.57888031006,32.299999999999997,-0.072029136741565303
207.52174687054443,699.9845244002837,-1000.3139972686801,32.299999999999997,-0.07173717435838306
207.53471552497768,700.30733939559047,-1000.3139972686801,32.159999999999997,-0.071523022940590292
207.54768254752838,700.2192177374485,-999.68934059143101,32.119999999999997,-0.071411510515312554
207.56064864806783,700.16942912989157,-999.48835372924805,32.119999999999997,-0.071432515977781982
207.57361384522591,700.12064653737809,-1000.25343894958,32.509999999999998,-0.071519254188883816
207.5865855844074,700.47391580013129,-1001.80339813232,32.509999999999998,-0.071678332363297348
207.59955544645553,700.37255059930897,-1001.80339813232,32.140000000000001,-0.07169656145037645
207.6125236517851,700.28308779662348,-1001.88732147217,32.57,-0.071654125220037154
207.62549604082221,700.50900800330317,-1001.22928619385,32.189999999999998,-0.071565078364186241
207.6384707747234,700.6356306642482,-1002.90107727051,32.479999999999997,-0.071611313356317541
207.65143595946299,700.11997593762646,-1004.19521331787,32.210000000000001,-0.071812033031953673
207.6643949395247,699.78492333224278,-1003.92460823059,32.210000000000001,-0.072158176657654949
207.677355251379,699.85684013227035,-1003.95727157593,32.369999999999997,-0.07244010559393195
207.69031650593709,699.90774613677615,-1003.95727157593,32.259999999999998,-0.072658520399020599
207.70327642766912,699.83577353038004,-1004.06360626221,32.450000000000003,-0.07276311723596289
207.71623411526303,699.71513007061571,-1004.1708946228,32.450000000000003,-0.072754419718916288
207.72920260619753,700.29851046423289,-1003.96633148193,32.119999999999997,-0.072768930759454981
207.74217217022343,700.3564573978997,-1003.96633148193,32.119999999999997,-0.072842601479364069
207.75513889992351,700.20340380421055,-1001.7304420471201,32.170000000000002,-0.072937242479515357
207.76810353207901,700.0901363976111,-1001.05595588684,32.170000000000002,-0.073000197815947521
207.78106844363083,700.10522379832071,-1001.05595588684,32.560000000000002,-0.072945834447742969
207.7940428277679,700.61674340163097,-1002.12621688843,32.189999999999998,-0.072865907308896402
207.80701695113584,700.60266186757292,-1001.93333625793,32.490000000000002,-0.072819917566741263
207.81998535825178,700.29398426215687,-999.52268600463901,32.490000000000002,-0.072842726690728332
207.8329611248852,700.69139820368207,-1000.07319450378,32.240000000000002,-0.072974483999152503
207.84593612576549,700.65004753665414,-1000.07319450378,32.359999999999999,-0.073127687598385407
207.85890262263453,700.19083092723383,-1000.87332725525,32.240000000000002,-0.07320013518047197
207.87186836513337,700.15009493817297,-1002.05969810486,32.240000000000002,-0.073214999089354582
207.88484430147537,700.70056246789147,-1002.82311439514,32.310000000000002,-0.073159003837268741
207.89782405727405,700.90681312801689,-1003.10039520264,32.310000000000002,-0.073143121681997977
207.91079873943457,700.63283666899213,-1003.10039520264,32.509999999999998,-0.073252001569493866
207.92377553362837,700.74688646395259,-1002.80094146729,32.509999999999998,-0.073467012908207188
207.93675671228149,700.98364726934108,-1002.34985351563,32.549999999999997,-0.073680038460429809
207.9497323174852,700.68268100047771,-1002.34985351563,32.549999999999997,-0.073823788099133772
207.96270495901479,700.52264259726803,-1003.0224323272701,32.210000000000001,-0.073829960698700056
207.97567737495672,700.51046086500787,-1001.8858909606899,32.210000000000001,-0.073727278244643202
207.98865665578143,700.88116453416967,-1000.86569786072,32.390000000000001,-0.073585360206365205
208.00163699003579,700.93804973436022,-1001.5914440155,32.210000000000001,-0.073428486163673923
208.01461504461855,700.8149474692957,-1002.48432159424,32.299999999999997,-0.073347954700507215
208.027585231595,700.39009672837483,-998.19970130920399,32.299999999999997,-0.07345762000191125
208.04056768926549,701.05271420728775,-998.19970130920399,32.159999999999997,-0.073548962052479835
208.05354983028394,701.03561499633099,-996.45400047302201,32.159999999999997,-0.073534962202902884
208.06652644131728,700.73699579911863,-996.45400047302201,32.140000000000001,-0.073370090168153199
208.07950658723706,700.92787966945127,-998.61764907836903,32.140000000000001,-0.073185618965959598
208.09249598429378,701.42744106276007,-998.61764907836903,32.539999999999999,-0.073164877377674992
208.10548470562594,701.39095193615606,-997.04408645629906,32.170000000000002,-0.073231972960910635
208.1184591021802,700.61741392993463,-997.67541885375999,32.509999999999998,-0.073292371299108636
208.1314314912174,700.50900800879924,-998.35562705993596,32.509999999999998,-0.073293597540236524
208.14439955374445,700.27537646007056,-998.35562705993596,32.210000000000001,-0.073201816735457406
208.1573620997371,699.97748360302671,-998.09312820434604,32.380000000000003,-0.073023717849985431
208.17031985252228,699.71865040054433,-997.469663619995,32.229999999999997,-0.072750468841218982
208.18327756598646,699.71652706549582,-998.65269660949696,32.229999999999997,-0.07258463650938031
208.19624037895801,699.99190046444073,-998.030185699463,32.32,-0.072606545355940577
208.20920618768398,700.15367120087819,-998.38733673095703,32.32,-0.072758938702914375
208.22216208196298,699.61829106637333,-997.29728698730503,32.159999999999997,-0.072967215543898054
208.23511678104572,699.55375046790266,-996.47831916809105,32.409999999999997,-0.073099782068687391
208.24807872374819,699.94490593457988,-996.94347381591797,32.5,-0.073169603322147295
208.26103381916062,699.575152270741,-996.94347381591797,32.5,-0.073142723283581235
208.27397939645559,699.06117392808244,-996.36268615722702,32.140000000000001,-0.07300741867046083
208.28692567638271,699.09911606478295,-995.44000625610295,32.140000000000001,-0.072989660418651445
208.29987448950624,699.23590866972506,-995.17416954040505,32.159999999999997,-0.073038976018187235
208.31282041242591,699.07983766294524,-995.17416954040505,32.159999999999997,-0.073221188245819871
208.3257672697716,699.13029666690181,-994.54116821289097,32.57,-0.073276929970548715
208.33872042906791,699.47060200139379,-994.08650398254395,32.210000000000001,-0.0731955592828651
208.35168276189134,699.96597246502233,-993.85190010070801,32.409999999999997,-0.073035100682174933
208.36464818049626,700.13260466493978,-993.92747879028298,32.409999999999997,-0.072864065360217736
208.37761123975062,700.00519973654571,-993.69597434997604,32.259999999999998,-0.072765940178541308
208.39057129911234,699.84320553280963,-993.54767799377396,32.259999999999998,-0.072774869493293537
208.40353856898022,700.23257286538615,-993.54767799377396,32.299999999999997,-0.072776760078200192
208.41650159615557,700.00346746926971,-994.38881874084495,32.119999999999997,-0.072726798760519185
208.42945679608275,699.58079606762192,-993.78848075866699,32.469999999999999,-0.072576390164651047
208.44241148171363,699.55302406727833,-993.59560012817406,32.469999999999999,-0.072365620483480456
208.45536844183945,699.67584679486777,-993.59560012817406,32.100000000000001,-0.072256953765410428
208.46831795035183,699.27345966720532,-993.03793907165505,32.549999999999997,-0.072244268117770974
208.48126155324331,698.95455614104765,-993.18671226501499,32.590000000000003,-0.072384178638278451
208.49420998349012,699.21523332796721,-992.42806434631302,32.590000000000003,-0.072600246511151642
208.50715642484573,699.10783320203541,-992.42806434631302,32.159999999999997,-0.072763531158743358
208.52010037232594,698.97316393214157,-991.50085449218705,32.159999999999997,-0.072847962792914653
208.53304048068767,698.76585153304404,-992.06018447875999,32.189999999999998,-0.072750356047554421
208.54598850115315,699.19310513549658,-993.61443519592297,32.189999999999998,-0.072598719141009627
208.55894257624934,699.52005519365889,-992.819786071777,32.399999999999999,-0.072479036946240694
208.57189740571729,699.56079127065573,-992.819786071777,32.229999999999997,-0.072515928704197957
208.58484992860866,699.43623613289435,-991.90020561218296,32.329999999999998,-0.072679762831540887
208.5978075892975,699.71367719791897,-992.46120452880905,32.329999999999998,-0.072894248490415578
208.61076281509506,699.58219306799788,-993.82352828979504,32.25,-0.072993143564995075
208.62371239500746,699.27731526952959,-993.82352828979504,32.229999999999997,-0.072900230685287087
208.6366493523951,698.59569893175001,-994.87471580505405,32.310000000000002,-0.072721521267052239
208.64959207156423,698.90683513361842,-992.69151687622104,32.210000000000001,-0.072610180617171741
208.66253850671106,699.10749792963952,-993.26896667480503,32.280000000000001,-0.072643120462046643
208.67548160358385,698.92723113026113,-993.26896667480503,32.280000000000001,-0.072786464458709635
208.68842314100991,698.84302100722005,-995.33224105834995,32.259999999999998,-0.072919867104914091
208.7013739357802,699.34291759598045,-994.67587471008301,32.259999999999998,-0.073049032232062661
208.71432885527662,699.56565280558357,-994.67587471008301,32.189999999999998,-0.073084169998588633
208.72727940272961,699.32956246254685,-995.22137641906704,32.299999999999997,-0.073053580191575443
208.74022888537039,699.27206260087723,-995.22137641906704,32.170000000000002,-0.073015052410232234
208.7531831560444,699.53061639778844,-996.69241905212402,32.170000000000002,-0.073078542740388469
208.76613658852838,699.48535413520358,-997.00498580932594,32.280000000000001,-0.073305647819306596
208.77908883202477,699.42114880363283,-997.00498580932594,32.189999999999998,-0.073572970513664404
208.79203992481851,699.35901086334172,-997.20025062561001,32.32,-0.07374560046447004
208.80499700187784,699.68216120249235,-998.10504913330101,32.170000000000002,-0.073745763963707772
208.81795966583832,699.98385386648397,-998.43907356262196,32.350000000000001,-0.0736981216402499
208.83091658664202,699.67372339936321,-998.91066551208496,32.350000000000001,-0.073682287085923837
208.84387416972106,699.70948626823883,-998.88396263122604,32.399999999999999,-0.073754286600932209
208.85684148511982,700.23503153328636,-999.74441528320301,32.399999999999999,-0.073895529947687624
208.86981265929882,700.44340566586027,-1000.43249130249,32.119999999999997,-0.074078602095731944
208.88277492071975,699.96211673079392,-1000.43249130249,32.520000000000003,-0.074191825049677806
208.89573818900496,700.01648740175563,-999.59683418273903,32.170000000000002,-0.074156354077862072
208.9087108698568,700.52476599826844,-1000.53858757019,32.170000000000002,-0.073919658444736094
208.92168334374824,700.51359013815591,-1000.53858757019,32.539999999999999,-0.073588459442151241
208.93465590766792,700.51845166209182,-1002.30646133423,32.210000000000001,-0.073386096498792491
208.9476306488111,700.63602173202071,-1003.40294837952,32.280000000000001,-0.073428147781967809
208.96060588252226,700.66262040263882,-1003.05581092834,32.280000000000001,-0.073674204242264299
208.97357868755066,700.53147153412158,-1002.85673141479,32.210000000000001,-0.073887573348640073
208.98653979930623,699.90003480022347,-1003.15928459167,32.210000000000001,-0.073863608348081339
208.99949500440738,699.58107546220117,-1003.15928459167,32.359999999999999,-0.07365813582333007
209.01245208146656,699.68216119699639,-1006.7431926727299,32.119999999999997,-0.073368956023472001
209.02541392689753,699.93965327142337,-1008.51535797119,32.119999999999997,-0.073100805489456355
209.03837633112221,699.96982813329862,-1008.51535797119,32.119999999999997,-0.073089699985147083
209.05134300908267,700.20060986391434,-1008.79955291748,32.539999999999999,-0.073289565948610719
209.06432046554946,700.78264920642005,-1009.01436805725,32.539999999999999,-0.07373398169832715
209.07729644742224,700.70302113029584,-1009.30428504944,32.140000000000001,-0.074111124914113896
209.09026254071978,700.16903806761502,-1007.42387771606,32.549999999999997,-0.074208230814729548
209.10322316508277,699.87371560112865,-1007.42387771606,32.469999999999999,-0.074118734853667392
209.1161842830482,699.9003701330754,-1007.11297988892,32.469999999999999,-0.074027134105126791
209.12914561418151,699.91188119963181,-1007.31253623962,32.210000000000001,-0.074065498386519824
209.14210300996061,699.69937207015437,-1006.01816177368,32.210000000000001,-0.074203108540473281
209.15506615406912,700.00978186040641,-1006.18243217468,32.229999999999997,-0.074363649926065575
209.16803458084692,700.29504600112898,-1007.244348526,32.350000000000001,-0.074565767620873052
209.18099619137777,699.92696866629342,-1006.0286521911599,32.119999999999997,-0.074721841762713057
209.19395663361598,699.86388086357556,-1006.0286521911599,32.520000000000003,-0.074740625503924171
209.20691834866182,699.93261247416626,-1005.45573234558,32.159999999999997,-0.07466219469076682
209.21988800995925,700.36171006105621,-1005.4893493652301,32.159999999999997,-0.074547286042127334
209.23286148967907,700.56790487084481,-1005.4893493652301,32.530000000000001,-0.074538538853976599
209.24583449649265,700.54236793370319,-1008.3680152893101,32.229999999999997,-0.074656304592647341
209.25880602767899,700.46268406220213,-1009.3598365783701,32.280000000000001,-0.074862532523867445
209.2717790593284,700.54370906725455,-1007.37476348877,32.280000000000001,-0.07502290316629244
209.28474208753954,700.00352340204643,-1008.93354415894,32.189999999999998,-0.075020635914452433
209.29769600638019,699.51161739602583,-1008.93354415894,32.189999999999998,-0.07502476581218899
209.31064800359263,699.40784947107181,-1009.94420051575,32.119999999999997,-0.075002666561544612
209.3236043200728,699.64108993004379,-1005.82671165466,32.119999999999997,-0.074985808589706465
209.33656048133093,699.63270793877928,-1005.82671165466,32.539999999999999,-0.075072144260851376
209.34951395831237,699.48775699673524,-1007.10606575012,32.159999999999997,-0.075163255549302935
209.36247599207653,699.94982326488446,-1008.63742828369,32.590000000000003,-0.075228138722417723
209.37543875330866,699.98910653513644,-1006.9580078125,32.590000000000003,-0.075188137383576825
209.38840278113832,700.05750280188352,-1006.9580078125,32.189999999999998,-0.075107576945200746
209.40137105786914,700.28694346489988,-1004.97484207153,32.399999999999999,-0.075154227928134615
209.41434496082351,700.59075953538797,-1003.3552646637,32.189999999999998,-0.075352853163425451
209.42732457381976,700.89910179696017,-1004.7469139099099,32.189999999999998,-0.075589877863659657
209.44030744851483,701.07523353348301,-1005.50103187561,32.329999999999998,-0.075729329966800679
209.45327797283707,700.40831340223247,-1005.66363334656,32.329999999999998,-0.075740007061997031
209.46624704222717,700.32974706508037,-1005.66363334656,32.460000000000001,-0.075689801532065809
209.47921869034576,700.46899840387482,-1005.51176071167,32.460000000000001,-0.075633457550631805
209.49218037331235,699.93088019589834,-1005.34510612488,32.090000000000003,-0.075598664374254693
209.50513871076166,699.75022226279555,-1005.34868240356,32.520000000000003,-0.07560486594760546
209.51811117120124,700.51286373753157,-1006.2193870544399,32.140000000000001,-0.075754439458155992
209.53108543116173,700.61003786577783,-1006.60467147827,32.140000000000001,-0.075964234354582036
209.54406140579138,700.70263000206717,-1004.85801696777,32.189999999999998,-0.076111957637342825
209.55703459473088,700.55220273171233,-1004.85801696777,32.189999999999998,-0.076091436461802983
209.57000895817276,700.61562586178616,-1004.05836105347,32.210000000000001,-0.076004112553643005
209.58297659850004,700.25257767334438,-1004.63938713074,32.210000000000001,-0.075962703882050647
209.59594010065069,700.0291161345649,-1002.9106140136701,32.329999999999998,-0.075946577514631436
209.60890328408155,700.01190526690289,-1002.9106140136701,32.329999999999998,-0.076028452151484571
209.62186599978156,699.98664780128411,-1001.61528587341,32.25,-0.076190912061502497
209.63483253493948,700.19289852736154,-1001.30271911621,32.25,-0.076408991590429506
209.64779797320614,700.13366639841593,-1002.78735160828,32.310000000000002,-0.076530755808047579
209.66076198137537,700.05644113985534,-1002.78735160828,32.140000000000001,-0.076593087158224993
209.673735020268,700.54410020097896,-1002.94160842896,32.420000000000002,-0.076684565799826271
209.68671495819265,700.91664793152199,-997.62392044067406,32.420000000000002,-0.076869193257633375
209.69969661802838,701.00963113008811,-1000.32758712769,32.07,-0.077097955055323297
209.71268038886302,701.1236250692159,-1000.32758712769,32.5,-0.077157501751915339
209.72566988319136,701.43269373141243,-1000.6890296936,32.159999999999997,-0.077084219082272046
209.73865979971978,701.45549253462673,-998.487949371338,32.549999999999997,-0.077011945346658145
209.75164373922709,701.13273339515263,-996.46973609924305,32.159999999999997,-0.076966048736029399
209.76462547046421,701.01348680386036,-996.46973609924305,32.159999999999997,-0.076957422618109839
209.77760214669004,700.74051619499926,-996.68073654174805,32.189999999999998,-0.076918679600031126
209.79057057243205,700.29499006835238,-999.93562698364303,32.189999999999998,-0.076856263394995697
209.80353468511728,700.06208500268826,-997.29919433593705,32.240000000000002,-0.076824738127310693
209.8164947113643,699.841417338253,-996.34814262390103,32.240000000000002,-0.076732297117239681
209.82945662819631,699.94350892870784,-996.34814262390103,32.329999999999998,-0.076616181888287352
209.84242131933578,700.09332153208777,-997.13873863220203,32.329999999999998,-0.076423045247765442
209.85538493738392,700.03537459842084,-997.90000915527298,32.240000000000002,-0.0762317691818611
209.86834879033211,700.04805920355091,-999.10306930542004,32.210000000000001,-0.07614424452105896
209.88132501848895,700.71632046835271,-999.58205223083496,32.159999999999997,-0.076152746461777984
209.89430166987896,700.73917506144778,-997.65181541442905,32.159999999999997,-0.076229062137881068
209.90726790597904,700.17674940416771,-997.65181541442905,32.420000000000002,-0.076243916732980005
209.92022993353467,699.94948800348061,-995.80216407775902,32.420000000000002,-0.076229836170594117
209.93319264923571,699.98664785624408,-996.05321884155296,32.549999999999997,-0.076173193131730307
209.94615069383582,699.73440840650153,-998.81815910339401,32.549999999999997,-0.076090086044797667
209.95910195012843,699.36783980019538,-998.81815910339401,32.140000000000001,-0.076019385208380821
209.97205790235805,699.6214203999773,-998.35419654846203,32.530000000000001,-0.076033176027018784
209.98501340755192,699.59728046870759,-998.52180480956997,32.229999999999997,-0.076150203951810061
209.99796439065685,699.35308766638559,-996.83570861816395,32.229999999999997,-0.076238066992791648
210.01091418477407,699.28888232931877,-997.30014801025402,32.380000000000003,-0.076180656129962845
210.02386540174453,699.36571640469083,-997.30014801025402,32.240000000000002,-0.076004890724435809
210.03681903498023,699.4961947284163,-997.83277511596702,32.359999999999999,-0.075804887132213547
210.04977736001234,699.74955173449189,-996.81353569030796,32.359999999999999,-0.075715522592281495
210.06273164310377,699.53128693708425,-997.71833419799805,32.119999999999997,-0.075685734756686121
210.07568619938399,699.54603913134997,-997.71833419799805,32.119999999999997,-0.07565622010997522
210.08863949527276,699.47797799410273,-998.92187118530296,32.530000000000001,-0.075609687093661823
210.10158480041596,699.04647773254533,-1000.39768218994,32.159999999999997,-0.075558851369949137
210.11451868443828,698.42973720517625,-995.48935890197697,32.549999999999997,-0.07550950265519045
210.12745440730617,698.52903486632681,-995.48935890197697,32.210000000000001,-0.075434081049089205
210.14039596439264,698.84408266924822,-995.70155143737804,32.380000000000003,-0.075296013512543669
210.15333865044818,698.90504699951782,-1000.73170661926,32.380000000000003,-0.07516628338219615
210.16628059144693,698.86481393279075,-1000.32806396484,32.189999999999998,-0.075098588648817605
210.17923448441724,699.51022039564975,-999.90916252136196,32.189999999999998,-0.075083749575130851
210.19219272459512,699.744969605135,-999.90916252136196,32.090000000000003,-0.075042160848012421
210.20515302299623,699.85611366019805,-999.33528900146496,32.090000000000003,-0.074989219299095355
210.21811010626416,699.68249646939216,-999.51100349426304,32.439999999999998,-0.074993077044044926
210.23106845613211,699.75089286804325,-999.234437942505,32.439999999999998,-0.075026616040080499
210.2440365445284,700.27677339999082,-997.35045433044399,32.140000000000001,-0.075101744797398229
210.25700042334699,700.04945620392698,-998.496532440186,32.560000000000002,-0.075086330373888246
210.2699545512186,699.52290506673171,-999.45712089538597,32.520000000000003,-0.075030906332528097
210.28290971078764,699.57861672834883,-999.45712089538597,32.520000000000003,-0.074964611686546556
210.29586650845064,699.66707380178275,-1001.07884407043,32.229999999999997,-0.074860811646641268
210.30881884921732,699.42640140083722,-999.53317642211903,32.229999999999997,-0.074743502255279343
210.32176861746424,699.28748533443854,-998.99697303771995,32.310000000000002,-0.074671313373200349
210.33472587044079,699.69166073360168,-998.99697303771995,32.32,-0.074662432695693851
210.34768776036788,699.94205606150706,-999.01127815246605,32.350000000000001,-0.074709570034698955
210.36064922913087,699.91931320206129,-999.44639205932594,32.350000000000001,-0.074741198784809282
210.37360804051977,699.7758150008101,-999.44639205932594,32.119999999999997,-0.074743431888687567
210.38657288067031,700.10136813004431,-1000.03623962402,32.119999999999997,-0.074718669056215659
210.39953458329884,699.93194194036664,-1000.34618377686,32.469999999999999,-0.07473611479781582
210.41248722312338,699.44255052403105,-1000.16713142395,32.119999999999997,-0.074756567676210875
210.42544117507782,699.51340554111835,-1000.16713142395,32.560000000000002,-0.074780428160791224
210.43840356585056,699.96910172717821,-999.67598915100098,32.140000000000001,-0.074770147394462846
210.45136867194566,700.11572913562566,-1000.91910362244,32.549999999999997,-0.074776244453667234
210.46432897759018,699.85650480491461,-1001.97291374207,32.549999999999997,-0.074785168593122675
210.47728665173091,699.71440359854341,-1001.8584728241,32.170000000000002,-0.074845608323822616
210.49024907561602,699.97088979532691,-1001.8584728241,32.469999999999999,-0.074886993193975737
210.50321856720618,700.35254586829478,-1001.05786323547,32.210000000000001,-0.074881382493081697
210.5161833421642,700.09784773416379,-1000.93221664429,32.329999999999998,-0.074802910288134822
210.52915009876912,700.20485666591514,-1001.29890441895,32.240000000000002,-0.074679983986113016
210.54212851035922,700.83422586563756,-1001.29890441895,32.240000000000002,-0.074666278022129509
210.55511152682226,701.08288900321111,-1001.0590553283701,32.210000000000001,-0.07473127295515225
210.56809246540124,700.9706832641358,-1000.24890899658,32.32,-0.074860909954075142
210.58107026645683,700.80125700301016,-1001.32989883423,32.140000000000001,-0.075028983668801383
210.59405090597787,700.9545341354459,-1003.41081619263,32.409999999999997,-0.075219341863773534
210.60702995397162,700.86859166268903,-1003.63683700562,32.079999999999998,-0.075374161824559555
210.62000175110128,700.47704500183136,-1004.30798530579,32.079999999999998,-0.07539298488821497
210.63297128822222,700.35500453069903,-1007.36784934998,32.450000000000003,-0.075326902377190239
210.64594248930615,700.44485853306094,-1007.36784934998,32.100000000000001,-0.075222669790092275
210.65891929591734,700.74755700324829,-1007.00712203979,32.159999999999997,-0.075189924488297241
210.67189493940992,700.68474860060553,-1007.61342048645,32.159999999999997,-0.075177809016914413
210.68486895205314,700.59668273234411,-1007.61342048645,32.549999999999997,-0.075245534795051097
210.69785103408893,701.03242993330241,-1006.98161125183,32.549999999999997,-0.07540917230986717
210.7108368124396,701.23203093539132,-1004.87446784973,32.5,-0.075545660736533793
210.72381637369628,700.89630786216003,-1004.45652008057,32.5,-0.075563027834263122
210.73678859406047,700.49989966637429,-1004.45652008057,32.210000000000001,-0.075452522271430456
210.74976002073083,700.45704019936909,-1005.04612922668,32.310000000000002,-0.07526821663781981
210.76273092275684,700.42870940437126,-1004.56929206848,32.259999999999998,-0.075086655301797173
210.77569671078649,700.15255360057722,-1001.88708305359,32.259999999999998,-0.074896208113480148
210.78866317557771,700.18909872590973,-1002.64239311218,32.159999999999997,-0.074813306951636696
210.8016349013061,700.47318933355496,-1003.7295818328899,32.450000000000003,-0.074804733609958624
210.8146082847901,700.56270813496917,-1003.79276275635,32.530000000000001,-0.074890186595960778
210.82757802990616,700.3662362686282,-1002.2799968719499,32.530000000000001,-0.075020700072092578
210.84054924237284,700.44547320003596,-1002.09641456604,32.189999999999998,-0.075148992861740441
210.85352462716421,700.67077873424478,-1002.09641456604,32.189999999999998,-0.075190598145147211
210.86650373931613,700.87205620273687,-1004.47773933411,32.159999999999997,-0.075167534459028768
210.87947729768024,700.57215166185381,-1007.54594802856,32.159999999999997,-0.075059121267196188
210.89244662680622,700.34377280376168,-1006.68835639954,32.229999999999997,-0.075002805227113167
210.90541537851112,700.31259206424295,-1006.68835639954,32.229999999999997,-0.074986480175989897
210.91838151113092,700.17116146861542,-1005.82098960876,32.310000000000002,-0.074972816639893414
210.93133587183203,699.53547786126842,-1005.95569610596,32.310000000000002,-0.074980489702007339
210.94428432174078,699.21629507243551,-1006.91676139832,32.310000000000002,-0.074967835098718905
210.95723691603331,699.44009179567479,-1006.91676139832,32.140000000000001,-0.074940884692237961
210.97019086178025,699.51307033467447,-1004.39190864563,32.439999999999998,-0.074854181665195349
210.98314335776664,699.43478326569368,-1002.6524066925,32.119999999999997,-0.074737614226606852
210.99610268241861,699.80353120577695,-1002.6524066925,32.509999999999998,-0.074597532964458729
211.00906927035061,700.19574832898627,-1003.42535972595,32.509999999999998,-0.074422637827596075
211.02203718386548,700.26732980165809,-1001.33490562439,32.549999999999997,-0.074386028572306945
211.03500783132964,700.41496306576494,-1000.1358985900901,32.549999999999997,-0.074313931787590631
211.04797806383831,700.39255546772313,-1000.1358985900901,32.170000000000002,-0.074287185238176776
211.06094611291246,700.27465000448626,-1000.15091896057,32.479999999999997,-0.07427677926038237
211.07391791107781,700.477100929112,-999.62925910949696,32.229999999999997,-0.074198708558786047
211.08688347248525,700.14031600149247,-1000.16617774963,32.229999999999997,-0.074145246503189807
211.09984169817648,699.74418732669403,-1000.16617774963,32.32,-0.074169189772366959
211.11280203693462,699.8582929390152,-1001.4610290527301,32.280000000000001,-0.074196335755480819
211.12575951653216,699.70389826673443,-1001.56664848328,32.170000000000002,-0.074259766067094446
211.13871127263585,699.39482959904183,-999.39155578613304,32.380000000000003,-0.074305654399833457
211.15166814790874,699.67126473695896,-999.39155578613304,32.07,-0.074370659680701792
211.1646291489408,699.89405573094677,-998.60501289367699,32.07,-0.074363180125773795
211.17759240998149,700.01609619658313,-999.83191490173294,32.119999999999997,-0.074278416318440912
211.1905548204148,699.97016340019843,-1000.1285076141399,32.119999999999997,-0.07411384437579363
211.20352129141489,700.18943400380169,-1000.1285076141399,32.539999999999999,-0.074012006321855825
211.2164860467112,700.09678600068764,-998.40831756591797,32.159999999999997,-0.073990092302136087
211.22944492950248,699.77967072954232,-997.67017364501896,32.560000000000002,-0.073987619123476664
211.24240048022713,699.59973913111185,-998.77595901489303,32.560000000000002,-0.073942251296093719
211.25534913088771,699.2271356711442,-997.913599014282,32.229999999999997,-0.073894509631648925
211.26830227673094,699.46987553481745,-997.913599014282,32.469999999999999,-0.07384103722891952
211.28125643047161,699.52430199565981,-996.19770050048805,32.359999999999999,-0.073855627948612307
211.29421028515566,699.50815293841788,-997.55740165710404,32.359999999999999,-0.073853910176625293
211.30716990886413,699.8196802575228,-997.74956703186001,32.259999999999998,-0.073910851238144532
211.32013728842094,700.23849606783835,-997.05815315246605,32.259999999999998,-0.073965238406872302
211.33310522780616,700.26872680203417,-995.95713615417503,32.310000000000002,-0.07400493034013246
211.3460743810148,700.33427326715639,-995.32103538513195,32.310000000000002,-0.074008788084776705
211.35904818048888,700.58517159983558,-994.84944343566895,32.140000000000001,-0.074001701754800642
211.37202466838028,700.73034613558616,-994.84944343566895,32.390000000000001,-0.074004679917302182
211.38499699843453,700.50582292928254,-994.03285980224598,32.119999999999997,-0.074099640672406486
211.39796665248761,700.36131886687565,-994.94838714599598,32.119999999999997,-0.074182370056613586
211.41093623513945,700.35746319859936,-994.94838714599598,32.460000000000001,-0.074287407720368528
211.42390260886788,700.18418133514922,-995.59283256530796,32.100000000000001,-0.074362162913752902
211.43685845140735,699.61549713157319,-994.98510360717796,32.119999999999997,-0.074381376098342444
211.44981036376674,699.40326740766704,-995.38254737854004,32.119999999999997,-0.074345613312721132
211.46276358101113,699.47373119759789,-995.38254737854004,32.579999999999998,-0.074249716061152868
211.47572200227901,699.75474846487168,-997.13754653930698,32.579999999999998,-0.07422306057392021
211.48868110651722,699.79162886259996,-996.87099456787098,32.170000000000002,-0.074243188524202794
211.50164307509019,699.9463029404518,-995.59402465820301,32.549999999999997,-0.07433801372009724
211.51461002002964,700.21502673082432,-997.41172790527298,32.189999999999998,-0.074470672341536828
211.52758377293702,700.58265699915864,-997.41172790527298,32.460000000000001,-0.074530678489862598
211.5405488469531,700.11399686834966,-998.84748458862305,32.229999999999997,-0.074496510334005714
211.55351288823587,700.05822926845985,-995.66769599914505,32.229999999999997,-0.074389057439770992
211.56647595473459,700.00559093072616,-995.66769599914505,32.280000000000001,-0.074247018330447598
211.57943889188275,699.99860600029376,-996.04535102844204,32.280000000000001,-0.074175090218637371
211.59239741663089,699.76033640042385,-996.44088745117199,32.329999999999998,-0.074113501855804217
211.60535292182598,699.5972805346596,-995.35536766052201,32.329999999999998,-0.074103460129991472
211.61831118062969,699.74597540033869,-996.28210067749001,32.119999999999997,-0.074063147314596164
211.63127319473335,699.9487615973602,-997.21956253051803,32.119999999999997,-0.074004545393273821
211.64423359144078,699.86142220117119,-997.21956253051803,32.439999999999998,-0.073858998301698509
211.65719832811115,700.09578019998798,-994.60577964782703,32.079999999999998,-0.073685688484073503
211.67016438208523,700.16691460066261,-994.84276771545399,32.520000000000003,-0.073555856943088513
211.68313512164698,700.4199363343422,-997.13516235351597,32.119999999999997,-0.073548644366973809
211.69610165059512,700.19256320000568,-997.13516235351597,32.549999999999997,-0.073482403530990364
211.70906040403585,699.77268579911004,-999.42231178283703,32.549999999999997,-0.073488937276790289
211.72201520039013,699.55900313105917,-1000.78177452087,32.090000000000003,-0.073427392377025627
211.73497156860995,699.64388387033978,-1000.61559677124,32.549999999999997,-0.073395750174848326
211.74791704242472,699.05558599802612,-999.27473068237305,32.210000000000001,-0.073382466410720798
211.76085626085555,698.71779526421096,-1003.19504737854,32.469999999999999,-0.073361586157478301
211.77379951915802,698.93594833346538,-1004.44507598877,32.210000000000001,-0.073371064951879963
211.78674185545066,698.88615980285249,-1004.44507598877,32.210000000000001,-0.073396301724555413
211.79968025535305,698.67359472960641,-1003.82924079895,32.350000000000001,-0.073350127785944658
211.81262287104323,698.9012472695141,-1004.92119789124,32.350000000000001,-0.073275564031215226
211.82557058624079,699.1766206684589,-1006.2725543975801,32.140000000000001,-0.073048855280656175
211.83852345993085,699.4551792623364,-1006.2725543975801,32.439999999999998,-0.072955045227844517
211.85147856776047,699.57582279904466,-1004.4960975647,32.090000000000003,-0.072988778766349294
211.86443778893212,699.79794327022466,-1000.74410438538,32.090000000000003,-0.073175907342029473
211.87739791245056,699.84666999591354,-1001.1303424835201,32.530000000000001,-0.073326303519485478
211.89035823051361,699.85717540466624,-1001.1303424835201,32.140000000000001,-0.07330783125452342
211.9033094671457,699.36677813267113,-1001.7864704132101,32.57,-0.073042315327634846
211.9162621783716,699.44640619780341,-1002.5596618652301,32.159999999999997,-0.072711889321461984
211.92921926163945,699.6824964638962,-1001.7626285553,32.57,-0.07241718367536433
211.94217724829139,699.73127920480158,-1001.7626285553,32.57,-0.072331084973354304
211.95513050485803,699.47585459859829,-1001.140832901,32.509999999999998,-0.072367242020025035
211.96808867984316,699.74144919826256,-1003.81422042847,32.509999999999998,-0.072550390743103862
211.98104746536293,699.77441806638603,-1002.63118743896,32.210000000000001,-0.072688384809854026
211.99400226792463,699.55933833200697,-1002.63118743896,32.420000000000002,-0.072705468368512396
212.00695452487284,699.42187520425705,-1002.48503684998,32.229999999999997,-0.072564941105781516
212.01991059403454,699.62773473065795,-1007.86685943604,32.229999999999997,-0.072378772828411653
212.03287201105678,699.91651920130926,-1008.15224647522,32.359999999999999,-0.07227246752970376
212.04583259609873,699.87159226608014,-1008.60667228699,32.25,-0.072370100145644892
212.0587915368383,699.78279993673857,-1008.60667228699,32.280000000000001,-0.072549069300188354
212.07174926375313,699.71725340016815,-1008.0170631408701,32.280000000000001,-0.072693632294049682
212.08470717175928,699.7270323313528,-1006.61373138428,32.140000000000001,-0.072744331425203021
212.0976615914457,699.53866306719306,-1007.33494758606,32.140000000000001,-0.072660533090561238
212.1106141205469,699.43657146574628,-1005.4004192352299,32.119999999999997,-0.072455737325761757
212.12357389326667,699.82772686647149,-1004.47344779968,32.119999999999997,-0.072271428587522626
212.13654270292105,700.31572133739087,-1004.21738624573,32.170000000000002,-0.072171677730916539
212.14951211690121,700.34835492762249,-1004.21738624573,32.170000000000002,-0.072204713813065882
212.16247379262467,699.93048906767001,-1004.47559356689,32.539999999999999,-0.072312657204606695
212.1754426674716,700.3192417332715,-1002.74729728699,32.539999999999999,-0.072331743108588545
212.18841653731104,700.58897132983941,-1002.41041183472,32.329999999999998,-0.072230766008920783
212.20139060272965,700.59953260541681,-1002.41041183472,32.329999999999998,-0.072051278418570008
212.2143618027778,700.44480260028433,-1003.42464447021,32.189999999999998,-0.071938662892758548
212.22733352954199,700.47324526633156,-1004.65679168701,32.189999999999998,-0.071981890747891394
212.24030990774446,700.72442293313406,-1005.32507896423,32.329999999999998,-0.072205873827411962
212.25328354992834,700.57667792988184,-1005.32507896423,32.329999999999998,-0.072506162234274016
212.26624738321482,700.04699747007453,-1006.0510635376,32.479999999999997,-0.072702680609687875
212.27921168423339,700.0722550016452,-1005.32937049866,32.479999999999997,-0.072738734177291944
212.29217893443953,700.23151113190988,-1006.05177879333,32.539999999999999,-0.07276382297244717
212.30514762716177,700.30940700121437,-1005.14793395996,32.539999999999999,-0.072765292392679329
212.31811802109868,700.40127259398344,-1005.14793395996,32.189999999999998,-0.072943058071640213
212.33109278190494,700.63708353694494,-1004.55331802368,32.189999999999998,-0.073201801213841663
212.34407249838145,700.90468973251245,-1004.54902648926,32.189999999999998,-0.073414202779402443
212.35705017629627,700.79460739993362,-1004.15062904358,32.189999999999998,-0.073476792830198104
212.37002474152345,700.6265222668635,-1003.64232063293,32.210000000000001,-0.073310126446391316
212.38300321727169,700.83769040568541,-1003.7498474121099,32.210000000000001,-0.072983420557630754
212.39598742375802,701.1471502620625,-1005.24115562439,32.280000000000001,-0.072705276930977003
212.4089734163137,701.24359800617242,-1004.95982170105,32.280000000000001,-0.072663528844634381
212.42195746654451,701.13871246442932,-1004.95982170105,32.259999999999998,-0.072829386012483108
212.43494205590744,701.1678255983245,-1002.07161903381,32.159999999999997,-0.073079014610432563
212.44792278028152,700.95911619885067,-1000.85997581482,32.390000000000001,-0.073291334426476257
212.46090069723581,700.80751553281823,-1001.72972679138,32.119999999999997,-0.073316025857785572
212.47387206699267,700.45396686998981,-1002.06017494202,32.530000000000001,-0.073099057706671355
212.48685445326058,701.04885846756349,-1005.72681427002,32.530000000000001,-0.072791517401453856
212.49984354505062,701.41095666167428,-1005.43475151062,32.560000000000002,-0.072616746441588179
212.51283328669749,701.44604893079804,-1005.43475151062,32.560000000000002,-0.072645383576315795
212.52582010399135,701.28813386813283,-1000.57196617126,32.450000000000003,-0.07294191564927284
212.53880414180497,701.13804193612566,-1000.86808204651,32.450000000000003,-0.073095690458926096
212.55178551499995,700.99415252970198,-1000.86808204651,32.170000000000002,-0.073107744876788366
212.56475342748024,700.26727393483338,-1002.1026134491,32.170000000000002,-0.072940795992145438
212.57771418843834,699.88109173673354,-1002.3250579834,32.259999999999998,-0.072725875717241747
212.59067646848644,699.96312259744548,-997.76601791381802,32.259999999999998,-0.072644657144343885
212.60363820319387,699.93367420214656,-998.615503311157,32.380000000000003,-0.072713935126800647
212.61659709943703,699.78039713016676,-998.615503311157,32.380000000000003,-0.072893111242021899
212.62955309098768,699.62354373502581,-1000.0827312469499,32.119999999999997,-0.073101233897551507
212.64251101865554,699.72809406482884,-998.01826477050804,32.119999999999997,-0.07318908452144407
212.65546829025803,699.69266653430122,-998.01826477050804,32.140000000000001,-0.073065222757936227
212.66842340533086,699.57621393276929,-996.87671661376896,32.140000000000001,-0.072751449834813381
212.68138278172214,699.80632512958516,-997.87807464599598,32.189999999999998,-0.07249063708603759
212.694348759121,700.16277953780695,-997.67661094665505,32.189999999999998,-0.072427029823933481
212.70731639323964,700.25224240644457,-994.518041610718,32.469999999999999,-0.072509331835532265
212.72027835456919,699.94591179573547,-994.950771331787,32.469999999999999,-0.072644131465115905
212.73323642607414,699.73586126820635,-994.950771331787,32.329999999999998,-0.07261821586202391
212.74619447067406,699.73440839550949,-996.58775329589798,32.329999999999998,-0.07244843989601038
212.75915089787665,699.64706893886444,-995.22495269775402,32.119999999999997,-0.072259779811497768
212.77210162124689,699.33906199365617,-993.23773384094204,32.119999999999997,-0.072036330690825115
212.78505485815313,699.47479293657011,-993.23773384094204,32.490000000000002,-0.071978171666067708
212.79801435147778,699.81263953171378,-994.03977394104004,32.490000000000002,-0.072048393388714452
212.81097173380368,699.69864559808207,-996.18625640869095,32.539999999999999,-0.072164448598513495
212.8239218725098,699.30749013140485,-996.17338180542004,32.539999999999999,-0.072175275740778824
212.83687325815308,699.37482473612374,-995.32938003540005,32.189999999999998,-0.071958859139982359
212.84983065289757,699.69931620332977,-994.08578872680698,32.5,-0.071651053925500335
212.86278795761356,699.69445466290574,-994.88806724548294,32.210000000000001,-0.071428486456417389
212.87574399469622,699.62600246338206,-995.31817436218296,32.210000000000001,-0.071389723776200509
212.88870196789497,699.73055273272928,-993.75176429748501,32.280000000000001,-0.071580549701813906
212.90165820055557,699.63656367300769,-994.07315254211403,32.280000000000001,-0.071838450514462845
212.91461008704317,699.40187033034692,-995.26834487915005,32.329999999999998,-0.072011371246131675
212.92755352747164,698.94578313697048,-995.26834487915005,32.329999999999998,-0.071934950020497157
212.94049395972721,698.78334180078127,-995.59235572814896,32.140000000000001,-0.071637842597208012
212.95344142864195,699.16332139635381,-995.59235572814896,32.140000000000001,-0.071285326654886877
212.9663915797654,699.30816066520458,-997.20644950866699,32.420000000000002,-0.071090055215274339
212.97933736609139,699.07246160428429,-997.76339530944801,32.140000000000001,-0.071151347624288389
212.99229130459378,699.51267912950198,-997.13420867919899,32.100000000000001,-0.071327912931684487
213.00525314381611,699.93931800452356,-995.57781219482399,32.100000000000001,-0.071452867446964469
213.01821165614697,699.75966586662423,-995.46551704406704,32.509999999999998,-0.071398642741885815
213.03116416558646,699.43550973227002,-994.33922767639206,32.509999999999998,-0.071155773475436945
213.04412084631608,699.66075939965413,-994.15755271911598,32.560000000000002,-0.070864353327974583
213.05707056903211,699.28502666653833,-994.539976119995,32.560000000000002,-0.070563292958966017
213.0700178754827,699.15454833182093,-995.62597274780296,32.549999999999997,-0.070410187666658103
213.08295991271731,698.87001066866662,-995.62597274780296,32.549999999999997,-0.070449877530267713
213.09590187234201,698.86581973349041,-995.72205543518101,32.119999999999997,-0.070511785646018343
213.10884533863941,698.94718006040262,-994.465112686157,32.119999999999997,-0.070573356416363892
213.12178959138635,698.98964833322736,-995.42331695556595,32.100000000000001,-0.070476457475204687
213.13473190180983,698.88476286842831,-995.42331695556595,32.100000000000001,-0.070325732230742247
213.14768213157905,699.31240753865347,-995.18799781799305,32.140000000000001,-0.070289041225936016
213.16064128755679,699.79442279740022,-997.54858016967796,32.140000000000001,-0.07041575490570498
213.1735969800506,699.60739466679206,-997.54858016967796,32.5,-0.070656519383555841
213.18655319304941,699.63550193403535,-996.08111381530796,32.5,-0.070890093015248706
213.19951744129261,700.06940513406846,-997.24292755126896,32.549999999999997,-0.070988538985532965
213.21248187269629,700.07929579890231,-998.27194213867199,32.549999999999997,-0.070946771237153955
213.22544273713459,699.88667966678986,-998.27194213867199,32.560000000000002,-0.070849133448460472
213.23840484230001,699.95367893316086,-998.82078170776401,32.560000000000002,-0.070781151038948997
213.25136976627044,700.10589440356841,-998.21257591247604,32.189999999999998,-0.070830484231379498
213.26433367716785,700.05118846021082,-999.51696395874001,32.189999999999998,-0.071009897316753404
213.27729089702959,699.68987253354908,-999.51696395874001,32.25,-0.071170549425545501
213.29024663608897,699.60990920701295,-999.54056739807095,32.25,-0.071114892552926662
213.30320850739011,699.9410502608074,-999.10783767700195,32.299999999999997,-0.070952379867990356
213.3161756530815,700.22586733502897,-999.595165252686,32.299999999999997,-0.070696151297357387
213.32913873924204,700.0066526696985,-999.595165252686,32.119999999999997,-0.07050702555297364
213.34209775862598,699.7870467332433,-1001.60980224609,32.119999999999997,-0.070491445560982496
213.35506608088761,700.28940212730413,-1002.0229816436801,32.079999999999998,-0.070573429886566369
213.36803259017523,700.19150153248154,-1002.48575210571,32.079999999999998,-0.070804140219174569
213.38099665732838,700.05962626883604,-1005.1097869873,32.100000000000001,-0.070979853884252278
213.39395813954314,699.92003959718977,-1004.79650497437,32.100000000000001,-0.070997582126993919
213.40692004292347,699.94278253907544,-1005.54513931274,32.539999999999999,-0.070937779835328119
213.4198832004852,700.01050833247871,-1007.16686248779,32.539999999999999,-0.070775799039080295
213.43284106295923,699.72457359750047,-1007.98869132996,32.530000000000001,-0.07077515539109451
213.44579753569391,699.64952767271689,-1007.98869132996,32.530000000000001,-0.070972192203740556
213.45875552234574,699.73127919930562,-1007.59387016296,32.490000000000002,-0.071246515338645594
213.47171473627287,699.79755206505217,-1006.93702697754,32.490000000000002,-0.071474121262817186
213.48467145529017,699.66282693382993,-1006.7887306213401,32.189999999999998,-0.071531342756132696
213.49762685596917,699.59163666633071,-1006.7887306213401,32.189999999999998,-0.071409801021113481
213.51059260571114,700.15048606640153,-1005.52821159363,32.280000000000001,-0.071291986644993449
213.52356298102214,700.40026679328378,-1004.92715835571,32.280000000000001,-0.071139067617061458
213.53652915296416,700.17328486961583,-1005.37633895874,32.299999999999997,-0.071112283815057395
213.54949451258642,700.1294196019112,-1006.24251365662,32.299999999999997,-0.071182588322300927
213.56246494688148,700.40345193325652,-1008.57949256897,32.140000000000001,-0.071300631389462549
213.57543645219621,700.46128699587405,-1009.96422767639,32.140000000000001,-0.071346487642160158
213.5883985439111,699.9529526039845,-1009.96422767639,32.090000000000003,-0.071285113484952131
213.60135729010739,699.77229459943362,-1009.5112323761,32.090000000000003,-0.071213688287231694
213.61432125998888,700.05437360018357,-1009.22155380249,32.119999999999997,-0.071172297207821617
213.62727940910375,699.74005220338256,-1011.0027790069601,32.119999999999997,-0.071244359843660204
213.64023703771369,699.71194493613893,-1013.68403434753,32.560000000000002,-0.071325624982626609
213.65319591429511,699.77933539669061,-1014.12272453308,32.560000000000002,-0.07132389996599757
213.66615931813953,700.02380759908783,-1014.2047405242899,32.530000000000001,-0.071349081893391647
213.67912888112963,700.3564014651231,-1012.46476173401,32.530000000000001,-0.071347565906582061
213.69209661872844,700.25783033650089,-1012.46476173401,32.210000000000001,-0.071378925608432106
213.7050630576494,700.18770173102985,-1011.89494132996,32.390000000000001,-0.071428432646317513
213.71803122365671,700.28096439562296,-1011.03210449219,32.259999999999998,-0.071537334264584307
213.73099804545427,700.20837706729162,-1011.51323318481,32.259999999999998,-0.07167179758323193
213.74396339162342,700.12869313533486,-1011.63387298584,32.350000000000001,-0.071751811644347935
213.75692934936177,700.16171787028281,-1011.63387298584,32.350000000000001,-0.071713498069749415
213.76990030933575,700.43183859507917,-1009.96422767639,32.5,-0.071634337719686345
213.78286968399263,700.34623147166212,-1009.84668731689,32.5,-0.071509838517551466
213.79583378943335,700.06169379751577,-1009.84668731689,32.140000000000001,-0.071495237450318397
213.8088033203444,700.3546691978471,-1009.8891258239699,32.140000000000001,-0.071630482043369526
213.82177353940119,700.39182906709868,-1009.8443031311,32.170000000000002,-0.071803630433137575
213.8347402639271,700.20312439863915,-1008.93545150757,32.170000000000002,-0.071941935973999477
213.84770989831978,700.36025720484747,-1010.8249187469499,32.210000000000001,-0.071917273517695973
213.86068465809012,700.63702759867226,-1010.8249187469499,32.210000000000001,-0.071795309583126118
213.8736594706358,700.63987746624912,-1012.05515861511,32.259999999999998,-0.071704411464711085
213.88663015742222,700.41708646676534,-1010.8604431152301,32.259999999999998,-0.07164794434217403
213.89959311319743,699.99961186144947,-1011.31582260132,32.159999999999997,-0.071676366238334135
213.91255282796911,699.82459767026739,-1011.48414611816,32.159999999999997,-0.07182291708813314
213.92551534912585,699.97614246397939,-1011.48414611816,32.090000000000003,-0.071958276545720692
213.93847408911492,699.77195940947763,-1011.33155822754,32.090000000000003,-0.071899585632783689
213.95143095093462,699.67053826488666,-1011.02447509766,32.5,-0.071744971597595741
213.96439766200868,700.20239799801493,-1011.02447509766,32.5,-0.071569445232584336
213.97736423648882,700.19502192836205,-1009.1590881347699,32.140000000000001,-0.071505093946733156
213.99033097446792,700.20385087071168,-1006.82234764099,32.549999999999997,-0.071538303874846276
214.00329374190869,699.98944180203625,-1006.82234764099,32.579999999999998,-0.071583133604589122
214.01626526067651,700.46201346245039,-1006.4609050750699,32.579999999999998,-0.071664877856409626
214.02923882525059,700.5724870002017,-1006.29878044128,32.210000000000001,-0.071744476962515236
214.04221402067287,700.66055280251112,-1006.39510154724,32.210000000000001,-0.07187407049877674
214.0551885010469,700.62194019796266,-1006.2952041626,32.210000000000001,-0.072026166857869486
214.06816649043705,700.81142706791911,-1006.2952041626,32.210000000000001,-0.07220364899999851
214.08114184211482,700.66899060014407,-1005.2044391632101,32.25,-0.072363741280684901
214.09411286624817,700.43530320107914,-1005.81693649292,32.25,-0.072469717513098789
214.10708193563704,700.32974699912836,-1004.7059059143101,32.299999999999997,-0.072461840591983989
214.12006086669885,700.86227733750434,-1004.7059059143101,32.299999999999997,-0.072435159235697114
214.13304762604321,701.28500459498491,-1003.05891036987,32.210000000000001,-0.07244497227107892
214.14603569130989,701.35552440013237,-1003.90100479126,32.210000000000001,-0.072499844762731983
214.15901908547531,701.10328493390182,-1003.99255752563,32.189999999999998,-0.072590027832303977
214.17199918586303,700.92542093559894,-1003.99255752563,32.189999999999998,-0.072656130003940195
214.18497950666548,700.93732333373589,-1002.84814834595,32.32,-0.072671658256398
214.19795103888518,700.46273986307472,-999.63331222534202,32.32,-0.072675464260084019
214.21091308506797,699.95049387013216,-1000.2658367156999,32.159999999999997,-0.072610021257845755
214.22388150460245,700.29465486190861,-1000.2658367156999,32.329999999999998,-0.072509377367335315
214.23685271810379,700.44552907235675,-1001.27935409546,32.140000000000001,-0.072418400603726327
214.24982096172093,700.28515532530332,-1002.50506401062,32.399999999999999,-0.072420762023800919
214.26278410686422,700.00983773822304,-999.33075904846203,32.140000000000001,-0.072491450442110944
214.27574985660618,700.15048606640153,-999.34983253479004,32.140000000000001,-0.072587458416064787
214.28871478781974,700.10628553179697,-998.75330924987804,32.119999999999997,-0.072642330908633854
214.30168240745061,700.25146006754755,-998.75330924987804,32.119999999999997,-0.072679859068611782
214.31465428322588,700.48129186428821,-998.88873100280796,32.520000000000003,-0.072727510705853302
214.32763327947899,700.86579766743296,-998.76713752746605,32.119999999999997,-0.072832993334907725
214.3406142315099,700.97140967025621,-997.34663963317905,32.539999999999999,-0.072938168627828384
214.3535898098099,700.68122819922905,-998.78382682800304,32.539999999999999,-0.072978961591768185
214.36655764468026,700.26308299965717,-998.78382682800304,32.140000000000001,-0.072939842939189578
214.37952321954069,700.14104246257284,-997.71642684936501,32.520000000000003,-0.072924531995662289
214.39248611633212,699.99642673796473,-996.07753753662098,32.539999999999999,-0.072886510235072907
214.40543949086671,699.48222486755151,-994.79842185974098,32.539999999999999,-0.072805354785651463
214.41839170745681,699.41969586498408,-995.57065963745094,32.140000000000001,-0.0726932018167111
214.43134634859015,699.5506212002507,-995.57065963745094,32.140000000000001,-0.072642733446148119
214.444296239979,699.29413499797124,-997.15876579284702,32.170000000000002,-0.07267762078994558
214.45724050617898,698.99037479980382,-995.79811096191395,32.170000000000002,-0.072777123293880808
214.47018837038885,699.18466733236755,-992.412328720093,32.229999999999997,-0.072713004838779419
214.48314035414819,699.40712300449547,-992.412328720093,32.229999999999997,-0.072646216592084645
214.49609389011226,699.49094205976394,-994.01473999023403,32.369999999999997,-0.072566982772226202
214.50904980405309,699.61935280534544,-994.30203437805199,32.369999999999997,-0.072448301231968479
214.5220053868581,699.60147146983581,-993.94154548644997,32.369999999999997,-0.072402797847004124
214.53495928707292,699.51061160082213,-993.94154548644997,32.369999999999997,-0.072425265486895707
214.5479061320012,699.129626127606,-994.54188346862804,32.329999999999998,-0.072477390575110934
214.56084902708758,698.91633466472774,-993.43109130859398,32.329999999999998,-0.072562278558524804
214.57379223985805,698.93348960510912,-993.80826950073197,32.280000000000001,-0.072515972165027351
214.58674677026789,699.54464213097378,-993.80826950073197,32.280000000000001,-0.072384088610769864
214.59970033210254,699.49233907113205,-993.96347999572697,32.280000000000001,-0.072299097147475094
214.61264998341611,699.28117093230992,-995.41950225830101,32.280000000000001,-0.072340785215071549
214.625604630758,699.55095646165455,-996.01292610168503,32.280000000000001,-0.072494338575882555
214.63856061610122,699.62320853407789,-996.17862701416004,32.280000000000001,-0.072596088673183651
214.65151567322474,699.57308467061307,-994.35186386108398,32.210000000000001,-0.072554502014697986
214.66446242709137,699.12470879730154,-993.31378936767601,32.210000000000001,-0.072455913242292086
214.67741459194201,699.41690193567979,-993.31378936767601,32.280000000000001,-0.072273719642023213
214.69037330605929,699.77056233215762,-993.319272994995,32.210000000000001,-0.07210067369827769
214.7033287915913,699.59621872973537,-992.76018142700195,32.170000000000002,-0.071893134671275227
214.71628046284076,699.39024746968516,-994.57216262817406,32.170000000000002,-0.071791500473692066
214.72923266701355,699.41902533118446,-994.73881721496605,32.32,-0.0718046445395122
214.74218447589257,699.39767946661868,-994.68326568603504,32.32,-0.07187615045248423
214.75513401027408,699.27485660162938,-993.98684501647904,32.299999999999997,-0.071816719654999445
214.7680830831334,699.24993440291064,-994.07196044921898,32.299999999999997,-0.071675858150270652
214.78103561844316,699.43690672715013,-996.26183509826706,32.329999999999998,-0.071524293679052178
214.79399176004077,699.63164627125502,-997.52783775329601,32.329999999999998,-0.071410617480695757
214.80694489967536,699.46954026791775,-997.52783775329601,32.210000000000001,-0.071309445840289018
214.81989442163825,699.27418599638168,-997.262001037598,32.210000000000001,-0.071255199403218117
214.83285351242469,699.79090246747171,-998.08263778686501,32.189999999999998,-0.071227034139654158
214.84581864439016,700.11712613600162,-998.08263778686501,32.189999999999998,-0.071310857311120232
214.85877963817788,699.89366453676621,-998.73852729797397,32.240000000000002,-0.071296497351814245
214.87174041155316,699.8817622650372,-998.33965301513695,32.229999999999997,-0.07125769327909541
214.88470798047899,700.24872199407594,-997.15590476989701,32.280000000000001,-0.07123783851688309
214.89767507442963,700.22307333427682,-997.15590476989701,32.280000000000001,-0.07129244299352358
214.91063610857526,699.89584386504725,-996.95587158203102,32.299999999999997,-0.071358757300218387
214.9235950099926,699.78067653573805,-997.20382690429699,32.299999999999997,-0.071427884200526454
214.93655823895557,700.01436400075522,-997.02382087707497,32.420000000000002,-0.071334119679517846
214.94952923204315,700.43362672917976,-997.02382087707497,32.420000000000002,-0.071269744593143419
214.96250115334951,700.48375054318058,-996.27995491027798,32.119999999999997,-0.071245273574477089
214.97546952735189,700.29219612805616,-994.56739425659202,32.119999999999997,-0.071290932180789454
214.9884391938235,700.36198946662739,-995.31340599060104,32.079999999999998,-0.071280215763352361
215.00141123206302,700.49006493431716,-998.04353713989303,32.079999999999998,-0.071209258296883834
215.0143791062556,700.26520640065758,-998.04353713989303,32.119999999999997,-0.071104967759570675
215.0273464609765,700.23715492879091,-999.95255470275902,32.119999999999997,-0.071063776396399936
215.04032163052963,700.65915586808694,-1000.79298019409,32.539999999999999,-0.071075410685583443
215.0533027243284,700.97906513448834,-1000.94795227051,32.539999999999999,-0.071091963392363261
215.0662811814494,700.83668453353789,-1000.62537193298,32.57,-0.071182741472369943
215.07925286889144,700.47112187082723,-1001.17421150208,32.57,-0.071309916675456955
215.09222359396546,700.41915399544519,-1001.17421150208,32.210000000000001,-0.071376115083349845
215.10519197521114,700.29258726727676,-1000.80633163452,32.549999999999997,-0.071387582768972474
215.11816156407161,700.35779846549917,-1000.17976760864,32.170000000000002,-0.071259190638439454
215.13113154926299,700.37920033428952,-998.55589866638195,32.170000000000002,-0.07115089231093974
215.14410659567397,700.65250619356254,-998.55589866638195,32.229999999999997,-0.071070286341880187
215.1570885731939,701.02678607596533,-998.78430366516102,32.229999999999997,-0.071035000598851761
215.17006976530001,700.98437373042134,-998.73995780944801,32.210000000000001,-0.071131698786961697
215.18304763051367,700.80472153756205,-997.17259407043503,32.210000000000001,-0.071339818338677044
215.19602798442844,700.93911139638851,-997.17259407043503,32.32,-0.071518659177329552
215.20900997540247,701.02751259750175,-996.63877487182594,32.32,-0.071633506773364483
215.22198700966919,700.75985040320563,-997.89643287658703,32.189999999999998,-0.071614316354116692
215.23496363415435,700.73772219974308,-998.67677688598599,32.189999999999998,-0.071631931802277768
215.24794243483095,700.85523653475127,-1001.12414360046,32.119999999999997,-0.071750210804817666
215.26091629846172,700.58863606293949,-1001.12414360046,32.119999999999997,-0.071874281597636064
215.27387763063084,699.91193713240841,-1002.91705131531,32.520000000000003,-0.071956400448774965
215.28683516196924,699.70669227298265,-1001.40476226807,32.520000000000003,-0.072023067623203013
215.29979663694067,699.91964845796917,-1001.38926506042,32.560000000000002,-0.0720655152365694
215.31276082102596,700.06594060501254,-1001.38926506042,32.560000000000002,-0.072098602022867025
215.32572200418389,699.90389052895591,-1001.50513648987,32.159999999999997,-0.072029194690864481
215.33868333531734,699.91188120512777,-1001.15156173706,32.490000000000002,-0.071894053576269365
215.35164656428032,700.01436400075522,-999.80449676513695,32.25,-0.071826356773240271
215.36461017715436,700.03509519834563,-998.38781356811501,32.25,-0.071857028330279446
215.37756806549876,699.72597059787643,-998.38781356811501,32.25,-0.071814584855705257
215.39052587726914,699.7218356009729,-997.79605865478504,32.25,-0.071748595478038926
215.40349085297902,700.10868833287259,-999.356508255005,32.259999999999998,-0.071690859686894093
215.41645504327283,700.06627586641639,-1000.86379051208,32.310000000000002,-0.071659160570700875
215.42941536236913,699.85723120004286,-999.62210655212402,32.170000000000002,-0.071722077619055996
215.44237915633448,700.04487412953029,-996.51598930358898,32.170000000000002,-0.071838928593356791
215.4553482453851,700.33080873260451,-996.88982963562,32.119999999999997,-0.07202645349698894
215.46831630791235,700.27537647106271,-996.88982963562,32.119999999999997,-0.072192416215285105
215.48127954308396,700.01469926765503,-997.591733932495,32.119999999999997,-0.072283227410820022
215.49424449395804,700.10734719932123,-996.77777290344204,32.119999999999997,-0.072290007438927828
215.50721262064198,700.27884093416662,-998.31247329711903,32.539999999999999,-0.072208768169931645
215.52018373066295,700.43994113130827,-998.31247329711903,32.539999999999999,-0.072147108406851873
215.53315101294933,700.23324346513789,-995.40734291076706,32.590000000000003,-0.072172816015204144
215.54611159178143,699.87125693322844,-995.88465690612804,32.590000000000003,-0.072236495713448784
215.55907347550004,699.94172080559918,-996.96803092956497,32.549999999999997,-0.072267198314024755
215.57203506119509,699.92562753274206,-996.96803092956497,32.549999999999997,-0.072203222661045008
215.58499550964328,699.86421620192323,-997.24793434143101,32.210000000000001,-0.072098798636208106
215.59795774415929,699.96066386359314,-994.48370933532703,32.210000000000001,-0.071964812361171165
215.61092464356784,700.21256806292388,-995.62191963195801,32.280000000000001,-0.071881088531811577
215.62389097176549,700.18172267274497,-995.62191963195801,32.280000000000001,-0.071821268648472394
215.63685182895924,699.88628846161726,-994.89974975585903,32.259999999999998,-0.071789086278088429
215.64981542217285,700.03403353631745,-993.55626106262196,32.259999999999998,-0.071824264402850863
215.66278154858279,700.1708261357636,-992.93565750122104,32.259999999999998,-0.071857952408636599
215.67574858458514,700.21994412708079,-992.93565750122104,32.259999999999998,-0.071838067637051181
215.68871174214573,700.01050827202278,-993.04842948913597,32.140000000000001,-0.071782956105696696
215.70167851841228,700.20591839389544,-992.62380599975597,32.140000000000001,-0.071645129678197791
215.71464797688895,700.35075773969015,-992.26593971252396,32.140000000000001,-0.0716088919179039
215.72761226548889,700.0715843963975,-992.48099327087402,32.140000000000001,-0.071549463188746554
215.74057246661846,699.85086099704154,-992.48099327087402,32.469999999999999,-0.071516121840419319
215.75353513678769,699.98418913887986,-991.58906936645496,32.469999999999999,-0.071485836265623853
215.766502640521,700.24520159819554,-991.58906936645496,32.560000000000002,-0.071485110868935206
215.77947059956662,700.26978846406234,-992.01846122741699,32.560000000000002,-0.0714513969915508
215.79243417932716,700.03330706974111,-992.17391014099098,32.549999999999997,-0.071442221394083585
215.80539622550984,699.9504938646362,-991.30845069885197,32.549999999999997,-0.071367558297756553
215.81835922681606,700.00207053484564,-991.30845069885197,32.170000000000002,-0.071362917207938706
215.83131722588507,699.73194972760928,-992.03062057495094,32.170000000000002,-0.071325529780024766
215.84427162694445,699.53765720603747,-992.46907234191895,32.170000000000002,-0.071275324250398883
215.85722750777171,699.61756467124496,-993.20435523986805,32.170000000000002,-0.071240093351532294
215.87019019760245,699.98525086136408,-993.20435523986805,32.210000000000001,-0.071222987026412624
215.88314980785927,699.81895386789051,-991.45650863647495,32.210000000000001,-0.071243034262156058
215.89610451418523,699.55414160162718,-989.845752716064,32.479999999999997,-0.07135088141611709
215.90906229904934,699.72038266232414,-990.68760871887196,32.479999999999997,-0.071424926734326794
215.92202237703711,699.84421133900503,-990.68760871887196,32.189999999999998,-0.071525991790020602
215.93498023951236,699.72457366345236,-991.33896827697697,32.380000000000003,-0.071526689248309808
215.9479401943581,699.83756166997659,-991.68109893798805,32.280000000000001,-0.071479690571005727
215.96090412491725,700.05225019368697,-993.12996864318802,32.280000000000001,-0.071314543278229905
215.97387854113333,700.61847566890685,-993.11494827270496,32.280000000000001,-0.071193828350231456
215.98684800064447,700.35081360101879,-992.423057556152,32.280000000000001,-0.071124734564433856
215.99982139654452,700.56337860281678,-992.423057556152,32.399999999999999,-0.071263927966345966
216.01279464964205,700.55566726626409,-993.68190765380905,32.399999999999999,-0.071353692974955973
216.02576584969142,700.44480266623634,-993.80707740783703,32.549999999999997,-0.071439309459381636
216.03873086472342,700.11081172837703,-993.80707740783703,32.549999999999997,-0.07144774620727902
216.05169091063215,699.84247907172914,-994.51708793640103,32.159999999999997,-0.071413998181118668
216.06465356113947,699.98312739441167,-991.01948738098099,32.159999999999997,-0.071353350454355882
216.07761753723091,700.05470893853135,-992.59114265441895,32.189999999999998,-0.071367789059873579
216.09057218457281,699.55095646165455,-992.59114265441895,32.189999999999998,-0.071425285810706327
216.10352648732587,699.53234866506443,-993.22199821472202,32.439999999999998,-0.071553516511753928
216.11648647425062,699.83929393725259,-992.29359626769997,32.210000000000001,-0.071638481070609425
216.12944439570984,699.72775879792903,-993.13712120056096,32.329999999999998,-0.071652397099797413
216.1423987181235,699.53341033808465,-993.25513839721702,32.329999999999998,-0.071446796257424977
216.15535356621731,699.56179706585931,-992.00987815856899,32.259999999999998,-0.071204337808212101
216.16831343724439,699.8330354624045,-992.93899536132801,32.259999999999998,-0.070980648612249425
216.18127961539508,700.17362013651575,-994.53234672546398,32.25,-0.070918834664020922
216.1942400700519,699.86455146882327,-994.86398696899403,32.170000000000002,-0.0710024229357991
216.20719521720366,699.5779461945491,-995.75328826904297,32.350000000000001,-0.071176760312578163
216.22015423658772,699.78704673873938,-996.22035026550304,32.350000000000001,-0.071296296598663184
216.23310975419997,699.59795106296338,-996.73891067504906,32.159999999999997,-0.071296996126908277
216.24605126575435,698.84162393539589,-996.17099761962902,32.43,-0.071167851694229567
216.25898581308638,698.46555592988443,-995.76163291931096,32.5,-0.070949097474288875
216.27192653819134,698.79915566806721,-997.21598625183105,32.5,-0.070757811061251369
216.28486666517901,698.76685733374347,-997.21598625183105,32.159999999999997,-0.070664162435889577
216.29780579875802,698.7132132667582,-999.27377700805698,32.159999999999997,-0.070693991665004688
216.31075186448032,699.08754900499389,-1000.45609474182,32.579999999999998,-0.070787917616312937
216.32370704991976,699.58001372872479,-999.80163574218705,32.119999999999997,-0.070892555845655417
216.33666171692346,699.55201820062666,-998.42047691345203,32.170000000000002,-0.070951664820470411
216.34961353200981,699.39801466207064,-998.42047691345203,32.170000000000002,-0.070916810589758517
216.36256707418272,699.49127733765579,-998.36802482605003,32.560000000000002,-0.070872367876626652
216.37552050045807,699.48501886830377,-999.67932701110794,32.560000000000002,-0.070894445395991226
216.38847715428273,699.65930653245334,-1000.86236000061,32.460000000000001,-0.070976328310632303
216.40142523373208,699.19629026447728,-1000.86236000061,32.460000000000001,-0.071130438397057849
216.41437228665561,699.14085787103136,-1002.9995441436801,32.32,-0.071193500317592279
216.42732313937654,699.34604692958453,-1001.5423297882101,32.32,-0.071196911028406043
216.44026862664319,699.05631239865056,-1001.58429145813,32.259999999999998,-0.071198644323128363
216.45321130752586,698.9047676653945,-1001.58429145813,32.259999999999998,-0.071170665323838533
216.4661612899765,699.29905233377178,-999.65763092041004,32.170000000000002,-0.071281416134408249
216.47912344688399,699.95647300536098,-999.50671195983898,32.350000000000001,-0.071468882056002381
216.49209107375799,700.25185119577588,-1001.34062767029,32.090000000000003,-0.071568024447867695
216.50505965575562,700.30342787148152,-1001.14917755127,32.5,-0.07162948138946898
216.51803340245436,700.58232173225883,-1001.13677978516,32.090000000000003,-0.071557550173233828
216.53100994932964,700.73353126456686,-998.25859069824196,32.090000000000003,-0.07137316796458866
216.54398133150377,700.45463740378943,-998.18587303161598,32.140000000000001,-0.071207258021719774
216.55694752931609,700.17468186449594,-998.18587303161598,32.140000000000001,-0.071099195628987671
216.56991509203334,700.24838673267209,-1000.21290779114,32.189999999999998,-0.071071874764321419
216.582885551163,700.40479300085599,-999.59945678710903,32.189999999999998,-0.071151805006880467
216.5958502743803,700.09505373341165,-999.29714202880905,32.509999999999998,-0.07119247172315496
216.60880997569998,699.8238712641471,-999.29714202880905,32.509999999999998,-0.071207413241948223
216.62176985914579,699.83370607314816,-1002.07042694092,32.469999999999999,-0.071153972918649569
216.63473399149012,700.06314659326847,-1003.53240966797,32.469999999999999,-0.071131771223000448
216.64769410155679,699.84594360078506,-1002.11119651794,32.240000000000002,-0.071155754848683847
216.66065459553587,699.86667486982367,-1002.11119651794,32.369999999999997,-0.071337283071824464
216.67361824048893,700.03682746562163,-1002.65455245972,32.25,-0.071568314192836949
216.68659130525313,700.54549726730716,-1002.87127494812,32.25,-0.071715306905037191
216.69956056918519,700.34025233093735,-1002.87127494812,32.299999999999997,-0.07171449768816314
216.71252481846298,700.06946100089317,-1004.03881072998,32.299999999999997,-0.071600211990902232
216.72549579810001,700.43290040000329,-1004.84204292297,32.159999999999997,-0.071435240614962064
216.738465406621,700.35886013302343,-1002.33674049377,32.329999999999998,-0.071416084342861785
216.75143304591361,700.25252180102359,-1000.71358680725,32.119999999999997,-0.071442568053475874
216.76440297315548,700.37607106114137,-1000.71358680725,32.119999999999997,-0.07153613182448855
216.77737608345069,700.54795594070333,-1000.0572204589801,32.140000000000001,-0.071624999659689548
216.79035495552719,700.85909213157981,-999.84622001647904,32.140000000000001,-0.071688532415188355
216.80333452299254,700.89664312905973,-999.26185607910202,32.119999999999997,-0.071655949577551337
216.81631088774205,700.72369647205369,-999.26185607910202,32.119999999999997,-0.071534836249914829
216.8292936589568,701.06964559793062,-999.44543838500999,32.520000000000003,-0.07151853293169981
216.84228579720741,701.57546553203929,-998.67296218872104,32.520000000000003,-0.071699351279360404
216.85527325090501,701.32249967068026,-1000.03409385681,32.539999999999999,-0.071931560006901263
216.86825730113583,701.13871246442932,-1000.4506111145,32.539999999999999,-0.072109487114736887
216.88124192361235,701.16961373242498,-1000.4506111145,32.549999999999997,-0.072142728087302807
216.89422151694697,700.89804006897998,-1001.73783302307,32.549999999999997,-0.072054599100857417
216.90719419883337,700.52482186509314,-1001.73783302307,32.229999999999997,-0.071986380757290774
216.92016005826548,700.15640933480563,-1003.21006774902,32.229999999999997,-0.071963978310424379
216.93313615086169,700.70900019407657,-1003.73411178589,32.240000000000002,-0.072003693008619168
216.94611154082713,700.67105813431999,-1004.35733795166,32.240000000000002,-0.072168601262100687
216.95908066195798,700.33254106583252,-1004.35733795166,32.280000000000001,-0.072296311457894002
216.97204732750001,700.19993926965856,-1003.08799743652,32.280000000000001,-0.072302626858971264
216.98502019151238,700.53465666859836,-1001.59215927124,32.280000000000001,-0.072162003359271282
216.9979956984111,700.67737253095265,-1002.1984577179001,32.280000000000001,-0.071914638910060016
217.01096227289136,700.19502193385802,-1002.0067691803,32.140000000000001,-0.071738975950351933
217.0239289384333,700.19993926416271,-1002.0067691803,32.140000000000001,-0.071853250264178631
217.03690296452956,700.59740919892045,-999.98974800109897,32.140000000000001,-0.072050406080560417
217.04987565883334,700.52549240438884,-997.85494804382301,32.140000000000001,-0.072254444368222731
217.06283630285807,699.87477733460491,-997.80702590942406,32.5,-0.072411898936950034
217.07579353513822,699.69054312780474,-997.80702590942406,32.5,-0.072398555154178118
217.08875788168766,700.07471366954564,-996.50955200195301,32.140000000000001,-0.072305405305640572
217.10172396256669,700.16836746786328,-999.79877471923805,32.539999999999999,-0.072152885711612144
217.11468715220741,700.0122405997547,-999.92132186889603,32.560000000000002,-0.072064446285320508
217.1276551174617,700.27012373096227,-999.92132186889603,32.560000000000002,-0.072205501297642347
217.14063145634202,700.72229953762962,-1000.41747093201,32.189999999999998,-0.072394492517997733
217.15360137633945,700.37567986146496,-999.53794479370094,32.189999999999998,-0.072543872519428551
217.16656006458766,699.76916540322952,-998.01969528198197,32.210000000000001,-0.072492422122634126
217.17951241880621,699.42712780146155,-998.01969528198197,32.210000000000001,-0.072290971874198334
217.19246555844069,699.46954026242156,-997.74384498596203,32.240000000000002,-0.072126349226588546
217.20541823034435,699.44428279680301,-997.66445159912098,32.240000000000002,-0.071993361537226505
217.21837241616547,699.52603433987963,-997.66445159912098,32.390000000000001,-0.072019048449378689
217.23132482212475,699.42992180221381,-996.34695053100597,32.390000000000001,-0.072171952989756885
217.24428325063707,699.75513966454821,-996.34695053100597,32.299999999999997,-0.072389888680973638
217.25723670174688,699.48635993040727,-996.34695053100597,32.299999999999997,-0.072574935232786894
217.27018282541849,699.09067826715,-995.72443962097202,32.229999999999997,-0.072490719871448617
217.28313146366045,699.22646506589649,-994.84062194824196,32.229999999999997,-0.072313130108407384
217.29609136676666,699.83476773517646,-993.41964721679699,32.299999999999997,-0.072170274539501714
217.30905696025312,700.14204826876846,-993.92151832580601,32.299999999999997,-0.07213176435003546
217.32202151479882,700.08594546793086,-994.08364295959495,32.140000000000001,-0.072185002888767349
217.33498986293083,700.2907991276802,-994.08364295959495,32.380000000000003,-0.072156371962686039
217.34796098433449,700.44055579828353,-994.33708190918003,32.479999999999997,-0.07212900556631853
217.36092294048885,699.9456323352041,-992.45786666870094,32.479999999999997,-0.072098760347723959
217.37387736638402,699.53899833958883,-990.60297012329102,32.140000000000001,-0.072000970443023393
217.38682720603202,699.29134099172313,-990.60297012329102,32.140000000000001,-0.071963889316875945
217.39977950230249,699.42399860525745,-990.98682403564396,32.140000000000001,-0.071965809911461009
217.41273237495807,699.45512340100777,-991.19329452514603,32.140000000000001,-0.072045755675941126
217.42567441322723,698.87006653549133,-992.41399765014603,32.57,-0.072177312233148036
217.43861742421109,698.92259312858369,-992.41399765014603,32.159999999999997,-0.072157290867069498
217.45156994710368,699.43623619884647,-993.94321441650402,32.560000000000002,-0.072120043138582501
217.46451944940625,699.27312433984935,-995.26619911193802,32.560000000000002,-0.072055215843182585
217.47746606046914,699.11699739479684,-994.65608596801803,32.210000000000001,-0.072093109289000562
217.49041570557526,699.28083573136212,-994.35377120971702,32.469999999999999,-0.072266387029230383
217.50337399024946,699.74737240621073,-994.35377120971702,32.399999999999999,-0.072442856099352054
217.51632773420866,699.50217379769322,-994.46010589599598,32.399999999999999,-0.072590309298569286
217.52926939477533,698.84967059930455,-994.47560310363804,32.25,-0.072625012447336046
217.54221532390366,699.08017292984505,-995.02110481262196,32.25,-0.07254663751362378
217.5551622081544,699.13174953959856,-995.12028694152798,32.280000000000001,-0.072432337328401972
217.5681094939099,699.15343079747208,-993.73650550842297,32.280000000000001,-0.072340315414881562
217.58105101891724,698.84235039647626,-994.78745460510197,32.189999999999998,-0.072303636827164369
217.59399936430989,699.21065120410651,-995.68605422973599,32.350000000000001,-0.072366147198805922
217.60695677871482,699.70037786535806,-995.68605422973599,32.090000000000003,-0.072421381870754573
217.6199145118396,699.71758873851604,-994.99344825744595,32.090000000000003,-0.072401917228560361
217.63286954205921,699.57163185837248,-994.04811859130905,32.399999999999999,-0.072298696678084709
217.64583237469128,699.99296213196487,-995.02253532409702,32.090000000000003,-0.072165057062134719
217.65880475027663,700.5082816081748,-996.32573127746605,32.100000000000001,-0.072037607637627954
217.67177304046052,700.2876699314761,-995.097875595093,32.100000000000001,-0.07195737005944404
217.68473731560871,700.07085800126924,-993.80517005920399,32.439999999999998,-0.071950733868639385
217.69770464342466,700.23570206159025,-993.80517005920399,32.439999999999998,-0.071891913603612148
217.71067108131115,700.18764586970121,-994.64178085327103,32.399999999999999,-0.071779229781063006
217.72362765235192,699.65483620269799,-998.859643936157,32.399999999999999,-0.071567747120801689
217.7365789728037,699.3713043952032,-997.55024909973099,32.119999999999997,-0.071354198993572454
217.74953576322224,699.66668260210622,-997.55024909973099,32.409999999999997,-0.071351142186182312
217.76249490678268,699.79375226360037,-997.37310409545898,32.100000000000001,-0.071450266986679584
217.77544880596304,699.5105557394935,-998.46959114074696,32.100000000000001,-0.071641796579024919
217.78839683988028,699.19383153062495,-998.46959114074696,32.329999999999998,-0.071780606069259872
217.80135305908772,699.63583720093527,-999.442577362061,32.140000000000001,-0.071841518704574753
217.81431708691849,700.05750286233945,-1000.07438659668,32.310000000000002,-0.071848884431369137
217.82728652676789,700.34975186754252,-1002.46095657349,32.189999999999998,-0.071834337172811069
217.84025379042711,700.23223759848634,-1002.87652015686,32.32,-0.07184359762401675
217.85322367213709,700.37361233828108,-1002.2697448730499,32.32,-0.071871569379987663
217.86619792485425,700.60964672655734,-1001.91068649292,32.310000000000002,-0.072019750045136985
217.87916054949139,699.98173040502763,-1001.5068054199201,32.310000000000002,-0.072191338985332268
217.89211376777166,699.47378713587057,-1002.23183631897,32.329999999999998,-0.072213459966645785
217.90506864277032,699.5632499275639,-1002.23183631897,32.329999999999998,-0.072131625687214901
217.91802619376912,699.70775393501094,-1003.74937057495,32.140000000000001,-0.071958506272045558
217.93098488822588,699.76950066463337,-1003.99994850159,32.140000000000001,-0.071875797584852769
217.94394615520247,699.9084167365279,-1004.23693656921,32.390000000000001,-0.071927508753340863
217.95691772570993,700.46480740274649,-1004.3306350708,32.090000000000003,-0.072080634740831095
217.96988641739762,700.30935113438954,-1004.3306350708,32.090000000000003,-0.07234462433347158
217.98284664543093,699.85231379829042,-1003.91793251038,32.090000000000003,-0.072491436988822641
217.99580195504814,699.58671933052995,-1003.43656539917,32.560000000000002,-0.072502489719129537
218.00875788244073,699.62007920047392,-1004.48679924011,32.560000000000002,-0.072434364506682183
218.02171972062848,699.93926213769896,-1007.1396827697801,32.57,-0.072301071550328042
218.03467926672715,699.81548932784267,-1007.32111930847,32.57,-0.072309990516115114
218.04763563494686,699.64388386484381,-1006.74891471863,32.170000000000002,-0.072502983319740991
218.06060135261114,700.14875387057361,-1006.74891471863,32.560000000000002,-0.072779002496065698
218.07356180105799,699.86421613047537,-1008.4698200225801,32.189999999999998,-0.073033156286964857
218.08651355716046,699.39482953308993,-1010.55669784546,32.189999999999998,-0.073100083196378424
218.09946153209381,699.19064640164424,-1008.2950592041,32.539999999999999,-0.073136742122669893
218.11241717284813,699.60460073199181,-1008.2950592041,32.240000000000002,-0.073196238113994089
218.12537701076047,699.83124726784797,-1007.65371322632,32.189999999999998,-0.07319865955149174
218.13833350315679,699.65058940069707,-1007.65371322632,32.189999999999998,-0.073158759623797184
218.15129441933459,699.88947360159011,-1009.76252555847,32.420000000000002,-0.073051115290602181
218.16425883728641,700.07856939827798,-1010.28418540955,32.420000000000002,-0.073010926652407424
218.17722207245683,700.01469920170291,-1008.63814353943,32.310000000000002,-0.0730320004117163
218.1901853924827,700.0192813970117,-1007.96055793762,32.310000000000002,-0.072956767140659295
218.20314762079013,699.96032860218929,-1007.9104900360099,32.329999999999998,-0.072900474899063969
218.21611276620737,700.11785253112998,-1008.49843025208,32.189999999999998,-0.072951622099331051
218.22908259617773,700.37081839798509,-1008.67795944214,32.310000000000002,-0.073055398339629096
218.24204417462965,699.92523640451338,-1008.99291038513,32.310000000000002,-0.073205656888631815
218.25500587725807,699.93194193487068,-1010.31184196472,32.210000000000001,-0.073290744588997467
218.26797315954326,700.23324339918588,-1010.31184196472,32.329999999999998,-0.073352997294184499
218.2809395074012,700.18278432927707,-1010.90025901794,32.299999999999997,-0.073404005831122138
218.29390652374326,700.21888247054846,-1011.05213165283,32.299999999999997,-0.073473871582119599
218.30687798973585,700.45916360036961,-1011.04140281677,32.159999999999997,-0.073540559451729964
218.31985312720983,700.65742359531498,-1011.04140281677,32.159999999999997,-0.073646458072706505
218.33282632132349,700.5524821372835,-1010.1990699768101,32.159999999999997,-0.073864910130487127
218.34579057060117,700.06946099539709,-1009.46354866028,32.159999999999997,-0.073986994102040432
218.35875559287771,700.11120293354952,-1009.0708732605,32.329999999999998,-0.074029887715684251
218.37172403207282,700.29571653492883,-1010.25032997131,32.119999999999997,-0.074034791646744535
218.3846903209469,700.17959920029659,-1010.99967956543,32.359999999999999,-0.074063696794856276
218.3976596500728,700.34377279826572,-1006.95085525513,32.359999999999999,-0.074219275265721835
218.410635943421,700.71984080377729,-1006.95085525513,32.140000000000001,-0.074461110763861457
218.42361352923825,700.78963413135648,-1007.93814659119,32.329999999999998,-0.074668950918249599
218.43659585134813,701.04539393301161,-1007.27343559265,32.329999999999998,-0.074832577051158145
218.44957184563964,700.70369174103951,-1005.37872314453,32.329999999999998,-0.074966489854567719
218.46255058215684,700.85177192875153,-1005.37872314453,32.140000000000001,-0.07507095837673862
218.47553144933454,700.96682759585951,-1005.1281452179001,32.140000000000001,-0.075082506777409283
218.48851103646049,700.89770480208006,-1007.59029388428,32.119999999999997,-0.075042567525336654
218.50148354243086,700.51532239993594,-1007.47346878052,32.119999999999997,-0.075049191298746959
218.51445663927288,700.54722946863103,-1007.47346878052,32.490000000000002,-0.075093789232819716
218.52743158737775,700.64719766358144,-1006.31856918335,32.140000000000001,-0.075162869566652135
218.54040114416051,700.35606626967126,-1005.20825386047,32.539999999999999,-0.075172914399536009
218.55336663416659,700.13646032772021,-1004.59456443787,32.539999999999999,-0.075104125878593178
218.56634004351974,700.56410506939324,-1004.17566299438,32.159999999999997,-0.075075862307697125
218.57931779180134,700.79840720688128,-1004.17566299438,32.560000000000002,-0.075024025928251886
218.59229367640248,700.69776846164336,-1004.4009685516399,32.490000000000002,-0.074977701943386377
218.60526533072971,700.46933367077463,-1002.94899940491,32.490000000000002,-0.074999734965620513
218.61823901223573,700.57880132538628,-1002.7220249176,32.210000000000001,-0.075011557587609148
218.63121858694441,700.89703426828032,-1002.7220249176,32.210000000000001,-0.075011252321329491
218.64419814095677,700.89591666797946,-1002.28643417358,32.280000000000001,-0.074901542521777234
218.65717186178648,700.58092480333073,-1002.5393962860099,32.280000000000001,-0.074816174391345538
218.67014507659624,700.55359972659232,-1001.7228126525901,32.380000000000003,-0.074839851715160666
218.68312584546669,700.96151900542247,-1001.7228126525901,32.380000000000003,-0.074934198830634499
218.69609935209138,700.56935773254963,-1000.66661834717,32.090000000000003,-0.075052967294281223
218.70906277559754,700.02486933256398,-1001.90758705139,32.090000000000003,-0.075068948790437129
218.72203437300985,700.46626026445131,-1002.91156768799,32.450000000000003,-0.075096289315714854
218.73501064669756,700.71877913625315,-1001.99747085571,32.119999999999997,-0.0751459081135082
218.74798591973084,700.66474379814326,-1002.19058990479,32.140000000000001,-0.075146330313771284
218.76096116068521,700.66301153636334,-1001.6925334930399,32.140000000000001,-0.075109672422152413
218.77394185918891,700.95771919847459,-1001.72924995422,32.560000000000002,-0.075061875912833365
218.78691632714575,700.621269669659,-1001.01780891418,32.560000000000002,-0.075009609055642426
218.79988472701737,700.29359306797642,-1000.53930282593,32.439999999999998,-0.074947418437325442
218.812846396532,699.93015378977816,-1001.33776664734,32.439999999999998,-0.074776824976853465
218.82580349325315,699.68322294146446,-1001.35183334351,32.210000000000001,-0.074660080587978045
218.83876450670249,699.8947262647464,-999.42064285278298,32.259999999999998,-0.074608608459394918
218.85172329222223,699.77441806638603,-998.30031394958496,32.299999999999997,-0.074593884250142822
218.86467825103955,699.56777613513611,-999.42684173583996,32.299999999999997,-0.074655380513475963
218.87763610109627,699.72390306370073,-999.42684173583996,32.119999999999997,-0.074686072766206341
218.89059269076424,699.65584206934932,-999.63855743408203,32.409999999999997,-0.074718186838224177
218.90354423887166,699.38359780065662,-998.33035469055199,32.100000000000001,-0.074813068947625655
218.91649361699876,699.26641886445225,-996.39225006103504,32.469999999999999,-0.07482556626266354
218.92944464563459,699.3555463342858,-996.14500999450695,32.159999999999997,-0.074794954723556323
218.94239840304701,699.50290026976541,-996.14500999450695,32.159999999999997,-0.074727509377928353
218.95535395273708,699.59968326428725,-997.22623825073197,32.090000000000003,-0.074727486612077718
218.96830918474328,699.5825283348978,-996.11878395080601,32.090000000000003,-0.074779784513212558
218.98126600827655,699.66847079666275,-996.11878395080601,32.560000000000002,-0.07481230008949695
218.99422526152591,699.79967546605269,-995.67675590515103,32.189999999999998,-0.074892004744828669
219.00718308571359,699.72250613477252,-995.84364891052201,32.539999999999999,-0.074880845430521287
219.0201411686013,699.73647593518137,-997.11298942565895,32.539999999999999,-0.074828286759219431
219.0331011948482,699.84141733275692,-997.11298942565895,32.159999999999997,-0.074781946216131809
219.04605733023706,699.63131099885925,-997.84421920776401,32.600000000000001,-0.074674550236014783
219.05900609782969,699.23345000182485,-997.91979789733898,32.460000000000001,-0.074595241910670587
219.07195279995554,699.12191479654928,-997.93744087219204,32.460000000000001,-0.074486626932439237
219.08490028128892,699.16399200160163,-997.93744087219204,32.210000000000001,-0.074333445065911039
219.09784900334932,699.23099126247644,-996.72532081604004,32.210000000000001,-0.074208326016211829
219.11079382834316,699.02054966717492,-996.72532081604004,32.210000000000001,-0.074112250779073366
219.12374305021487,699.25798107231515,-997.08771705627396,32.210000000000001,-0.074079581018861571
219.13669857506915,699.59834213073589,-997.32160568237305,32.32,-0.074081545074072469
219.1496531830889,699.54883306615011,-997.32160568237305,32.280000000000001,-0.074052668899745225
219.16260331455192,699.30709900317629,-998.17967414856003,32.189999999999998,-0.073989560412836927
219.17555824129144,699.56604393381213,-997.57933616638195,32.189999999999998,-0.073927810622350348
219.18851698127907,699.7719593325337,-996.76394462585404,32.350000000000001,-0.073914130528947741
219.20147329775813,699.64108986958774,-996.76394462585404,32.140000000000001,-0.073924849016137162
219.21442752290119,699.52815772439226,-995.78332901000999,32.159999999999997,-0.073940852243063987
219.22738589242962,699.75195453556751,-997.12872505188,32.159999999999997,-0.073968292110549963
219.2403447296889,699.77721200118606,-997.44224548339798,32.490000000000002,-0.074023440893782211
219.25329866198152,699.51234380214623,-996.35386466980003,32.490000000000002,-0.074072008330473393
219.26624379845182,699.03736939561645,-996.35386466980003,32.560000000000002,-0.074086885692746074
219.27919164403463,699.18366147121196,-994.698047637939,32.560000000000002,-0.074139676160532228
219.29214834339129,699.66176526080972,-995.81789970397904,32.159999999999997,-0.074164691485281417
219.30510045029266,699.41377267352391,-995.81789970397904,32.549999999999997,-0.074116969481651668
219.3180517914395,699.37242192955205,-998.13866615295399,32.189999999999998,-0.074046353498464404
219.3310095369815,699.7182592668197,-998.51775169372604,32.189999999999998,-0.073992451652458352
219.3439716100691,699.95194673183676,-998.04615974426304,32.490000000000002,-0.074014207348033587
219.3569328242705,699.90556687444712,-997.81823158264206,32.229999999999997,-0.074053795800496855
219.36989249351117,699.8221389968711,-997.78175354003895,32.25,-0.07405839550015364
219.38285707392592,700.08734239685896,-998.59452247619595,32.25,-0.074156083993911409
219.39582301821108,700.1609913982104,-999.71485137939396,32.310000000000002,-0.074242228227012028
219.4087832721161,699.85371087011447,-1000.88667869568,32.310000000000002,-0.074339529705990823
219.42174260918523,699.80420173408072,-1001.61957740784,32.159999999999997,-0.074376738113153068
219.4347064559247,700.04772393115502,-1001.28531455994,32.159999999999997,-0.074289374881632786
219.44767648664563,700.38165893074165,-1001.07622146606,32.329999999999998,-0.074216158438567742
219.46065013607284,700.57706906910244,-1001.09553337097,32.159999999999997,-0.074143375579810641
219.4736264490827,700.72090253175747,-1001.09553337097,32.43,-0.07415992518155487
219.48660835520246,701.02293046814509,-1000.44655799866,32.43,-0.07425934904141572
219.49959472442711,701.26393813049447,-1001.00755691528,32.140000000000001,-0.074324092517037338
219.51257450609626,700.90821013388904,-1001.60980224609,32.560000000000002,-0.074289879865169564
219.52554859738393,700.60092953434491,-1000.89240074158,32.520000000000003,-0.074169594380854881
219.53852329299633,700.63356306961646,-999.31716918945301,32.520000000000003,-0.0740554452762551
219.55150267833591,700.88680833654678,-999.31716918945301,32.210000000000001,-0.074002899021838722
219.56448254485929,700.91279226324571,-998.34847450256302,32.210000000000001,-0.073915043224277804
219.57745774028146,700.66055279701504,-1000.2863407135,32.210000000000001,-0.073867778603443693
219.59043458621485,700.74968040424881,-1002.17032432556,32.210000000000001,-0.073882933291764596
219.60341389394443,700.88261739587449,-1002.17032432556,32.329999999999998,-0.073910356602351582
219.61638513952468,700.44726133413667,-1000.91123580933,32.229999999999997,-0.073959641157638117
219.62935074646424,700.1427747353448,-1001.3213157653799,32.259999999999998,-0.073857777234137195
219.64231676215064,700.1648470664868,-1004.02474403381,32.259999999999998,-0.073800829962648543
219.65528438902595,700.25185126722397,-1004.02474403381,32.25,-0.07381808116188128
219.66824971656789,700.12768726318711,-1004.08911705017,32.229999999999997,-0.07380730058476849
219.68121392652344,700.06733759989277,-1002.53224372864,32.159999999999997,-0.073744272812399356
219.69418083317532,700.21295920214448,-1004.9569606781,32.159999999999997,-0.073672374709249769
219.70714748526672,700.19921293498624,-1004.9569606781,32.409999999999997,-0.073669205109619967
219.72010966183453,699.95753466189308,-1004.90140914917,32.409999999999997,-0.0737350692765327
219.73306640051365,699.66388867280205,-1003.18312644958,32.090000000000003,-0.073711676523509587
219.74602530917409,699.78106766396638,-1003.01074981689,32.460000000000001,-0.073619207574021364
219.75898751264685,699.95898752909386,-1003.01074981689,32.119999999999997,-0.073491225225746401
219.77194468594323,699.68735800432023,-1002.00128555298,32.490000000000002,-0.073379921831204106
219.78490462837166,699.83689113617697,-1000.49924850464,32.090000000000003,-0.073285804440630251
219.79787305411358,700.2949900628563,-1002.52270698547,32.090000000000003,-0.073214335780451986
219.81084352669632,700.40551946743233,-1002.52270698547,32.5,-0.073234767963257619
219.82381172581722,700.28275252972344,-1002.28476524353,32.100000000000001,-0.073427940822206009
219.83678199661244,700.394622941443,-1002.28476524353,32.140000000000001,-0.073713290815310389
219.84975196938521,700.37852972904182,-999.57489967346203,32.140000000000001,-0.073867166000114268
219.86271868666788,700.20273326491474,-999.70364570617699,32.579999999999998,-0.07382877377879514
219.87568202014572,700.0200078031321,-1003.27301025391,32.579999999999998,-0.073758583101720773
219.88864419671364,699.95753466738927,-1005.38897514343,32.539999999999999,-0.073770467812615009
219.90161361586664,700.34863426174581,-1000.76818466187,32.539999999999999,-0.073940385546484688
219.91458574516915,700.49498233606982,-1000.76818466187,32.189999999999998,-0.074085939882091348
219.92755208681857,700.18244906787322,-1001.09529495239,32.479999999999997,-0.074217240843512056
219.94051502293215,699.99855013346917,-1002.13694572449,32.210000000000001,-0.074186634478989183
219.9534772709012,699.96139033016959,-1000.47564506531,32.210000000000001,-0.07405827753210828
219.96644121491244,700.05297660530334,-1000.47564506531,32.369999999999997,-0.07380882174534821
219.97940170164696,699.86628366465118,-999.64475631713901,32.280000000000001,-0.073552053006915696
219.99236571085058,700.05649699568789,-1000.48089027405,32.259999999999998,-0.073482538055527624
220.00533155062098,700.15534760132948,-1001.88159942627,32.259999999999998,-0.073504372395889694
220.01829396105433,699.97016340019843,-1001.88159942627,32.210000000000001,-0.073561920887171769
220.03125798267655,700.0571676009356,-999.70459938049305,32.210000000000001,-0.073585373659449949
220.04422428500371,700.18032566687282,-998.66914749145496,32.170000000000002,-0.073506584804585662
220.05719080153457,700.19189266620594,-999.71508979797397,32.170000000000002,-0.073403534996463099
220.07016172218641,700.42971519957473,-999.90534782409702,32.369999999999997,-0.073299273434359311
220.08312895273215,700.23044946988171,-999.31144714355503,32.140000000000001,-0.073195596536065971
220.09610149078023,700.51705459576385,-999.15742874145496,32.409999999999997,-0.073274420573157473
220.10907890792478,700.78052580541964,-999.42421913146995,32.409999999999997,-0.073485528635728853
220.12205028389008,700.4543021258977,-998.93784523010197,32.119999999999997,-0.073730577195956118
220.13501101173455,699.87930360263294,-998.93784523010197,32.420000000000002,-0.0738787278524448
220.14796743893825,699.64706899932048,-997.32947349548294,32.140000000000001,-0.073912942575184451
220.16093300034569,700.14031600149247,-998.69084358215298,32.460000000000001,-0.073875825230610509
220.17390152336054,700.30024280295686,-999.12118911743198,32.100000000000001,-0.07385130868248202
220.18686752041981,700.16384119983525,-998.59452247619595,32.100000000000001,-0.07386751679870586
220.19983595340616,700.29538126253283,-998.59452247619595,32.090000000000003,-0.073910635999068122
220.21280189044819,700.16060026998184,-996.88506126403797,32.090000000000003,-0.073915468529067593
220.22576188461596,699.83968505998507,-996.08230590820301,32.520000000000003,-0.073877980724883455
220.2387154143716,699.49060680385605,-997.67684936523403,32.140000000000001,-0.073774768453518866
220.25166555307783,699.30749013690081,-995.15748023986805,32.560000000000002,-0.073714600875707678
220.26462316927038,699.71127439684335,-993.40176582336403,32.560000000000002,-0.073787974608244614
220.27758925014939,700.16836746786328,-995.29385566711403,32.140000000000001,-0.07396243305627262
220.29055875415563,700.35321633614251,-995.29385566711403,32.579999999999998,-0.074110894152505755
220.30352803154065,700.34097879201772,-998.29840660095203,32.579999999999998,-0.074267007616586514
220.31650213524696,700.60160013959262,-995.98979949951195,32.579999999999998,-0.07430548779596724
220.32947069861854,700.3024220652859,-995.98979949951195,32.159999999999997,-0.074230804004457904
220.34243232880991,699.92803033381767,-993.82638931274403,32.159999999999997,-0.074094872299843614
220.35539798749011,700.14556873060087,-994.94409561157204,32.159999999999997,-0.073958359037981147
220.36836987671722,700.48201826491265,-993.96419525146496,32.159999999999997,-0.073899825413091133
220.38133866671112,700.31465966986684,-992.07854270935104,32.579999999999998,-0.074005160066966225
220.39430567684317,700.2185471322008,-992.07854270935104,32.210000000000001,-0.074109301592086549
220.40727393391239,700.28588173691969,-993.27349662780796,32.490000000000002,-0.074114526311245779
220.42024379596174,700.37255066526086,-996.03629112243596,32.490000000000002,-0.073928488418704974
220.43320334102594,699.81543346651404,-996.03629112243596,32.189999999999998,-0.073739928710767885
220.44616385466543,699.86773653185185,-995.29457092285202,32.399999999999999,-0.073626098326346728
220.45912783075556,700.05470886708338,-992.95926094055199,32.229999999999997,-0.073684793379500832
220.47209363223828,700.15328006715356,-993.93677711486805,32.350000000000001,-0.073822930248169091
220.48505584088522,699.95926693466504,-997.32947349548294,32.259999999999998,-0.073847419893181415
220.49800901984193,699.47166366342208,-997.32947349548294,32.259999999999998,-0.073728937034897538
220.51096294592594,699.51200853524642,-996.44780158996605,32.280000000000001,-0.073536350907781683
220.52392559022601,699.98279220445568,-996.51050567626896,32.280000000000001,-0.073236226000971585
220.53688684478391,699.90774612578423,-996.70314788818405,32.229999999999997,-0.073102852328755172
220.54984544817785,699.76458327387274,-996.18148803710903,32.329999999999998,-0.07305240672475527
220.56280741675062,699.94630292945988,-996.18148803710903,32.189999999999998,-0.073205905242524003
220.575769138005,699.93294773557011,-995.985507965088,32.189999999999998,-0.073405592184828838
220.5887238184618,699.55274466720311,-995.88847160339401,32.380000000000003,-0.073439401264713294
220.60167073375678,699.13342592905781,-995.23448944091797,32.119999999999997,-0.073309625602664519
220.61462227565565,699.38326253925277,-996.06442451477005,32.420000000000002,-0.073097304751541109
220.62757760493338,699.5877809980542,-999.95899200439396,32.090000000000003,-0.072904864533312699
220.64053432498514,699.66288279515857,-999.40395355224598,32.509999999999998,-0.072817750688118105
220.65349347371978,699.79403166917177,-998.35610389709495,32.509999999999998,-0.072814453806659282
220.66645491040364,699.91758092928944,-997.71690368652298,32.539999999999999,-0.072817887282611224
220.67941440993704,699.81297480410967,-997.86114692688,32.539999999999999,-0.072834973948035411
220.69236664722345,699.42081346528494,-998.51298332214401,32.159999999999997,-0.072727116445414547
220.70531136045798,699.0145146651214,-998.51298332214401,32.579999999999998,-0.072520120688906342
220.71825728337788,699.07983767393716,-1000.1893043518101,32.210000000000001,-0.072288434537796986
220.73120242605549,699.03770459106829,-1000.38647651672,32.210000000000001,-0.07216560343837701
220.74414455435308,698.87492807041917,-1000.38647651672,32.5,-0.072230027160063395
220.75708431191723,698.74690846405815,-999.25112724304199,32.189999999999998,-0.072409259155136838
220.77002856363089,698.98959253785074,-999.63951110839798,32.210000000000001,-0.072516709980738808
220.78297451241974,699.0812345973693,-1001.4812946319601,32.210000000000001,-0.072481772965735436
220.79591656931618,698.87107240763885,-1002.45046615601,32.43,-0.072306570494062125
220.80886265366422,699.08855479470151,-1002.45046615601,32.43,-0.072190716034157248
220.82181396169759,699.37063380094742,-1001.97267532349,32.359999999999999,-0.072111098302418089
220.834769505179,699.59934799738744,-1002.49576568604,32.359999999999999,-0.072054407661897135
220.84772035893459,699.3461028019052,-1002.49576568604,32.240000000000002,-0.072010713111508098
220.86067221230982,699.40008226219834,-1003.63373756409,32.310000000000002,-0.07195745698273126
220.87362316954449,699.35169067150548,-1003.55195999146,32.259999999999998,-0.071892827334429033
220.88657692695679,699.50290026426956,-1002.07161903381,32.259999999999998,-0.071768552685764875
220.89952919632219,699.42254573256093,-1001.77264213562,32.280000000000001,-0.071513792500080817
220.91248364808644,699.54039526851693,-1001.77264213562,32.280000000000001,-0.071325168634401803
220.92544475259876,699.89964366649906,-1003.18717956543,32.329999999999998,-0.071280157813747844
220.93840603302715,699.90914313165638,-1006.4558982849099,32.329999999999998,-0.071342443633038224
220.95136420076918,699.74105807003411,-1005.55062294006,32.119999999999997,-0.071409495754121366
220.96431981668766,699.60325959844045,-1005.55062294006,32.119999999999997,-0.071391099029623012
220.97727750324566,699.71507413234303,-1004.71568107605,32.380000000000003,-0.071274693020621699
220.99023804999885,699.8695246714484,-1006.27207756042,32.100000000000001,-0.071124350651840695
221.00319609459876,699.73440839550949,-1006.27207756042,32.509999999999998,-0.07095616724675527
221.01615970643834,700.035039337017,-1005.53822517395,32.119999999999997,-0.070963368440249988
221.02912810010244,700.29325786153242,-1005.64050674438,32.549999999999997,-0.071054644261390548
221.04209167986301,700.03330706974111,-1009.3252658844,32.549999999999997,-0.071263984879852998
221.05505346010122,699.93613286455081,-1009.3252658844,32.210000000000001,-0.071437076354180229
221.06801323282218,699.82772693242339,-1009.37104225159,32.490000000000002,-0.071511852244171822
221.08097589678269,699.98385386648397,-1005.9666633606,32.299999999999997,-0.07157392903354097
221.0939403023161,700.0778988040222,-1005.0208568573,32.299999999999997,-0.071656439040083036
221.10690382309258,700.03012192976848,-1005.0208568573,32.350000000000001,-0.071700932457464964
221.11986418668641,699.8596340670706,-1004.4696331024199,32.350000000000001,-0.071791302826289038
221.13283517977419,700.4336267401718,-1005.76186180115,32.140000000000001,-0.071778224988064923
221.14580902374448,700.58757439541534,-1005.57684898376,32.399999999999999,-0.071769674411423262
221.15877884647045,700.37042720380452,-1002.7861595153799,32.119999999999997,-0.071703542230312181
221.17175055357282,700.47218352735933,-1002.58445739746,32.469999999999999,-0.071653040745849411
221.18472543751977,700.64373313452552,-1002.58445739746,32.119999999999997,-0.071626251769668109
221.19770093096662,700.67664613032821,-1002.86602973938,32.119999999999997,-0.071625888554598158
221.21067642544682,700.67670193120091,-1002.35724449158,32.159999999999997,-0.071674979601680983
221.22365177091606,700.66865533874022,-1002.35724449158,32.159999999999997,-0.071791647415929014
221.23662875965189,700.75739173530553,-1002.37584114075,32.539999999999999,-0.071843322365888834
221.24960561179509,700.75001573160455,-1004.43458557129,32.140000000000001,-0.071879018926051461
221.26258216487901,700.73386653146667,-1006.8690776825,32.579999999999998,-0.07187158490201051
221.27556110214812,700.86261253295629,-1006.8690776825,32.579999999999998,-0.071919341053093097
221.28854193621243,700.96503947275085,-1007.18903541565,32.170000000000002,-0.072101763346337333
221.30151844479994,700.73146372489509,-1006.95109367371,32.539999999999999,-0.072321434401926954
221.31449378302463,700.66826413356785,-1006.33597373962,32.159999999999997,-0.072488637847581694
221.32746906951121,700.66547027571175,-1006.33406639099,32.509999999999998,-0.072555206716102535
221.34045077384317,701.01203392566765,-1007.10391998291,32.210000000000001,-0.072468853451045132
221.35343136783331,700.95207546754568,-1006.24370574951,32.210000000000001,-0.072357501421292658
221.36641235194315,700.97314193203624,-1003.93199920654,32.439999999999998,-0.072250479004091178
221.37939827309756,701.2397423378959,-1005.39922714233,32.210000000000001,-0.072182591797486872
221.39238320704933,701.1864333949145,-1005.39922714233,32.240000000000002,-0.072121344920275859
221.40536132579015,700.81841200384758,-1004.16660308838,32.240000000000002,-0.072063844029022467
221.41833539741731,700.59986786682066,-1000.73003768921,32.229999999999997,-0.071999865273246241
221.43131326987529,700.80511273174261,-1000.73003768921,32.229999999999997,-0.071937340415272222
221.44429377280122,700.94715799984112,-1000.5888938903799,32.159999999999997,-0.071862274780107815
221.45726893614568,700.65882060118713,-1002.08234786987,32.159999999999997,-0.071808356377609878
221.47024248105802,700.57142526672544,-1002.08234786987,32.369999999999997,-0.071806296084920979
221.48321865747411,700.71352646760067,-1001.96170806885,32.140000000000001,-0.071825558941021758
221.4961948276802,700.71319112925278,-1000.80800056458,32.399999999999999,-0.071902483080135401
221.50916400779502,700.33572620030918,-1002.20847129822,32.399999999999999,-0.071862614195875876
221.52213086788024,700.21044460146743,-1002.69532203674,32.119999999999997,-0.071832998138222179
221.53509668281481,700.154006467778,-1002.69532203674,32.369999999999997,-0.071811640841674337
221.54806193895678,700.1238316663588,-1001.25098228455,32.450000000000003,-0.071738930418650676
221.5610218410271,699.83471179690378,-1000.51116943359,32.450000000000003,-0.071719790703958272
221.57397659909392,699.55693560787529,-1001.78098678589,32.119999999999997,-0.071689472015873681
221.58693296731363,699.64388386484381,-1002.20561027527,32.119999999999997,-0.071655985795570712
221.59988859564942,699.60393013224007,-1000.89287757874,32.539999999999999,-0.071643887915352394
221.61283758468886,699.24540812938642,-1000.12302398682,32.159999999999997,-0.071525657548735119
221.62578872301484,699.36146960269002,-999.71294403076195,32.520000000000003,-0.071390381909704537
221.63874600186176,699.69305773397764,-999.71294403076195,32.210000000000001,-0.071237526006673851
221.65170444279136,699.75581019834783,-999.27401542663597,32.43,-0.071127657882264675
221.66465764761847,699.47306066379804,-999.07422065734897,32.43,-0.071074495920297506
221.67761806295184,699.86242800187074,-997.908115386963,32.189999999999998,-0.071016893618711996
221.69058339049383,700.1276872686833,-996.73819541931096,32.32,-0.071004520479755098
221.70355138782847,700.27185606968612,-995.094776153564,32.140000000000001,-0.071000600647324802
221.71651910576546,700.25676859752855,-994.81034278869595,32.140000000000001,-0.070953737530350128
221.72948801993462,700.32136513427201,-996.13738059997604,32.439999999999998,-0.070934892734498892
221.74245941452716,700.45530799804521,-996.13738059997604,32.439999999999998,-0.070867482573133703
221.75543043245065,700.4349678682272,-996.42872810363804,32.090000000000003,-0.070815537538510762
221.76839340167783,700.00033826756965,-994.833946228027,32.530000000000001,-0.070745234067771834
221.781348601605,699.58079606762192,-994.35734748840298,32.119999999999997,-0.070616366962973354
221.79430649615804,699.72630586477635,-994.66276168823197,32.549999999999997,-0.070491787045993987
221.8072644828099,699.73127919930562,-994.66276168823197,32.140000000000001,-0.070407532362822059
221.82021864896794,699.52497253495562,-994.73929405212402,32.140000000000001,-0.070360779968945394
221.83317081485319,699.41695780250461,-993.59893798828102,32.57,-0.07032812055505254
221.84612644318895,699.60393013224007,-993.59893798828102,32.170000000000002,-0.070306299667876992
221.85908083700491,699.53726606132091,-993.21365356445301,32.189999999999998,-0.070321465738817882
221.8720281558729,699.15521887111674,-995.52011489868198,32.189999999999998,-0.070322599881870645
221.88497606561364,699.18712600026777,-994.18115615844704,32.5,-0.070301274664549981
221.89792658098895,699.32783026671893,-994.18115615844704,32.5,-0.07028196834894293
221.91087618056298,699.27837699750989,-993.09611320495605,32.240000000000002,-0.070221680733944733
221.92382052437279,698.99456572948395,-992.14434623718296,32.450000000000003,-0.070131243102750249
221.93676081382594,698.77563046972455,-993.44182014465298,32.210000000000001,-0.070049323969886251
221.94970652874935,699.06860586455991,-993.15381050109897,32.439999999999998,-0.069873504754259325
221.96265547846795,699.24328480532995,-993.15381050109897,32.25,-0.069715504844980125
221.97560143967533,699.08190519712093,-992.431640625,32.25,-0.069645040979224818
221.98855790620001,699.64919233436899,-992.431640625,32.329999999999998,-0.069687509287875302
222.0015204594371,699.97787480270324,-992.00344085693405,32.280000000000001,-0.06981376455099024
222.01448029735062,699.8312473283039,-992.29669570922795,32.259999999999998,-0.069924563997584357
222.02743276125807,699.43305100391387,-992.60163307189896,32.259999999999998,-0.069952552310047184
222.0403883109494,699.59968333023915,-994.05956268310501,32.189999999999998,-0.069972478474338101
222.05334462846292,699.64114573091638,-993.621826171875,32.189999999999998,-0.069876077273905671
222.06629742971734,699.45126773822744,-992.72847175598099,32.119999999999997,-0.069695525906177919
222.07925013473456,699.4460709309036,-992.72847175598099,32.119999999999997,-0.069630548564523234
222.09220726353453,699.68495519774842,-995.06068229675304,32.399999999999999,-0.069612575074349897
222.1051676085012,699.85862820041905,-996.17743492126499,32.119999999999997,-0.069763947071121268
222.11812466486421,699.68104360219138,-994.040489196777,32.450000000000003,-0.06991890362517908
222.1310796247173,699.56783206791272,-994.73094940185501,32.450000000000003,-0.070021472250288111
222.14403491467283,699.5856575970538,-996.39105796813999,32.090000000000003,-0.070036193355827739
222.15699648070623,699.92456580476176,-996.39105796813999,32.530000000000001,-0.069958116444160237
222.16995589642099,699.80844859653757,-998.81410598754906,32.560000000000002,-0.069880906699887321
222.18291355710861,699.71367713196707,-998.48079681396496,32.560000000000002,-0.069918701838576763
222.19588028784449,700.20345973698704,-995.96786499023403,32.140000000000001,-0.07008014764242361
222.20884666157292,700.18418133514922,-995.72277069091797,32.140000000000001,-0.070251797635834112
222.22180518632098,699.76033639492789,-996.41323089599598,32.170000000000002,-0.070367402706970644
222.23475505287402,699.29279386441965,-997.88427352905296,32.170000000000002,-0.070291121178931076
222.24771319474567,699.73966106965793,-997.88784980773903,32.57,-0.070135691719545895
222.26066971301225,699.65198639557707,-997.88784980773903,32.189999999999998,-0.069956007517177163
222.27362971959886,699.8403556762247,-998.06451797485295,32.530000000000001,-0.069749804420745784
222.286588842463,699.79263466329962,-1000.89478492737,32.530000000000001,-0.069539783935871069
222.29955243567653,700.03403353082149,-1000.63228607178,32.189999999999998,-0.069396930436412388
222.31252158267662,700.33393800575254,-999.68314170837402,32.530000000000001,-0.069376055358568472
222.32548920955054,700.25185119028004,-999.778270721436,32.450000000000003,-0.069425995978522712
222.33844984012347,699.87405093947655,-1000.0376701355,32.450000000000003,-0.069457540909465418
222.35140867738275,699.77721200118606,-999.39751625061001,32.210000000000001,-0.069438677487675307
222.36437084153329,699.95686412809346,-999.39751625061001,32.210000000000001,-0.069354660809226865
222.37732070705187,699.29273800309102,-1000.94842910767,32.259999999999998,-0.069322383238785507
222.3902631664852,698.89280940043307,-1002.0866394042999,32.259999999999998,-0.069384791163081438
222.40321290265311,699.28575306716277,-1002.0866394042999,32.310000000000002,-0.069517172458065685
222.41616441143827,699.3814743996561,-1005.58638572693,32.259999999999998,-0.06962835995624872
222.42911532314318,699.3492320640612,-1005.58638572693,32.210000000000001,-0.069637864621129503
222.44206884668893,699.49027147100423,-1006.26301765442,32.210000000000001,-0.069726424083895705
222.45502947726177,699.87405093398047,-1007.21478462219,32.210000000000001,-0.069865173556707599
222.46799252409878,700.00452919724989,-1004.71568107605,32.210000000000001,-0.070026120584747983
222.48095099710739,699.75754246562383,-1001.77788734436,32.159999999999997,-0.070180314489323381
222.49390502770746,699.51765240357531,-1007.30895996094,32.159999999999997,-0.07013191779437461
222.50686120759255,699.63371379443879,-1008.26835632324,32.409999999999997,-0.070052980962397218
222.51981961644321,699.75407793656791,-1007.4508190155,32.409999999999997,-0.069919946706152411
222.53277825915933,699.7667066693773,-1005.36441802979,32.43,-0.069756049455231284
222.5457331010457,699.56146186491139,-1005.1410198211699,32.43,-0.06966135775062636
222.55869447150118,699.91400459513636,-1007.45534896851,32.539999999999999,-0.069623150758094554
222.57165759698395,700.0087760706989,-1007.45534896851,32.539999999999999,-0.069609581388909519
222.5846122629531,699.55196233380207,-1007.64727592468,32.140000000000001,-0.069527789536958526
222.59756194013704,699.28256793268611,-1007.67087936401,32.140000000000001,-0.069399518477979802
222.61051819245807,699.63762533503575,-1007.88593292236,32.210000000000001,-0.069277990194925768
222.62347849189376,699.85616952702264,-1007.88593292236,32.210000000000001,-0.069234772688758078
222.63644235726048,700.04872980330254,-1009.45472717285,32.490000000000002,-0.069284639838408074
222.6494072812296,700.10589433212033,-1012.50863075256,32.25,-0.069305558377488488
222.66237162157037,700.07437840264572,-1012.44807243347,32.329999999999998,-0.069412729805254342
222.67533494159636,700.01928140250766,-1011.8422508239699,32.329999999999998,-0.06951812654732259
222.68829171338888,699.66567679591071,-1011.8422508239699,32.170000000000002,-0.069546650888894543
222.70124446911109,699.44880899887914,-1011.46197319031,32.170000000000002,-0.069491447259973804
222.71419938964195,699.56570866691231,-1011.97576522827,32.159999999999997,-0.069344614942891708
222.72715674609756,699.69724860320196,-1012.88652420044,32.159999999999997,-0.069311111130508238
222.74011714901363,699.861757468071,-1014.0292644500699,32.399999999999999,-0.069407807248560521
222.75307610941482,699.78386166471864,-1010.01834869385,32.399999999999999,-0.069563829650765407
222.76603935182968,700.01509040137944,-1010.01834869385,32.509999999999998,-0.069706029155614038
222.77900654305185,700.22832599743333,-1010.6441974639901,32.509999999999998,-0.06969870481979494
222.79197817254439,700.4679925976792,-1010.6441974639901,32.549999999999997,-0.069603366363288219
222.80495071680133,700.5173898736557,-1011.54923439026,32.549999999999997,-0.069558982633212141
222.81793103139381,700.93698799538811,-1013.0550861358601,32.189999999999998,-0.069567296238785145
222.83091059265064,700.89630786765588,-1013.11445236206,32.189999999999998,-0.06972078544358444
222.84388435280124,700.58304813288316,-1011.9488239288301,32.189999999999998,-0.069889847395122204
222.85685780044204,700.56617260356904,-1013.02742958069,32.189999999999998,-0.070002689542935384
222.86982800708023,700.39115846185098,-1012.13669776917,32.280000000000001,-0.070072057553206071
222.88279844034071,700.40339606643192,-1012.13669776917,32.280000000000001,-0.069960267800658782
222.89577251817653,700.6002031337207,-1011.5904808044399,32.210000000000001,-0.069860336888526609
222.90875481441603,701.04399693263542,-1013.41009140015,32.210000000000001,-0.06980910897188837
222.92173786399255,701.08467713181562,-1013.41009140015,32.140000000000001,-0.069939432044444944
222.93472363613577,701.23169573444341,-1012.29286193848,32.140000000000001,-0.070073902606716781
222.94770326879262,700.90016346998038,-1011.15441322327,32.390000000000001,-0.070142386894525899
222.96068095912585,700.79527799418929,-1010.16569137573,32.090000000000003,-0.07019685891780636
222.97366366411231,701.0660692692735,-1010.16569137573,32.460000000000001,-0.070245281482216468
222.98663993159138,700.71844386935322,-1008.71992111206,32.460000000000001,-0.070253068374295999
222.99961806999261,700.81947366587588,-1007.69376754761,32.520000000000003,-0.070208243817509078
223.01260132135673,701.09557366330091,-1009.05108451843,32.520000000000003,-0.070195857228622538
223.02559461651603,701.63793860183023,-1009.98020172119,32.57,-0.070376239923953088
223.0385817452852,701.30495353611843,-1007.6432228088401,32.57,-0.070633101794217334
223.05156063081481,700.85981859815615,-1005.4943561554001,32.189999999999998,-0.070863866970682018
223.06454258970868,701.02578026976994,-1006.26397132874,32.189999999999998,-0.071007097139618516
223.07752523674699,701.06294006757344,-1007.70163536072,32.210000000000001,-0.071023861980846259
223.09050660373455,700.99381732875406,-1007.43126869202,32.210000000000001,-0.070995174141461462
223.10348680139379,700.93067359875545,-1006.6592693328899,32.259999999999998,-0.070988702483651148
223.11647102754196,701.14821200103461,-1006.1240196228,32.259999999999998,-0.071057337853914285
223.12946254801483,701.54210553568737,-1006.3750743866,32.210000000000001,-0.071226222854859786
223.14245008760003,701.32713760090985,-1006.78777694702,32.210000000000001,-0.071300267137887993
223.15543066192845,700.95101373406942,-1006.78777694702,32.119999999999997,-0.071343709197424637
223.16840776759756,700.76370613193808,-1006.6831111908,32.119999999999997,-0.071321740332525307
223.18138311203211,700.66859946641966,-1005.20849227905,32.100000000000001,-0.071228021341996628
223.19435105762588,700.26906206343801,-1003.4801959991501,32.100000000000001,-0.071140063098820316
223.20730966101974,699.7645832683769,-1005.80286979675,32.57,-0.07111308682359048
223.22027007738768,699.86248386869534,-1005.68103790283,32.57,-0.07114894377663214
223.23323473541237,700.09153333203517,-1004.56738471985,32.539999999999999,-0.071205638555334613
223.24620164723831,700.21323860221969,-1004.56738471985,32.539999999999999,-0.071242794187273153
223.25916835934692,700.20245386483953,-1004.65106964111,32.210000000000001,-0.07120674372490822
223.27213986466288,700.46128706182594,-1001.72686576843,32.479999999999997,-0.071161823967758581
223.28511383177539,700.5942240754357,-1000.94747543335,32.189999999999998,-0.07119832353431696
223.29808361621363,700.36835966413264,-1000.94747543335,32.189999999999998,-0.071277830542550991
223.31104796897159,700.07504893094949,-1001.9359588623,32.25,-0.071361377420504093
223.3240097554197,699.93646819740275,-1001.51991844177,32.25,-0.071439927236684742
223.33697315305437,700.02347227173198,-1001.51991844177,32.399999999999999,-0.071534924208281767
223.34993634372958,700.01229646108345,-1000.46896934509,32.399999999999999,-0.071559557690495448
223.36289709744312,699.88070053156105,-998.72183799743596,32.100000000000001,-0.071494750057030126
223.37585967654937,699.97927173712731,-1001.29365921021,32.100000000000001,-0.071467474723250921
223.38882360090005,700.05191493777932,-1001.01184844971,32.119999999999997,-0.071506839658951618
223.40178237296672,699.77369159980958,-1001.01184844971,32.119999999999997,-0.071523953229629289
223.41472902335184,699.11912079579724,-997.61509895324696,32.189999999999998,-0.071470271794739554
223.42767589415061,699.13102313347815,-998.981714248657,32.189999999999998,-0.07126987601254331
223.44062892927042,699.46389647103661,-998.981714248657,32.5,-0.071011439172311897
223.45358000343836,699.35800506813814,-999.42111968994095,32.5,-0.070813654197330128
223.46653174091611,699.3938237983424,-998.45647811889603,32.390000000000001,-0.070624411519980737
223.47949118870866,699.81018079786156,-995.94259262084995,32.390000000000001,-0.070663323211576215
223.49244504339137,699.50815286696991,-996.87242507934604,32.25,-0.070690523004382846
223.50539474023705,699.28362966616226,-996.87242507934604,32.25,-0.0705956315830297
223.51834090219634,699.0927458013258,-997.51114845275902,32.32,-0.070394526960331369
223.53128532465183,698.99881259743688,-997.56002426147495,32.32,-0.070155389192693443
223.54423269526058,699.15801287186878,-997.14899063110295,32.399999999999999,-0.069985751890518255
223.55717739607783,699.01384413132178,-996.44351005554199,32.399999999999999,-0.069974293518781067
223.5701276651692,699.3145309341578,-997.21789360046398,32.5,-0.070063789479130778
223.58308416998281,699.65125993449669,-995.29910087585404,32.5,-0.070219451768756866
223.59604355982594,699.80705153020961,-994.315624237061,32.140000000000001,-0.070384369334902483
223.60900309868151,699.815098199614,-994.315624237061,32.140000000000001,-0.070478357374505668
223.62196705510979,700.05364712811115,-993.38269233703602,32.579999999999998,-0.070478778538773032
223.63493568263942,700.30588659983778,-992.90823936462402,32.170000000000002,-0.070328637957408568
223.64789628734201,699.87265393910036,-993.53694915771496,32.189999999999998,-0.070171731833861661
223.66085174596918,699.59476586803055,-994.15206909179699,32.189999999999998,-0.07006550311110428
223.6738055685741,699.50642066564603,-995.05901336669899,32.409999999999997,-0.070000805166980373
223.68675655788891,699.3534229992373,-993.36814880371105,32.409999999999997,-0.069985325551768313
223.69969992070614,698.94159213034629,-993.36814880371105,32.210000000000001,-0.069937073728998836
223.712640600279,698.79669693421499,-992.92016029357899,32.259999999999998,-0.069856550543925408
223.72558743796426,699.12923500487352,-993.94059181213402,32.170000000000002,-0.069696187145226421
223.7385401688519,699.44746793127968,-994.50373649597202,32.170000000000002,-0.069660656153850295
223.7514963228667,699.63231679955891,-994.98510360717796,32.32,-0.069643300439656941
223.76445118441359,699.56252353243565,-994.98510360717796,32.32,-0.069692880949576819
223.77740858019257,699.69937206465841,-995.83339691162098,32.420000000000002,-0.069838621550577171
223.79036926871359,699.87718013568053,-997.97558784484897,32.420000000000002,-0.069941973520554479
223.80332419545311,699.56604393381213,-997.98870086669899,32.509999999999998,-0.069891790756066788
223.81627309343088,699.24049079908195,-997.98870086669899,32.509999999999998,-0.069805823473761977
223.82922382921851,699.33973253295187,-998.221874237061,32.159999999999997,-0.069668552734457018
223.84217702059254,699.47233419722181,-997.44200706481899,32.159999999999997,-0.069698022884444585
223.85512641941483,699.26753640429706,-999.42159652709995,32.189999999999998,-0.069769465674856188
223.8680761286777,699.28430019446603,-999.42159652709995,32.189999999999998,-0.06990358026364675
223.8810322050827,699.62812586987855,-998.10719490051304,32.450000000000003,-0.070090497739551602
223.89399403085315,699.93859160389911,-997.37024307250999,32.229999999999997,-0.070303113510126844
223.90695745435798,700.02486926111601,-997.38502502441395,32.259999999999998,-0.070368380594918789
223.91992078783582,700.0200078031321,-999.51529502868596,32.259999999999998,-0.070351331183815036
223.93289018215432,700.34729319964231,-999.850034713745,32.189999999999998,-0.070266665684221352
223.94586676731737,700.73559880423863,-998.90041351318405,32.189999999999998,-0.070237638429373847
223.95884525651729,700.83841679531781,-999.78137016296398,32.140000000000001,-0.070289724195246553
223.97182108213465,700.69458333815862,-1000.2655982971201,32.140000000000001,-0.07036974032662377
223.98479687567402,700.69285112584282,-1000.72741508484,32.5,-0.070405970845023647
223.99777168821979,700.63987747174519,-1002.11572647095,32.5,-0.070370141830686767
224.01073873663955,700.2206146663766,-1001.63793563843,32.560000000000002,-0.070250524828535915
224.02369699544326,699.74597540033869,-1001.63793563843,32.560000000000002,-0.070170733249204531
224.03665186423459,699.56291473211206,-1000.95677375793,32.490000000000002,-0.070194504741559569
224.04961366413332,699.93719453207518,-1001.24526023865,32.490000000000002,-0.070199391079216231
224.06257938697158,700.14903326515275,-1001.24526023865,32.25,-0.07029428250250315
224.07554490284812,700.13785733359225,-1003.2641887664799,32.25,-0.070374214815018071
224.08852160597911,700.74196907319208,-1003.6406517028799,32.329999999999998,-0.070408253620107844
224.10150071192095,700.87172085889301,-1001.66749954224,32.329999999999998,-0.070452238949833407
224.11447693386799,700.71598514099696,-1001.8367767334,32.479999999999997,-0.070386051923949838
224.12744994689146,700.54270326655489,-1001.8367767334,32.479999999999997,-0.07033601817043364
224.14041954196168,700.35813379285491,-1000.1266002655,32.119999999999997,-0.070315255886559611
224.1533871884975,700.25291293474822,-1000.41508674622,32.119999999999997,-0.070257257255393682
224.16635376297768,700.19502192836205,-1000.79917907715,32.159999999999997,-0.070234815486591884
224.17932020810736,700.18803700342562,-1000.79917907715,32.159999999999997,-0.070242503036259604
224.19228736725071,700.22659374114937,-1001.97887420654,32.189999999999998,-0.070318295102581696
224.20525902261355,700.46938959255931,-999.72629547119095,32.189999999999998,-0.070523138468529423
224.21822373237907,700.09432733828328,-1000.81944465637,32.329999999999998,-0.070677282703018485
224.23118594206048,699.95932279599367,-1000.61798095703,32.329999999999998,-0.07079975782946607
224.24415075530618,700.0999152683396,-1000.61798095703,32.210000000000001,-0.070865576466102434
224.25711688896044,700.17121732994406,-1004.22310829163,32.210000000000001,-0.070911928390385154
224.27007820146792,699.91087540442823,-1004.22310829163,32.100000000000001,-0.070877351487757048
224.28304008518646,699.94172080010321,-1003.26037406921,32.100000000000001,-0.070798586432296445
224.2960068035037,700.20278913173934,-1003.26037406921,32.5,-0.070751478066668719
224.30897077235062,700.05431773335886,-1003.96656990051,32.5,-0.070791474232553706
224.32192573116916,699.56777620108812,-1003.08799743652,32.560000000000002,-0.070868225561088627
224.33488228875677,699.65410973062558,-1001.6872882843001,32.560000000000002,-0.070905504333621305
224.34784286034565,699.8708657995038,-1000.87141990662,32.140000000000001,-0.070810423542551321
224.36080512797656,699.9624520691417,-1001.1088848114,32.509999999999998,-0.07069365328350212
224.37376719382107,699.95155560360831,-1002.08950042725,32.25,-0.070489257987991258
224.3867286687925,699.91964845796917,-1002.08950042725,32.25,-0.070388710333432136
224.39969779716546,700.33293213910099,-1002.52485275269,32.280000000000001,-0.07037251049336779
224.41267248553586,700.63317200184395,-998.73542785644497,32.280000000000001,-0.070386848722818862
224.42564019726422,700.25643333062874,-997.21837043762196,32.329999999999998,-0.070443495901085534
224.43860883100126,700.30622180078558,-997.21837043762196,32.329999999999998,-0.07047122551211589
224.45158130489261,700.51359013265994,-997.39646911621105,32.140000000000001,-0.070454934611498793
224.46455151773952,700.39149373424686,-997.49588966369595,32.140000000000001,-0.070419032126450551
224.47752030048889,700.31426846469424,-998.57211112976097,32.090000000000003,-0.070300814177838317
224.49048844787038,700.27995860041938,-998.57211112976097,32.090000000000003,-0.070262594769235243
224.50346176616051,700.55918766764057,-999.24206733703602,32.140000000000001,-0.07029919988542685
224.51643482988894,700.54544133453044,-996.22559547424305,32.140000000000001,-0.070417776909807953
224.52940416625805,700.34416393199024,-996.25873565673805,32.590000000000003,-0.07050815141793311
224.54237599029256,700.47849786353606,-996.25873565673805,32.590000000000003,-0.070488528451390864
224.55534849626301,700.5153224054319,-997.93934822082497,32.210000000000001,-0.0703446132439004
224.56831855285554,700.38305599706985,-998.23737144470203,32.420000000000002,-0.070143179554500945
224.58128106676918,699.97575133575083,-997.07984924316395,32.240000000000002,-0.069908638381077096
224.59424403599635,700.00033826756965,-997.07984924316395,32.240000000000002,-0.06975015728827548
224.6072092921371,700.12383160040679,-996.74892425537098,32.329999999999998,-0.069732432150060544
224.62017741882096,700.27884092867066,-996.98376655578602,32.329999999999998,-0.069823440991878927
224.63313646407531,699.78844373361926,-993.73149871826195,32.43,-0.069908469707255019
224.64609676971983,699.85650480491461,-993.27659606933605,32.43,-0.070010600610688797
224.6590607199407,700.05331192716335,-993.70121955871605,32.520000000000003,-0.070040268409606046
224.67202932780862,700.30482486636151,-993.19291114807095,32.520000000000003,-0.070023799522502747
224.68499372609756,700.07750760434578,-993.19291114807095,32.140000000000001,-0.070087107725548589
224.69796071656913,700.21748546467654,-993.06964874267601,32.140000000000001,-0.070149068617031823
224.71093749730983,700.74615999737625,-993.69835853576706,32.229999999999997,-0.070258705980748876
224.72391392725183,700.7272168679342,-994.94290351867699,32.229999999999997,-0.070369585105784657
224.73688873979759,700.63987747174519,-994.28033828735295,32.210000000000001,-0.07042696285552788
224.74986205084454,700.55879653391617,-994.28033828735295,32.210000000000001,-0.070505973158420193
224.76283785059255,700.69318639274252,-993.16024780273403,32.409999999999997,-0.070557800225404879
224.77581383867408,700.70335640269161,-992.33913421630905,32.409999999999997,-0.070586094840041289
224.78878400599012,700.38903506634665,-994.51065063476597,32.259999999999998,-0.070654333880011591
224.80175136071111,700.23715493428688,-994.51065063476597,32.259999999999998,-0.070669804182050641
224.81472228757173,700.4300504719705,-994.75359916687,32.210000000000001,-0.070744334822574959
224.82768986891472,700.24939252237971,-992.43450164794899,32.210000000000001,-0.07077109585964439
224.84064651032344,699.65863607010169,-992.05231666564896,32.350000000000001,-0.070779205610287638
224.85360169058899,699.57973433964173,-992.05231666564896,32.350000000000001,-0.070769341869943325
224.86656248362468,699.88282392706549,-991.42956733703602,32.119999999999997,-0.070741370112649291
224.87952007394682,699.70987739646716,-991.10054969787598,32.399999999999999,-0.070686474855756257
224.89247950828761,699.80945440273308,-989.94231224060104,32.490000000000002,-0.070675333133529375
224.9054473504012,700.26347413338181,-989.94231224060104,32.490000000000002,-0.070610154006188378
224.91841877707154,700.45704019936909,-990.47207832336403,32.119999999999997,-0.07055543259546268
224.9313867940667,700.27291773721049,-991.05167388916004,32.119999999999997,-0.070423289304693021
224.94434923761483,699.97195160025103,-989.82548713684105,32.189999999999998,-0.070322452940855026
224.95731229686911,700.00519973104963,-989.82548713684105,32.189999999999998,-0.070247210354996592
224.9702797685234,700.24346933091954,-990.70668220519997,32.240000000000002,-0.070209907781330003
224.98324719464566,700.24101060256328,-993.61896514892601,32.240000000000002,-0.070174319875632621
224.99620822051364,699.8953968699941,-993.61896514892601,32.310000000000002,-0.070154962854554165
225.0091701890864,699.94630292945988,-994.84419822692905,32.310000000000002,-0.070158760581266466
225.02213447044321,700.07119326816905,-994.84419822692905,32.100000000000001,-0.07020719970216846
225.03509217769752,699.71619173264401,-994.51732635498001,32.100000000000001,-0.070261637576469416
225.04804331705807,699.36152546951462,-994.66967582702603,32.159999999999997,-0.070328534477018784
225.06099617729635,699.45445286720803,-994.74334716796898,32.159999999999997,-0.070385082314196754
225.07395390421107,699.71725339467218,-993.98517608642601,32.549999999999997,-0.070494608952983789
225.08690598524328,699.41237573909984,-993.54076385498001,32.549999999999997,-0.070547946832091937
225.09985386911353,699.18572899439562,-993.21889877319302,32.369999999999997,-0.07053707312345274
225.11280776932836,699.51061160082213,-994.18306350707996,32.369999999999997,-0.070467926561210079
225.12576198722718,699.52776653570777,-995.09263038635197,32.170000000000002,-0.070433966401110701
225.13870957928404,699.16997107087832,-995.54443359375,32.170000000000002,-0.070373012374006311
225.15165305903332,698.94790646102706,-996.29426002502396,32.420000000000002,-0.070326889140256296
225.16459969596798,699.11839447211685,-996.29426002502396,32.420000000000002,-0.07020186425991122
225.17754936073342,699.28189733293436,-995.779991149902,32.539999999999999,-0.070107192214391115
225.19049144970867,698.87280466392269,-994.54760551452603,32.539999999999999,-0.070092116171569491
225.20343225966667,698.80373773147198,-995.450258255005,32.549999999999997,-0.070108618172572565
225.2163816698729,699.26815113722421,-995.450258255005,32.549999999999997,-0.070141934686823504
225.22933465428645,699.46115833161321,-996.84166908264206,32.229999999999997,-0.070197265594316369
225.2422837468074,699.25099613089083,-996.50382995605503,32.229999999999997,-0.070301091505311428
225.25523550290987,699.39482953308993,-996.39654159545898,32.240000000000002,-0.070452256541812128
225.26819261204818,699.68389346976824,-996.39654159545898,32.240000000000002,-0.070451949205067699
225.28115169041735,699.79023193367198,-994.63200569152798,32.280000000000001,-0.070267449030310958
225.29410013308154,699.21590386726302,-995.23234367370605,32.280000000000001,-0.070022273187542228
225.30704814733704,699.19276979714869,-996.62184715270996,32.140000000000001,-0.069787733048994535
225.32000447002599,699.64142520243956,-995.28479576110794,32.140000000000001,-0.069669208799938931
225.3329598779481,699.59202779455916,-995.40543556213402,32.100000000000001,-0.069650352622078388
225.34591052991607,699.3352062704198,-995.68629264831497,32.100000000000001,-0.06959748764799227
225.35886248677159,699.40567019775062,-995.68629264831497,32.189999999999998,-0.069612479872562277
225.37181676365438,699.53095167018421,-997.17330932617199,32.189999999999998,-0.069579333066297142
225.38477348370736,699.66288286111046,-997.17330932617199,32.479999999999997,-0.069444107099286681
225.39772550575435,699.40919053867117,-996.70243263244595,32.479999999999997,-0.069279624149271829
225.41067687898033,699.37415420232401,-997.37215042114303,32.299999999999997,-0.069204094923276172
225.42363435133456,699.70350712751394,-998.759984970093,32.299999999999997,-0.069183531320459984
225.43659567108637,699.91126659860879,-999.89414215087902,32.159999999999997,-0.069286927788280175
225.44955126630734,699.60214193218746,-1000.36358833313,32.159999999999997,-0.069322741279271113
225.46250838269012,699.68428466944476,-998.88849258422795,32.409999999999997,-0.069339791726981237
225.47546760282597,699.79788733744795,-998.88849258422795,32.409999999999997,-0.069355006432928773
225.48842375684069,699.63231679406272,-997.80702590942406,32.539999999999999,-0.069314768123629883
225.5013784693765,699.55447693447888,-997.68614768981899,32.539999999999999,-0.06921885742040175
225.51433878122958,699.85684006631845,-997.68614768981899,32.560000000000002,-0.069086887977529654
225.5273037383123,700.10768246622104,-997.38740921020496,32.560000000000002,-0.068969873504194673
225.54026910414319,700.12975486881089,-997.81894683837902,32.210000000000001,-0.068931470935131731
225.55323294467402,700.0473886642551,-998.26884269714401,32.210000000000001,-0.068909145064012287
225.56619405539502,699.89997893339887,-999.08256530761696,32.240000000000002,-0.068859111309885424
225.57916285159632,700.31499487081453,-999.08256530761696,32.240000000000002,-0.068810476610314947
225.592131869247,700.32695313577619,-998.92616271972702,32.259999999999998,-0.068867088605947299
225.60509709227404,700.12204346081023,-998.59333038330101,32.259999999999998,-0.069012274550983632
225.61806523241108,700.27956740074285,-1000.01120567322,32.210000000000001,-0.069159036502084631
225.63103822577281,700.54164153307875,-1000.01120567322,32.210000000000001,-0.069286008881759384
225.64400700955795,700.31432439747084,-1001.69038772583,32.159999999999997,-0.069417405045883701
225.65696970559634,699.98558607330392,-1002.74419784546,32.159999999999997,-0.069558219983220856
225.66993331122717,700.03470406462111,-1002.24757194519,32.140000000000001,-0.069781332794178821
225.68290231542474,700.32622666919985,-1002.24757194519,32.140000000000001,-0.069969024301575394
225.69587082705559,700.29962806453375,-1001.21593475342,32.43,-0.070079612648495979
225.70883855120121,700.25710386442836,-1001.8858909606899,32.43,-0.070150186203083789
225.721813486889,700.64652714077374,-1004.13870811462,32.469999999999999,-0.070177679880974994
225.73479462621981,700.98152386284448,-1002.38990783691,32.469999999999999,-0.070181872902696868
225.7477736680049,700.8682563957891,-1002.38990783691,32.5,-0.070142142681868566
225.76075383358523,700.92894133697553,-1000.62704086304,32.5,-0.070144607581111601
225.77373389465058,700.92329752910257,-1000.95725059509,32.119999999999997,-0.070196672652514433
225.78671909454809,701.20079446644775,-999.74799156188999,32.119999999999997,-0.070268963981023058
225.79970124177663,701.03595034017485,-997.802734375,32.479999999999997,-0.070408945903507367
225.81267770379753,700.72894912971412,-996.98829650878895,32.119999999999997,-0.070481635629516731
225.82565664106789,700.86261259890819,-996.67859077453602,32.159999999999997,-0.070548167244836701
225.83864079581369,701.14435627230239,-996.67859077453602,32.159999999999997,-0.070623604373571444
225.85161587430369,700.65423846083854,-998.03972244262695,32.549999999999997,-0.070576474277579918
225.86458844443212,700.51878693448771,-999.93872642517101,32.549999999999997,-0.070510239651056988
225.87756847341853,700.92156526732265,-1001.77979469299,32.32,-0.070523129154440423
225.89055102939372,701.05802266032481,-1001.77979469299,32.32,-0.070604511225660041
225.90352743346668,700.7258199390061,-1002.41351127625,32.229999999999997,-0.070811504911601694
225.91649639213205,700.32376792985144,-1003.4658908844,32.229999999999997,-0.070979118138903813
225.92946830102099,700.48308000388488,-1003.4658908844,32.329999999999998,-0.071031748212996709
225.94243785055934,700.35567506999462,-1001.9416809082001,32.329999999999998,-0.071072547385175683
225.95539656467781,699.77056239810952,-1002.15291976929,32.420000000000002,-0.071063870564736273
225.9683517511518,699.58006959554962,-1001.36542320251,32.420000000000002,-0.070953933107695488
225.98131383044819,699.95228200423276,-1000.67090988159,32.509999999999998,-0.070842925665038525
225.99427915799143,700.1276873346352,-1000.67090988159,32.509999999999998,-0.070784535879283642
226.00723969025805,699.8687423985034,-1001.69992446899,32.140000000000001,-0.070781784338987394
226.02019815084816,699.75687186587209,-1000.2427101135301,32.140000000000001,-0.070854158451075039
226.03316082826041,699.98458026161234,-999.25494194030796,32.530000000000001,-0.070930246470300246
226.04612517377538,700.07465780821701,-998.69203567504906,32.189999999999998,-0.070903396440293046
226.05908232223709,699.6860169312248,-997.08271026611305,32.229999999999997,-0.070846802037962536
226.07203963937036,699.69512519670559,-998.60167503356899,32.229999999999997,-0.070810828150326799
226.08500545430493,700.154006467778,-997.51615524292004,32.380000000000003,-0.070753931584818436
226.09797825933336,700.53147153412158,-997.51615524292004,32.380000000000003,-0.070707964607292589
226.11094168904816,700.0252045994639,-997.56860733032204,32.240000000000002,-0.070706853229072691
226.12390723803819,700.13964546219665,-998.02780151367199,32.259999999999998,-0.070830991284159706
226.13687941183701,700.49738513714544,-996.88816070556595,32.140000000000001,-0.070981367801920228
226.14984367456668,700.0701874015175,-997.32851982116699,32.140000000000001,-0.071016628708633248
226.1627950343408,699.37342780169956,-998.940467834473,32.420000000000002,-0.07088333471770826
226.17574721264322,699.41762833080827,-999.38821792602505,32.420000000000002,-0.070744572828112667
226.18870224286292,699.57163186386845,-999.38821792602505,32.119999999999997,-0.070680076669776853
226.20166267164947,699.86315447394304,-998.47126007080101,32.530000000000001,-0.070589295485345233
226.21462261407783,699.83689113068078,-998.82221221923805,32.539999999999999,-0.070577572203732855
226.22757707929514,699.54112173509338,-1000.09918212891,32.539999999999999,-0.070734463839013523
226.24053854702223,699.91925726378872,-998.35419654846203,32.210000000000001,-0.070955438746252361
226.25350034071354,699.93685933112715,-998.35419654846203,32.210000000000001,-0.071134830100448243
226.26645329822225,699.45970546990839,-998.62384796142601,32.280000000000001,-0.071060298424233545
226.27939926667415,699.08229640229342,-998.75831604003895,32.280000000000001,-0.070829495995076874
226.292352984763,699.50077679731703,-998.56185913085903,32.359999999999999,-0.070613567820816403
226.30530809880113,699.57615806044851,-998.56185913085903,32.359999999999999,-0.070504144661096044
226.31825467778529,699.11526514400884,-997.67804145813,32.140000000000001,-0.070470592213197056
226.33120800575432,699.47971032733074,-997.04027175903298,32.140000000000001,-0.070378074629312865
226.34416943519508,699.91718980106089,-997.61700630188,32.100000000000001,-0.070311511970048979
226.35712898129384,699.81548933333863,-996.33264541625999,32.100000000000001,-0.07023879119877259
226.37008375177786,699.55760613617895,-996.33264541625999,32.159999999999997,-0.070088456073717595
226.38303720288758,699.48635992491108,-993.610620498657,32.159999999999997,-0.069988853193410389
226.39599597598891,699.77374747213025,-994.50421333313,32.579999999999998,-0.069921729671877084
226.40895750270121,699.92244246421728,-996.51503562927201,32.579999999999998,-0.069953500189131115
226.42191164919876,699.52391086743137,-996.51503562927201,32.509999999999998,-0.070066068113692564
226.43486390614697,699.42187520425705,-995.51057815551803,32.509999999999998,-0.070120084823929701
226.44781972281606,699.61410013119723,-994.229555130005,32.460000000000001,-0.070072887464957101
226.46077307665558,699.48110733320266,-994.229555130005,32.460000000000001,-0.069995650814514684
226.47371910926421,699.08576086539733,-995.12505531311001,32.25,-0.069869183418071371
226.48666656472585,699.16259492977747,-995.95284461975098,32.25,-0.069835501618692827
226.49962153078761,699.56816733481253,-997.21622467041004,32.259999999999998,-0.069865908266569243
226.51257650926667,699.56883786861215,-997.59221076965298,32.259999999999998,-0.069948211311619296
226.52552578287779,699.26077500161932,-996.34742736816395,32.420000000000002,-0.070045848065741947
226.53847936540865,699.49345666593683,-996.29902839660599,32.420000000000002,-0.070113679393511846
226.55144124291854,699.94138553320329,-996.29902839660599,32.079999999999998,-0.070131802931466619
226.56440078177408,699.815098199614,-995.26929855346702,32.079999999999998,-0.070109114879033832
226.57736326981734,699.97435433537476,-997.68972396850597,32.140000000000001,-0.070096249174239858
226.59032992915184,700.19960406321468,-998.00682067871105,32.140000000000001,-0.07019392111272707
226.60330018752964,700.39395240214719,-997.53451347351097,32.210000000000001,-0.070332826839625801
226.6162694318013,700.33919066890905,-997.53451347351097,32.210000000000001,-0.0704170742791735
226.62923144590494,699.9487615973602,-997.96676635742199,32.520000000000003,-0.070352102111899614
226.64219231034312,699.8866796612939,-998.54707717895496,32.520000000000003,-0.07026100220708581
226.65515640957537,700.06135854160789,-998.54707717895496,32.460000000000001,-0.070155786557353578
226.66812025631484,700.04772393115502,-998.46816062927201,32.460000000000001,-0.070089545721777238
226.6810787686457,699.75966586662423,-998.41594696044899,32.25,-0.070112434525732625
226.69404881902847,700.38272066971399,-999.64785575866699,32.299999999999997,-0.070210899122464671
226.70702580776421,700.75739172980946,-1001.70850753784,32.350000000000001,-0.070306243788126568
226.72000262058393,700.74789226465214,-1001.70850753784,32.350000000000001,-0.070375344818871519
226.73296838274442,700.15115666615316,-1002.39396095276,32.119999999999997,-0.070337925313358848
226.74593543840737,700.22100580010101,-999.90391731262196,32.409999999999997,-0.070283778218292639
226.75889829070252,699.99402393688911,-999.27043914794899,32.450000000000003,-0.070283933439437105
226.77185380831355,699.59795099701125,-1002.1831989288301,32.450000000000003,-0.070355711504483665
226.78480284909384,699.24820213563464,-1003.4778118133499,32.119999999999997,-0.070473986366806476
226.79775088301108,699.19383153062495,-1003.2107830047599,32.119999999999997,-0.070692256299003386
226.81070598463216,699.57548753764081,-1003.62825393677,32.119999999999997,-0.070883479590091114
226.82365874139015,699.44886493165563,-1005.00130653381,32.119999999999997,-0.070968757694032006
226.83660660559877,699.18466726641543,-1006.23607635498,32.140000000000001,-0.070972365015744179
226.84955818061238,699.38505073380929,-1005.84077835083,32.140000000000001,-0.070938360360346356
226.8625198697876,699.93121546279838,-1006.28471374512,32.57,-0.070911536199495168
226.87547588720864,699.62494073540176,-1006.67333602905,32.57,-0.070928744970535557
226.8884285208247,699.44221526812316,-1006.67333602905,32.579999999999998,-0.070910551066599672
226.90139026794944,699.9343447359463,-1006.42561912537,32.579999999999998,-0.070895603339363664
226.91435359521853,700.01967253073633,-1006.79850578308,32.57,-0.070764386198535478
226.92731172363833,699.73893466903371,-1006.79850578308,32.57,-0.070573655474200817
226.94026779383458,699.62779059748266,-1007.29537010193,32.210000000000001,-0.070359827950458587
226.95322575461483,699.72988213297754,-1005.50174713135,32.210000000000001,-0.070199188257737757
226.96618110976294,699.58917799843039,-1004.478931427,32.229999999999997,-0.070275833001865073
226.97913163755555,699.32850080051855,-1004.5967102050799,32.229999999999997,-0.070469774719451053
226.99207768982467,699.08682253292159,-1005.8174133300799,32.240000000000002,-0.070577684996583193
227.00502637980739,699.22925906664852,-1009.09113883972,32.240000000000002,-0.070618411733334066
227.01798269628637,699.64108986409167,-1011.2776756286599,32.369999999999997,-0.070408769986264608
227.03093840223204,699.60812106741628,-1011.2776756286599,32.369999999999997,-0.070260879065982759
227.04389638267401,699.73094386645369,-1010.2069377899199,32.280000000000001,-0.070309890432893721
227.05686630888141,700.37601519981274,-1009.36150550842,32.280000000000001,-0.070507221130319001
227.06984118041106,700.6430626007259,-1010.58626174927,32.229999999999997,-0.070860790502985729
227.08280885281616,700.25430987466825,-1010.58626174927,32.229999999999997,-0.071099788570993153
227.09577047059133,699.92735986047387,-1010.03885269165,32.280000000000001,-0.07123667539831563
227.10873163305186,699.90277286819889,-1007.64942169189,32.280000000000001,-0.071289623155777207
227.12168930098403,699.71406833713945,-1007.16829299927,32.350000000000001,-0.071194823830972545
227.13464099292969,699.39136506449006,-1008.56614112854,32.350000000000001,-0.071095389624589209
227.14759222956175,699.36677813267113,-1009.25040245056,32.159999999999997,-0.07100069688368324
227.16055121583213,699.78525859914282,-1008.57496261597,32.380000000000003,-0.071116763477120051
227.17351298986182,699.93579760314697,-1007.54499435425,32.119999999999997,-0.071347767693693262
227.18647660790981,700.035374592925,-1005.84411621094,32.119999999999997,-0.071437955936831832
227.1994408178667,700.06733767134074,-1005.1486492156999,32.119999999999997,-0.071396469656550138
227.21241125216054,700.4034518673044,-1005.42545318604,32.119999999999997,-0.071195413668451335
227.22538691531477,700.68581032858572,-1006.83069229126,32.140000000000001,-0.071007800805638024
227.23836423518767,700.77527313676717,-1009.28735733032,32.140000000000001,-0.070915554339562883
227.25133695536172,700.52688939926895,-1010.81299781799,32.530000000000001,-0.070957093395577181
227.26431168305427,700.63529539734839,-1010.81299781799,32.530000000000001,-0.071143970514161575
227.27728037577529,700.30940693526225,-1010.11419296265,32.560000000000002,-0.071393711906284477
227.29024237642719,699.94803520223184,-1008.50820541382,32.560000000000002,-0.071522012974127414
227.30319857700869,699.63483140023573,-1008.84056091309,32.600000000000001,-0.071518450147611892
227.31615662781735,699.73474366790538,-1009.12427902222,32.600000000000001,-0.071388997344330379
227.32911694587898,699.8571753277223,-1008.79645347595,32.159999999999997,-0.071367088497871892
227.34207642678643,699.81196900341013,-1008.79645347595,32.159999999999997,-0.071411481541426292
227.35504276119141,700.18205786819681,-1008.85367393494,32.189999999999998,-0.071541266515324969
227.36801287676658,700.38624106009854,-1008.75329971313,32.189999999999998,-0.071694781588466039
227.380986752816,700.58930666818719,-1006.2403678894,32.159999999999997,-0.071768573380845413
227.39395753066552,700.42200387401397,-1006.2403678894,32.159999999999997,-0.071792160677457292
227.40692959477533,700.49146192919738,-1005.535364151,32.590000000000003,-0.071769425024283365
227.41990751276421,700.80757139964282,-1005.1181316375699,32.590000000000003,-0.071703006203136826
227.43288818436415,700.95626639722593,-1005.25999069214,32.479999999999997,-0.071763393159121946
227.44586754486792,700.88546720299519,-1005.25999069214,32.479999999999997,-0.071874017723858361
227.45884404621231,700.73107259666654,-1004.95886802673,32.299999999999997,-0.072056046790216891
227.47182934338025,701.20604706914833,-1004.67371940613,32.299999999999997,-0.072165483401088221
227.48480804678528,700.84998387159487,-1006.81519508362,32.32,-0.072160954070262323
227.49777727242966,700.33818479676142,-1006.81519508362,32.32,-0.072035886760605336
227.51074886880861,700.46620446357861,-1005.93614578247,32.460000000000001,-0.071959709748544154
227.52373102845434,701.03662086847862,-1005.7613849639901,32.460000000000001,-0.071933071853290217
227.53671646842469,701.21375840020505,-1005.7613849639901,32.539999999999999,-0.07206846752859182
227.5496977836716,700.99102333349788,-1004.887342453,32.539999999999999,-0.072258998535465815
227.56268182148526,701.13804193612566,-1005.09548187256,32.119999999999997,-0.072365080316189795
227.57566691790248,701.19520653089546,-1005.00822067261,32.119999999999997,-0.072326124128379882
227.58864511425301,700.82260292803176,-1005.85675239563,32.170000000000002,-0.072199717784948242
227.60161444958766,700.3441080706616,-1004.2576789856,32.170000000000002,-0.072063109320585711
227.61458444202103,700.37959140206203,-1004.2576789856,32.210000000000001,-0.072075936735979548
227.62755675241362,700.50476120130236,-1003.40056419373,32.210000000000001,-0.07224220782457319
227.6405327146247,700.70195939681946,-1004.69946861267,32.420000000000002,-0.072504499305634587
227.65350386293463,700.44200873693217,-1005.00202178955,32.420000000000002,-0.07272803017653677
227.66647660897775,700.52828632819705,-1004.62651252747,32.259999999999998,-0.072866070807625249
227.67945098690748,700.61640820617902,-1002.13575363159,32.259999999999998,-0.072867693379453105
227.69242545382835,700.62121372589047,-1001.59955024719,32.189999999999998,-0.072850210385262737
227.70539365915812,700.2830878076154,-1001.59955024719,32.189999999999998,-0.072877846865072024
227.71836518413457,700.4623487293502,-1001.53112411499,32.32,-0.073083062759466258
227.73133997701973,700.63881579872498,-1002.27808952332,32.32,-0.073327588745704705
227.74431108704078,700.43994113680446,-1002.00748443604,32.5,-0.073581088541790268
227.75727319841599,699.9540142605166,-1002.00748443604,32.5,-0.073726683233903162
227.77023278280242,699.81755686751444,-1001.216173172,32.530000000000001,-0.073711668244296757
227.78318713108646,699.53480733846072,-1001.95574760437,32.530000000000001,-0.073651938388466162
227.79613660027528,699.27133619475683,-1002.26163864136,32.210000000000001,-0.073514993612149832
227.80908309440619,699.11068306961204,-1002.26163864136,32.210000000000001,-0.073338947776149646
227.82202960819873,699.11174479759234,-1002.20513343811,32.420000000000002,-0.073307509430632314
227.83498130531731,699.39164440410923,-1002.51507759094,32.259999999999998,-0.073380244688342935
227.847937700442,699.6453367320446,-998.79670143127396,32.409999999999997,-0.073347288286976134
227.86088807301365,699.3201188697102,-998.79670143127396,32.409999999999997,-0.073180150033532371
227.87383930240253,699.3663869989465,-1000.10275840759,32.119999999999997,-0.072914123948522661
227.88679833523946,699.78777319432368,-999.94254112243596,32.119999999999997,-0.072781210765358803
227.89975352067907,699.58001373971683,-999.94254112243596,32.140000000000001,-0.072817871760995495
227.91270510810995,699.38572126760914,-997.64704704284702,32.140000000000001,-0.072954954165968658
227.92565963230993,699.54430679812208,-996.532201766968,32.490000000000002,-0.073056835680837637
227.93861047882231,699.34571166818057,-999.65143203735295,32.240000000000002,-0.073068119172243776
227.95155758348648,699.14365186628754,-1000.2124309539799,32.210000000000001,-0.073044144859428048
227.96450376510617,699.09380746335387,-999.234437942505,32.210000000000001,-0.072958311066071882
227.97746067349269,699.67305287105944,-999.234437942505,32.119999999999997,-0.072860656719563391
227.9904234347247,699.98910652964048,-998.90041351318405,32.119999999999997,-0.072934397806674919
228.00338509802967,699.92981846791827,-998.96502494812,32.140000000000001,-0.073081639904590184
228.01635210091854,700.21815599847628,-998.39425086975098,32.140000000000001,-0.073204884926383523
228.02932156042965,700.35081360101879,-996.34194374084495,32.549999999999997,-0.073165882171589078
228.04229163668282,700.38411767009006,-996.01960182189896,32.549999999999997,-0.072914428181656388
228.05525726949142,700.14417166427279,-997.25770950317406,32.600000000000001,-0.072625673685264985
228.06821796525679,699.8775713298611,-997.25770950317406,32.600000000000001,-0.072419573034754339
228.08117904389886,699.89824667161895,-998.10838699340798,32.450000000000003,-0.072290549674749474
228.09413745171486,699.75402206424724,-998.13485145568802,32.450000000000003,-0.072301264023757361
228.1070882982259,699.34571159673271,-997.54261970519997,32.240000000000002,-0.072395779812849725
228.12003368822212,699.0510597959501,-997.54261970519997,32.240000000000002,-0.072493472446010357
228.13298124820008,699.1682388090984,-996.15025520324696,32.280000000000001,-0.07247255183697407
228.14592836528146,699.1443223945912,-999.06921386718705,32.280000000000001,-0.072287405943359667
228.15887550306044,699.14544006634014,-1000.13947486877,32.329999999999998,-0.072021982115360442
228.17183042876428,699.56598800653148,-1000.13947486877,32.329999999999998,-0.071873059496216363
228.18479615263701,700.14908912648139,-999.59659576416004,32.119999999999997,-0.071995109319909725
228.19776574874069,700.35818959922358,-998.17872047424305,32.119999999999997,-0.072247849569614706
228.21073560354571,700.37215947108052,-997.26271629333496,32.119999999999997,-0.072419292603670526
228.22370582881115,700.39216433399861,-997.26271629333496,32.119999999999997,-0.072447607915117687
228.23667569810371,700.37294179898549,-998.931884765625,32.539999999999999,-0.07239023947864924
228.24964296797037,700.23257279943414,-995.89419364929199,32.189999999999998,-0.07237612062838987
228.2626032663716,699.85611366569401,-994.37212944030796,32.530000000000001,-0.072360562367576764
228.27556185734815,699.76391273457705,-996.207714080811,32.530000000000001,-0.072439940025043684
228.28852451406422,699.98346266680755,-999.28736686706497,32.409999999999997,-0.072574932128056643
228.30148445649255,699.83689113068078,-1000.21576881409,32.409999999999997,-0.072655325961548722
228.31444111756178,699.65969773762583,-998.14319610595703,32.299999999999997,-0.072632442331770575
228.32740003863952,699.78173819776623,-996.59919738769497,32.299999999999997,-0.07249304714244191
228.34036888037284,700.3174535991709,-996.59919738769497,32.259999999999998,-0.072291991155767982
228.35334456318768,700.68687200160593,-997.4365234375,32.259999999999998,-0.072137255014556714
228.36631850546428,700.59288293638838,-999.15432929992699,32.280000000000001,-0.072064262090188014
228.37929845580612,700.91731845982565,-1000.11229515076,32.280000000000001,-0.072084700481029287
228.39228060924319,701.0362856015787,-1000.03266334534,32.420000000000002,-0.072116981156200896
228.40525584398893,700.66267626946353,-1002.78258323669,32.420000000000002,-0.072155335089850101
228.41822084039509,700.10980593317333,-1003.3607482910199,32.090000000000003,-0.07211312651699936
228.43118399071236,700.01011713280218,-1003.3607482910199,32.090000000000003,-0.071970584492263068
228.44414454988274,699.87019519975206,-1003.66711616516,32.119999999999997,-0.071875239825685167
228.45710625251104,699.93194192937472,-1002.8350353241,32.119999999999997,-0.071926129360006613
228.47006707762719,699.88455627128531,-1002.72583961487,32.159999999999997,-0.072154340645104731
228.4830241412333,699.68143473042005,-1002.72583961487,32.159999999999997,-0.07237485092429527
228.49598784413587,700.03995673876955,-1001.53827667236,32.579999999999998,-0.072400331910849366
228.5089498065,699.94596766256007,-1001.4710426330601,32.579999999999998,-0.072232964965956895
228.52190986482591,699.84314960003292,-1001.4710426330601,32.439999999999998,-0.072006277945863437
228.53488013665682,700.39467886872353,-1002.37822532654,32.439999999999998,-0.071918215187726509
228.54785860619634,700.83735513328963,-1000.35262107849,32.259999999999998,-0.071974556065244472
228.56083591986058,700.77493786986736,-999.85170364379906,32.259999999999998,-0.072177681657576737
228.57381001735681,700.60126479574876,-1002.08353996277,32.310000000000002,-0.072482867786649224
228.58678785670119,700.80332459764202,-1002.65645980835,32.310000000000002,-0.0727183702911222
228.5997581212888,700.39428772950305,-1002.16317176819,32.409999999999997,-0.072766925311742128
228.61271498414317,699.67059413720722,-1004.4822692871099,32.409999999999997,-0.072585490221043908
228.62566737044196,699.42886013468956,-1005.70487976074,32.460000000000001,-0.072321375417853384
228.63862370658276,699.64215160306401,-1005.70487976074,32.460000000000001,-0.072297161030663623
228.65158266077401,699.78352632637075,-1008.54659080505,32.119999999999997,-0.072427612417991602
228.66454130349021,699.76670667487315,-1009.20605659485,32.119999999999997,-0.07262631629817104
228.67749808770122,699.66634739566234,-1007.73930549622,32.159999999999997,-0.072834141966124949
228.69045894489506,699.88628846711333,-1007.73930549622,32.159999999999997,-0.073000275425959965
228.70342752689268,700.30342787148152,-1006.33478164673,32.539999999999999,-0.073117472023657329
228.71639219837044,700.09225979861151,-1006.60181045532,32.210000000000001,-0.073073094503347105
228.72935303072958,699.8849473940179,-1008.76665115356,32.439999999999998,-0.072950949478578581
228.74231848762227,700.13467220461155,-1007.83443450928,32.439999999999998,-0.072957062058177355
228.75528570575071,700.22977893608197,-1005.00202178955,32.25,-0.073091167335626928
228.76824260068392,699.67232639349118,-1004.11581993103,32.259999999999998,-0.073176392663835202
228.78119834491727,699.61018860159209,-1002.71010398865,32.170000000000002,-0.073098612741270094
228.79416069740245,699.96703419849837,-1000.61702728271,32.170000000000002,-0.072937670888424733
228.80712480284313,700.06169379751577,-1000.76985359192,32.369999999999997,-0.072815110907119132
228.82008953951362,700.09578020548395,-999.77588653564396,32.369999999999997,-0.072804493829549399
228.83305601672222,700.18976926520554,-1000.26798248291,32.43,-0.072862169602151625
228.84602958129497,700.57248692875362,-1000.26798248291,32.43,-0.072885693774879953
228.85900911047287,700.89457560587607,-1003.72529029846,32.460000000000001,-0.072903280249765431
228.87198064786662,700.46301926314993,-1006.0567855835,32.460000000000001,-0.072852609057520418
228.88494693674204,700.17959927174456,-1005.98406791687,32.119999999999997,-0.07275989279196772
228.89791256334198,700.14383639737309,-1005.98406791687,32.119999999999997,-0.072635585027978886
228.91087576643457,700.01296700037904,-1004.96864318848,32.5,-0.072560821556501232
228.92383469475675,699.78212939744276,-1004.38022613525,32.119999999999997,-0.072576247362631185
228.93678690513829,699.41936060358023,-1004.37617301941,32.189999999999998,-0.072689226104225041
228.94974235134811,699.59409532873497,-1003.95274162292,32.189999999999998,-0.072738050172087482
228.96269875268152,699.64567200444037,-1002.5086402893101,32.560000000000002,-0.072582975650493195
228.9756534000235,699.55095646715051,-1001.52277946472,32.560000000000002,-0.072276613984441115
228.98861009317153,699.66142999390979,-1002.77662277222,32.579999999999998,-0.07205712298539535
229.00157681045431,700.2027332704107,-1002.97474861145,32.579999999999998,-0.071909179290195122
229.01454719921728,700.4009931994043,-1002.97474861145,32.159999999999997,-0.071804218200151593
229.02751527416169,700.27604699936637,-1001.7178058624301,32.590000000000003,-0.071795598292608551
229.04048455154694,700.34097880300965,-1000.89621543884,32.159999999999997,-0.071840400082832392
229.05345623277901,700.47078653247934,-998.88443946838402,32.159999999999997,-0.071990954584941771
229.06642892708402,700.52549247034085,-998.88443946838402,32.189999999999998,-0.072052584339971568
229.07939440984688,700.13606919399558,-995.77426910400402,32.189999999999998,-0.071946321468845345
229.09235844492108,700.05789400705601,-995.77426910400402,32.189999999999998,-0.071868701940991264
229.10532481761484,700.18412546282866,-998.30031394958496,32.189999999999998,-0.071893416138761879
229.11829530985807,700.40658113495647,-999.74679946899403,32.539999999999999,-0.072044960947027989
229.13126144247778,700.17116146311946,-997.74074554443405,32.539999999999999,-0.072205305720704091
229.14422683521241,700.13120767005967,-998.14271926879906,32.5,-0.072352505391343011
229.15720077645432,700.59282706406782,-998.14271926879906,32.5,-0.072491405945285844
229.17017762238763,700.74968039875262,-999.05514717102005,32.43,-0.072568251440528656
229.18315437725806,700.74476300249614,-997.34568595886196,32.43,-0.072515170192897077
229.19613397680254,700.8983754018318,-996.56057357788097,32.25,-0.072374576702468399
229.20911452629514,700.94967260051806,-996.56057357788097,32.25,-0.072272148811051803
229.22209008493328,700.68016646025671,-998.20041656494095,32.299999999999997,-0.072303953476165791
229.23505701021233,700.21396506879603,-998.20041656494095,32.299999999999997,-0.072313378461281802
229.24801685536914,699.8316384675245,-996.17099761962902,32.329999999999998,-0.072295774395028267
229.26097737521727,699.86807179875166,-995.84627151489303,32.329999999999998,-0.072256716795155995
229.27393710240744,699.82526827001914,-995.54276466369595,32.140000000000001,-0.072268750518344846
229.28689330195436,699.63477553341102,-991.69015884399403,32.140000000000001,-0.072286728149244167
229.299855868642,699.9786011318796,-991.99032783508301,32.090000000000003,-0.072265810643004344
229.31282858881738,700.52688947071681,-991.99032783508301,32.090000000000003,-0.072240043018348576
229.32580256938155,700.59495046506822,-993.79825592041004,32.140000000000001,-0.072274963475536927
229.33877771927283,700.65809412911483,-995.29647827148403,32.140000000000001,-0.07227660363781685
229.35175793659391,700.93173533772756,-995.90325355529797,32.549999999999997,-0.072250705625787573
229.36473892070376,700.97314193203624,-995.92494964599598,32.549999999999997,-0.072232615202648578
229.37771455177773,700.68407799535782,-995.92494964599598,32.549999999999997,-0.07227371239768654
229.39068154845805,700.21782073707243,-993.20363998413097,32.549999999999997,-0.07241069753091621
229.40364937711976,700.26274773275736,-993.77036094665505,32.530000000000001,-0.072560081672665894
229.41661452874567,700.11818779802991,-993.77036094665505,32.530000000000001,-0.072609139606561388
229.42957032575424,699.61303846367286,-993.18146705627396,32.170000000000002,-0.072582709707166723
229.44251830068771,699.19064640714032,-992.93065071106003,32.170000000000002,-0.072501686712631991
229.4554686142753,699.31693372973757,-992.93065071106003,32.229999999999997,-0.072411351526238704
229.46842070255062,699.41276686732829,-993.27969551086403,32.229999999999997,-0.072317761886578916
229.48137551856553,699.56006480407939,-993.27969551086403,32.189999999999998,-0.072309880827384376
229.4943260339395,699.32783019527085,-993.133544921875,32.189999999999998,-0.072307422135362745
229.50728261015436,699.65511560277309,-993.741273880005,32.420000000000002,-0.072372966548340245
229.52024442971617,699.9382563369993,-993.741273880005,32.420000000000002,-0.072325988569068245
229.5331999276666,699.59688932399104,-994.518041610718,32.310000000000002,-0.072182667338561213
229.54614909158769,699.25485173871118,-991.89233779907204,32.310000000000002,-0.072013733700675306
229.55909872324074,699.28010926478566,-992.43092536926304,32.159999999999997,-0.071978875331680112
229.57204961528402,699.34817033608101,-994.32253837585404,32.159999999999997,-0.072012835492899038
229.58499540781855,699.07279686568813,-994.32253837585404,32.359999999999999,-0.072067512406494311
229.59792987753946,698.46136492875621,-996.24586105346702,32.359999999999999,-0.07212352318039944
229.61086543794329,698.5202618072899,-994.16875839233398,32.390000000000001,-0.072269388992255157
229.62380786426417,698.8910213267884,-994.16875839233398,32.390000000000001,-0.072390940040040264
229.63674708269519,698.717795275203,-993.13855171203602,32.520000000000003,-0.072430660948102674
229.64968763912714,698.79004732564238,-997.22647666931096,32.520000000000003,-0.072275834778975701
229.66264009682709,699.43271579746988,-996.48213386535599,32.119999999999997,-0.072074404192983388
229.67559901893949,699.7817940700869,-996.48213386535599,32.119999999999997,-0.072016985051450641
229.68856361177288,700.08801300210666,-995.65052986144997,32.579999999999998,-0.072038829740777868
229.70152910798768,700.13679560011599,-994.35329437255905,32.189999999999998,-0.072030816226696617
229.71449005003578,699.89087059646999,-994.08674240112305,32.189999999999998,-0.072025876077718737
229.72744806255676,699.73267613372968,-995.06139755249001,32.189999999999998,-0.071945670577642451
229.74039771387166,699.281171003758,-994.25625801086403,32.479999999999997,-0.071878393904513463
229.75333869871119,698.81318133530067,-992.98238754272495,32.479999999999997,-0.071756601747172841
229.76627909267899,698.7812742611095,-994.16875839233398,32.280000000000001,-0.071603205674917722
229.77922092812722,698.85911420313312,-995.361328125,32.280000000000001,-0.071488047639138338
229.79215698316673,698.54697213461327,-996.64092063903797,32.210000000000001,-0.071433996781651909
229.8050963237049,698.72438906091884,-997.66969680786099,32.210000000000001,-0.071376442080807526
229.81804632581725,699.30011406724793,-997.79677391052201,32.359999999999999,-0.071287387981230604
229.83100129187901,699.56816733481253,-999.72200393676803,32.359999999999999,-0.071142948128981212
229.84395829029384,699.67791440049143,-999.72200393676803,32.399999999999999,-0.07102744653772558
229.85691961004454,699.91126653815274,-1001.30224227905,32.399999999999999,-0.070989272659500668
229.86988518387039,700.14098659574825,-1001.30224227905,32.490000000000002,-0.07098997011728099
229.88285652051366,700.45217873588922,-1001.2366771698,32.490000000000002,-0.070929626623651931
229.89582128201971,700.09712132804339,-998.940467834473,32.140000000000001,-0.070819792648629365
229.90878108164452,699.82917973916824,-998.77715110778797,32.140000000000001,-0.070681024548453694
229.92173934044936,699.74597546079463,-998.30985069274902,32.159999999999997,-0.070520515243309906
229.93469086889627,699.38253613313248,-998.30985069274902,32.159999999999997,-0.070347659704157378
229.94764147533334,699.33274760251948,-999.245643615723,32.579999999999998,-0.070221323727215734
229.96059317969639,699.39203560378576,-999.45735931396496,32.170000000000002,-0.070179485612346729
229.97354631312223,699.46920499552175,-998.47221374511696,32.5,-0.070298081264193388
229.98650385170373,699.70708340121109,-998.47221374511696,32.5,-0.070451927474703899
229.99946282555678,699.78458806534297,-997.641563415527,32.420000000000002,-0.070467147354625115
230.01242576167047,699.99855013896513,-1001.6644001007101,32.420000000000002,-0.070442408323388883
230.02539956735185,700.58550679528742,-1003.46708297729,32.329999999999998,-0.070318735927765885
230.03837298291478,700.56444039674898,-1003.46708297729,32.329999999999998,-0.070249155784675707
230.05134601456427,700.54370907275052,-1002.35342979431,32.229999999999997,-0.070306261380207069
230.06431903379635,700.54303853345471,-1002.25877761841,32.229999999999997,-0.070434516916348736
230.07728627779386,700.23117586500996,-1003.39961051941,32.259999999999998,-0.070517518453851721
230.09024850610254,699.9603286681413,-1004.3857097625699,32.259999999999998,-0.070577315572459817
230.10320432277163,699.61410013119723,-1004.0955543518101,32.280000000000001,-0.070543864534587636
230.11616075618406,699.64740427171637,-1003.7524700164799,32.280000000000001,-0.070535756854002041
230.12912538213092,700.08980113071118,-1002.6996135711699,32.210000000000001,-0.070463673521861586
230.14209745244807,700.49179712464911,-1002.6996135711699,32.210000000000001,-0.070399621293949097
230.1550733370494,700.69776847263529,-1002.05945968628,32.159999999999997,-0.070342233196360265
230.16805474335922,700.99594072975447,-1002.0229816436801,32.159999999999997,-0.070311656842126494
230.18104372442593,701.4049776033894,-1001.85060501099,32.140000000000001,-0.070276082389819194
230.19403386757645,701.46773012821552,-1001.14870071411,32.140000000000001,-0.07017084293936017
230.20701869080492,701.18045433662974,-1001.14870071411,32.369999999999997,-0.070038406798789213
230.2200004479123,701.01488379874058,-1001.52182579041,32.369999999999997,-0.069999547882315674
230.23298736351228,701.29344239811394,-1001.52254104614,32.409999999999997,-0.069987388948169679
230.24596450126052,700.76543840471004,-1002.25734710693,32.409999999999997,-0.070085816292413283
230.25894072941611,700.71632040240081,-1004.58526611328,32.450000000000003,-0.070192554136990742
230.27191713348884,700.72581992801406,-1006.5586566925,32.450000000000003,-0.07030256920384044
230.28489159523582,700.62093433680718,-1005.75542449951,32.100000000000001,-0.070455988040826631
230.297865068747,700.567569603945,-1005.75542449951,32.100000000000001,-0.070609675926887314
230.31083750952476,700.51180199855924,-1006.39772415161,32.140000000000001,-0.070699718263682876
230.32381368594073,700.7135264621046,-1005.95092773438,32.140000000000001,-0.070841189266705504
230.33679455932597,700.96716280230339,-1005.2807331085201,32.119999999999997,-0.070969922880926892
230.34977256216908,700.8121535289996,-1005.2807331085201,32.119999999999997,-0.071106598608066923
230.362744658358,700.49319420196912,-1003.55958938599,32.479999999999997,-0.071038548937915266
230.37571719019743,700.51671932886381,-1003.6461353302,32.479999999999997,-0.070851157522417552
230.38868896249261,700.47570393972796,-1004.22763824463,32.539999999999999,-0.070589832547600304
230.40165727751111,700.28901099907557,-1004.22763824463,32.539999999999999,-0.070452287586061382
230.41462265679377,700.13048126393937,-1002.58708000183,32.539999999999999,-0.070492604539739989
230.42759375957161,700.43955000307994,-1002.68912315369,32.539999999999999,-0.070623888944567018
230.44056299142596,700.33852013510921,-1002.5799274444601,32.159999999999997,-0.070750452577979434
230.45352432359377,699.91193706096044,-1000.85401535034,32.159999999999997,-0.070871547277743294
230.46648435605064,699.84175267110481,-1000.85401535034,32.189999999999998,-0.070883048076553268
230.47944575962103,699.91579280068481,-999.11880493164097,32.189999999999998,-0.070714619424036132
230.49241393287156,700.28135552934748,-1000.68974494934,32.210000000000001,-0.070443325158427134
230.50538717872598,700.55527613803565,-1004.37426567078,32.210000000000001,-0.070218761554906098
230.5183604390667,700.55605839998873,-1006.15525245667,32.450000000000003,-0.070267797757725348
230.53133461417406,700.60545579687698,-1002.85673141479,32.450000000000003,-0.07058622108506038
230.54431157704073,700.75599480088135,-1001.6450881958,32.390000000000001,-0.070901648658729388
230.55727798284821,700.18591360242522,-1002.92444229126,32.390000000000001,-0.071038294377107
230.57022953716415,699.38393306206046,-1002.92444229126,32.32,-0.070954983433107272
230.58317939647409,699.29240273619121,-1003.9656162262,32.32,-0.070739974164044483
230.59612984044702,699.32397453798649,-1002.1018981933599,32.280000000000001,-0.070599477944952194
230.60908067454076,699.34504106293298,-1000.12016296387,32.280000000000001,-0.070530450385732829
230.62204016786544,699.81263953171378,-1000.6537437439,32.329999999999998,-0.070571251627358791
230.63500326644206,700.00732313754611,-1002.49338150024,32.329999999999998,-0.070712217646946421
230.64796855466173,700.12556386218671,-1000.18405914307,32.420000000000002,-0.070828299761591842
230.66093060808885,699.95088506431273,-1000.18405914307,32.420000000000002,-0.070830254504749307
230.67389236866555,699.9350711420667,-996.85335159301803,32.119999999999997,-0.07061683676255269
230.68685741060372,700.11226466152982,-998.01015853881802,32.119999999999997,-0.0703021780487426
230.69982553107894,700.27850566177062,-999.50456619262695,32.140000000000001,-0.070058575106901153
230.71279424346179,700.31046867423458,-999.50456619262695,32.140000000000001,-0.069912123597681952
230.72575554976055,699.91054013203234,-999.78089332580601,32.57,-0.069922048391445044
230.73871803780369,699.97435432987868,-999.35483932495094,32.159999999999997,-0.069972885151662334
230.75167742040372,699.80666040198093,-1000.22172927856,32.579999999999998,-0.070005361403568653
230.76462339506415,699.08263166369727,-1000.22172927856,32.579999999999998,-0.069929378935096209
230.77756784235436,699.00015367053231,-999.68576431274403,32.189999999999998,-0.069708119456251133
230.79051843637416,699.33207706871974,-997.84612655639603,32.520000000000003,-0.069547572897092264
230.80347290159136,699.54112172959742,-999.02462959289505,32.469999999999999,-0.069469268330277098
230.81642408544823,699.36392827059024,-998.83651733398403,32.469999999999999,-0.069451971600157328
230.8293758870827,699.39728826144619,-998.83651733398403,32.229999999999997,-0.069473933221534195
230.84233267129261,699.6663473352063,-996.82116508483898,32.229999999999997,-0.069370371185436389
230.85529100874203,699.75022226829151,-995.76878547668503,32.210000000000001,-0.069233074576873652
230.86824659154692,699.60147146433974,-995.38230895996105,32.210000000000001,-0.069115905918898823
230.88120345336662,699.67053826488666,-995.38230895996105,32.390000000000001,-0.069026586909548479
230.89416180426912,699.75094873486785,-994.20595169067406,32.240000000000002,-0.069014864663117584
230.90711884821485,699.68037306839176,-994.20595169067406,32.390000000000001,-0.069061263153774186
230.92007035803459,699.38153026648092,-995.72682380676304,32.390000000000001,-0.069098020385463976
230.93301583805803,699.05592126492593,-995.71418762206997,32.350000000000001,-0.069066805556912775
230.94596409238892,699.20573386830586,-995.66555023193405,32.350000000000001,-0.06884465925382742
230.95891676532722,699.44433866912357,-995.66555023193405,32.259999999999998,-0.068591392288084529
230.97187264615437,699.617564665749,-995.31531333923294,32.259999999999998,-0.068425236062297098
230.98483534219378,699.98558612826389,-995.58782577514603,32.259999999999998,-0.068430515626737715
230.99781117505549,700.69497453233907,-996.44947052001896,32.259999999999998,-0.068529733560389813
231.01078767639876,700.7310725362106,-996.44947052001896,32.299999999999997,-0.068592991058676708
231.02376069563087,700.54303853345471,-997.24555015563999,32.299999999999997,-0.068581436449868638
231.03673312295686,700.51107560343098,-998.08835983276401,32.329999999999998,-0.068507180031781842
231.04970434266673,700.4458643337606,-995.78976631164505,32.329999999999998,-0.068339012148617484
231.06266797416794,700.03610106499718,-995.54133415222202,32.119999999999997,-0.068126459502841782
231.07562470042834,699.66321806205838,-995.54133415222202,32.119999999999997,-0.067952263892290435
231.08858117316302,699.64952767271689,-995.81766128540005,32.100000000000001,-0.067921815853031614
231.10153383885802,699.4439475299032,-995.81766128540005,32.100000000000001,-0.068072633195874532
231.11448558254318,699.39415899929008,-994.85516548156704,32.509999999999998,-0.068151449991173799
231.12742850350006,698.91773167059966,-994.850635528564,32.159999999999997,-0.068034443796949881
231.14037447091604,699.08224046402086,-995.27549743652298,32.549999999999997,-0.067880334746011156
231.15333180771117,699.6961869356777,-997.34807014465298,32.549999999999997,-0.067760980584084959
231.16629592039519,700.06208493673626,-996.95396423339798,32.469999999999999,-0.067733646267046421
231.17925866196546,699.98804479616433,-996.95396423339798,32.469999999999999,-0.067802925283463336
231.19222701009747,700.2907991276802,-998.08669090270996,32.420000000000002,-0.06792097766339085
231.20519755408145,700.40937513570861,-997.92242050170898,32.420000000000002,-0.06806469522337652
231.21816114729509,700.03403353631745,-998.64482879638695,32.25,-0.068178998513023253
231.23111717092476,699.6252760023018,-998.64482879638695,32.25,-0.068177102753634033
231.24407046060614,699.47764279315493,-998.98314476013195,32.280000000000001,-0.068035261291103002
231.25702276929388,699.4246691390573,-999.17292594909702,32.280000000000001,-0.067930073580787967
231.26996713897407,698.99596272986003,-999.99213218688999,32.310000000000002,-0.067935383153990989
231.28291240479379,699.04435426559291,-999.60279464721702,32.310000000000002,-0.068000597464780557
231.29586297190863,699.33062420151896,-999.60279464721702,32.140000000000001,-0.068030628478665978
231.30882256974817,699.81828333409078,-1000.28491020203,32.140000000000001,-0.067981680234111899
231.32178223174441,699.82174779719458,-1000.59103965759,32.140000000000001,-0.067845708172380698
231.33474268640134,699.86455147431911,-1000.59103965759,32.140000000000001,-0.067711283142319001
231.34771116491848,700.29783992493731,-1000.46610832214,32.119999999999997,-0.067590916943363388
231.36068161163081,700.40412246705614,-1000.00262260437,32.119999999999997,-0.067471010196650388
231.37364238500609,699.8817622650372,-1002.08854675293,32.460000000000001,-0.067512001842055136
231.3865948168359,699.43131880808573,-1002.08854675293,32.460000000000001,-0.06762201690880304
231.39954254548644,699.17734712953927,-1004.3318271637,32.100000000000001,-0.067725736234372724
231.4124841346507,698.84581487057221,-1006.19912147522,32.479999999999997,-0.067776796510538376
231.42542049392225,698.56340066337839,-1007.96008110046,32.560000000000002,-0.06769119865306937
231.43835651584817,698.54518400051268,-1007.96008110046,32.560000000000002,-0.06767164812307476
231.4512993064198,698.91069086784671,-1008.61954689026,32.159999999999997,-0.067822061893730815
231.46424752867034,699.204001529582,-1007.00187683105,32.159999999999997,-0.068049991710324498
231.47719313907902,699.062962067679,-1007.00187683105,32.189999999999998,-0.068311184229847929
231.49014208879754,699.2432847998341,-1007.14302062988,32.189999999999998,-0.068428278383456553
231.50309778129014,699.60739460083994,-1007.91358947754,32.57,-0.06841917832604591
231.51605817799745,699.86142219567512,-1007.45725631714,32.210000000000001,-0.068314451103460336
231.529017268784,699.79090247296767,-1007.45725631714,32.5,-0.068031224525910622
231.54197816529998,699.88841186261777,-1006.75511360168,32.5,-0.067895900250855609
231.55493999831364,699.93898273762375,-1007.21883773804,32.409999999999997,-0.067898975684489965
231.56790547486784,700.13573392709577,-1008.11362266541,32.409999999999997,-0.067959674115808152
231.58086264195558,699.68702273742019,-1007.15851783752,32.32,-0.068076017002554362
231.59381118913453,699.22154766414394,-1007.15851783752,32.32,-0.068024483819432907
231.60676368615674,699.43483919847029,-1006.81090354919,32.240000000000002,-0.067913449472641996
231.61972028203331,699.65617733624936,-1007.15708732605,32.240000000000002,-0.067853620276231597
231.63267630048881,699.6249965967304,-1010.05053520203,32.259999999999998,-0.06781274349271707
231.64563182430985,699.59828633535915,-1010.05053520203,32.259999999999998,-0.067808923000764812
231.65859893792222,700.22413506775297,-1011.18016242981,32.280000000000001,-0.067897074752144834
231.67156832603095,700.34695787228645,-1012.44449615479,32.280000000000001,-0.068014071632890416
231.68454014903091,700.47844199671147,-1011.49463653564,32.210000000000001,-0.068152697962869047
231.69750663348395,700.19016046488207,-1011.49463653564,32.210000000000001,-0.068165202521836499
231.71047497540741,700.29046386627635,-1012.18962669373,32.229999999999997,-0.068062385544361934
231.72344342701967,700.29638706323249,-1012.74657249451,32.229999999999997,-0.067997229181650229
231.7364107817408,700.23715493978295,-1012.27474212646,32.25,-0.068066930397719577
231.74936923508889,699.75648079809957,-1012.27474212646,32.25,-0.068199060236829367
231.76233013160498,699.88841186811374,-1010.14304161072,32.280000000000001,-0.068313349037904536
231.77529797371855,700.26347413338181,-1009.15288925171,32.280000000000001,-0.068399295624518144
231.7882681534519,700.38970560014639,-1008.7218284606899,32.329999999999998,-0.068402000598745877
231.80123810656426,700.37746806701352,-1008.7218284606899,32.329999999999998,-0.068375561386178216
231.81421510771727,700.75806226360908,-1007.66062736511,32.32,-0.068314847432124751
231.8272003603889,701.20364426807259,-1007.66062736511,32.32,-0.068230198488819394
231.84018212991481,701.01555439849221,-1007.45320320129,32.170000000000002,-0.068224544326688855
231.8531618143123,700.90295746523657,-1008.2266330719,32.170000000000002,-0.068239939088162449
231.86614591007412,701.14117113782572,-1008.70537757874,32.329999999999998,-0.06828447182910824
231.8791258097111,700.91458039734619,-1007.59649276733,32.119999999999997,-0.068236127909993852
231.89210687763952,700.97766813411226,-1008.67223739624,32.159999999999997,-0.068209236487484698
231.90508693870621,700.92329760055065,-1008.67223739624,32.159999999999997,-0.068218637672077476
231.91807136560507,701.15905253928759,-1009.5839500427199,32.369999999999997,-0.068328042204026954
231.93105137596547,700.92055946112703,-1009.52100753784,32.369999999999997,-0.068362706030349399
231.94402599293329,700.62931626211957,-1010.96844673157,32.450000000000003,-0.068387282598241839
231.95700030463451,700.61283186652986,-1010.96844673157,32.450000000000003,-0.068370985487451783
231.96998141188649,700.97979160656064,-1011.7912292480499,32.479999999999997,-0.068327201944430316
231.98295943956421,700.81349459659896,-1010.4508399963401,32.479999999999997,-0.068274890590108939
231.9959309065926,700.45921953314632,-1010.4508399963401,32.119999999999997,-0.068227585612463254
232.00890697952724,700.70793847159246,-1009.61661338806,32.119999999999997,-0.068245990615156682
232.02189446633957,701.3242878652369,-1008.47554206848,32.100000000000001,-0.068415032907406054
232.03487943237036,701.1881656621905,-1007.37190246582,32.100000000000001,-0.068618350972251649
232.0478577849766,700.83104073665697,-1007.37190246582,32.119999999999997,-0.068750431139443097
232.06083911988515,700.99208506147806,-1005.90419769287,32.119999999999997,-0.068768733699065568
232.07382225431488,701.08925920621243,-1005.90419769287,32.549999999999997,-0.068762097506734232
232.08680023025306,700.81070066179893,-1005.619764328,32.549999999999997,-0.068726498219027543
232.09977517214941,700.64686240217759,-1005.72371482849,32.590000000000003,-0.068770091359389773
232.11275150481976,700.72196419928173,-1005.72371482849,32.590000000000003,-0.068775009776680746
232.12573202016418,700.94782859959287,-1004.62627410889,32.579999999999998,-0.06886734316706089
232.13871475826548,701.0678574693261,-1005.8376789093001,32.579999999999998,-0.068946308973433429
232.15169333852839,700.84333419707036,-1004.98175621033,32.159999999999997,-0.068943751975301046
232.16467261417901,700.88088513409446,-1005.0034523010301,32.159999999999997,-0.068857400781929742
232.17765798274823,701.20990273742473,-1005.0034523010301,32.170000000000002,-0.068708913814097938
232.19063867400857,700.95732805925411,-1004.76145744324,32.170000000000002,-0.068655578004436765
232.20360777651237,700.33153520467692,-1003.74960899353,32.189999999999998,-0.068764661748287298
232.216571102747,700.01961666940758,-1003.74960899353,32.189999999999998,-0.068885822676970285
232.22953400678145,699.99681786069721,-1002.62141227722,32.549999999999997,-0.068967417917412191
232.24249081065318,699.66740907417864,-1001.36232376099,32.549999999999997,-0.068940653776121394
232.25544090382721,699.30503139755251,-1001.36232376099,32.57,-0.068931235000160559
232.26839588851612,699.56917320146408,-1001.45483016968,32.57,-0.06896987453907083
232.28135808474437,699.95859632392137,-1001.17707252502,32.140000000000001,-0.06904254770828297
232.29432248303453,700.07750767029768,-1001.38401985168,32.579999999999998,-0.069199817047408727
232.30728074908271,699.74636660001522,-1001.38401985168,32.170000000000002,-0.069400407373600842
232.32024378971113,700.00419393584605,-999.93133544921898,32.170000000000002,-0.069605856099050206
232.33321183878519,700.2746499989903,-998.23951721191395,32.159999999999997,-0.069722268316188912
232.34617665927411,700.10030640206412,-997.74432182312,32.159999999999997,-0.069637052300034086
232.3591356786593,699.7870467991952,-997.74432182312,32.159999999999997,-0.069445117066258444
232.37209873170494,700.00486446414982,-998.17824363708496,32.159999999999997,-0.069310105301819774
232.38506567043584,700.21469146942047,-999.27330017089798,32.57,-0.069357765217867032
232.39803035536545,700.09298619923595,-996.09661102294899,32.57,-0.069458240435471386
232.41098318249013,699.45266473310744,-996.09661102294899,32.549999999999997,-0.069499416277026396
232.4239341273074,699.35102013220978,-996.73104286193802,32.549999999999997,-0.069498141399365207
232.43688655913709,699.43131880258977,-996.99139595031704,32.399999999999999,-0.069395507582045199
232.44983152589867,699.02820512591097,-996.41799926757801,32.399999999999999,-0.069270069814610036
232.46277685070248,699.04753940556554,-996.41799926757801,32.259999999999998,-0.069105511324335067
232.4757309982345,699.52396672876,-996.90556526184105,32.259999999999998,-0.068985566289443259
232.48868906870499,699.7358054068776,-996.70052528381302,32.210000000000001,-0.069052018224896691
232.50164895214948,699.83370600170019,-994.01211738586403,32.310000000000002,-0.069162695564347926
232.51460814020743,699.79615513062811,-991.58692359924305,32.43,-0.069194977275413475
232.52756935544318,699.90562273027979,-991.58692359924305,32.43,-0.06916633807113709
232.54052820511976,699.77788253498579,-991.93859100341797,32.140000000000001,-0.069009772397725516
232.55348118332466,699.46082306471328,-994.853734970093,32.140000000000001,-0.068916318316563141
232.56642878159008,699.17030633228217,-994.67778205871605,32.119999999999997,-0.068867021342966225
232.57937821870004,699.26960393847287,-994.67778205871605,32.119999999999997,-0.068907740835991091
232.59232833774578,699.30642846937656,-994.36426162719704,32.590000000000003,-0.069017538593604946
232.6052754610358,699.14465766149101,-995.38826942443802,32.159999999999997,-0.069152252333759753
232.61822491159876,699.27033039955325,-995.98789215087902,32.579999999999998,-0.069238834289655188
232.63118118875559,699.63896646858734,-995.98789215087902,32.579999999999998,-0.069208442129434347
232.64414232638151,699.90143180059965,-996.35767936706497,32.170000000000002,-0.069092553522483738
232.65710680952475,700.08208973370245,-994.95697021484398,32.509999999999998,-0.069030385670628053
232.67007015541978,700.02067833143576,-993.98946762084995,32.399999999999999,-0.069027849368593977
232.68303563197406,700.13573393259173,-994.39930915832497,32.399999999999999,-0.069060133147986952
232.69599571617161,699.844546666361,-994.51112747192406,32.229999999999997,-0.069036146419507075
232.70894694659503,699.36644286577132,-993.91436576843296,32.229999999999997,-0.068928036425016048
232.72189974163959,699.45093240537551,-993.65496635437,32.280000000000001,-0.068767343957478605
232.73485389538146,699.52430206161171,-992.78759956359897,32.25,-0.068606082350392686
232.74781058231974,699.66109466655394,-991.99509620666504,32.299999999999997,-0.068504686156616992
232.76077144675801,699.88667966678986,-992.91419982910202,32.299999999999997,-0.068432026438962942
232.77373435700122,699.99715313309298,-992.91419982910202,32.159999999999997,-0.068559644537088238
232.78670509656297,700.4199363343422,-993.88146400451706,32.159999999999997,-0.068713029225909147
232.79967569849504,700.41250433191271,-993.88146400451706,32.090000000000003,-0.068783295443956088
232.81264131164446,700.14311006819662,-992.41566658019997,32.090000000000003,-0.068691160737381796
232.8256082896975,700.2168148649248,-994.19808387756302,32.140000000000001,-0.068476674043427388
232.83858338681367,700.65524427253001,-995.47505378723099,32.140000000000001,-0.068347419922628605
232.85155905721112,700.68620146231012,-994.15874481201195,32.560000000000002,-0.068377995243004003
232.86452897720864,700.37567986696092,-994.859218597412,32.560000000000002,-0.068458392180615682
232.87749998892349,700.43463260132717,-995.125293731689,32.5,-0.068589920798405382
232.89046929217901,700.34237579788964,-995.125293731689,32.5,-0.068680262192936076
232.90343130007412,699.94842633595636,-995.19705772399902,32.490000000000002,-0.068684602156080687
232.91638666867408,699.58990439905472,-993.81828308105503,32.490000000000002,-0.068581636167023965
232.92933993144948,699.47618987099429,-995.32842636108398,32.210000000000001,-0.068357876604367748
232.94230438148031,700.08030166555386,-995.32842636108398,32.210000000000001,-0.068216969569260794
232.95527327598754,700.32030338980371,-998.024940490723,32.189999999999998,-0.068244205580493919
232.96823863560991,700.12941960740704,-994.87113952636696,32.189999999999998,-0.068394305805861033
232.98120274829392,700.06208493673626,-994.87113952636696,32.210000000000001,-0.068517091373783298
232.99417346715927,700.41881872854538,-994.63462829589798,32.210000000000001,-0.06847482174619067
233.00713626771352,699.99122993064088,-997.09177017211903,32.329999999999998,-0.068332935786529186
233.02009232445678,699.62706413640228,-999.95541572570801,32.329999999999998,-0.068188664605761007
233.03304699766915,699.55235346752659,-1000.73289871216,32.210000000000001,-0.068190615209108491
233.04600276880748,699.61164146879287,-1000.47278404236,32.210000000000001,-0.068264239363356155
233.05895744202104,699.55235353347848,-1001.02496147156,32.189999999999998,-0.06847867121294518
233.07190615787283,699.23065599557663,-1001.08861923218,32.189999999999998,-0.068741628071745497
233.08485477645306,699.22540333242023,-999.63021278381302,32.380000000000003,-0.068921255361014316
233.0978050383012,699.3141398004334,-999.63021278381302,32.380000000000003,-0.068921225352150117
233.11075552780613,699.32643326634286,-1000.1015663147,32.509999999999998,-0.068795023900152838
233.12370608146799,699.3298977404387,-998.95572662353504,32.509999999999998,-0.06860543559788021
233.1366620471494,699.62214679510578,-998.78501892089798,32.560000000000002,-0.068609684498334725
233.14962536717414,700.01928133655576,-998.91662597656205,32.560000000000002,-0.068719858924001509
233.16258993517161,700.08667186305911,-998.91662597656205,32.159999999999997,-0.068893642681524717
233.1755520465469,699.95401426601256,-999.01461601257301,32.159999999999997,-0.069062287607892639
233.18851227354685,699.85225799741772,-999.25756454467796,32.189999999999998,-0.06918722246276468
233.20147163131108,699.80531926842957,-997.44939804077103,32.189999999999998,-0.069268959470044966
233.21442778532722,699.63231687100676,-996.01531028747604,32.189999999999998,-0.069261075308053935
233.2273890978345,699.9108753934363,-1000.42796134949,32.189999999999998,-0.069140416259398804
233.24035448953455,700.13115180323507,-1003.60465049744,32.32,-0.069186277686477213
233.2533247810272,700.39574060219979,-1003.42893600464,32.32,-0.069348685857165374
233.26629301222715,700.28448479699944,-1003.42893600464,32.189999999999998,-0.069536861653018187
233.27925527985684,699.96245200318981,-1000.1175403595,32.189999999999998,-0.069589908751772026
233.29222115894947,700.15747100232988,-1001.89971923828,32.189999999999998,-0.069491166827465103
233.30518689523947,700.14975966028123,-1001.89971923828,32.189999999999998,-0.069331513303431902
233.31814816945928,699.90880787025253,-1000.59413909912,32.359999999999999,-0.06924979181725846
233.33111270434316,700.08488372895863,-1000.0953674316401,32.359999999999999,-0.069253725103078839
233.34408204588644,700.34444333756142,-1000.61249732971,32.490000000000002,-0.069303536373283736
233.35704843203217,700.18485186894895,-1000.61249732971,32.490000000000002,-0.069409568483107156
233.37001693641977,700.29923693080923,-1001.54852867126,32.57,-0.069383524564734858
233.38298045823092,700.03017780208904,-1000.63800811768,32.57,-0.069223500580887928
233.39594402453952,700.03258066362071,-999.04394149780296,32.140000000000001,-0.06910459241852672
233.40891093740004,700.21329446904429,-999.10569190979004,32.140000000000001,-0.069009482652959808
233.42187691376424,700.1627236654864,-998.45361709594704,32.210000000000001,-0.069105465792226692
233.43484497008271,700.27504119866671,-996.72794342041004,32.210000000000001,-0.069278798376618336
233.44781909965806,700.60299706852072,-996.00863456726097,32.259999999999998,-0.06944026694489093
233.46079610184688,700.75811819638579,-996.72245979309105,32.259999999999998,-0.069559094392814769
233.4737671849629,700.43848826410772,-996.72245979309105,32.210000000000001,-0.069546609495781911
233.48673565623699,700.2974488022046,-997.36261367797795,32.210000000000001,-0.069512150560995606
233.49970648582595,700.42479780331803,-996.69790267944302,32.159999999999997,-0.069529167893889951
233.51267862237168,700.49537346979423,-997.80106544494595,32.159999999999997,-0.069552856600630389
233.52564529412348,700.20027459701453,-997.80106544494595,32.140000000000001,-0.069641823776411205
233.53861273266426,700.24168120231491,-997.22862243652298,32.140000000000001,-0.06969476118724853
233.55158117185925,700.29571652943264,-997.27845191955601,32.390000000000001,-0.069725732837204332
233.56455185243712,700.41675120536149,-995.88108062744095,32.390000000000001,-0.069662637802159463
233.57751897225805,700.22447032915693,-996.94705009460404,32.460000000000001,-0.069394564876934947
233.59048388380995,700.10522380381667,-997.56956100463901,32.460000000000001,-0.069140628393948508
233.60345811790128,700.60864093135365,-995.308399200439,32.490000000000002,-0.069015456571162925
233.61643604830746,700.80824193344267,-995.308399200439,32.490000000000002,-0.069097577490425693
233.62941151070987,700.67496972987692,-992.46335029602005,32.119999999999997,-0.069257277581748752
233.64238508873447,700.57321332937806,-992.98977851867699,32.119999999999997,-0.069382403872324194
233.65536104370375,700.70156834003899,-992.41590499877896,32.119999999999997,-0.069440924045656119
233.66833423264322,700.55220273171233,-992.41590499877896,32.119999999999997,-0.069366591051211707
233.68130370457155,700.35148412932244,-990.90313911438,32.119999999999997,-0.069262557145375145
233.6942748715062,700.4430144716797,-991.10960960388195,32.119999999999997,-0.069125181891109569
233.70725682419265,701.02544506882202,-991.10960960388195,32.57,-0.069025917392610256
233.72023689870989,700.92402392972701,-992.59257316589401,32.57,-0.069137758884792663
233.73321263947412,700.690001269258,-993.85809898376499,32.560000000000002,-0.069227161713005317
233.74618978343091,700.76577366611389,-990.52190780639603,32.560000000000002,-0.06934135324386366
233.75917142360623,701.00856946805982,-990.65232276916504,32.539999999999999,-0.069336910836121424
233.77215451871353,701.08713579421988,-990.65232276916504,32.539999999999999,-0.069207440440454071
233.78512710332839,700.51956920193675,-990.72265625,32.210000000000001,-0.069124707951313161
233.79810205867781,700.64758886875393,-992.68102645874001,32.210000000000001,-0.069079801647757136
233.8110795855111,700.78644899687981,-990.91625213623001,32.210000000000001,-0.069137295294063192
233.82405325460002,700.57813080257858,-990.91625213623001,32.210000000000001,-0.069215657810889966
233.83701487858275,699.92769506691786,-989.937782287598,32.479999999999997,-0.069187678810582381
233.84997254754938,699.71412419846808,-991.62125587463402,32.210000000000001,-0.069005960184375423
233.86293222920747,699.82280953616691,-992.28334426879906,32.359999999999999,-0.068777303935300932
233.87589156627652,699.80420172858476,-991.11795425415005,32.359999999999999,-0.068583842366462991
233.88884822734562,699.65969773212987,-991.11795425415005,32.259999999999998,-0.068621308439570858
233.90180920871606,699.89299400296647,-989.45975303649902,32.259999999999998,-0.068855208033947027
233.91477593945191,700.20345973698704,-990.78178405761696,32.210000000000001,-0.069096952469803685
233.92774153914692,700.14238353017231,-990.78178405761696,32.210000000000001,-0.069203539233860883
233.94070019531611,699.76743313595364,-991.53566360473599,32.32,-0.069145518872025816
233.95366270922963,699.97575133025475,-991.06717109680199,32.32,-0.069005274110538195
233.96662877769137,700.16769693406354,-992.52080917358398,32.32,-0.068835894473290846
233.97959272687655,700.05325599988259,-992.52080917358398,32.32,-0.068799763296488556
233.99255210430252,699.80638100190572,-994.26937103271496,32.189999999999998,-0.068933068670440634
234.00550948559382,699.69858973125736,-992.07186698913597,32.329999999999998,-0.06926663323382605
234.01846699830628,699.70568647228299,-989.62426185607899,32.100000000000001,-0.069571830746230953
234.03141668169886,699.28290319958592,-989.62426185607899,32.100000000000001,-0.069696699372794532
234.0443560232716,698.72444492774355,-992.24257469177201,32.090000000000003,-0.069566726063546289
234.05729523446053,698.71740420193453,-991.84489250183105,32.090000000000003,-0.069317096430517117
234.07024382096162,699.22367105964838,-991.84489250183105,32.469999999999999,-0.069153117429570005
234.08318919026175,699.04994220664116,-992.13743209838901,32.140000000000001,-0.06916370139273105
234.09613120266167,698.86866959557119,-992.55609512329102,32.509999999999998,-0.069287017815585217
234.10907945699134,699.20573380235385,-991.15562438964798,32.509999999999998,-0.069423952243241702
234.12202616532585,699.12225006344931,-991.790771484375,32.5,-0.069433276850764419
234.13496810529014,698.86475807146212,-991.790771484375,32.5,-0.069300621334055082
234.14790881073338,698.79809393459107,-992.81048774719204,32.509999999999998,-0.069004541470327099
234.1608522966913,698.94824172792687,-994.93432044982899,32.509999999999998,-0.068693807761190773
234.17379928442344,699.13733753560678,-994.66991424560501,32.119999999999997,-0.068591261903357251
234.18674576613586,699.11001246986029,-994.66991424560501,32.119999999999997,-0.068682167264684083
234.19968856291601,698.91102612925056,-995.24068832397495,32.140000000000001,-0.068844154269883537
234.21263339411851,699.02088493407484,-995.05877494812,32.140000000000001,-0.068993255909372192
234.22558038805917,699.13767279701062,-995.01991271972702,32.140000000000001,-0.069038070117193956
234.23851908701974,698.68974386928835,-995.01991271972702,32.140000000000001,-0.068946681502592394
234.25145653076424,698.62196220356418,-994.06385421752896,32.530000000000001,-0.068785557522229535
234.26440401934082,699.16438313532603,-994.32325363159202,32.530000000000001,-0.068672113119644967
234.2773621477605,699.73893466353752,-995.87702751159702,32.560000000000002,-0.068565620523415222
234.29031856875434,699.64673366646866,-995.87702751159702,32.560000000000002,-0.068570157098170686
234.30327302776291,699.5407864626975,-995.65887451171898,32.549999999999997,-0.068634590133844292
234.31623531505423,699.96351373117,-995.93949317932095,32.549999999999997,-0.06860199384312253
234.3291983618914,700.00452920824193,-996.18601799011196,32.210000000000001,-0.068501006397339387
234.34215071507651,699.42707199509289,-996.18601799011196,32.210000000000001,-0.068316402741378637
234.35510045745306,699.28608833406258,-995.77522277831997,32.210000000000001,-0.068202278472992484
234.36805305899011,699.44048300084728,-995.25713920593296,32.210000000000001,-0.068251191535115788
234.38100517830856,699.4144431963316,-996.04249000549305,32.25,-0.068345136111446922
234.39395818238518,699.46222013653733,-996.04249000549305,32.25,-0.068441474190031368
234.40691005542101,699.40114393521856,-1000.37622451782,32.329999999999998,-0.068475409514934915
234.41986590416911,699.615832398473,-1000.03623962402,32.329999999999998,-0.068421706349986705
234.4328261052988,699.85086100253773,-1000.03623962402,32.280000000000001,-0.068404458256705561
234.44577777758272,699.3903033310138,-999.16267395019497,32.229999999999997,-0.06833702325861786
234.4587303066827,699.43657139979416,-998.43478202819801,32.350000000000001,-0.068327944931672796
234.47169085240242,699.86946886507974,-997.81370162963901,32.119999999999997,-0.068428471891354925
234.48465267817164,699.93859153794722,-998.83246421813999,32.43,-0.068524411568571086
234.49761564119018,700.00000300066984,-998.83246421813999,32.43,-0.068528114093088663
234.5105799877395,700.07471366404957,-998.85272979736305,32.460000000000001,-0.06835441415452953
234.52355045307903,700.40512833370769,-998.98695945739701,32.460000000000001,-0.068122040895012115
234.53652262791113,700.49744093252218,-997.22719192504906,32.520000000000003,-0.068069911665053134
234.54949216503206,700.35500453069903,-997.22719192504906,32.520000000000003,-0.068131820815883481
234.56246369000985,700.46234880079828,-996.41776084899902,32.119999999999997,-0.068223294284732394
234.57543956736674,700.69737727295887,-997.01666831970203,32.119999999999997,-0.068261201182719125
234.58841944009879,700.91312753014552,-998.016357421875,32.159999999999997,-0.068338391266787674
234.60139716354573,700.79706613378585,-998.016357421875,32.159999999999997,-0.068300444012600034
234.61437616600747,700.86613293433277,-997.85280227661099,32.210000000000001,-0.068275426617284293
234.62736120964937,701.19235666331872,-1000.71883201599,32.210000000000001,-0.068169781524377193
234.64034755300364,701.26254113011851,-1000.71883201599,32.5,-0.068162666219598864
234.65332690005565,700.88474080786693,-1002.10857391357,32.5,-0.068365142991498332
234.66630342726918,700.7324695310906,-1000.77891349792,32.490000000000002,-0.06866940607617382
234.67928745783826,701.13765073095317,-999.87292289733898,32.490000000000002,-0.068856030702175608
234.69226552483954,700.81561806904745,-1001.4762878417999,32.450000000000003,-0.068805015956388119
234.70523996071725,700.61953739688704,-1001.4762878417999,32.450000000000003,-0.068582480566227025
234.71821530515061,700.66859940046754,-1002.39396095276,32.189999999999998,-0.068406032190575228
234.7311952047877,700.91458040284226,-1000.1540184021,32.189999999999998,-0.068327429600697528
234.74417032880859,700.65669712873864,-998.27075004577603,32.229999999999997,-0.068322422188433249
234.75714205453832,700.47318940500304,-998.31199645996105,32.229999999999997,-0.068305383126192873
234.77011728307409,700.66234093111564,-998.31199645996105,32.259999999999998,-0.068284470794028523
234.78309340775061,700.71073253280042,-998.92425537109398,32.259999999999998,-0.068238135427560812
234.79607266994816,700.88015866751812,-997.25937843322697,32.240000000000002,-0.068148837114003435
234.80904412973211,700.4588283334698,-997.25937843322697,32.240000000000002,-0.068006474110018839
234.82201727831489,700.55002346938318,-998.19827079772904,32.170000000000002,-0.06800745406883886
234.83499240233701,700.65669719469065,-997.59078025817905,32.170000000000002,-0.068124151891849297
234.84796322571731,700.42446253641822,-996.96898460388195,32.119999999999997,-0.068350207681147801
234.86092671545055,700.02844559526909,-996.96898460388195,32.119999999999997,-0.068444207103574517
234.87389457619017,700.26447993957731,-997.408628463745,32.530000000000001,-0.06841936355605456
234.8868638794458,700.34237580338561,-1001.32822990417,32.530000000000001,-0.068400656390793957
234.89982863474199,700.09678599519145,-1000.57983398438,32.57,-0.068442444833948166
234.91278936258638,699.87930359713698,-1000.57983398438,32.57,-0.068597133374316527
234.92575280575306,700.02593100008824,-1001.18470191956,32.590000000000003,-0.068766104263978417
234.9387186600099,700.15612986877852,-1002.0923614502,32.590000000000003,-0.068967493456756318
234.95167422936171,699.6007449977634,-1000.29468536377,32.189999999999998,-0.069253397070643208
234.96462410108893,699.29307326999105,-1000.29468536377,32.189999999999998,-0.069393457637812572
234.97757959283092,699.59655406808326,-998.57974052429199,32.189999999999998,-0.069370494327760768
234.9905458692877,700.17892866649674,-997.80106544494595,32.189999999999998,-0.069186319079589845
235.00350529741863,699.80911906988138,-997.92098999023403,32.439999999999998,-0.068955062370535794
235.01646777925424,699.97401912343491,-997.23029136657703,32.240000000000002,-0.068900616218141558
235.02943493218885,700.22625846875349,-997.23029136657703,32.32,-0.068979587198793116
235.04240682762597,700.48235360326044,-996.471166610718,32.32,-0.069047458883883472
235.05537075094077,700.05185899950663,-996.01817131042503,32.189999999999998,-0.069220597958646518
235.0683344548778,700.04001260009818,-995.65982818603504,32.189999999999998,-0.069350602311736897
235.08130032155316,700.15680046853026,-993.765830993652,32.090000000000003,-0.069466173235115267
235.09427320419135,700.53566246380183,-992.90823936462402,32.090000000000003,-0.069479460104278384
235.10724194865304,700.31220093051843,-994.734287261963,32.420000000000002,-0.069392049270897399
235.12020646387529,700.08382200097844,-994.734287261963,32.420000000000002,-0.069378612356191971
235.13317702751979,700.41043680323287,-996.24300003051803,32.119999999999997,-0.069467783387716753
235.14614927996422,700.5016319996023,-996.38724327087402,32.479999999999997,-0.069524193597153894
235.15911188493951,699.98066866605541,-994.41361427307095,32.509999999999998,-0.06954329605650808
235.17206546022715,699.49306553221243,-994.41361427307095,32.509999999999998,-0.069453121267064918
235.18502060737902,699.57794620004506,-994.81749534606899,32.119999999999997,-0.069348173629902587
235.19797543684697,699.56079127065573,-993.38150024414097,32.119999999999997,-0.069237543890887154
235.21092859614208,699.47060193544178,-994.79341506957996,32.100000000000001,-0.069110910925046676
235.22388380227781,699.58113132902577,-994.79341506957996,32.100000000000001,-0.069100234863810492
235.23684355533825,699.82666526489913,-995.35536766052201,32.509999999999998,-0.069160993314180186
235.24980738862465,700.04699746457879,-997.66206741332996,32.159999999999997,-0.069212672403542883
235.26276162618518,699.5288282691838,-995.84507942199696,32.590000000000003,-0.069234471560151056
235.27570460612591,698.92091679958037,-995.84507942199696,32.590000000000003,-0.069184663394879969
235.28864874814943,698.98366926944652,-993.34859848022495,32.159999999999997,-0.069221931819363508
235.30159637228522,699.17170333265835,-992.64764785766602,32.539999999999999,-0.069211301290133906
235.31453817565429,698.85738193036127,-994.27604675293003,32.520000000000003,-0.06917993020617276
235.3274819348012,698.96299393318463,-994.27604675293003,32.520000000000003,-0.069090165198173431
235.34043914845429,699.68953726664927,-994.13180351257301,32.210000000000001,-0.069039084224179259
235.35339999323085,699.8856179333136,-994.39740180969204,32.210000000000001,-0.06903404680376321
235.36635811544068,699.73859933068582,-994.39740180969204,32.189999999999998,-0.069057383677646578
235.37931542015676,699.6944546684017,-992.49744415283203,32.189999999999998,-0.06910177982460812
235.3922755364334,699.84627893913296,-992.49744415283203,32.25,-0.069234734401291714
235.40523833077779,699.99089459778918,-992.20013618469204,32.25,-0.069343042041659086
235.41819844084449,699.84594360078506,-992.79904365539505,32.25,-0.069334671521357735
235.43115313992723,699.55375046790266,-993.24941635131802,32.25,-0.069194239460210916
235.44411232901967,699.79621099195674,-993.42012405395496,32.170000000000002,-0.068969030139562446
235.45707434312354,699.94876160835224,-992.67816543579102,32.170000000000002,-0.068839852594510628
235.47003112112469,699.66601206281052,-992.81597137451195,32.140000000000001,-0.068822869409578005
235.4829876838877,699.65438920214876,-992.81597137451195,32.140000000000001,-0.06887909645865703
235.49595117258525,700.02838966798845,-993.25895309448197,32.420000000000002,-0.069017602751143325
235.50891379101353,699.98139512713578,-993.75009536743198,32.420000000000002,-0.069105114993431541
235.52187099845929,699.68920207119731,-992.06924438476597,32.490000000000002,-0.069154945927199479
235.53483003646906,699.78805252844688,-992.06924438476597,32.490000000000002,-0.069152292690978431
235.54779124549759,699.9052875403238,-992.12265014648403,32.579999999999998,-0.069053909845493713
235.56075223307656,699.89332926437032,-996.25611305236805,32.579999999999998,-0.068951114598484728
235.57370808182469,699.615832398473,-996.25611305236805,32.189999999999998,-0.06887737868453267
235.58666795906052,699.8333707348005,-996.004819869995,32.189999999999998,-0.068836337368430908
235.59963754792221,700.35779853145107,-994.96412277221702,32.5,-0.068884300482125058
235.61261002181357,700.51359013265994,-995.07451057434105,32.210000000000001,-0.068839594928463213
235.62557542696538,700.13187819836344,-994.07291412353504,32.259999999999998,-0.068707773461381114
235.6385372651531,699.93926213769896,-994.07291412353504,32.259999999999998,-0.068588981197109378
235.65150299523458,700.14942439887727,-995.82052230834995,32.280000000000001,-0.068400571536546606
235.66446689992344,700.05085319880698,-995.37539482116699,32.280000000000001,-0.068274374223341525
235.67742150794319,699.54883306615011,-994.35710906982399,32.189999999999998,-0.068187746736151925
235.69037635707156,699.56185293268391,-994.35710906982399,32.189999999999998,-0.0681286015435211
235.70333845499511,699.95328787088431,-994.46582794189396,32.119999999999997,-0.068132696259030442
235.716295928384,699.70356299983462,-997.83444404602005,32.119999999999997,-0.068076678240992186
235.72924645721105,699.32855666184719,-998.26216697692905,32.409999999999997,-0.067977589658005419
235.74219769280859,699.36672226584653,-998.33226203918503,32.409999999999997,-0.067952968594509208
235.75515043714816,699.44819433740008,-998.33226203918503,32.5,-0.067988278137043084
235.76809866560868,699.20433686792978,-998.61097335815396,32.5,-0.068110183088557152
235.78104187837903,698.93348959961304,-998.59309196472202,32.119999999999997,-0.068150713211966946
235.79398643639377,699.00613279476897,-999.38392639160202,32.57,-0.068194181140659602
235.80693658855185,699.30821653752525,-1000.05412101746,32.159999999999997,-0.068260342295758725
235.81988779827898,699.36532526547046,-1000.20027160645,32.159999999999997,-0.068347258492837862
235.83283714432719,699.26468660267221,-1001.15060806274,32.210000000000001,-0.06845158938706436
235.84578657522843,699.26926866607698,-1001.15060806274,32.210000000000001,-0.068556843325382519
235.85874155370746,699.56883786861215,-1001.50156021118,32.259999999999998,-0.068653311787371135
235.87169550566173,699.51340553012642,-1001.36208534241,32.259999999999998,-0.068765182254661134
235.88464283798268,699.15594533219689,-1000.81014633179,32.159999999999997,-0.068782423104623389
235.89759263830865,699.28921760171454,-1001.79076194763,32.159999999999997,-0.068723928803602563
235.91054841565551,699.61197673019672,-1001.79076194763,32.119999999999997,-0.068548532823420216
235.92350205613454,699.4965858676369,-1003.08036804199,32.119999999999997,-0.068322301117489631
235.93645593048021,699.50921466639807,-1004.11057472229,32.140000000000001,-0.068220523083112203
235.94941829538143,699.96770466634621,-1004.11057472229,32.140000000000001,-0.068287329954422757
235.96238700672973,700.31041280740976,-1003.38077545166,32.590000000000003,-0.06849710829466224
235.97535070342354,700.03962146637377,-1002.34746932983,32.590000000000003,-0.068677899738494225
235.98830847587038,699.71971212852441,-1004.75716590881,32.560000000000002,-0.068642632621302921
236.00126219395932,699.50077680281299,-1004.75716590881,32.560000000000002,-0.068534411903204986
236.01421756876783,699.59023966045856,-1006.76155090332,32.520000000000003,-0.068443857339757316
236.02717398251977,699.64634260419211,-1008.16535949707,32.520000000000003,-0.068448638129714551
236.04012857087778,699.54777133267385,-1009.24277305603,32.189999999999998,-0.068627194397676811
236.05308684313457,699.74670186691503,-1009.24277305603,32.189999999999998,-0.068905491174501357
236.06605396399016,700.2245262014776,-1011.06476783752,32.229999999999997,-0.069204790310082837
236.07901593877168,699.94663820185565,-1010.06293296814,32.229999999999997,-0.069390481544554475
236.09197143672233,699.59688933498308,-1007.39002227783,32.229999999999997,-0.069416139481191949
236.1049333018149,699.94071499940355,-1006.78753852844,32.229999999999997,-0.069437184267835905
236.1178946143223,699.91087539893226,-1006.78753852844,32.259999999999998,-0.069416269866224567
236.13085893500124,700.07331666367349,-1006.96325302124,32.259999999999998,-0.069448403599159228
236.14382478822472,700.15607406790582,-1007.16066360474,32.210000000000001,-0.069490284141711683
236.15679345507539,700.30800993488629,-1006.11019134521,32.210000000000001,-0.069497259747368395
236.16976483725063,700.45463746424548,-1005.4638385772701,32.310000000000002,-0.069494880736638204
236.18273539986046,700.41038093091231,-1006.00528717041,32.119999999999997,-0.069347681063353067
236.1957012541173,700.15612986877852,-1005.4714679718001,32.450000000000003,-0.069147577094249943
236.20867246037531,700.44513793313627,-1005.4714679718001,32.450000000000003,-0.069042846767341223
236.22165215822591,700.90368393181279,-1005.93876838684,32.090000000000003,-0.069084071243801087
236.2346323496765,700.93033833185564,-1007.06267356873,32.509999999999998,-0.069228216177514637
236.24760875374943,700.7258199390061,-1009.80615615845,32.549999999999997,-0.069470162400380731
236.26058324033204,700.62227545936651,-1009.80615615845,32.549999999999997,-0.069612793416935215
236.27356184646541,700.8447312029424,-1008.89587402344,32.140000000000001,-0.069682681933376192
236.28652953853214,700.25537160264844,-1008.83173942566,32.140000000000001,-0.069646521781975196
236.29949352186549,700.0551000008079,-1008.83173942566,32.189999999999998,-0.069629703130342252
236.31246374092217,700.39182906160272,-1008.39495658875,32.189999999999998,-0.069654324196179354
236.32543755902219,700.58617740053512,-1007.47489929199,32.520000000000003,-0.069800980596018691
236.33841237777659,700.640212738645,-1006.78849220276,32.189999999999998,-0.069985518024586968
236.35138533181609,700.53951813207834,-1005.41949272156,32.439999999999998,-0.070060315644942361
236.36436665327165,700.9913586003978,-1005.41949272156,32.439999999999998,-0.070040215634585873
236.377345104184,700.83634926663808,-1007.23099708557,32.359999999999999,-0.069920350278949953
236.39031868117536,700.57315753400133,-1007.07602500916,32.359999999999999,-0.069763508314264519
236.40329828796297,700.89876653006013,-1006.80899620056,32.310000000000002,-0.069797768567891202
236.41628382624077,701.21906700163402,-1006.80899620056,32.310000000000002,-0.069931418531686801
236.42927020891727,701.26466453111891,-1006.53767585754,32.32,-0.070146043888258208
236.44224984157412,700.90016346998038,-1004.87542152405,32.32,-0.070282421592030367
236.45522388008769,700.59807973272029,-1003.84211540222,32.420000000000002,-0.070339360584611516
236.46820408499136,700.93106479843198,-1003.00145149231,32.420000000000002,-0.070225691630286441
236.48118065773579,700.73492819899093,-1003.00145149231,32.490000000000002,-0.070067654466686807
236.49415312438393,700.51319899893542,-1006.61611557007,32.490000000000002,-0.069933674401822826
236.5071288589383,700.68966593640607,-1005.53178787231,32.119999999999997,-0.069934306665254853
236.52011534509498,701.27025246117523,-1005.53178787231,32.119999999999997,-0.070073430735858463
236.53310359869496,701.36569439908931,-1006.0293674469,32.140000000000001,-0.070282970036905423
236.54608507640614,700.99979640352672,-1002.64692306519,32.140000000000001,-0.070382300763102534
236.55906536512958,700.93559106646001,-1003.2973289489699,32.159999999999997,-0.070306685649510023
236.57204555658018,700.93033833185564,-1003.2973289489699,32.159999999999997,-0.070090157290128727
236.585021207316,700.68513973432994,-1003.09944152832,32.490000000000002,-0.069894066286916079
236.59798996419508,700.31287146981413,-1002.4893283844,32.490000000000002,-0.069852684519966554
236.61095681186299,700.20977406766781,-1003.07941436768,32.450000000000003,-0.069970577540873422
236.62392467260364,700.2644799945374,-1002.38728523254,32.450000000000003,-0.070121083408586818
236.63689085075433,700.17362013651575,-1001.43098831177,32.329999999999998,-0.070274349095300434
236.64984964972592,699.77514446701048,-1001.43098831177,32.329999999999998,-0.070334907827904122
236.66280297148518,699.47937499997488,-999.83406066894497,32.229999999999997,-0.070324191409143921
236.67576505078279,699.95228207018465,-997.58386611938499,32.229999999999997,-0.070237491486628001
236.68873172253336,700.20027453106241,-997.93934822082497,32.259999999999998,-0.070184553041219858
236.70169326890615,699.92350413174154,-998.66652488708496,32.280000000000001,-0.070202932175062613
236.71466044771236,700.22765553508157,-1000.4818439483601,32.369999999999997,-0.07031981522828526
236.72763384982096,700.56371386422063,-1000.4818439483601,32.369999999999997,-0.07041366874294408
236.7406055372617,700.47112179937915,-1000.84590911865,32.100000000000001,-0.070397094305596916
236.75356609643327,699.87019526570407,-999.70412254333496,32.100000000000001,-0.070308874257173873
236.76652864966914,699.97787473675135,-997.63989448547397,32.090000000000003,-0.070269503113132223
236.77949013188513,699.92003966314167,-997.63989448547397,32.090000000000003,-0.070225624368017811
236.7924460903223,699.62175560642129,-995.39709091186501,32.530000000000001,-0.070222322311160407
236.80539963352967,699.49133319898442,-997.32112884521496,32.140000000000001,-0.070172851490581944
236.81835032378643,699.33727386505166,-999.01986122131302,32.549999999999997,-0.070158162464371288
236.83130055355556,699.3124075331574,-999.01986122131302,32.549999999999997,-0.070202356825544737
236.84425418058152,699.49585940106056,-998.12316894531205,32.159999999999997,-0.070182725579484309
236.85720376773824,699.27770646371005,-995.54085731506302,32.530000000000001,-0.070128292879157048
236.87015850510866,699.55581800207847,-997.29537963867199,32.409999999999997,-0.070148161094657671
236.88312212419135,700.03543046524555,-997.29537963867199,32.409999999999997,-0.070251258503317843
236.89608457394814,699.97228686715084,-997.24292755126896,32.280000000000001,-0.070423175477068292
236.90904590508148,699.91188119963181,-995.45073509216297,32.280000000000001,-0.070591040162382199
236.92200550912963,699.81861860099048,-996.60253524780296,32.369999999999997,-0.070677717319556368
236.93496552295935,699.84074680445315,-996.60253524780296,32.369999999999997,-0.070791123434267453
236.94792278110987,699.69194012818093,-996.23727798461903,32.100000000000001,-0.070897080003830729
236.96087420607651,699.37694819758008,-993.34812164306595,32.530000000000001,-0.070997119570428147
236.97383143939132,699.69059900012542,-993.26753616332996,32.159999999999997,-0.07103960029820322
236.98678910732227,699.71406827118744,-993.26753616332996,32.159999999999997,-0.07109249010616206
236.99974592361232,699.66807966293834,-995.31650543212902,32.210000000000001,-0.071207141090179019
237.01270230528399,699.64461027096422,-995.31650543212902,32.210000000000001,-0.07127743628292646
237.0256627930531,699.86633953147577,-994.33040618896496,32.420000000000002,-0.071257289704974761
237.03862400104575,699.90523160205134,-994.72022056579601,32.259999999999998,-0.071171813954648652
237.05158450226793,699.867065998052,-994.515419006348,32.25,-0.071059060799773227
237.0645427217506,699.74385206529018,-993.65687370300304,32.25,-0.071005297618521521
237.07750118234071,699.75687186587209,-994.35949325561501,32.159999999999997,-0.07093367063257032
237.0904623261753,699.90176706749946,-994.35949325561501,32.159999999999997,-0.070802868446243644
237.10342252109632,699.85052573563769,-995.68438529968296,32.409999999999997,-0.0706792477933091
237.11637468077282,699.41662253010861,-996.48284912109398,32.140000000000001,-0.07066292688281002
237.12933008766058,699.59197193872649,-994.584560394287,32.530000000000001,-0.070716405494491055
237.14228594986045,699.61655879360148,-994.584560394287,32.530000000000001,-0.07078140353041204
237.15523587332842,699.29586727074309,-993.49808692932095,32.170000000000002,-0.070822106467352139
237.16818512210367,699.25943386257188,-995.01204490661598,32.549999999999997,-0.070891052276545519
237.18114284901969,699.71725346612004,-996.15979194641102,32.439999999999998,-0.070996890878674113
237.19410127649755,699.75508380321946,-995.48649787902798,32.439999999999998,-0.071026316533465014
237.20706053595555,699.8000107329525,-994.20213699340798,32.229999999999997,-0.070998403760448109
237.22002236896913,699.93898273212756,-997.64800071716297,32.229999999999997,-0.07097272926701341
237.23299161944939,700.33952593580887,-998.135805130005,32.259999999999998,-0.070994286280309474
237.24596396295553,700.50654932990687,-996.14548683166504,32.259999999999998,-0.071071071756398999
237.25893502020125,700.43709126922761,-996.14548683166504,32.409999999999997,-0.071049927629175239
237.27190205620369,700.21994413257676,-996.13881111144997,32.409999999999997,-0.071013446689573517
237.28487293856799,700.42764767089488,-996.41084671020496,32.140000000000001,-0.070948206508915507
237.29784651659381,700.57321339532996,-996.41084671020496,32.140000000000001,-0.070866635068793288
237.31081151920864,700.11014120007326,-996.45638465881302,32.479999999999997,-0.070739104929543814
237.32377459812463,700.00626146452589,-997.57981300354004,32.159999999999997,-0.070595737132561148
237.33673976941236,700.11924953700213,-998.94213676452603,32.57,-0.070502154735304259
237.34970403835189,700.07052273436932,-998.39210510253895,32.170000000000002,-0.07048101164377088
237.36266303186667,699.78564979881924,-998.39210510253895,32.509999999999998,-0.0704228257145742
237.3756225376074,699.81330999956151,-998.51179122924805,32.509999999999998,-0.070371186980394643
237.388592438979,700.37467406626138,-998.51179122924805,32.210000000000001,-0.07028887255292815
237.40156178052229,700.34444333756142,-1000.00500679016,32.280000000000001,-0.070336336890205159
237.41452574419503,700.05403832778768,-1002.2773742675799,32.159999999999997,-0.070461823294886067
237.4274887589531,700.00279693547009,-1001.34038925171,32.159999999999997,-0.070583510937062527
237.44045567077907,700.21323860221969,-1001.05547904968,32.369999999999997,-0.070635837812999633
237.45341988797784,700.06772873361717,-1001.05547904968,32.369999999999997,-0.070637357937685427
237.46638168684322,699.93713873120237,-1001.16443634033,32.119999999999997,-0.070573846913161098
237.47934242813957,699.88003000325727,-1001.42860412598,32.469999999999999,-0.070555797881506288
237.49230598823954,700.0322453967209,-1001.3964176178,32.539999999999999,-0.07057141305745486
237.50527056865428,700.08734239685896,-1001.3964176178,32.539999999999999,-0.070643285289209337
237.51822758672972,699.67897607351165,-1001.07049942017,32.140000000000001,-0.070729220492694075
237.53118439060125,699.6674090631866,-1000.16808509827,32.140000000000001,-0.070766494092169063
237.54414263077902,699.74496959963903,-998.79956245422397,32.189999999999998,-0.070707219548974673
237.5571040798803,699.91825146858514,-998.23427200317406,32.189999999999998,-0.07062994771416771
237.57006274122347,699.76771253053278,-999.69124794006302,32.210000000000001,-0.070524490955388847
237.5830264575778,700.04068313389803,-1001.20210647583,32.210000000000001,-0.070478655397771761
237.59599423449876,700.2599537320051,-1002.1629333496099,32.369999999999997,-0.070437886234660546
237.60895480608772,699.87086580499977,-1003.85427474976,32.369999999999997,-0.070457888973578867
237.62190849209887,699.49904460148912,-1003.85427474976,32.210000000000001,-0.070472850153797853
237.63486406765924,699.60108025916725,-1004.96578216553,32.210000000000001,-0.070469668135145228
237.64781614869011,699.41237566765176,-1005.69987297058,32.100000000000001,-0.070447987980033683
237.66076394874202,699.18120280331163,-1005.69987297058,32.100000000000001,-0.070344578060960741
237.67371618499385,699.42075759846023,-1005.48815727234,32.5,-0.070226996515794046
237.68667568556182,699.81303067093415,-1005.05828857422,32.5,-0.07027350469569027
237.69964229212101,700.19675419563782,-1004.98485565186,32.57,-0.070468773030979676
237.71260571666051,700.02492513343668,-1005.33103942871,32.57,-0.070670163258430188
237.72556151366911,699.61303846367286,-1005.99646568298,32.579999999999998,-0.070774323409998272
237.73852001254809,699.75893946599979,-1004.42504882813,32.579999999999998,-0.070761408036033951
237.75148191696292,699.94283840040407,-1002.32601165771,32.170000000000002,-0.07077377496491967
237.76443755771609,699.60460067153588,-1002.32601165771,32.170000000000002,-0.07073905836398417
237.77739230232962,699.55620913030702,-1001.07359886169,32.170000000000002,-0.070665810878603658
237.79035589554204,700.03403347036533,-1002.84934043884,32.170000000000002,-0.07060484857096333
237.80332118997157,700.12589919503864,-1003.83472442627,32.189999999999998,-0.070614486725505202
237.81628878476664,700.25011893399608,-1003.83472442627,32.189999999999998,-0.070733378329644284
237.82925669103827,700.26693866793357,-1003.26752662659,32.509999999999998,-0.070855515077235545
237.84223208100494,700.67105820027189,-999.79710578918503,32.509999999999998,-0.070890839108849885
237.85521125938283,700.87563240498605,-1001.83844566345,32.310000000000002,-0.070923078390807096
237.86819247011488,700.985379531121,-1001.83844566345,32.310000000000002,-0.070974784384812611
237.8811725777469,700.9258121297795,-1004.07695770264,32.140000000000001,-0.071045084752856841
237.8941516319494,700.86892693508491,-1003.28898429871,32.140000000000001,-0.071126736907314664
237.90713220627782,700.95101373406942,-1003.28898429871,32.43,-0.071214351595727185
237.92010308864198,700.42764766539892,-1003.4167766570999,32.43,-0.071325215199961448
237.93306543388272,699.96664299882195,-1003.94654273987,32.140000000000001,-0.071415136464693843
237.94602725240873,699.93820040422258,-1001.21808052063,32.549999999999997,-0.071416856306636745
237.95899636112094,700.33187046058481,-1001.21808052063,32.560000000000002,-0.071445647625800648
237.97196465130486,700.2876699314761,-1001.27649307251,32.560000000000002,-0.071524917664798016
237.98493197291236,700.23536680568225,-1001.27649307251,32.140000000000001,-0.071691983482304808
237.9979076484839,700.68648086238534,-1000.12540817261,32.140000000000001,-0.071815016368734219
238.01088743739626,700.90860126761345,-999.478578567505,32.210000000000001,-0.071748624451212745
238.0238638994185,700.7289492011621,-999.478578567505,32.210000000000001,-0.071609922581482868
238.03683893962096,700.6521709321587,-1000.00977516174,32.210000000000001,-0.071451945437850745
238.04981955327048,700.95313707461389,-997.16806411743198,32.210000000000001,-0.071440944447382526
238.06280216719509,701.06115192797688,-997.02286720275902,32.460000000000001,-0.071601928729030886
238.07578133833084,700.87524133171758,-997.73597717285202,32.460000000000001,-0.071709514077745201
238.08875444862593,700.54795593520737,-998.76832962036099,32.329999999999998,-0.071819420489926081
238.10172510333334,700.41535419948957,-999.35007095336903,32.329999999999998,-0.071881022303197775
238.1146935942692,700.29851053568086,-998.70944023132301,32.189999999999998,-0.071929731510085998
238.12765888248896,700.12556386768279,-998.70944023132301,32.189999999999998,-0.071905165289835593
238.14062114391112,699.96211679674593,-997.40099906921398,32.329999999999998,-0.071812863978987965
238.1535841327987,700.00139992959794,-1000.30422210693,32.329999999999998,-0.071787590988700259
238.16655315665679,700.32728833672411,-1000.14281272888,32.43,-0.071825014633717571
238.17951943828888,700.17920813252397,-1000.14281272888,32.43,-0.071832035771787997
238.1924906062581,700.44307033850453,-998.88372421264603,32.090000000000003,-0.071749395380111533
238.20546740045188,700.74688646395259,-998.51870536804199,32.450000000000003,-0.071567272146841554
238.21844004198024,700.52264253131614,-999.16195869445801,32.119999999999997,-0.071384013733098217
238.23140044489634,699.861757468071,-999.16195869445801,32.119999999999997,-0.071210309655339782
238.24436249211479,699.95054979741269,-998.79813194274902,32.140000000000001,-0.07105719298173499
238.25732410988886,699.92735980001805,-996.85192108154297,32.140000000000001,-0.07093658774277263
238.27028197236422,699.72457366894844,-996.80781364440895,32.189999999999998,-0.070918593556195633
238.28323630823087,699.53413679916491,-997.88784980773903,32.189999999999998,-0.070955494625799226
238.29619580776307,699.81297473815766,-997.07388877868596,32.5,-0.071003845789046741
238.30916089523211,700.11472332942992,-995.68486213684105,32.5,-0.071026017476136988
238.32213199800864,700.43954993163197,-996.03581428527798,32.280000000000001,-0.071016234448601598
238.33509879290244,700.20692426604296,-996.50025367736805,32.280000000000001,-0.0710350844184265
238.34806743388393,700.30661300046222,-996.50025367736805,32.170000000000002,-0.071020241205845769
238.36103882847539,700.45530793758928,-996.54078483581497,32.170000000000002,-0.07096464952625213
238.37401340094686,700.62691346104396,-997.01666831970203,32.380000000000003,-0.070923048381841117
238.38698253449502,700.33321159963225,-997.01666831970203,32.380000000000003,-0.070916576724946792
238.39995480039011,700.50235833427473,-997.11084365844704,32.100000000000001,-0.070975095861061682
238.41292873542349,700.59249180266397,-996.87647819518997,32.460000000000001,-0.071053221407430478
238.42589191264571,700.01157000000296,-996.03915214538597,32.539999999999999,-0.071043978548610637
238.43884727400246,699.5895132653302,-996.03915214538597,32.539999999999999,-0.070996577334402941
238.45179980413826,699.43662733257088,-995.95451354980503,32.140000000000001,-0.070936621891243237
238.46475014359632,699.31833073560961,-996.45566940307594,32.140000000000001,-0.070812868782200653
238.47769925577788,699.25205780391104,-995.85413932800304,32.189999999999998,-0.070762990249727126
238.49064606759256,699.12783799350552,-995.07904052734398,32.189999999999998,-0.070732855754434124
238.50359655709761,699.32643327183882,-995.67651748657204,32.159999999999997,-0.070803880484494403
238.51654768300486,699.36079899194635,-997.16258049011196,32.159999999999997,-0.070823322359820196
238.5294978020506,699.30642846937656,-996.52123451232899,32.530000000000001,-0.070794399620543971
238.54244345178151,699.0650854686794,-996.52123451232899,32.530000000000001,-0.070763103042475684
238.55539381814452,699.31978360281028,-994.51708793640103,32.439999999999998,-0.07073845093340711
238.56834977761736,699.62181153370193,-993.89910697937,32.439999999999998,-0.070727187105258674
238.5813063020926,699.65232166247699,-996.86098098754906,32.329999999999998,-0.070697545177532975
238.59425686299755,699.33028886866725,-996.86098098754906,32.329999999999998,-0.070635955780536094
238.60720827451232,699.37622179695575,-993.30115318298294,32.259999999999998,-0.070702286644231685
238.62015830870257,699.301846274068,-993.97063255310104,32.259999999999998,-0.070697251292448415
238.63310148318649,698.93142213138935,-996.10900878906205,32.32,-0.070650906612400588
238.64603830397903,698.58832279614512,-996.99854850768997,32.32,-0.070512545190872258
238.65898105626297,698.90862333367102,-994.90761756896995,32.350000000000001,-0.070310126368882661
238.67193079863944,699.28608832856662,-993.74485015869095,32.350000000000001,-0.070139005158310841
238.68488356781481,699.44953547095145,-995.43881416320801,32.119999999999997,-0.070062441129638678
238.69783455092096,699.3530877323376,-997.09630012512196,32.119999999999997,-0.069958274769933174
238.71078800927413,699.48675106962776,-997.09630012512196,32.079999999999998,-0.069944593641043745
238.72374331889012,699.58671926457805,-996.80352210998501,32.079999999999998,-0.069920023282102922
238.73669456897528,699.36750459924747,-996.23560905456497,32.119999999999997,-0.06993489546928236
238.74963647582467,698.86296986591356,-995.95403671264603,32.119999999999997,-0.069877560146611922
238.76258038501732,698.97109640346184,-996.64044380188,32.530000000000001,-0.06975525576119429
238.77552809297157,699.17622952923841,-999.92179870605503,32.530000000000001,-0.069619399598468579
238.78847231984932,698.9882513988033,-999.85432624816895,32.590000000000003,-0.069558852248281317
238.8014112982074,698.70483133594985,-999.85432624816895,32.590000000000003,-0.069583748570312548
238.81435392631477,698.90191779781776,-999.50122833251896,32.5,-0.069606092034733807
238.82730197989261,699.19489320364517,-1001.41167640686,32.5,-0.069532439939542265
238.84025109207417,699.25205780391104,-1000.7631778717,32.259999999999998,-0.069507288021114166
238.85320470564938,699.49513306089216,-1000.7631778717,32.259999999999998,-0.069509017178265617
238.86616460254569,699.83443240232452,-998.08812141418503,32.259999999999998,-0.06956958418865726
238.8791292471185,700.09080693141073,-998.04353713989303,32.259999999999998,-0.069606065128462541
238.89209046235558,699.90562280172765,-998.04353713989303,32.299999999999997,-0.069652443958507643
238.905048617679,699.74038746478641,-997.82276153564396,32.299999999999997,-0.069673969926943788
238.91800972839999,699.89997893339887,-998.06118011474598,32.229999999999997,-0.069702390787922397
238.93097210054566,699.96809586602274,-999.89819526672397,32.229999999999997,-0.069654121373581318
238.94393484211605,699.98804480166029,-1000.643491745,32.189999999999998,-0.069623907200050225
238.95689701144076,699.95714353366463,-1000.643491745,32.189999999999998,-0.069634192105679685
238.96986047426915,700.02699273356438,-1000.86283683777,32.140000000000001,-0.069750711943018157
238.98282745853086,700.21715013182472,-1001.1100769042999,32.140000000000001,-0.069862203672808237
238.99579206481599,700.08873939723503,-1000.65803527832,32.469999999999999,-0.069911973550918299
239.00875583291108,700.04347713465006,-1000.65803527832,32.469999999999999,-0.069871973246953559
239.021727968421,700.49531753701763,-1001.18207931519,32.549999999999997,-0.069812680077006056
239.03470569807658,700.79740140068589,-1003.27253341675,32.549999999999997,-0.069798459816516348
239.04768353741977,700.80332453169001,-1003.03101539612,32.560000000000002,-0.0698557630586365
239.06066253988274,700.86613300028466,-1002.01892852783,32.560000000000002,-0.069900734556642599
239.07364006775069,700.78650486920037,-1002.01892852783,32.159999999999997,-0.069960576170549141
239.08661643870983,700.72403179391347,-1002.32648849487,32.159999999999997,-0.070080616407737453
239.09958622314815,700.36835966962872,-1001.09529495239,32.189999999999998,-0.070108742349060657
239.11255071250125,700.08242506655438,-1001.09529495239,32.189999999999998,-0.070039456089223059
239.12552010681853,700.3472931336903,-1001.12199783325,32.5,-0.069867870252434933
239.13849843976416,700.82997906363676,-1001.62220001221,32.259999999999998,-0.069672114526096368
239.15147594176173,700.78510786882441,-1000.49805641174,32.369999999999997,-0.069565214215630666
239.16445584657288,700.91485980291748,-999.75872039794899,32.369999999999997,-0.069535315657853286
239.17743939699383,701.11172273153488,-998.93832206726097,32.210000000000001,-0.069488527045855467
239.19042481833827,701.21275259950539,-1000.04553794861,32.210000000000001,-0.069395078138259667
239.2034051329309,700.93698800088407,-1000.95224380493,32.140000000000001,-0.069206081743828807
239.21638540820126,700.93486459988367,-1000.53691864014,32.140000000000001,-0.069088040747233723
239.22936526851487,700.91245693588996,-1001.02305412292,32.43,-0.069061450452822706
239.24234053533942,700.66440852574749,-1002.93707847595,32.43,-0.069057172578380149
239.25530544689136,700.10522380381667,-1005.3951740264901,32.509999999999998,-0.069070702625324429
239.26826720125931,699.93473586967093,-1005.3951740264901,32.509999999999998,-0.069107646122204366
239.28122818263085,699.89299406342252,-1005.91683387756,32.119999999999997,-0.069143565164762305
239.29419024226539,699.95122026526042,-1002.3193359375,32.549999999999997,-0.069224064548294717
239.30715098252719,699.87997413643257,-1002.3193359375,32.189999999999998,-0.069179108573125675
239.32011569953582,700.09471846651184,-1003.40056419373,32.189999999999998,-0.069179033031644216
239.33308596412351,700.39428773499901,-1005.79571723938,32.159999999999997,-0.06913027415650165
239.34605498798149,700.32728833122815,-1002.7351379394501,32.159999999999997,-0.069035515188406782
239.35902177045813,700.2062537377393,-999.63355064392101,32.210000000000001,-0.068952177340985563
239.37198553855188,700.04347706320209,-999.63355064392101,32.210000000000001,-0.068849731856776009
239.38494881925428,700.01715793005928,-999.10020828247104,32.43,-0.068763478968192349
239.39790802076422,699.79688153674851,-1000.81825256348,32.43,-0.068676499649163447
239.410862128974,699.52184332775948,-1000.8914470672599,32.280000000000001,-0.068522568583896701
239.42381978966296,699.71367720341493,-1000.8914470672599,32.280000000000001,-0.068430360405796808
239.4367865793827,700.20664486596775,-999.02963638305698,32.159999999999997,-0.068407044228622427
239.44974808643215,699.9213806702852,-997.12109565734897,32.159999999999997,-0.068530912200165897
239.46271254991484,700.08102806617831,-998.08406829833996,32.390000000000001,-0.068686905626754308
239.47568008572716,700.24693386547131,-998.08406829833996,32.390000000000001,-0.068699371897034053
239.48865391727895,700.5869037956636,-999.79186058044399,32.100000000000001,-0.06860254746288727
239.50162874224324,700.64054807149682,-1000.98347663879,32.479999999999997,-0.068467824409254141
239.51460580858887,700.76158266498567,-999.90820884704601,32.520000000000003,-0.068321009683845427
239.52758084258278,700.65183567075474,-999.90820884704601,32.520000000000003,-0.068339968306710713
239.54055859086418,700.79840719588935,-999.89247322082497,32.119999999999997,-0.068485861023107483
239.55353236964197,700.58405399953472,-1001.29675865173,32.119999999999997,-0.068711435628883544
239.56649448826047,699.9544053997372,-1001.29675865173,32.140000000000001,-0.068850667318465592
239.57944788142223,699.48323073420318,-1000.36406517029,32.140000000000001,-0.068858211032153283
239.59240227523838,699.53726607231306,-999.40490722656205,32.119999999999997,-0.068781679082301192
239.60535594779623,699.49831812392085,-1000.59485435486,32.119999999999997,-0.068591773096150985
239.61830543664573,699.27239787327312,-1000.59485435486,32.57,-0.068348481629642605
239.63125983046169,699.53726606132091,-1000.03099441528,32.57,-0.068263567776665618
239.64421591307521,699.62846113128239,-999.23300743103005,32.539999999999999,-0.068245637747219881
239.65717413980124,699.74424320451078,-997.48468399047795,32.539999999999999,-0.068265894014207643
239.67013575136676,699.92702453861421,-996.67978286743198,32.530000000000001,-0.068206051364712486
239.68310015586539,700.07784292620556,-996.67978286743198,32.530000000000001,-0.068018746872298433
239.69606552273086,700.1298107356356,-996.18864059448197,32.210000000000001,-0.067846821620760028
239.70903136250004,700.15534753537747,-996.07276916503895,32.210000000000001,-0.067735970434021908
239.72199300718017,699.92881272767465,-996.07276916503895,32.210000000000001,-0.067701725703130503
239.7349550926852,699.95261727113257,-995.40090560913097,32.210000000000001,-0.067812509627091122
239.74791782804687,699.98770952926429,-995.88704109191895,32.240000000000002,-0.067953112431812346
239.7608703768087,699.4376331387665,-993.96848678588901,32.240000000000002,-0.06808981506359521
239.77382040479131,699.30151106212804,-991.78028106689396,32.310000000000002,-0.06810639881431893
239.78677348544204,699.46635513893705,-991.78028106689396,32.310000000000002,-0.067991421867924007
239.79972544954077,699.40606133147526,-993.08609962463402,32.25,-0.067837190710656609
239.81267413331352,699.22892372830086,-995.88036537170399,32.25,-0.067739442197440228
239.82562873512472,699.54849780474626,-995.738744735718,32.159999999999997,-0.067789014428554381
239.83859394573457,700.12137293250657,-994.05837059020996,32.159999999999997,-0.06795371779049976
239.85156397645684,700.38165900218962,-994.05837059020996,32.399999999999999,-0.068115027000769476
239.86452974482597,700.15149193305319,-994.68612670898403,32.399999999999999,-0.068219435504906653
239.8774905575234,699.88388566054164,-996.60539627075195,32.520000000000003,-0.068171702118249813
239.89045262336799,699.95155560910428,-995.06664276123001,32.520000000000003,-0.068068392574938172
239.90341483925806,699.9596580628936,-993.24202537536598,32.57,-0.068052907785039987
239.91637124059136,699.64567199894441,-994.88568305969204,32.57,-0.068030854066300425
239.92932556300494,699.53341033258857,-996.18411064147904,32.189999999999998,-0.068118033101874004
239.94228037177652,699.55967366485879,-995.53275108337402,32.189999999999998,-0.068200920811446936
239.95524006688765,699.82353600274325,-994.32945251464798,32.189999999999998,-0.068217113406563931
239.96819391536175,699.5078176000701,-994.911670684814,32.189999999999998,-0.068158224845715015
239.98115125836549,699.69652220257751,-995.22185325622604,32.259999999999998,-0.067981460855429082
239.99411505233087,700.04487412953029,-995.22185325622604,32.259999999999998,-0.067794384020808909
240.00708627824937,700.44619960066041,-995.00679969787598,32.159999999999997,-0.06776603249134236
240.02006053200245,700.6097026648298,-995.55659294128395,32.159999999999997,-0.067787312178386641
240.03303213458881,700.46653966452652,-995.55659294128395,32.119999999999997,-0.067906523536766308
240.04601464606799,701.05561987573731,-994.38929557800304,32.119999999999997,-0.067932121454861161
240.05898981458634,700.65909999027042,-994.25339698791504,32.119999999999997,-0.067740493557321063
240.07194969182228,699.83337074029623,-995.41568756103504,32.119999999999997,-0.067461238553261652
240.08490505317903,699.5895132653302,-997.70212173461903,32.490000000000002,-0.067188028866939503
240.09786033071603,699.58498699730205,-996.92082405090298,32.490000000000002,-0.067028142511952951
240.11081482180251,699.54251866951745,-995.14579772949196,32.520000000000003,-0.067059918202366467
240.12376457038891,699.28642366691452,-995.49841880798294,32.520000000000003,-0.067104888665801735
240.13671294889508,699.21243933271103,-996.74510955810501,32.57,-0.067140861516932868
240.14966458806549,699.38851520240917,-996.74510955810501,32.57,-0.067091330678422462
240.16261483749625,699.31346926113758,-997.57719039917004,32.189999999999998,-0.066920632703193428
240.17556435221613,699.27379487364919,-998.685121536255,32.189999999999998,-0.066730508374050784
240.18851799890371,699.49692112904074,-1000.25105476379,32.159999999999997,-0.066610397770576035
240.20148037622346,699.96837526609795,-1001.1379718780501,32.159999999999997,-0.066627931470441354
240.21444335890371,700.00106473414598,-1001.1379718780501,32.159999999999997,-0.066680855428601041
240.22739960398141,699.63723419581538,-1001.01566314697,32.159999999999997,-0.066668368462324754
240.24035327653957,699.49831814040874,-1000.43749809265,32.579999999999998,-0.06654845136746082
240.2533050843827,699.397623528346,-999.71699714660599,32.579999999999998,-0.066347460572692529
240.2662472323407,698.87598973244747,-999.38178062438999,32.57,-0.066098923690621272
240.27918530007156,698.65565746681591,-1001.19829177856,32.57,-0.065847647686564106
240.29212764360867,698.88655100252902,-1001.19829177856,32.560000000000002,-0.065665858694579596
240.30508138135932,699.50183853628937,-1000.23317337036,32.560000000000002,-0.065627395072199654
240.31803535918397,699.51480253050249,-999.89509582519497,32.170000000000002,-0.06566452483294663
240.33099133831732,699.62287320122607,-1000.7262229919399,32.170000000000002,-0.065620339785251502
240.34394901245804,699.71440359854341,-1001.3744831085201,32.170000000000002,-0.065476344897894501
240.3569093046506,699.8557783987942,-1001.4853477478,32.170000000000002,-0.06529833914557738
240.36986495264699,699.60499180526028,-1002.57444381714,32.530000000000001,-0.06523177855494626
240.38281620169627,699.36744866097479,-1001.78194046021,32.210000000000001,-0.0653401079272041
240.3957686273173,699.43098353568996,-1002.79259681702,32.420000000000002,-0.065580455379274469
240.40872632111976,699.71546533201956,-1002.79259681702,32.420000000000002,-0.065803691330623026
240.42167521909752,699.24049079908195,-1004.93359565735,32.210000000000001,-0.065934899159499558
240.43461734118523,698.87459273756735,-1005.21278381348,32.299999999999997,-0.065889849016095958
240.44756103513953,698.95947353180816,-1005.36847114563,32.170000000000002,-0.065779734609480681
240.46050747028639,699.10749792963952,-1005.00416755676,32.170000000000002,-0.065685520983362611
240.47345804464445,699.33101533524359,-1003.66258621216,32.329999999999998,-0.065764006640376432
240.48641066480855,699.44148886200276,-1004.6248435974099,32.329999999999998,-0.065907905292494559
240.49937084627661,699.84979927455743,-1004.36902046204,32.420000000000002,-0.066043104355574631
240.51233906505803,700.28381419724792,-1004.36902046204,32.420000000000002,-0.066117860583020965
240.52530443709747,700.13009013021474,-1004.21214103699,32.509999999999998,-0.065953568037497343
240.5382614686259,699.67970253459214,-1004.77766990662,32.509999999999998,-0.065602232805824182
240.55122259279875,699.90070533402331,-1007.80582427979,32.140000000000001,-0.065291535315623234
240.56418927800374,700.20100106908683,-1007.37333297729,32.140000000000001,-0.06507650431660375
240.57715654166174,700.23223753253433,-1007.37333297729,32.189999999999998,-0.065099175811628648
240.59012136836043,700.10064172941986,-1006.62469863892,32.189999999999998,-0.065292161372342727
240.60308250598646,699.90143180609562,-1008.04734230042,32.210000000000001,-0.065442817285496682
240.61604687116176,700.07571946474923,-1008.1832408905,32.210000000000001,-0.065517910858653411
240.62900941198021,699.97720419745553,-1009.30237770081,32.460000000000001,-0.065494872008137917
240.64196654078017,699.68495519774842,-1010.98203659058,32.460000000000001,-0.065319737833100508
240.65493400519134,700.24307820269098,-1010.40506362915,32.439999999999998,-0.06528234419725272
240.66791074040003,700.74370126901999,-1011.6131305694601,32.439999999999998,-0.065456476683004541
240.68088850834317,700.79946892936573,-1012.60924339294,32.280000000000001,-0.065752425127129088
240.69386029305562,700.4763744735277,-1009.64021682739,32.280000000000001,-0.065998972082594351
240.70683068802836,700.40132852676015,-1009.64021682739,32.280000000000001,-0.066146983041284524
240.71980175872594,700.43781766985205,-1010.62822341919,32.280000000000001,-0.066139514867856963
240.73276533848772,700.03330713569301,-1009.86075401306,32.159999999999997,-0.06610988742768506
240.74572490321242,699.81649513403818,-1008.86464118958,32.380000000000003,-0.066125446723272557
240.75868817770629,700.01682266865544,-1007.54117965698,32.460000000000001,-0.066219985277197774
240.77166247595554,700.61210546040957,-1007.54117965698,32.460000000000001,-0.066361589771408158
240.78464105000992,700.84299893566651,-1007.55643844604,32.119999999999997,-0.066529095379833633
240.79761662934436,700.68128406055769,-1005.95259666443,32.119999999999997,-0.066605177190310769
240.81060092585801,701.15201173653452,-1005.95259666443,32.549999999999997,-0.066578832143942127
240.82358926431235,701.37027653394216,-1005.99932670593,32.140000000000001,-0.066463657551263738
240.83657497747049,701.22851053951081,-1007.57002830505,32.210000000000001,-0.066457923708350644
240.84956361394819,701.38636979580724,-1008.52823257446,32.210000000000001,-0.066563658830089453
240.86255913082954,701.75791159374671,-1010.10656356812,32.280000000000001,-0.06682019163344903
240.87554994970617,701.50421933725943,-1010.08272171021,32.280000000000001,-0.066989213228073427
240.88852982968152,700.913518669366,-1010.08272171021,32.170000000000002,-0.067075295374507557
240.90150666216175,700.74895393217628,-1006.87050819397,32.170000000000002,-0.067122371659686764
240.91448430075431,700.79248399893322,-1005.2044391632101,32.100000000000001,-0.067170756972219109
240.92745983352219,700.67876946537672,-1005.72204589844,32.100000000000001,-0.067137492199129956
240.94043662047164,700.74649526977203,-1005.72204589844,32.520000000000003,-0.067149486598551383
240.95341197835927,700.669325932996,-1007.47847557068,32.520000000000003,-0.067254013071242805
240.96639393725306,701.02578026427386,-1006.43181800842,32.189999999999998,-0.067434626527061933
240.97937555776667,701.00750773458356,-1004.53233718872,32.539999999999999,-0.067562263251634988
240.9923499470778,700.61702280170618,-1005.23996353149,32.439999999999998,-0.067476557773762671
241.00532395454692,700.59640333226889,-1005.72896003723,32.439999999999998,-0.067253258698835902
241.01830805651849,701.14150646518158,-1005.5427551269501,32.259999999999998,-0.067118257283464169
241.03129169696788,701.11658426646284,-1005.5427551269501,32.259999999999998,-0.067123945595795542
241.0442694721531,700.7998600026342,-1003.89385223389,32.280000000000001,-0.067349325657982864
241.05724462825435,700.65842946746261,-1002.97331809998,32.280000000000001,-0.067642997536280183
241.07021645849753,700.47883313043587,-1002.97331809998,32.280000000000001,-0.067821612788417793
241.08317587421237,699.80844860203365,-1004.8348903656,32.280000000000001,-0.067707774126310474
241.09612807838394,699.41902526523234,-1004.8348903656,32.210000000000001,-0.067486895453903406
241.10907855547168,699.32576273803909,-1004.76861000061,32.210000000000001,-0.067228247514710904
241.12204086139016,699.96451959782155,-1004.63533401489,32.119999999999997,-0.067119394533079177
241.13500832580002,700.24307813124312,-1004.63533401489,32.119999999999997,-0.067159952594990191
241.14797430319877,700.16277953231099,-1007.55882263184,32.119999999999997,-0.067282507402729216
241.16093963074198,700.1276873346352,-1007.7273845672599,32.119999999999997,-0.067378596091934653
241.1739089008839,700.34058766378905,-1005.5248737335201,32.479999999999997,-0.067350132804901042
241.18687415081601,700.12349633350698,-1004.0321350097699,32.479999999999997,-0.067089912998944956
241.19982634878028,699.41869006978061,-1002.70056724548,32.579999999999998,-0.066818736700159989
241.2127789627346,699.44115353464701,-1003.93652915955,32.579999999999998,-0.066590891736592314
241.22573782586417,699.77860899606628,-1002.61211395264,32.490000000000002,-0.066485972040068508
241.23869171262592,699.50988513424591,-1001.6131401062,32.490000000000002,-0.066575397632808675
241.2516404408963,699.23132660082433,-1001.6131401062,32.25,-0.066740382462240705
241.26458846860498,699.19349626922099,-1000.07104873657,32.25,-0.066831576534881962
241.27753691126921,699.21590386726302,-1000.21362304688,32.32,-0.066788823654116355
241.29049091599867,699.51625539220709,-999.89271163940396,32.32,-0.066634537651669379
241.30344713520623,699.63583720643123,-999.89271163940396,32.140000000000001,-0.066509372036105199
241.31641266350127,700.13852793334399,-999.00650978088402,32.460000000000001,-0.066535337310199547
241.32938639778283,700.58165120395518,-998.30985069274902,32.140000000000001,-0.06673404532978186
241.34236263835561,700.71699093070458,-997.87378311157204,32.140000000000001,-0.066916903273625927
241.35533536577412,700.52728059894548,-998.48771095275902,32.189999999999998,-0.0669193060859989
241.3683042012988,700.31711833227109,-997.16806411743198,32.189999999999998,-0.066767948576781325
241.38127966887404,700.67524906400024,-996.28210067749001,32.189999999999998,-0.066599334693034209
241.39425385122473,700.60584693609758,-996.28210067749001,32.189999999999998,-0.066521301243620989
241.40721895111108,700.11539386322966,-996.17695808410599,32.450000000000003,-0.066598722090010123
241.42018042608271,699.91964846896121,-996.54173851013195,32.450000000000003,-0.066726497477607297
241.43313986766674,699.80984553645771,-999.05014038085903,32.280000000000001,-0.066766660246646056
241.44609203976052,699.41729306390846,-999.05014038085903,32.280000000000001,-0.066694025363373627
241.45903811790001,699.08821953329755,-998.93093109130905,32.210000000000001,-0.066524352877953441
241.47199262243947,699.54324513059782,-997.54166603088402,32.210000000000001,-0.066373248894362621
241.48495219337403,699.81683046689,-997.54166603088402,32.350000000000001,-0.066310108328023601
241.49791513673094,699.99894127268965,-996.94538116455101,32.350000000000001,-0.066341116195795233
241.51087472111848,699.81755692797026,-997.51710891723599,32.159999999999997,-0.066453003221409124
241.52383919701859,700.081698605474,-997.183799743652,32.390000000000001,-0.066564333521510255
241.53680431035673,700.11612025835814,-996.56319618225098,32.409999999999997,-0.066617041205615596
241.54976680564451,699.97474554054725,-996.56319618225098,32.409999999999997,-0.066609128068415194
241.56272275166427,699.62108506712548,-997.22003936767601,32.100000000000001,-0.066527358981195286
241.57568071865438,699.73021746582924,-998.55017662048294,32.100000000000001,-0.066504188710262147
241.58864303802471,699.96524599844599,-997.59650230407703,32.119999999999997,-0.06662409131767405
241.60159721142722,699.52536373463192,-997.59650230407703,32.119999999999997,-0.066842801041094982
241.6145477847507,699.330959468419,-995.24807929992699,32.539999999999999,-0.067059922342685332
241.62750318542959,699.59163666083464,-993.76416206359897,32.210000000000001,-0.067208780803578588
241.64046078816915,699.71054793576297,-997.32184410095203,32.5,-0.067161776953115038
241.6534202235444,699.80951026406183,-997.32184410095203,32.5,-0.067023734251358227
241.66638277678027,699.97787473675135,-996.26779556274403,32.189999999999998,-0.066887719763164905
241.67935432141857,700.46341046832242,-994.55809593200695,32.469999999999999,-0.066853651983578219
241.69232889285561,700.62685759971532,-995.200157165527,32.369999999999997,-0.06687575226848809
241.70529579226297,700.21256799697187,-997.53713607788097,32.369999999999997,-0.066958157758848211
241.71825642283591,699.87405093947655,-997.53713607788097,32.259999999999998,-0.066996659668796296
241.73121909300497,699.98418912788782,-997.46012687683105,32.259999999999998,-0.066945754611841338
241.74418286834316,700.04386826287873,-997.46012687683105,32.259999999999998,-0.066875251423031065
241.75714074427037,699.72530006957277,-997.93815612793003,32.259999999999998,-0.066756184936321808
241.77009991266672,699.79509340264792,-997.95436859130905,32.32,-0.066728684016638382
241.78306329064077,700.02241059871176,-998.18372726440396,32.32,-0.066904127597765428
241.79602566899507,699.96843113292255,-998.18372726440396,32.159999999999997,-0.067189967052078386
241.80898227108023,699.6565125976532,-997.39599227905296,32.159999999999997,-0.067432646950235292
241.82193629443708,699.51726126985079,-998.35276603698696,32.119999999999997,-0.067561184988027323
241.834894560484,699.74636653406333,-998.80290031433105,32.119999999999997,-0.067516688463981359
241.84785863384568,700.05996153023989,-998.80290031433105,32.100000000000001,-0.067425612359589021
241.86082164239508,700.00246166857005,-998.44241142272904,32.100000000000001,-0.067396754811913095
241.87378450089875,699.99435919829295,-999.25255775451706,32.560000000000002,-0.067469000609636454
241.88675336850244,700.31885059954698,-997.05004692077603,32.560000000000002,-0.067697375392343856
241.89971891645803,700.13958960086802,-997.68567085266102,32.57,-0.067914802994988241
241.91267808588884,699.79514926397655,-997.68567085266102,32.57,-0.067959638933784483
241.92563616256797,699.73614067377753,-998.90708923339798,32.509999999999998,-0.067791822883884328
241.93859963884813,700.02771912869275,-1000.36573410034,32.509999999999998,-0.067562183571971995
241.95156549207042,700.15607400195381,-1000.94127655029,32.210000000000001,-0.067455872065432035
241.96452804530617,699.97787473125516,-1000.94127655029,32.210000000000001,-0.067535188669073057
241.97749022808395,699.95787000024097,-1000.37717819214,32.409999999999997,-0.067729721259828221
241.99045213870741,699.94317366730388,-1000.40197372437,32.240000000000002,-0.067929849028335015
242.0034119114284,699.82772693242339,-1000.1819133758499,32.259999999999998,-0.067937653512291488
242.01636490825922,699.46182886541294,-1000.1819133758499,32.259999999999998,-0.067802392359084473
242.02931749634453,699.43975660571891,-1000.26750564575,32.189999999999998,-0.06766797974641714
242.04227598901477,699.75860419360401,-1000.01168251038,32.189999999999998,-0.067589260223675576
242.05523552786909,699.8150981336621,-1001.83153152466,32.119999999999997,-0.067645362060067243
242.0681889220655,699.48328660652385,-1001.83153152466,32.119999999999997,-0.067860107454436325
242.08114050846171,699.38566539528836,-1003.43155860901,32.100000000000001,-0.067993752244563554
242.0940980149642,699.70535113393521,-999.74560737609897,32.100000000000001,-0.067986214740132819
242.10705341564321,699.59163666633071,-1001.06358528137,32.539999999999999,-0.067770628052105167
242.12000779600618,699.53653960024053,-1001.06358528137,32.539999999999999,-0.067431896718147255
242.13297017332593,699.96837526609795,-999.64833259582497,32.590000000000003,-0.067194620560817278
242.14593674159752,700.19468666695821,-1000.00405311584,32.590000000000003,-0.067078965819492617
242.15890391419387,700.22732020222963,-998.87657165527298,32.490000000000002,-0.067065755526788895
242.17186682547165,699.99720899991769,-999.29952621459995,32.490000000000002,-0.067144675801663722
242.18483271077284,700.15780626373373,-998.71945381164505,32.229999999999997,-0.067233694716774331
242.19779824631109,700.1389190670684,-997.49660491943405,32.229999999999997,-0.067264193462013427
242.21076269634074,700.08030159960197,-997.49660491943405,32.280000000000001,-0.067257229238671362
242.22372304751616,699.85896347281482,-999.62711334228504,32.280000000000001,-0.067216661862060698
242.23668235871483,699.80280472820868,-1001.52659416199,32.170000000000002,-0.067212773072658313
242.24964450941357,699.9561377329652,-1003.19075584412,32.390000000000001,-0.067337536149486898
242.26260807675683,700.03263653594126,-1002.19821929932,32.100000000000001,-0.067492130522740237
242.27556782360742,699.8263299320472,-1002.19821929932,32.100000000000001,-0.06758079450128128
242.2885337420222,700.15959439783433,-1001.20759010315,32.43,-0.067550823506142013
242.30150273276661,700.32550019712744,-1002.9766559600801,32.119999999999997,-0.067402051967518195
242.31446966528895,700.21435620801662,-1002.30407714844,32.159999999999997,-0.067245690151886139
242.32743505802483,700.13120773601167,-1002.30407714844,32.159999999999997,-0.067166997533787409
242.34040090503834,700.15573872955792,-1002.60210037231,32.560000000000002,-0.06712278972115765
242.35336499081728,700.06063206403951,-1000.97346305847,32.560000000000002,-0.067178912253240519
242.36632549824813,699.86740126495204,-1000.9651184082001,32.399999999999999,-0.067241682360071137
242.37928539411112,699.83437660145194,-1000.9651184082001,32.399999999999999,-0.067192864501058547
242.39224665487785,699.90808140367619,-1000.07581710815,32.229999999999997,-0.067105597505693143
242.40521037744196,700.04101846125377,-1000.68688392639,32.229999999999997,-0.067027330191875317
242.41817580846424,700.13327520423547,-1000.17762184143,32.32,-0.067042134081197524
242.4311390508791,700.01509040137944,-1000.37598609924,32.32,-0.067236469022921214
242.44410964660375,700.4121691309648,-1000.37598609924,32.420000000000002,-0.067442599683720933
242.45708530354821,700.68547500122997,-999.91869926452603,32.420000000000002,-0.067638787958168176
242.47006145409378,700.71212946172852,-1000.9663105011,32.530000000000001,-0.06778174183369351
242.48303762430132,700.71319120619683,-1000.9663105011,32.530000000000001,-0.067790437282209126
242.49602288939013,701.20431479637637,-1000.89693069458,32.159999999999997,-0.067829098552093861
242.50901021994693,701.31585006760383,-1000.95272064209,32.159999999999997,-0.06784182973194347
242.52199089258025,700.95632219809863,-1000.96297264099,32.210000000000001,-0.067905402845169854
242.53496612629141,700.66262040263882,-1000.58579444885,32.210000000000001,-0.068057162894344353
242.54794169217411,700.68055766542921,-1001.54447555542,32.259999999999998,-0.068179247900977388
242.56091435439876,700.52376013161688,-998.77834320068405,32.259999999999998,-0.068169767036721618
242.57388144214073,700.22273806737701,-998.77834320068405,32.229999999999997,-0.068003250698660714
242.58684687316415,700.13327526469152,-998.71969223022495,32.229999999999997,-0.067777242511121133
242.59981403955186,700.22698493532982,-999.09782409668003,32.140000000000001,-0.067630250834814831
242.61278427102471,700.39249953494641,-998.87251853942905,32.140000000000001,-0.067624374188660547
242.62575089207166,700.19753653453495,-998.87251853942905,32.119999999999997,-0.067694682834594497
242.63872117528527,700.39529353569867,-998.462915420532,32.119999999999997,-0.067829338627282104
242.65169681981234,700.68480446193416,-998.12006950378395,32.539999999999999,-0.067955274135240482
242.66467781633949,700.97381246583586,-997.54643440246605,32.539999999999999,-0.067905344896481326
242.67765167376297,700.58830086748753,-997.86019325256302,32.539999999999999,-0.067795638201862893
242.69062324427043,700.46480740274649,-997.86019325256302,32.539999999999999,-0.067768469452389513
242.7036046567888,700.99627599115831,-997.80988693237305,32.189999999999998,-0.067826915117691261
242.71658133301483,700.7405162059913,-996.66619300842297,32.399999999999999,-0.068118083807650734
242.72954974013089,700.29398426765283,-998.26669692993198,32.25,-0.068330491582875588
242.74251949766418,700.36690679693186,-998.26669692993198,32.25,-0.068464118780108094
242.75549188670249,700.50900806925517,-997.42865562438999,32.280000000000001,-0.068542542350353661
242.76846622530735,700.61428466228267,-996.44207954406704,32.280000000000001,-0.068504646833358468
242.78143528124576,700.32902067544796,-994.46201324462902,32.329999999999998,-0.068486530540656371
242.79440332411107,700.27431472659453,-996.75512313842796,32.329999999999998,-0.068521129173953615
242.8073740564285,700.41954514016174,-996.75512313842796,32.119999999999997,-0.068557579069407876
242.82034763445432,700.57321339532996,-996.70386314392101,32.119999999999997,-0.06871455659421917
242.83331295578893,700.12735206773527,-995.60332298278797,32.07,-0.068745846963844712
242.84627470291366,699.9343447359463,-994.96841430664097,32.07,-0.068690163186583053
242.85923896460864,700.07013152919694,-993.99328231811501,32.119999999999997,-0.068528448334577691
242.87219782152965,699.77827373466232,-995.89180946350098,32.119999999999997,-0.068353701175642365
242.88514858422226,699.34118540015254,-995.88084220886196,32.549999999999997,-0.068310167020269694
242.89809770882101,699.2527283322147,-995.88084220886196,32.549999999999997,-0.068363985045988562
242.91105005683201,699.42679259501779,-994.60577964782703,32.57,-0.068502414764967004
242.9239987271531,699.22819733866834,-993.60752105712902,32.57,-0.06862266610101464
242.93694125177907,698.89632980180954,-994.00162696838402,32.509999999999998,-0.068642726788010811
242.9498852768703,698.97735492777383,-994.00162696838402,32.509999999999998,-0.068568231330222607
242.96282990007776,699.00965320164141,-994.38047409057594,32.210000000000001,-0.068404312348632326
242.97578133125313,699.37728346997596,-996.87266349792503,32.210000000000001,-0.068350885476993528
242.98873173590371,699.32185113149012,-997.41291999816895,32.259999999999998,-0.068335407930617792
243.00168736423828,699.60393006628806,-997.41291999816895,32.259999999999998,-0.068416852089216329
243.0146478064778,699.86388093502342,-996.62351608276401,32.380000000000003,-0.068524064910807259
243.02761047043708,699.98385380053207,-994.94838714599598,32.380000000000003,-0.068496874429952281
243.04056300574695,699.43690673264609,-994.94838714599598,32.119999999999997,-0.06837481425790444
243.05351253391981,699.27452133472946,-994.55785751342796,32.119999999999997,-0.068204484672736834
243.06645870312221,699.09313692955425,-993.94345283508301,32.140000000000001,-0.067976816660168526
243.07940404034329,699.04820993936517,-994.50063705444302,32.140000000000001,-0.067792489296194067
243.09234204391603,698.65219292676807,-995.13792991638195,32.189999999999998,-0.067665117482005085
243.10528573787042,698.95947353730412,-995.13792991638195,32.189999999999998,-0.067639576477417251
243.11823535607039,699.27938279820933,-994.94433403015103,32.469999999999999,-0.067625156499263317
243.13118107720376,699.06894120290781,-996.40274047851597,32.469999999999999,-0.067503071493749844
243.14412267982092,698.8465413261564,-997.01261520385697,32.280000000000001,-0.067246864652870025
243.15706823849015,699.06016813837471,-994.24672126769997,32.280000000000001,-0.066983549752057447
243.17002070860741,699.43338633126962,-994.24672126769997,32.210000000000001,-0.066792776601362444
243.18297586300247,699.5783373337697,-994.58503723144497,32.210000000000001,-0.066762267507361722
243.195930100563,699.5288282691838,-995.58472633361805,32.369999999999997,-0.066817259001020313
243.20889169867658,699.92629813249357,-996.89102172851597,32.369999999999997,-0.066887238579540709
243.2218576564149,700.16171787028281,-996.29688262939396,32.520000000000003,-0.066942383224794982
243.23481648022101,699.77648552911376,-993.53003501892101,32.520000000000003,-0.066901042849838527
243.24776355280616,699.14191959901154,-993.94679069518997,32.560000000000002,-0.066794893807049463
243.26071218380503,699.22607393766793,-993.94679069518997,32.560000000000002,-0.066722070590870125
243.27366692841855,699.55620913030702,-995.52726745605503,32.170000000000002,-0.066684865288438144
243.28662117943207,699.52955473026418,-997.41506576538097,32.170000000000002,-0.066686142236055207
243.2995723643235,699.36398413741506,-996.97566032409702,32.210000000000001,-0.066698853753461337
243.31253303318402,699.87611846815628,-996.97566032409702,32.210000000000001,-0.066615185803953939
243.32549711999755,700.06068793086411,-996.43874168395996,32.369999999999997,-0.066510460649492245
243.3384488698926,699.39449433214202,-995.78714370727505,32.299999999999997,-0.06647294283746169
243.35140063841357,699.39550013284168,-995.78714370727505,32.140000000000001,-0.066448603239416565
243.36435622121724,699.60147139838784,-995.04709243774403,32.140000000000001,-0.066504939976208557
243.3773129671396,699.66427980652668,-996.21081352233898,32.420000000000002,-0.066566379326543565
243.39026902388397,699.62706419685833,-998.28004837036099,32.159999999999997,-0.066617909404934769
243.40322330697529,699.53128693158806,-999.58777427673294,32.119999999999997,-0.066714772126242591
243.4161806696408,699.69758393605377,-999.58777427673294,32.119999999999997,-0.066754699994677466
243.42914419145183,700.03017779659308,-1001.1582374572801,32.560000000000002,-0.066802379570827311
243.44209794162103,699.502509136041,-1001.34038925171,32.560000000000002,-0.066876078231985617
243.45505302358026,699.57442579866847,-1000.96535682678,32.450000000000003,-0.066961921337191671
243.46801750051483,700.08175446680264,-1000.96535682678,32.450000000000003,-0.06707744362474917
243.48098865503209,700.44234393238401,-1000.74315071106,32.210000000000001,-0.067079530821063119
243.49395832150378,700.36198947212335,-1001.56664848328,32.280000000000001,-0.066984073362754429
243.50692723567283,700.32136512877582,-998.77572059631302,32.329999999999998,-0.066887109229791367
243.51990395742956,700.74297486289959,-997.86710739135697,32.329999999999998,-0.066783451992516618
243.53288320720984,700.8794881337185,-997.86710739135697,32.119999999999997,-0.066816768504732005
243.54585592738522,700.52688947071681,-997.27916717529297,32.520000000000003,-0.066850763849195943
243.55882856994813,700.52269839814073,-997.652769088745,32.140000000000001,-0.066874371841091906
243.57180746789624,700.86048919790778,-998.86059761047397,32.579999999999998,-0.066887974325194513
243.58479519581607,701.33730767131476,-1000.35762786865,32.170000000000002,-0.066928008778036979
243.5977772188678,701.02924479332967,-998.64387512206997,32.170000000000002,-0.066916237894665678
243.61075721474197,700.91977720467003,-998.64387512206997,32.189999999999998,-0.066931441219926988
243.6237391932975,701.02684199775013,-999.18580055236805,32.189999999999998,-0.066963295555330885
243.63672349601978,701.15234700343433,-1001.4965534210201,32.210000000000001,-0.067089172079724577
243.64970054994822,700.76091213668201,-1002.06232070923,32.210000000000001,-0.067233280795113412
243.66267689503701,700.72263479353751,-1002.69842147827,32.409999999999997,-0.067388080059902891
243.67565402036794,700.7647678709103,-1002.69842147827,32.409999999999997,-0.067512227429791363
243.68862963178151,700.68301633332953,-1002.76660919189,32.240000000000002,-0.0676118106484693
243.70159445847898,700.10064166346797,-1002.0158290863,32.240000000000002,-0.067716283309839503
243.71455492037904,699.86494260254767,-1000.5252361297599,32.119999999999997,-0.067784623760040144
243.72751918207402,700.07013152919694,-1000.5252361297599,32.119999999999997,-0.067884675744031925
243.74048270388639,700.03017786804105,-1001.30987167358,32.479999999999997,-0.06799865617542028
243.75344326202219,699.87013933292747,-1000.32472610474,32.479999999999997,-0.068027530279079221
243.76640769342586,700.07929579890231,-999.22108650207497,32.549999999999997,-0.068028258780803458
243.77937720467654,700.35360753581881,-999.22108650207497,32.549999999999997,-0.067919989426375782
243.79234974272592,700.51705466721171,-998.551845550537,32.600000000000001,-0.067889010533915287
243.8053183309321,700.30376313288536,-999.24850463867199,32.600000000000001,-0.06788492720102593
243.81828575084572,700.24067533566324,-999.57609176635697,32.159999999999997,-0.067901468524575098
243.83125413105674,700.2925313949562,-999.57609176635697,32.159999999999997,-0.068044531054667443
243.84422283619637,700.31007754050995,-998.78597259521496,32.520000000000003,-0.068224798887293561
243.85718370063455,699.8866796612939,-998.14057350158703,32.229999999999997,-0.068324890194442087
243.87014339574571,699.82353600274325,-998.08192253112804,32.229999999999997,-0.068356840767629309
243.88310686478152,700.0273279345123,-1001.3427734375,32.229999999999997,-0.068335233048454735
243.89606450063457,699.71233606436761,-1001.3427734375,32.310000000000002,-0.068334949512538878
243.90901780273333,699.47831333245051,-1001.43790245056,32.310000000000002,-0.068491348582287809
243.92197351592225,699.60851220114091,-1001.1382102966299,32.210000000000001,-0.068643620858216209
243.93493816049514,700.09080693690692,-1000.41460990906,32.210000000000001,-0.068676413760039939
243.947897485147,699.80353120028099,-1000.62990188599,32.119999999999997,-0.068635071316959603
243.96085357500499,699.62885233095881,-1000.07915496826,32.119999999999997,-0.06848789958492367
243.97381243192467,699.77827366321435,-996.35314941406205,32.460000000000001,-0.068322623975646229
243.98677864215438,700.17535240379163,-996.35314941406205,32.460000000000001,-0.068093455499308952
243.99974233884819,700.03962146637377,-997.17497825622604,32.579999999999998,-0.067823216733187211
244.01269948730865,699.68601686527279,-999.19366836547795,32.579999999999998,-0.067578867698558809
244.02565744809013,699.72988219892943,-998.40950965881302,32.560000000000002,-0.067484109766052541
244.03862225512719,700.09958000143968,-998.40950965881302,32.560000000000002,-0.067398545022076206
244.05158351589381,699.90808139818,-997.41911888122604,32.170000000000002,-0.067314714606782358
244.06453712946799,699.49513300593208,-999.39703941345203,32.170000000000002,-0.067250562002905009
244.07749128320989,699.52430206161171,-999.39703941345203,32.530000000000001,-0.067250400574742714
244.09045157540123,699.85577833284219,-997.81203269958496,32.189999999999998,-0.067336760046207297
244.10341287549133,699.91020486513253,-995.19705772399902,32.469999999999999,-0.067369309770148086
244.11637494133575,699.95155559811235,-996.12641334533703,32.240000000000002,-0.067332049624572052
244.1293443749766,700.34941660613867,-998.43215942382801,32.329999999999998,-0.067252955502512118
244.1423191150852,700.63596586519611,-998.43215942382801,32.329999999999998,-0.067164415700153843
244.15528563161729,700.19189273215795,-997.82299995422397,32.25,-0.067146106933208202
244.16824656745683,699.89053533506615,-995.780467987061,32.25,-0.067078799216745963
244.18120700969504,699.86388086357556,-996.31834030151401,32.189999999999998,-0.067071263781965762
244.1941621113161,699.57548753764081,-996.31834030151401,32.189999999999998,-0.067048916179973633
244.20711858405068,699.64952766722092,-996.10304832458496,32.329999999999998,-0.066918136759599373
244.2200727108864,699.52284912845914,-996.59276008606003,32.329999999999998,-0.066788196563233135
244.23302985313831,699.68568160386883,-995.29266357421898,32.390000000000001,-0.066698906528277938
244.24599184758156,699.94769993533203,-995.29266357421898,32.390000000000001,-0.066791662118514061
244.25894824891486,699.64567199894441,-995.36895751953102,32.43,-0.067017042181719153
244.27189880257654,699.32989772944677,-996.38009071350098,32.43,-0.067186534611409707
244.2848497856827,699.3530877323376,-995.46647071838402,32.100000000000001,-0.067328041833673052
244.2978094942456,699.82426239787162,-994.23336982727005,32.100000000000001,-0.067307367506435734
244.31076774684078,699.74564013893485,-995.36919593811001,32.090000000000003,-0.067205776770801501
244.32372431684689,699.65478033037721,-996.95301055908203,32.090000000000003,-0.067088002752816164
244.33669297645432,700.30761880116165,-996.80709838867199,32.189999999999998,-0.067006290579205055
244.34967039360009,700.78052587137154,-996.80709838867199,32.189999999999998,-0.067069709508096917
244.36264566766664,700.66479959352,-996.59681320190396,32.579999999999998,-0.067247912907613491
244.37562064888522,700.64898580317799,-993.14188957214401,32.579999999999998,-0.067410736033210267
244.38859582464698,700.65949113498675,-993.14188957214401,32.57,-0.067598312678920192
244.40157341770865,700.79002533103301,-993.44635009765602,32.57,-0.067539447918594522
244.41454455877283,700.44161746580778,-996.32549285888695,32.560000000000002,-0.067335410663772813
244.42750776807398,700.01330226178288,-997.16734886169399,32.560000000000002,-0.067115562656878486
244.44046855490254,699.88248874260546,-997.16734886169399,32.210000000000001,-0.066941488120425871
244.45343495450126,700.18557833002944,-995.91636657714798,32.210000000000001,-0.067020208678145357
244.46639755326791,699.9803333991556,-995.33510208129906,32.229999999999997,-0.067158830868822905
244.47935137483825,699.50636479882132,-996.76346778869595,32.229999999999997,-0.067237881529137469
244.49231695590731,700.14137772947265,-997.69663810730003,32.189999999999998,-0.067261552644204525
244.50528427130618,700.23503153878255,-996.24443054199196,32.189999999999998,-0.067108172095091817
244.5182422051827,699.72842933172876,-996.24443054199196,32.509999999999998,-0.066962257648636572
244.53120093171847,699.77123293190925,-998.17323684692406,32.509999999999998,-0.066900619616429499
244.54416640930745,700.13578980491252,-999.61400032043503,32.460000000000001,-0.066952937179397168
244.55713059960127,700.06627586641639,-999.61400032043503,32.460000000000001,-0.067121314091261416
244.57008672774694,699.63091986513462,-999.27496910095203,32.479999999999997,-0.067300069041808186
244.58304044583576,699.50077679731703,-998.68130683898903,32.479999999999997,-0.067373987079715536
244.59599654190251,699.62918760335481,-997.75648117065396,32.189999999999998,-0.067390268668482745
244.60895113647038,699.54810666552567,-997.75648117065396,32.189999999999998,-0.067325839773331564
244.62190222409006,699.35873146326651,-998.34108352661099,32.210000000000001,-0.06717550982102892
244.63485042668032,699.20293987304979,-999.72438812255905,32.210000000000001,-0.06708012997222379
244.6478059308395,699.59722459638692,-1001.12867355347,32.210000000000001,-0.067092718349442873
244.66076655520371,699.87371566708066,-1001.41572952271,32.210000000000001,-0.067188043354595064
244.6737214291679,699.56319406623527,-1000.0274181366,32.5,-0.06718332154881318
244.68667412797649,699.44573566400368,-999.93133544921898,32.5,-0.067059077943380493
244.69963046411729,699.64215160306401,-1001.05476379395,32.460000000000001,-0.066927407558141763
244.71258579960246,699.58811619900212,-1000.67567825317,32.460000000000001,-0.066836813670316006
244.72553754225439,699.39410320391346,-1000.7719993591299,32.32,-0.066853519529302172
244.7384889413494,699.37555113125211,-1001.131772995,32.32,-0.066946743883325457
244.75143987892343,699.35062899848526,-1001.131772995,32.280000000000001,-0.067084768993408872
244.76438753617282,699.17349146675895,-1001.83153152466,32.280000000000001,-0.067246587325804019
244.77732776767658,698.77250120207248,-1004.94289398193,32.350000000000001,-0.067245160332542853
244.79026501067037,698.61112166531143,-1005.56921958923,32.350000000000001,-0.067181820050269833
244.8032065739655,698.84441793614815,-1005.56921958923,32.32,-0.067134618552403255
244.81615356790505,699.13767273655469,-1005.06162643433,32.32,-0.067208098868024674
244.82909932111727,699.07067345919177,-1005.05328178406,32.140000000000001,-0.067375473057152038
244.84204675691851,699.16153326774941,-1006.9365501403799,32.140000000000001,-0.067539752150405127
244.85500613434448,699.80638100190572,-1006.98375701904,32.140000000000001,-0.067593261806335403
244.86796499747402,699.77860899606628,-1006.98375701904,32.140000000000001,-0.067536789509926448
244.8809145701432,699.27692413580507,-1005.44190406799,32.079999999999998,-0.067358038699087866
244.89386388411117,699.26295426944432,-1005.01537322998,32.079999999999998,-0.06722328563506387
244.90681619279883,699.42466913356134,-1005.01537322998,32.439999999999998,-0.067147853679793923
244.91976929311119,699.46741686691723,-1003.80706787109,32.439999999999998,-0.06709089916610593
244.93271771714933,699.2148980610674,-1003.30758094788,32.509999999999998,-0.067045780726270002
244.94567177982833,699.51938466535523,-1006.1993598938,32.509999999999998,-0.066904963718264529
244.95863392328266,699.95574653328856,-1006.1993598938,32.549999999999997,-0.066645325471592173
244.97159433240736,699.86209273497093,-1005.97929954529,32.549999999999997,-0.06645536671123603
244.98454877175442,699.53972474021327,-1007.0481300354,32.159999999999997,-0.066247535869308441
244.99750634965807,699.70920679671553,-1008.18061828613,32.159999999999997,-0.06623395097698101
245.01046925369261,699.99681786619317,-1008.18061828613,32.170000000000002,-0.066341278660563913
245.02343405452103,700.09924473453987,-1009.82975959778,32.170000000000002,-0.06641211402090734
245.03639526251234,699.90523153060326,-1009.82975959778,32.210000000000001,-0.066479859459248392
245.04935083290005,699.60080093603608,-1009.9091529846201,32.210000000000001,-0.066459824641917103
245.06231648433589,700.14517753642042,-1010.97846031189,32.409999999999997,-0.066430843952832802
245.07528140313084,700.10561492654915,-1011.0027790069601,32.409999999999997,-0.066498360699725145
245.08823614050124,699.55581800207847,-1009.79137420654,32.280000000000001,-0.066564916115161243
245.10119628368153,699.84773173488566,-1008.38947296143,32.280000000000001,-0.066722959486491179
245.11416174781854,700.135063398792,-1008.63099098206,32.189999999999998,-0.066875762616435463
245.12712872483704,700.21675899810009,-1009.08708572388,32.189999999999998,-0.066899740033981456
245.14009050507536,699.93613287004689,-1008.6860656738299,32.399999999999999,-0.06679463614222339
245.15306232910996,700.47849786903203,-1008.45003128052,32.399999999999999,-0.066541744809860831
245.16604223495551,700.91491565875003,-1008.6910724639901,32.460000000000001,-0.066422077102340368
245.17902018502352,700.80930367241479,-1008.6910724639901,32.460000000000001,-0.066503128036495857
245.19199808956043,700.80684499352253,-1008.09240341187,32.119999999999997,-0.066652865045368132
245.20497569503829,700.7906958043767,-1005.9418678283701,32.509999999999998,-0.066884697103227614
245.21795710134811,700.99594072975447,-1005.9418678283701,32.159999999999997,-0.066969204279999917
245.23093796852589,700.96682760135548,-1008.47959518433,32.159999999999997,-0.066905483189863987
245.24391332641244,700.66932587254007,-1010.9367370605499,32.560000000000002,-0.06679174490239842
245.25688791750986,700.62791926174361,-1011.04402542114,32.170000000000002,-0.066677826559813885
245.26986697171358,700.86892700103681,-1010.73455810547,32.189999999999998,-0.066788144823496251
245.28284546712226,700.8387520677137,-1009.63926315308,32.189999999999998,-0.067038971723156385
245.29582226131481,700.74688639800058,-1009.81616973877,32.560000000000002,-0.067321876476713213
245.30880229651112,700.92190060017447,-1010.52618026733,32.560000000000002,-0.067594359732081222
245.32178233791606,700.92223586707428,-1009.57918167114,32.43,-0.067708263588027964
245.33475757266046,700.66267619801545,-1009.57918167114,32.43,-0.067705294737376312
245.34773312612597,700.67988713712555,-1008.69393348694,32.450000000000003,-0.067616227186953745
245.36071729949748,701.14536206200989,-1009.32908058167,32.450000000000003,-0.0674971389684558
245.37369992687536,701.06187840554514,-1009.5126628875699,32.25,-0.067505166969378402
245.38668187231605,701.02505379769741,-1007.04145431519,32.25,-0.067630530230920707
245.39966308304813,700.985379531121,-1007.04145431519,32.25,-0.067795894833034151
245.41264574353949,701.06366653414977,-1006.02388381958,32.25,-0.067958015327385796
245.4256290983827,701.10116153290141,-1006.77514076233,32.329999999999998,-0.068011362519565174
245.4386124728864,701.10222320042544,-1006.03795051575,32.329999999999998,-0.067987783500334131
245.45158930536795,700.74895400362436,-1004.53495979309,32.159999999999997,-0.068011893372970395
245.46457377158887,701.16117592929595,-1004.57787513733,32.159999999999997,-0.068067860685740791
245.47755902426172,701.2036443340246,-1005.3129196167,32.079999999999998,-0.068174402954703117
245.49053388751236,700.64261553422477,-1005.3129196167,32.079999999999998,-0.068170727334319489
245.50350610787655,700.49989966637429,-1006.48665428162,32.119999999999997,-0.068107328066446218
245.51648314214438,700.75985046366179,-1005.22089004517,32.119999999999997,-0.068091406590257822
245.52946221600871,700.86998867405703,-1003.55863571167,32.560000000000002,-0.068106442276674992
245.54243653495308,700.61322299475842,-1002.72941589355,32.560000000000002,-0.068244966160936449
245.55540378515923,700.23151113190988,-1002.72941589355,32.140000000000001,-0.068380612259170123
245.56837556987168,700.4763744735277,-1003.1111240387,32.57,-0.068487097612589851
245.58134290389751,700.23603739444195,-1002.6159286499,32.520000000000003,-0.068529620766419927
245.59429941595423,699.65165106272525,-1002.6159286499,32.520000000000003,-0.068425535120134023
245.60725275737542,699.48043674444307,-1002.46787071228,32.229999999999997,-0.068295060967362542
245.62021403056048,699.90875199243578,-1002.38609313965,32.229999999999997,-0.068251727562392922
245.63317214035311,699.73792880238216,-1001.44982337952,32.210000000000001,-0.068342945434030744
245.64612908081844,699.67478512734351,-999.75419044494595,32.210000000000001,-0.068565679506369243
245.65908454669017,699.59515707320304,-999.117612838745,32.240000000000002,-0.068785681699124746
245.67204491028389,699.85963406157464,-999.41802024841297,32.240000000000002,-0.068890720398773614
245.68500752871236,699.98139513812771,-999.16911125183105,32.369999999999997,-0.068877985079317569
245.69796993914571,699.97016340019843,-998.84343147277798,32.369999999999997,-0.068802931862667088
245.71093174525433,699.937529864927,-998.82984161376896,32.329999999999998,-0.068756275706268424
245.72390177597657,700.38165900218962,-999.29881095886196,32.329999999999998,-0.068821779762434351
245.73687348928769,700.47251879975533,-999.29881095886196,32.259999999999998,-0.069000529539618105
245.74983417884329,699.87723600250513,-995.81766128540005,32.259999999999998,-0.069247883640169552
245.76279171018146,699.70669226199072,-995.81766128540005,32.299999999999997,-0.069437513334435236
245.77574943709752,699.71725346612004,-995.76783180236805,32.299999999999997,-0.069391220394429645
245.78870160194694,699.41690186972789,-998.47126007080101,32.189999999999998,-0.069167955467871703
245.80165410517779,699.4351744653701,-999.76515769958496,32.420000000000002,-0.068871268173770206
245.81460997979639,699.61722940434504,-998.81815910339401,32.490000000000002,-0.068748104902308177
245.82757138336666,699.91579279518885,-997.07913398742699,32.490000000000002,-0.068831552440597479
245.84053563264578,700.06946107234114,-995.46194076538097,32.119999999999997,-0.06896000665973076
245.85349487244198,699.79894899398028,-995.46194076538097,32.119999999999997,-0.068968367865841346
245.86644823973333,699.4818337338271,-994.85564231872604,32.119999999999997,-0.068853426103200305
245.8794068886593,699.76704200222912,-994.69256401062,32.119999999999997,-0.068588449309235106
245.89236571970872,699.77687666833435,-994.16494369506802,32.140000000000001,-0.068383501427614332
245.905320561595,699.56146185941543,-994.16494369506802,32.140000000000001,-0.06825762904394661
245.9182757811827,699.58185773514617,-994.56858634948696,32.57,-0.068316787687626626
245.93123195485933,699.63337853853102,-995.80931663513195,32.57,-0.068515285642208004
245.94418693954694,699.56917313001622,-995.12171745300304,32.579999999999998,-0.068676636242842357
245.95713412182226,699.14784286741576,-995.12171745300304,32.579999999999998,-0.068710574673188599
245.97009101054692,699.67199113208733,-993.92986297607399,32.549999999999997,-0.068646595915783926
245.98305460272587,700.03397766399678,-993.935585021973,32.549999999999997,-0.068522433025908172
245.99602245104822,700.26380940577758,-994.08221244812,32.189999999999998,-0.068416188781127957
246.00899146869756,700.32695306432822,-994.08221244812,32.189999999999998,-0.06834137253452835
246.02196341587418,700.48514753806069,-995.46575546264603,32.210000000000001,-0.068333523554153883
246.03493310200619,700.36305112865557,-993.79420280456497,32.210000000000001,-0.068331292519111908
246.0478987151555,700.14311006270066,-993.77822875976597,32.259999999999998,-0.068266566636486795
246.06085592260004,699.68920200524542,-993.77822875976597,32.259999999999998,-0.068129648765016856
246.07381375920502,699.72317666857236,-994.13919448852505,32.380000000000003,-0.06793183688488337
246.08677622137787,699.97295733499868,-993.508338928223,32.380000000000003,-0.067841831800779795
246.09973739108275,699.90316406237946,-993.32880973815895,32.229999999999997,-0.067868132350628663
246.11269574094945,699.75089280209136,-993.21246147155796,32.229999999999997,-0.067978617217363022
246.125655053184,699.80286066648125,-993.21246147155796,32.299999999999997,-0.068143708631915087
246.13861693069379,699.94138552770744,-994.55022811889603,32.159999999999997,-0.068115228786761142
246.15157562514943,699.76950060417744,-995.11623382568405,32.359999999999999,-0.067960854826354333
246.16453179882595,699.63337853303494,-995.47195434570301,32.359999999999999,-0.067839583173860879
246.17750060123703,700.3153301981705,-996.21224403381302,32.409999999999997,-0.067813753461011941
246.19047559590871,700.64971226975433,-995.39422988891602,32.409999999999997,-0.067896878140635747
246.20344254084816,700.21502673082432,-998.02231788635197,32.490000000000002,-0.068080163457088144
246.21640630894203,700.04347706869817,-998.02231788635197,32.490000000000002,-0.068283154524984929
246.22937490439261,700.30415433256189,-999.431371688843,32.140000000000001,-0.068514107001617697
246.24234121189386,700.18060506694803,-996.25158309936501,32.140000000000001,-0.068650905870776782
246.25530408384941,699.99508559891717,-996.22941017150902,32.159999999999997,-0.068665581445327584
246.26825830899142,699.52815766943218,-996.85621261596702,32.159999999999997,-0.068615786730291464
246.28121828349879,699.83862339795678,-997.68638610839798,32.189999999999998,-0.068559084707761203
246.29417955047529,699.90841673103193,-998.54350090026901,32.189999999999998,-0.068571317112313221
246.30713550994815,699.62181153370193,-998.08120727539097,32.520000000000003,-0.0685424512870529
246.32008813631978,699.44182406844664,-998.08120727539097,32.520000000000003,-0.068485525746742285
246.33304738957037,699.79967553200458,-997.98655509948696,32.509999999999998,-0.068423827696297929
246.34601248945683,700.11539386872562,-998.81649017333996,32.509999999999998,-0.068377783108759638
246.35897543902229,699.9992765340935,-997.74837493896496,32.210000000000001,-0.068345932911231935
246.37193291861982,699.70389826673443,-997.00951576232899,32.380000000000003,-0.06834909733780406
246.38489328945676,699.86002519529904,-1000.9956359863299,32.280000000000001,-0.068396811062729851
246.39784593549012,699.44288580192301,-1002.9969215393101,32.280000000000001,-0.06847787131005835
246.41078658195062,698.79490886606641,-1004.44197654724,32.280000000000001,-0.06848029585360936
246.4237250853333,698.67918266515858,-1004.44197654724,32.280000000000001,-0.068379743024160555
246.43666932566302,698.98897780492359,-1004.23073768616,32.390000000000001,-0.068300433664041996
246.4496193598543,699.30184632902797,-1004.11486625671,32.390000000000001,-0.068378043878315975
246.46257203900126,699.44467393602338,-1003.00908088684,32.119999999999997,-0.068557037868157061
246.47552398343825,699.40499959799888,-1003.62348556519,32.119999999999997,-0.068887261052138979
246.48848018919384,699.63511080031094,-1003.62348556519,32.140000000000001,-0.069133735571667257
246.50143863012352,699.75581020384379,-1004.10175323486,32.140000000000001,-0.069265014801401056
246.51439270625559,699.52011113193157,-1003.26609611511,32.140000000000001,-0.069196127976586572
246.52734626808893,699.49233899968397,-1003.63898277283,32.140000000000001,-0.06897342184285106
246.54030630054569,699.84175266560885,-1004.28485870361,32.57,-0.068835724765712161
246.55327432478526,700.27330893688691,-1003.3586025238,32.57,-0.068810541804256151
246.56623630577522,699.94697345776376,-1003.03101539612,32.539999999999999,-0.068932704420189173
246.57919896973459,699.98385380602804,-1002.67243385315,32.539999999999999,-0.069100393188565645
246.59216801325431,700.3283500647043,-1002.6273727417,32.530000000000001,-0.069178824002231881
246.60513476986057,700.20485673736323,-1003.01623344421,32.530000000000001,-0.069217416975582507
246.61809755696174,699.99050346406455,-1004.32753562927,32.210000000000001,-0.069141902235613978
246.63106567743708,700.27850566726681,-1004.32753562927,32.210000000000001,-0.069053615960002035
246.64403646253083,700.42239506269857,-1007.38191604614,32.210000000000001,-0.069060362875736706
246.65700301734935,700.19396020038175,-1007.38191604614,32.210000000000001,-0.06919766051825961
246.66996569372714,699.9845244002837,-1006.47711753845,32.240000000000002,-0.069384053348998428
246.6829280782901,699.96876639982247,-1006.76488876343,32.240000000000002,-0.069564873766004232
246.69589517327663,700.22312927254939,-1006.99877738953,32.399999999999999,-0.069631381581615193
246.70886565206789,700.40585472883618,-1005.69844245911,32.399999999999999,-0.069636481089817279
246.72183238901232,700.20379499839089,-1005.02920150757,32.359999999999999,-0.069554187357329558
246.73480204306551,700.36131887237173,-1004.16159629822,32.359999999999999,-0.069471625611457713
246.74777439898889,700.50721986370661,-1004.16159629822,32.369999999999997,-0.069458653321849029
246.76074776281115,700.56164640149291,-1004.36878204346,32.369999999999997,-0.0694779534310489
246.77371576014446,700.27185599823815,-1004.42981719971,32.229999999999997,-0.069541172641360532
246.78668614166418,700.40060206567966,-1002.47406959534,32.229999999999997,-0.069606524581112272
246.79966100595072,700.64267147249723,-1000.42152404785,32.259999999999998,-0.069619194707644882
246.81263110807404,700.3855146594741,-999.71818923950195,32.259999999999998,-0.069585779888911625
246.82559858593706,700.24380460331531,-1002.00390815735,32.280000000000001,-0.069499449391027965
246.83856966284441,700.43815299720779,-1002.00390815735,32.280000000000001,-0.069414119546332406
246.85153974530621,700.38445293698987,-1002.61330604553,32.240000000000002,-0.06935587463316395
246.86451358306795,700.5872391340115,-1002.32148170471,32.240000000000002,-0.069373888480861304
246.87748565441976,700.4918529969699,-1005.39493560791,32.140000000000001,-0.06940564244060568
246.8904642212309,700.84260780194188,-1006.82258605957,32.140000000000001,-0.06949124961277435
246.90344526329005,700.97627119419212,-1004.9135684967,32.119999999999997,-0.069617553510997701
246.91642178429504,700.73213426968675,-1002.77948379517,32.119999999999997,-0.069660043550927989
246.92938957984194,700.26095953270476,-1002.77948379517,32.450000000000003,-0.069631698229904171
246.9423564275111,700.2097741336197,-1002.94518470764,32.450000000000003,-0.06956921269498513
246.95532363942968,700.22944360323004,-1004.89187240601,32.520000000000003,-0.069433163023546809
246.96829020045675,700.19429546178571,-1005.49364089966,32.520000000000003,-0.069231921806660685
246.98125492367535,700.09505380485973,-1005.49364089966,32.549999999999997,-0.069111488346250666
246.9942286900345,700.58338339428701,-1004.79745864868,32.549999999999997,-0.069090706399424259
247.00720525657161,700.73459300353909,-1001.7127990722699,32.229999999999997,-0.069059565042602203
247.02017737966415,700.49464699772193,-1003.0658245086699,32.229999999999997,-0.069093717675113131
247.03314607859505,700.30974226811418,-1003.0658245086699,32.460000000000001,-0.069061749510964957
247.0461204420358,700.61562580133,-1002.96854972839,32.240000000000002,-0.069049695091779578
247.05909945070752,700.86646827268066,-1001.91426277161,32.240000000000002,-0.069069946184488321
247.07208135786178,701.02298632947372,-1001.06477737427,32.240000000000002,-0.069043642530723412
247.0850638424358,701.0541669975446,-1001.3110637664799,32.299999999999997,-0.069076841075707662
247.09804922445801,701.21062919850499,-1002.17890739441,32.299999999999997,-0.069173202952881568
247.11103390488393,701.17274300007705,-1001.59740447998,32.240000000000002,-0.069261235702764976
247.12400995712349,700.70682093724361,-999.98474121093705,32.240000000000002,-0.06937198858339233
247.13697460273087,700.09086279823555,-1000.0214576721201,32.170000000000002,-0.069455576853847401
247.14994695968895,700.50727573602728,-1000.0214576721201,32.170000000000002,-0.069565819575844748
247.16292238897776,700.67318159577633,-1001.04928016663,32.350000000000001,-0.069615935078674487
247.17589690867405,700.62406359896306,-1001.32822990417,32.350000000000001,-0.069601941439982939
247.18887112931239,700.60791447027327,-1001.30152702332,32.43,-0.069588906028322711
247.20184765031738,700.73213426968675,-1001.30152702332,32.43,-0.069526957554335619
247.2148205329556,700.53566246380183,-1000.24175643921,32.119999999999997,-0.0695010171164549
247.22778105280494,699.86807186470355,-999.79090690612804,32.5,-0.069462546250857821
247.24073968206795,699.76598020280096,-999.35793876647904,32.140000000000001,-0.069362589467839436
247.25370246917035,699.99050353001655,-999.35793876647904,32.140000000000001,-0.069303419441234096
247.26666809577043,700.14383640286894,-999.70555305481003,32.170000000000002,-0.06929369229334735
247.27963221466419,700.06242026409211,-996.53029441833496,32.170000000000002,-0.069342807142174751
247.29259456714814,699.96703413254647,-996.53029441833496,32.539999999999999,-0.069494594095076093
247.30555524946053,699.87684486878049,-996.94514274597202,32.210000000000001,-0.0695752248984155
247.31851253348151,699.69333713405285,-997.61343002319302,32.350000000000001,-0.069585905100479434
247.33146699869752,699.5411216636453,-998.05831909179699,32.350000000000001,-0.069533165336434472
247.34442191922838,699.56570866691231,-998.05831909179699,32.170000000000002,-0.069428745450287974
247.35738173748032,699.83018560581979,-995.58639526367199,32.170000000000002,-0.069373479733275858
247.37034170474448,699.83823226423237,-997.91741371154797,32.140000000000001,-0.069407295021399515
247.38329731962719,699.60320366566373,-998.063564300537,32.140000000000001,-0.069519235855179509
247.39625183037529,699.54358039749764,-998.063564300537,32.409999999999997,-0.06971162847215788
247.40920465232591,699.45238533303211,-996.30808830261196,32.409999999999997,-0.069869978145864958
247.42215599243826,699.37236606822341,-996.03104591369595,32.5,-0.069906230394221544
247.43510194743698,699.08156993022112,-995.85294723510697,32.5,-0.069774153331963906
247.44805257353579,699.33380933599574,-994.56763267517101,32.549999999999997,-0.069595953035752695
247.46100510263591,699.43657140529024,-994.56763267517101,32.549999999999997,-0.069488135890859407
247.47395817086911,699.46568459414516,-994.27199363708496,32.119999999999997,-0.069429556735082346
247.48690519171487,699.13912566970748,-995.98193168640103,32.119999999999997,-0.069395691776770574
247.49985288725182,699.17555899543868,-997.75624275207497,32.159999999999997,-0.069384294458655724
247.51280105051859,699.20081640609737,-997.29943275451706,32.159999999999997,-0.069375544164553396
247.52574972083957,699.22819733317237,-995.06950378418003,32.210000000000001,-0.069344418329550628
247.53869624084078,699.11208006449215,-993.01433563232399,32.210000000000001,-0.06926453879266653
247.55164459968651,699.21137767068285,-993.01433563232399,32.439999999999998,-0.069183815891455558
247.56459419201602,699.2779857923374,-993.65425109863304,32.439999999999998,-0.0691859662109406
247.57753960167406,699.05212153492221,-995.37396430969204,32.310000000000002,-0.069172366832993132
247.59047787119144,698.66655393784538,-996.08182907104504,32.310000000000002,-0.069184232917337829
247.60342047342843,698.90052079744169,-996.95777893066395,32.210000000000001,-0.069200515540370544
247.61637152172588,699.35660806226599,-997.79009819030796,32.210000000000001,-0.069188028573788918
247.62932084190368,699.26328960229625,-997.79009819030796,32.359999999999999,-0.069206251452628834
247.64226920074944,699.21137767068285,-997.80130386352505,32.359999999999999,-0.069162660382426036
247.65522465937661,699.59476586803055,-997.33948707580601,32.390000000000001,-0.069114350609543157
247.66818254875673,699.72602652515707,-997.33948707580601,32.390000000000001,-0.069040559852650604
247.68113891076666,699.64354853748807,-997.51186370849598,32.530000000000001,-0.069036068807560858
247.6940887369629,699.29061459659465,-997.08986282348599,32.530000000000001,-0.068985227908856694
247.70704252645433,699.5046325370414,-997.52449989318802,32.119999999999997,-0.068968189880271147
247.71999820032102,699.60638880014051,-997.00760841369595,32.119999999999997,-0.068892435066844601
247.73295178181607,699.49340073316012,-995.60213088989303,32.189999999999998,-0.068798243170988552
247.74589638536176,699.00859146816538,-995.80335617065396,32.189999999999998,-0.068774617587622752
247.75884152183085,699.03736932966444,-997.02501296997104,32.189999999999998,-0.068766025618682697
247.77179178988774,699.31447507282917,-997.02501296997104,32.189999999999998,-0.068763319609680601
247.78473655589761,699.01736453269825,-997.31183052063,32.32,-0.068693756022573438
247.79768464879871,699.19701665960554,-1001.30200386047,32.32,-0.068600194321618416
247.81064221842468,699.7087598016625,-1001.30200386047,32.189999999999998,-0.068551816253626302
247.82360504484819,699.99262687056091,-1000.53191184998,32.189999999999998,-0.068515651962211779
247.83656770259995,699.9835185940882,-1000.1590251922599,32.140000000000001,-0.068546374224824125
247.84952773505549,699.84175259965684,-997.69926071167004,32.140000000000001,-0.068504482299346359
247.8624874167148,699.82280960211881,-998.53897094726597,32.490000000000002,-0.068481685593771435
247.8754479820939,699.87053047214806,-999.91750717163097,32.490000000000002,-0.068395567228809032
247.88841168603085,700.04001259460222,-999.69053268432594,32.57,-0.06820253303369897
247.90137402506292,699.96630773192214,-1000.29397010803,32.57,-0.067992627412750015
247.91434222314948,700.282696673891,-1000.5810260772701,32.539999999999999,-0.067862760689436044
247.92731550936048,700.55745539486861,-1000.5810260772701,32.539999999999999,-0.067755919363451017
247.94028420829136,700.30974226811418,-999.34196472168003,32.210000000000001,-0.067802992546240864
247.95325184137411,700.25218646817189,-1000.00095367432,32.210000000000001,-0.067859225802032394
247.96622265854688,700.42412732997445,-1000.00095367432,32.25,-0.067919732795815202
247.97919513864687,700.51392539955975,-1000.80156326294,32.25,-0.067982154173806542
247.99216292798525,700.26062427130091,-1000.80156326294,32.25,-0.067894626408172357
248.00512958731986,700.19960406871076,-1002.1333694458,32.310000000000002,-0.067698764097833319
248.01809944212476,700.37215946558433,-1002.06613540649,32.119999999999997,-0.067543732002599374
248.03107382626163,700.61674339063882,-1002.40015983582,32.119999999999997,-0.067473192595566167
248.04404377212964,700.37707687283296,-1002.2823810577401,32.100000000000001,-0.067581275684600151
248.057015556842,700.47637446803162,-1003.52168083191,32.100000000000001,-0.06766722537492624
248.06998781652968,700.5020231333267,-1003.7856101989699,32.100000000000001,-0.067707381935624034
248.0829625111075,700.63350720279186,-1002.64739990234,32.100000000000001,-0.067666908726331923
248.09593311407525,700.41256025919336,-1002.8979778289799,32.460000000000001,-0.067623517372266684
248.10889995450006,700.20938293943937,-1003.34787368774,32.460000000000001,-0.067626822533040115
248.12186162504946,699.9302096675948,-1003.1142234802199,32.520000000000003,-0.067659239802399532
248.13482899218766,700.23782546259065,-1003.1142234802199,32.520000000000003,-0.067677069454557301
248.14779161061728,699.98139519858375,-1002.66432762146,32.549999999999997,-0.067713787365227679
248.16075322114813,699.92696866629342,-1000.3616809845,32.549999999999997,-0.06770406746208471
248.17371947794328,700.17786693851656,-1001.26504898071,32.140000000000001,-0.067684912226183697
248.18669282210371,700.56058466252057,-1001.26504898071,32.140000000000001,-0.067592880998574287
248.19966324294577,700.40272547217614,-1001.01137161255,32.549999999999997,-0.067437912026714994
248.21263188910123,700.30689239504136,-1000.58746337891,32.189999999999998,-0.06740278978211009
248.22560355791603,700.47011599867972,-1001.7523765564,32.189999999999998,-0.067461466208918186
248.2385769207024,700.56159046322023,-1001.95002555847,32.189999999999998,-0.067510353400257059
248.25154658096545,700.36165420522343,-1003.41105461121,32.509999999999998,-0.067573391521387791
248.26451277256788,700.17434653164412,-1005.13529777527,32.509999999999998,-0.067608150548887178
248.27747764583214,700.10315626964086,-1005.49578666687,32.350000000000001,-0.067614014777036435
248.29044041948157,699.98977706893606,-1005.49578666687,32.350000000000001,-0.067692545966565765
248.303397931158,699.70563052851435,-1004.51946258545,32.229999999999997,-0.067792888729995851
248.31635624273827,699.74882533386744,-1003.1430721283,32.210000000000001,-0.068005678347145535
248.32931561912966,699.80632513508112,-1004.83679771423,32.380000000000003,-0.068255658778562753
248.34228180452345,700.17401126474431,-1003.92723083496,32.380000000000003,-0.068402058548452174
248.35524650808034,700.09399207138335,-1002.75111198425,32.5,-0.068338518548209576
248.36821280316286,700.17993445620448,-1002.75111198425,32.5,-0.068139945052757403
248.3811839711334,700.44307040995238,-1003.6559104919399,32.530000000000001,-0.067931743752339194
248.39415418398025,700.39149372875102,-1003.11803817749,32.530000000000001,-0.067758880969155319
248.40712328544944,700.33147933785233,-1001.78623199463,32.159999999999997,-0.067667552373401704
248.42009546028265,700.49744099297811,-1000.30565261841,32.159999999999997,-0.067706785888582963
248.43307381288889,700.83104073665697,-998.68726730346702,32.57,-0.0677605790808362
248.44604722224193,700.56410506389727,-998.68726730346702,32.189999999999998,-0.067800292744867277
248.45901362080494,700.18552240274869,-998.40784072875999,32.210000000000001,-0.067750769148861537
248.47197647310006,699.99402393688911,-998.33726882934604,32.210000000000001,-0.067590075648992373
248.48494283958397,700.18379012997673,-1000.85234642029,32.329999999999998,-0.067427867194848889
248.49790840099263,700.14031606744447,-1000.85234642029,32.329999999999998,-0.067342805365573008
248.51087085074809,699.97228679570287,-1000.31971931458,32.159999999999997,-0.067274832269030971
248.5238370609778,700.17535240379163,-1000.34832954407,32.159999999999997,-0.067387896899646568
248.53680571541236,700.30733946703856,-1000.44584274292,32.390000000000001,-0.067540453747282986
248.54977756531736,700.47989486940821,-1000.44584274292,32.119999999999997,-0.067698385359213839
248.56274503593707,700.24341346409483,-999.84598159790005,32.509999999999998,-0.067789995422047
248.57570627083342,699.90668440330001,-1000.61631202698,32.509999999999998,-0.067754335080310868
248.58866621843706,699.83717059670812,-998.698949813843,32.07,-0.067613619484062415
248.60162362042345,699.69970726560632,-997.72834777831997,32.509999999999998,-0.067462730738428442
248.61457759824941,699.51480260195046,-997.72834777831997,32.140000000000001,-0.06729098347327446
248.6275307254655,699.46886966816601,-997.505664825439,32.549999999999997,-0.067179824949486572
248.64048834786669,699.71160966374316,-996.59514427185104,32.189999999999998,-0.067048099719577134
248.65344263095801,699.53128693158806,-996.87838554382301,32.189999999999998,-0.067020658817011428
248.66639456297781,699.40432906969522,-996.54841423034702,32.210000000000001,-0.067021209332758361
248.67935452403333,699.83789699733234,-993.47543716430698,32.210000000000001,-0.067018221857287383
248.69231702552966,699.97508080195109,-994.67277526855503,32.450000000000003,-0.066987516151574042
248.70528275560989,700.14942433292526,-994.78602409362804,32.259999999999998,-0.066829365159840809
248.71824857675313,700.15434173467781,-994.78602409362804,32.32,-0.066640292190070116
248.7312190100136,700.40339606643192,-994.978427886963,32.32,-0.066615925687585717
248.74419398502346,700.64865053078222,-995.00560760498001,32.259999999999998,-0.066641866125466451
248.7571676986087,700.5805336036542,-994.54426765441895,32.259999999999998,-0.066811384425636125
248.77013524787287,700.24766026609575,-994.76003646850597,32.299999999999997,-0.066969457806848015
248.78309940608901,700.06454367058848,-994.99797821044899,32.159999999999997,-0.067070160681940924
248.79606864415069,700.33885533056116,-994.99797821044899,32.329999999999998,-0.067111151292571281
248.80903550527159,700.21050052874818,-995.82123756408703,32.329999999999998,-0.066990508801425819
248.82199900638767,700.02906026774019,-995.45097351074196,32.439999999999998,-0.06676542055253519
248.83496556224074,700.19401606720646,-996.58489227294899,32.439999999999998,-0.066574148626746155
248.84793564470255,700.38445293698987,-996.59943580627396,32.119999999999997,-0.066415404693516325
248.86089945211978,700.0456005301545,-996.59943580627396,32.479999999999997,-0.066433614119678602
248.87386099849257,699.92350413174154,-995.79763412475597,32.119999999999997,-0.066474624391531123
248.88682496113094,700.05398247195501,-995.02921104431096,32.119999999999997,-0.066507992644908281
248.89978809903084,700.0094465935066,-994.84491348266602,32.530000000000001,-0.06648915509380085
248.91274744955186,699.80492813470505,-994.84491348266602,32.119999999999997,-0.066323618714865293
248.92570056331596,699.4681432620456,-996.40512466430698,32.57,-0.066116641584906641
248.93865662730366,699.62745533607881,-996.96969985961903,32.189999999999998,-0.065895934691662578
248.9516205247493,700.05046206508257,-996.96969985961903,32.530000000000001,-0.065759420395229293
248.9645777839346,699.69199600599745,-996.42562866210903,32.530000000000001,-0.065791617251538606
248.97753376927662,699.62320846812599,-997.05672264099098,32.450000000000003,-0.065831508901546987
248.99049522458643,699.91858672998899,-996.69194221496605,32.450000000000003,-0.065823645433415165
249.00346037621364,700.11818786947788,-996.82188034057594,32.189999999999998,-0.065729456643510709
249.01641735600131,699.67690853383988,-997.28536605834995,32.32,-0.065535230355234481
249.02937209440628,699.55587386890318,-997.86567687988304,32.259999999999998,-0.065333482085262823
249.04233364698774,699.92383939864146,-998.49820137023903,32.259999999999998,-0.065216499690747914
249.05529169158766,699.73440839550949,-998.25596809387196,32.25,-0.065088633240562438
249.06824524100492,699.49166853183624,-998.457431793213,32.280000000000001,-0.065042856666917143
249.08119522966419,699.29938760067159,-998.457431793213,32.43,-0.065002739429070769
249.09414471230616,699.27206266682913,-999.65095520019497,32.43,-0.0649211286671149
249.10709338883581,699.22853260007219,-999.18603897094704,32.100000000000001,-0.064886572460788647
249.12003751223335,698.98266346874698,-999.30000305175804,32.100000000000001,-0.064820054298248095
249.13297910760619,698.84615013197606,-1000.9906291961699,32.159999999999997,-0.064815213489035794
249.14592265875805,698.95176220075143,-1003.47661972046,32.159999999999997,-0.064796570480906451
249.15887136219263,699.22998546727297,-1004.28366661072,32.210000000000001,-0.064757347313469021
249.17181711540482,699.07067345919177,-1004.28366661072,32.210000000000001,-0.064739565261747054
249.18476417453712,699.14119314342724,-1002.5849342346201,32.520000000000003,-0.064731806309084733
249.19771845762966,699.53128699754018,-1001.47700309753,32.520000000000003,-0.064724733432600531
249.21067298803951,699.54464213097378,-1000.76770782471,32.210000000000001,-0.064753447142464435
249.22361985262839,699.13068780062622,-1000.76770782471,32.32,-0.064719425927317831
249.23656974401734,699.2941350034672,-1001.33085250854,32.189999999999998,-0.064748445939253552
249.24952379324324,699.51865819877889,-1000.65064430237,32.189999999999998,-0.064793190814138368
249.26247470494823,699.34923206955716,-1000.65064430237,32.359999999999999,-0.064757433203101414
249.27541944508772,699.01596753232218,-1001.10554695129,32.359999999999999,-0.064554906760606712
249.28836368438269,698.98892192710696,-1002.934217453,32.460000000000001,-0.064238220866582638
249.301317428342,699.50217380318918,-1002.88343429565,32.460000000000001,-0.064016786506897627
249.31427742871975,699.84002039833285,-1001.44195556641,32.090000000000003,-0.063950638803763699
249.32723549298149,699.73547013448172,-1001.44195556641,32.509999999999998,-0.063923626310412707
249.34019769541979,699.95893166776523,-1001.43074989319,32.159999999999997,-0.063923383131715528
249.35316152870627,700.04699747007453,-1004.80508804321,32.159999999999997,-0.063815722241214415
249.3661255958593,700.05962626333996,-1004.80508804321,32.57,-0.063675438157180714
249.3790785409507,699.45903493610876,-1006.23774528503,32.170000000000002,-0.063537191598560375
249.39202671767168,699.20154293312976,-1005.61785697937,32.229999999999997,-0.063428458654522762
249.40498309313463,699.64427499856845,-1006.6499710083,32.229999999999997,-0.06349656834352238
249.4179332308062,699.30743426458025,-1007.55381584167,32.259999999999998,-0.063649132434070596
249.43087867978525,699.05424486997072,-1007.55381584167,32.259999999999998,-0.063791894871246299
249.44382772677531,699.24853746299038,-1008.06879997253,32.140000000000001,-0.063961473190263921
249.45678481625191,699.6828317362922,-1009.00030136108,32.140000000000001,-0.063974557236829002
249.46974130864822,699.65058940069707,-1009.00030136108,32.450000000000003,-0.063973046425112659
249.48269689766053,699.60180666528765,-1008.90827178955,32.119999999999997,-0.064010194812510954
249.49565357114696,699.66036826592961,-1008.92615318298,32.520000000000003,-0.063982294457906194
249.50861741167776,700.0473886642551,-1008.22520256042,32.520000000000003,-0.063998692978723043
249.52159102178274,700.57494566810192,-1008.12292098999,32.189999999999998,-0.06396828322764303
249.53456060443466,700.35746320409532,-1008.12292098999,32.560000000000002,-0.063911214884600095
249.5475335191519,700.53739473107782,-1006.9184303283701,32.560000000000002,-0.063873739498828117
249.56051258680739,700.86965339616529,-1005.62429428101,32.560000000000002,-0.063722388198358612
249.57348865249872,700.70754733237186,-1005.62429428101,32.159999999999997,-0.06351883316173193
249.58645435050116,700.14769213160139,-1007.82155990601,32.159999999999997,-0.063365427777118039
249.59942053486049,700.17395540341568,-1007.9662799835201,32.210000000000001,-0.063346786837316121
249.61239193048772,700.45536387036589,-1007.19213485718,32.210000000000001,-0.06349814538364898
249.62535851117653,700.19535719526186,-1007.19213485718,32.509999999999998,-0.063618956547395203
249.63832302639875,700.08382200097844,-1009.57059860229,32.210000000000001,-0.063664192954767607
249.6512896339926,700.19681006795861,-1012.10236549377,32.450000000000003,-0.063638347718470933
249.66426176950378,700.49531760296964,-1011.66558265686,32.450000000000003,-0.063594812527713207
249.677236679321,700.64513012940563,-1010.0262165069601,32.229999999999997,-0.063652287547876829
249.69021840331487,701.01309567013595,-1009.62829589844,32.390000000000001,-0.063775082428768531
249.70320105035316,701.06294006757344,-1010.73503494263,32.280000000000001,-0.063964263019044329
249.7161872053729,701.25237106520933,-1010.80298423767,32.280000000000001,-0.064204393161878856
249.72916906699504,701.02052759562139,-1009.3982219695999,32.280000000000001,-0.064342245458940878
249.74214170231608,700.52230733586418,-1009.3982219695999,32.280000000000001,-0.064310609466020532
249.75511001836915,700.28906686590028,-1008.56041908264,32.170000000000002,-0.064135598431984395
249.76808206281731,700.49040020121708,-1009.56773757935,32.350000000000001,-0.0638959194632992
249.78105094387288,700.31957700017131,-1008.84747505188,32.5,-0.063665649956791179
249.79401934374573,700.29359313392831,-1008.84747505188,32.5,-0.063644446846613412
249.80700015918276,700.96403360060333,-1009.18483734131,32.159999999999997,-0.063798687317664457
249.81998778258765,701.33166386344169,-1009.05108451843,32.159999999999997,-0.063974487905622282
249.83297159170993,701.12569260339149,-1007.17163085938,32.549999999999997,-0.064071623815814577
249.84595036030615,700.85350419602742,-1007.18188285828,32.159999999999997,-0.063954506897067762
249.8589312792235,700.96962153615561,-1008.69750976563,32.539999999999999,-0.06371339265631569
249.87191581684698,701.16503166902032,-1010.3440284729,32.170000000000002,-0.063545634555918273
249.88489890574576,701.08680053281603,-1010.3440284729,32.539999999999999,-0.063512885114720363
249.89787907753583,700.92927666433138,-1011.01851463318,32.539999999999999,-0.063629350107693466
249.91086351788769,701.15977900036785,-1009.5989704132101,32.479999999999997,-0.063853516347572137
249.92384468308765,700.98292079726866,-1008.89682769775,32.479999999999997,-0.064131236738577749
249.93681677410126,700.49291473594201,-1008.33821296692,32.229999999999997,-0.064199890733151341
249.94977932733835,699.97787480270324,-1008.1188678741501,32.310000000000002,-0.064161273961313034
249.96274115931601,699.9389267938551,-1006.93559646606,32.329999999999998,-0.064037781622030332
249.97570767584818,700.19189273765403,-1005.8224201202401,32.329999999999998,-0.063904640782090377
249.98866950782596,699.93892679935107,-1005.8224201202401,32.119999999999997,-0.063924814262852889
250.00162890387898,699.80738686306131,-1006.69384002686,32.420000000000002,-0.064008936492970098
250.01459904532464,700.38763806597058,-1005.38539886475,32.119999999999997,-0.064108749437565796
250.02757220011617,700.55035874177895,-1005.64980506897,32.479999999999997,-0.064231859934109445
250.04053621552842,700.05683226258793,-1004.16278839111,32.090000000000003,-0.064236614852366231
250.053498352774,699.95541126089267,-1004.16278839111,32.090000000000003,-0.06417947717791303
250.06647024200257,700.48201834185659,-1001.7230510711699,32.140000000000001,-0.064172827535448507
250.0794360176148,700.15188306128164,-1002.81262397766,32.140000000000001,-0.06412854832074015
250.09240025964937,700.06906986716865,-1003.85236740112,32.560000000000002,-0.064186671128292405
250.10536275493584,699.97474546909928,-1003.02696228027,32.240000000000002,-0.064295936995792877
250.11832795209384,700.12064653188213,-1003.63206863403,32.479999999999997,-0.064425339094722547
250.13129356524203,700.14311000224461,-1003.0047893524199,32.479999999999997,-0.064497741145922077
250.14425648272837,699.99754426132154,-1001.18398666382,32.229999999999997,-0.064440042607367451
250.1572165865864,699.84560833388525,-1001.43384933472,32.369999999999997,-0.064299231808313609
250.17018268091851,700.16909393443962,-1001.58524513245,32.299999999999997,-0.064149659334471226
250.18315534210871,700.52370427028825,-998.75831604003895,32.259999999999998,-0.064050826347677781
250.19612198902459,700.19893345796697,-998.75831604003895,32.299999999999997,-0.064106157255475971
250.20908562052588,700.03610107049326,-999.27592277526901,32.299999999999997,-0.064217900442768955
250.22205088908527,700.12450220565449,-999.27592277526901,32.280000000000001,-0.064386601249192627
250.23501033066916,699.80984553096164,-998.91090393066395,32.280000000000001,-0.064488622463081444
250.24796222957536,699.40254093559463,-997.061729431152,32.140000000000001,-0.06442434775328254
250.26091453826294,699.42466912806515,-997.061729431152,32.350000000000001,-0.064326536116793287
250.27387449931732,699.83789693687652,-996.89388275146496,32.119999999999997,-0.064302510064240662
250.28683446761605,699.83828813105697,-997.17664718627896,32.119999999999997,-0.064345797937000127
250.29979175888036,699.69372827327345,-998.12936782836903,32.409999999999997,-0.064435442909237334
250.31274728269997,699.5982862584151,-998.12936782836903,32.100000000000001,-0.064479902178861098
250.32570849793703,699.90562280172765,-998.05283546447697,32.119999999999997,-0.064511780317027326
250.33867251231484,700.05677640125919,-996.46568298339798,32.119999999999997,-0.06454151227277051
250.35163203875186,699.81442759986248,-994.89045143127396,32.560000000000002,-0.064540688568851548
250.36459405285686,699.94876166880829,-994.89045143127396,32.560000000000002,-0.064504214873790058
250.37756322572591,700.33533492918468,-993.84093284606899,32.560000000000002,-0.064524688446756767
250.3905289951297,700.15154780537375,-995.84221839904797,32.560000000000002,-0.064604036095664813
250.40348828666797,699.80174306618039,-994.75979804992699,32.170000000000002,-0.064656705491998451
250.41644247973088,699.52642539666022,-994.75979804992699,32.560000000000002,-0.064652979165838093
250.42940053778409,699.73513487307787,-995.32794952392601,32.170000000000002,-0.064604083697016618
250.44235851719137,699.73088799413313,-995.44334411621105,32.170000000000002,-0.064488473451295728
250.45530989041725,699.37415419682804,-995.44334411621105,32.460000000000001,-0.064417638091257626
250.46826608375551,699.63444026651121,-995.67627906799305,32.210000000000001,-0.064374253981529059
250.48123020885683,700.06275547053599,-993.47114562988304,32.229999999999997,-0.064394373652700593
250.49419387347163,700.03788919909778,-992.74921417236305,32.229999999999997,-0.06440640530654422
250.50715444506051,699.8708657995038,-994.96936798095703,32.359999999999999,-0.064408219315398585
250.52011541297907,699.89226760234214,-994.96936798095703,32.359999999999999,-0.064351421057018757
250.53308312470739,700.25643333062874,-994.96364593505905,32.259999999999998,-0.064337995524322636
250.54604945911359,700.18205793414882,-993.12829971313499,32.210000000000001,-0.064295280931532292
250.55901061536548,699.90243760129908,-992.47097969055199,32.32,-0.064365405382333749
250.57197483877289,700.0680640005171,-993.80159378051803,32.140000000000001,-0.064493498453808515
250.58494093931355,700.16942919584346,-994.33660507202103,32.390000000000001,-0.064670910230567091
250.59790093865672,699.83996453150814,-994.33660507202103,32.390000000000001,-0.064760664891636829
250.61085861383222,699.71445947635993,-994.23170089721702,32.140000000000001,-0.064774837551080058
250.62382147854453,699.99469446519277,-993.80970001220703,32.439999999999998,-0.064703591375536204
250.63679223052358,700.42060686814193,-993.80779266357399,32.57,-0.064617685145530609
250.64976270931484,700.40585472883618,-993.19982528686501,32.57,-0.064528069148808112
250.66273266863453,700.37780326246548,-993.89672279357899,32.140000000000001,-0.064459223713544025
250.67570949490741,700.74861873672444,-993.89672279357899,32.140000000000001,-0.064455415639393235
250.68868654262712,700.76057686428601,-994.43078041076706,32.189999999999998,-0.06444110017711592
250.70165267524558,700.17116139716757,-994.19689178466797,32.189999999999998,-0.064358956490577615
250.71461060291355,699.72809407032491,-994.60220336914097,32.469999999999999,-0.064223848489475183
250.72757385153704,700.01542566827925,-994.60220336914097,32.189999999999998,-0.064010326232928613
250.74053395539508,699.84560833388525,-996.23799324035599,32.380000000000003,-0.063882172107017299
250.75348975240377,699.61303846916894,-996.493101119995,32.380000000000003,-0.063823388061637884
250.76644385440491,699.52150806085956,-995.41497230529797,32.229999999999997,-0.063850332257844089
250.77939983250369,699.62281733440136,-995.41497230529797,32.259999999999998,-0.063956517518652528
250.79235564917278,699.61410013119723,-996.14715576171898,32.329999999999998,-0.064042592420648206
250.80530619041724,699.329227201143,-998.09312820434604,32.119999999999997,-0.06405457647212226
250.81825295049262,699.12504406969742,-999.31526184081997,32.380000000000003,-0.064001004728507713
250.83120589558402,699.45903493610876,-999.15313720703102,32.380000000000003,-0.06395571347687172
250.84416388223576,699.73127919380943,-998.11029434204102,32.490000000000002,-0.064084442952606249
250.85711917943468,699.58604874177036,-997.67303466796898,32.490000000000002,-0.064306874862581118
250.8700753075791,699.63091979918272,-998.818397521973,32.07,-0.064524857120069959
250.88303361812348,699.74876939559476,-998.818397521973,32.509999999999998,-0.064651563555400471
250.89598569294694,699.41204046670396,-999.80664253234897,32.140000000000001,-0.064626189155798403
250.90892861390236,698.91773159365573,-999.05753135681096,32.140000000000001,-0.064448497981305489
250.92187079394071,698.87772207117132,-998.39472770690895,32.57,-0.064193622933731209
250.93481901619137,699.20400153507808,-998.26240539550804,32.140000000000001,-0.064006983819259636
250.94777236382222,699.48077206630285,-999.58157539367699,32.170000000000002,-0.063992856691110545
250.96072707635685,699.55447686852699,-999.58157539367699,32.170000000000002,-0.064140188817755739
250.97368578323088,699.77017119843322,-1000.76794624329,32.560000000000002,-0.064371813916769424
250.98664752518144,699.93406533037512,-1000.17142295837,32.560000000000002,-0.064468507965374719
250.99961015602844,699.98206573787934,-1000.29563903809,32.530000000000001,-0.064355788959377019
251.01256486235428,699.55414159613122,-1003.68452072144,32.530000000000001,-0.064142944498167292
251.02552111364074,699.63756946821127,-1004.79817390442,32.240000000000002,-0.063952180659627517
251.03848354994446,699.9715604005745,-1005.04493713379,32.43,-0.0639376706543721
251.05144651917163,700.00033826756965,-1002.3789405822801,32.25,-0.064071466525630255
251.06440169219385,699.57934320042125,-1000.6890296936,32.25,-0.06432269182482668
251.07735784000002,699.63198153265887,-1002.73156166077,32.299999999999997,-0.064585201648982293
251.09031980236415,699.94596766256007,-1002.73156166077,32.299999999999997,-0.064669207980094026
251.10327830227649,699.75899526687249,-1004.00996208191,32.189999999999998,-0.064529978358432299
251.11623208555929,699.50429727014159,-1002.58040428162,32.329999999999998,-0.064335656869182689
251.12919048716674,699.75368680284339,-1002.05326080322,32.189999999999998,-0.064220049728599168
251.14216160236177,700.44022053138349,-1002.05326080322,32.189999999999998,-0.064306587187771283
251.15514013709267,700.8408754687141,-1001.20210647583,32.189999999999998,-0.064479920805614196
251.16811543082227,700.66586139844424,-1000.7426738739,32.189999999999998,-0.064623023694146561
251.18109154825436,700.71034133312389,-999.30191040039097,32.359999999999999,-0.064671228950236831
251.19407049897657,700.86333899953263,-999.30191040039097,32.119999999999997,-0.064620343554504023
251.20705043069137,700.91631259867017,-998.08454513549805,32.420000000000002,-0.064518555170245448
251.22002456026792,700.60299713447273,-1000.85210800171,32.420000000000002,-0.064377520853920137
251.23299617630738,700.46726613110286,-1001.51777267456,32.100000000000001,-0.064336651315251167
251.24597083259755,700.63143966861594,-1003.54862213135,32.469999999999999,-0.064458916377512041
251.2589436572876,700.53253326210177,-1004.38141822815,32.539999999999999,-0.064614134737427234
251.27191011483458,700.18870753722535,-1003.34692001343,32.539999999999999,-0.064737672606477434
251.28487605291107,700.16065613131059,-1003.27515602112,32.100000000000001,-0.064808304111076881
251.29784351732224,700.24307820269098,-1003.79371643066,32.100000000000001,-0.064734868291262793
251.3108137953617,700.39501413012749,-1003.79371643066,32.490000000000002,-0.064706574711604306
251.32378070718775,700.21323860771565,-1004.2304992675799,32.140000000000001,-0.064690002343704131
251.33675442801612,700.58092473188265,-1003.8921833038301,32.509999999999998,-0.064720807389997276
251.34973227460375,700.80371573136654,-1002.26354598999,32.090000000000003,-0.064840982150705065
251.36270869730254,700.72682573420968,-1002.48575210571,32.539999999999999,-0.064988399131495816
251.37568145059009,700.52867752787358,-1000.93674659729,32.539999999999999,-0.064983200280983699
251.38865154029631,700.3848441366664,-1000.93674659729,32.170000000000002,-0.064915239604176903
251.40162477373221,700.55460553828391,-1000.8456707000699,32.549999999999997,-0.064862073502094442
251.4145976822407,700.53705945868205,-1000.48112869263,32.439999999999998,-0.06491805012763073
251.42756368550994,700.16417653818314,-997.67923355102505,32.439999999999998,-0.065136435958833117
251.44053039658397,700.20239799801493,-997.67923355102505,32.229999999999997,-0.065336083578897197
251.45350062805795,700.39249959540257,-998.801231384277,32.229999999999997,-0.065449984330826119
251.46647257523458,700.48514753806069,-999.18079376220703,32.299999999999997,-0.065482368486591072
251.47944159909258,700.32728833122815,-1001.3160705566401,32.299999999999997,-0.065371013349462118
251.49241843881723,700.74934513185281,-1001.34992599487,32.140000000000001,-0.065280885125171495
251.50540177399881,701.10009980492111,-1001.34992599487,32.369999999999997,-0.06526229592571714
251.51838336864324,701.00611080015949,-1002.8419494628901,32.100000000000001,-0.065334334763271593
251.53136339142105,700.92123000042272,-1001.13391876221,32.100000000000001,-0.065493817544951705
251.54434095136801,700.78823713647637,-999.85313415527298,32.43,-0.065610604359882141
251.5573163030457,700.66899059464811,-1000.1411437988299,32.140000000000001,-0.065582690552701522
251.57028839302598,700.49285893506931,-1002.2444725036599,32.140000000000001,-0.065415644397943548
251.58325151850744,700.00877599925082,-1002.3021697998,32.140000000000001,-0.06521096763443715
251.59621171963713,699.85086100253773,-998.99601936340298,32.57,-0.065110571061008954
251.60917705959753,700.12835786293886,-998.99601936340298,32.57,-0.065111369929426746
251.62213768396174,699.87371566708066,-997.12085723876896,32.560000000000002,-0.065177190635611865
251.63509644981855,699.77335626695776,-996.34265899658203,32.560000000000002,-0.065200584422493366
251.64805951631735,700.00559093622212,-996.78730964660599,32.210000000000001,-0.065180921099241312
251.66102854017524,700.32728832573218,-999.03512001037598,32.469999999999999,-0.064998235966179527
251.67399985094812,700.45078173551315,-999.03512001037598,32.229999999999997,-0.064815742272994026
251.68697144111854,700.46586920217476,-997.79057502746605,32.229999999999997,-0.064790856300538616
251.69995278223584,700.99242033387407,-997.488975524902,32.329999999999998,-0.064858785933706822
251.71293320755183,700.94296706466503,-996.55365943908703,32.240000000000002,-0.065015486130739666
251.72590619367034,700.54125039935423,-997.32398986816395,32.310000000000002,-0.065162148740243078
251.73886996797407,700.04381240154999,-996.97589874267601,32.310000000000002,-0.065248218467959737
251.75183050127529,699.868798265328,-996.15478515625,32.170000000000002,-0.065340602563302388
251.76479066411608,699.8487934024098,-996.15478515625,32.170000000000002,-0.065331698084051329
251.77774810439138,699.70177486573402,-995.80907821655296,32.119999999999997,-0.065249579233319532
251.79070322567406,699.576549265621,-998.404979705811,32.119999999999997,-0.065294138879925939
251.80366355718888,699.8579017997946,-995.69749832153298,32.409999999999997,-0.065373832152739439
251.81662614353834,699.97966287085183,-995.69749832153298,32.100000000000001,-0.065516968154255589
251.82958462379017,699.75793359934823,-993.97492408752396,32.5,-0.065548542058066775
251.84253650924441,699.40181452947434,-994.23170089721702,32.5,-0.065391382409300217
251.85548830466914,699.39695293409034,-994.23170089721702,32.159999999999997,-0.065145619833986493
251.86843931364575,699.35448473820963,-993.91865730285599,32.530000000000001,-0.064965623120696092
251.88138328078762,698.97422566012187,-993.44301223754906,32.159999999999997,-0.064854021701462816
251.89432837793464,699.03524593965597,-991.85848236083996,32.590000000000003,-0.064942452849559393
251.90727964664453,699.368510333995,-992.27714538574196,32.189999999999998,-0.065102685863429335
251.92023042796419,699.34219126130813,-991.42122268676803,32.189999999999998,-0.065208954943100056
251.9331705621963,698.76724853342,-992.18654632568405,32.189999999999998,-0.065192175615234535
251.94611098824322,698.78300653388146,-992.28620529174805,32.189999999999998,-0.06501324681811331
251.95905579357532,699.01948793369866,-991.13464355468705,32.549999999999997,-0.064816569081236133
251.97200714093091,699.37275720194782,-991.13464355468705,32.189999999999998,-0.064775212149889558
251.98496055996293,699.48462772908317,-992.52963066101097,32.43,-0.0648562072049053
251.99791701924443,699.64880120064447,-993.28994750976597,32.43,-0.065006375726297638
252.0108767009024,699.82280953067084,-992.70057678222702,32.210000000000001,-0.065161526823333552
252.02383666920122,699.83828813655293,-992.70057678222702,32.210000000000001,-0.06516852105615048
252.03678802897534,699.37342780169956,-991.12558364868198,32.119999999999997,-0.065054253985235566
252.04973506844689,699.14013146491095,-990.733861923218,32.119999999999997,-0.064904821207766791
252.06268614882339,699.35834032954199,-991.738319396973,32.479999999999997,-0.064694721044246867
252.07563572252835,699.27698006858179,-992.431640625,32.479999999999997,-0.064596521358204262
252.08857903360493,698.93879813509022,-993.34406852722202,32.140000000000001,-0.064612171715769384
252.10152685952721,699.18259980368771,-993.19648742675804,32.57,-0.064677599197104363
252.11447986877647,699.46249945966872,-991.87231063842796,32.159999999999997,-0.06466606735343447
252.12743407425799,699.52709600190792,-992.11311340331997,32.479999999999997,-0.064580965165922141
252.14038301155799,699.24261420008236,-992.81835556030296,32.210000000000001,-0.064421863190985362
252.15333029110374,699.15309547011623,-993.14546585082996,32.210000000000001,-0.064288177009679287
252.16628504192721,699.55654446865492,-993.14546585082996,32.359999999999999,-0.064211750610172855
252.17924106038271,699.6249965967304,-993.003368377686,32.25,-0.064205323448678742
252.19219186757164,699.34358820122816,-994.77672576904297,32.380000000000003,-0.064190835174601349
252.20514304625431,699.36364886501906,-994.68874931335404,32.380000000000003,-0.064228518554298841
252.21809708202846,699.51793180365053,-994.68874931335404,32.100000000000001,-0.06427936876729555
252.23104737699012,699.31592792903803,-993.43204498291004,32.100000000000001,-0.064391689374062283
252.24399524120005,699.18466733786352,-992.93541908264206,32.469999999999999,-0.064490096023021803
252.25694375630002,699.21981539686806,-992.17987060546898,32.140000000000001,-0.064576496886988341
252.26989699941612,699.47512826942193,-992.89059638977005,32.539999999999999,-0.064617585805052585
252.28285390780252,699.67305286556359,-994.87662315368596,32.170000000000002,-0.064541472950529755
252.29580920500001,699.58604866482642,-995.810985565186,32.560000000000002,-0.064407925431026455
252.30877224459388,700.00413806902145,-995.91946601867699,32.560000000000002,-0.064340374535765271
252.32174625206298,700.59640333226889,-995.75138092041004,32.189999999999998,-0.064351936387994024
252.3347181143865,700.48056546915996,-995.75138092041004,32.490000000000002,-0.064481130490351965
252.34768441671366,700.18032566687282,-995.50151824951195,32.229999999999997,-0.064602920578550938
252.3606500557309,700.14450693117271,-994.842529296875,32.509999999999998,-0.064647688218777505
252.37361405769141,700.05610586745945,-996.39940261840798,32.229999999999997,-0.064606329218391045
252.38657620838896,699.95613766701308,-997.91455268859897,32.229999999999997,-0.064431271618897043
252.39953688449381,699.87650966233673,-997.91455268859897,32.439999999999998,-0.064220205984721557
252.41250374457903,700.21044460146743,-1000.9346008300799,32.240000000000002,-0.064067962682882965
252.42547894621114,700.66088813536294,-1000.9346008300799,32.350000000000001,-0.064079377593078329
252.43844936705304,700.40272546118422,-1000.97131729126,32.299999999999997,-0.064297151855013224
252.45141603259628,700.19993933561068,-1000.38075447083,32.170000000000002,-0.064531455023204704
252.46438706397163,700.43569426885165,-997.58577346801803,32.170000000000002,-0.064697033828602368
252.47735949233208,700.51113146475961,-997.58577346801803,32.43,-0.06470332853510799
252.49033014600491,700.41529833266475,-998.92115592956497,32.090000000000003,-0.064569044236804957
252.50329975452712,700.35886019897532,-999.87101554870605,32.509999999999998,-0.064411167469035913
252.51627677637654,700.75917986940601,-998.38781356811501,32.140000000000001,-0.064334883871549342
252.52926168342469,701.1849805991618,-998.38781356811501,32.530000000000001,-0.064362374444608503
252.54224086180378,700.87563247093806,-995.85223197937,32.530000000000001,-0.064504165202685926
252.55521390690615,700.54443552833493,-997.70283699035599,32.539999999999999,-0.064620292849134398
252.56818435982714,700.40445773395595,-997.44415283203102,32.539999999999999,-0.064565184422001279
252.58115607313826,700.47251879975533,-997.44415283203102,32.210000000000001,-0.064437743276096693
252.59412453199386,700.29677820245286,-996.35672569274902,32.460000000000001,-0.064338731268755098
252.60709270420983,700.28129966252288,-997.53046035766602,32.189999999999998,-0.064298692676815108
252.62006314471353,700.40378720015633,-1001.62577629089,32.189999999999998,-0.064346920698450674
252.63304023692956,700.76297966536185,-1004.3041706085201,32.409999999999997,-0.064455276975554907
252.64601289294691,700.52342493616516,-1004.3041706085201,32.229999999999997,-0.064541343599864423
252.65897669932966,700.04554466882587,-1004.06908988953,32.32,-0.064594839803625945
252.67193818154442,699.92003959718977,-1004.09150123596,32.32,-0.06459672624841728
252.68490274850743,700.08661600173048,-1004.46009635925,32.140000000000001,-0.064564397972402751
252.69786369055549,699.89087059646999,-1003.38673591614,32.140000000000001,-0.064531797543397676
252.71081796122962,699.5306164032844,-1002.45928764343,32.119999999999997,-0.064616326449617789
252.72377471956918,699.66495033483034,-1001.07932090759,32.119999999999997,-0.064800992193059251
252.73673255617413,699.72317666857236,-1001.2264251709,32.420000000000002,-0.064936193327011213
252.74968267521987,699.30642846937656,-1001.2264251709,32.119999999999997,-0.064909366062752868
252.76263604871977,699.48216899523095,-1002.08592414856,32.579999999999998,-0.064663086086609797
252.77559532783954,699.80107246642865,-997.26343154907204,32.579999999999998,-0.064406115561371408
252.78856729467657,700.48620920008875,-997.26343154907204,32.159999999999997,-0.064300301794540438
252.80154236074938,700.65356793253466,-997.49159812927201,32.549999999999997,-0.064347204234264752
252.81451732851602,700.64825939705759,-996.95014953613304,32.439999999999998,-0.064441282301885422
252.82749586945556,700.84121073561391,-997.38001823425304,32.439999999999998,-0.064610934091512626
252.84047595121854,700.9244152008514,-997.81179428100597,32.240000000000002,-0.064739630454466915
252.85344751448278,700.46441626902208,-997.81179428100597,32.240000000000002,-0.064742461674731494
252.86641559667044,700.27643813309101,-997.54881858825695,32.229999999999997,-0.06457953817225387
252.87938935682226,700.58304819883506,-1001.96528434753,32.229999999999997,-0.064463447779209815
252.89236208320497,700.52722466616876,-1001.63722038269,32.299999999999997,-0.064495856769865273
252.90532550670989,700.02486926661197,-1000.90384483337,32.259999999999998,-0.064820962853869957
252.91828285695809,699.69691340225415,-1000.90384483337,32.299999999999997,-0.065177295149961817
252.93124561094567,699.98871532996395,-998.21996688842796,32.299999999999997,-0.065298973478659941
252.94420386457654,699.74569606621549,-999.69577789306595,32.189999999999998,-0.065276341306486463
252.9571529301914,699.24954320323411,-999.69577789306595,32.189999999999998,-0.065107141724358081
252.97010601187782,699.46641106621769,-998.98004531860295,32.380000000000003,-0.064920332903834477
252.98306684423707,699.88494739951386,-996.94943428039505,32.100000000000001,-0.064739933652012041
252.99603718643334,700.39847859872737,-998.55375289917004,32.450000000000003,-0.064608606819298003
253.00900282545192,700.14450700262068,-998.55375289917004,32.450000000000003,-0.06458439139774097
253.02196925712963,700.18731059730533,-997.69401550293003,32.119999999999997,-0.06468233859354186
253.0349347730062,700.13785733359225,-996.920347213745,32.439999999999998,-0.064689599805070316
253.04789676124079,699.9473646684321,-993.86882781982399,32.090000000000003,-0.064589649231715993
253.0608516289951,699.56285873338356,-993.86882781982399,32.469999999999999,-0.064533623969035739
253.07380287908029,699.36750459924747,-993.81637573242199,32.090000000000003,-0.06458613090222913
253.08675762369381,699.55620913030702,-991.73808097839401,32.090000000000003,-0.064761155387721578
253.09972057325925,699.9992765340935,-992.98715591430698,32.5,-0.064846148920259777
253.11267792247276,699.69685752993348,-992.98715591430698,32.119999999999997,-0.06486033089460623
253.12564186648399,700.05297660530334,-994.47512626647904,32.159999999999997,-0.064860488184892345
253.1386152106445,700.56058466801676,-994.45652961731003,32.159999999999997,-0.064838781125443293
253.15158937229876,700.60472933030064,-991.85585975646995,32.509999999999998,-0.064814371159686843
253.16455786426917,700.29856640250557,-992.14196205139206,32.509999999999998,-0.064844641214189688
253.17752695228521,700.33075286577991,-994.35901641845703,32.310000000000002,-0.064893696043151372
253.1904941507506,700.22871713115774,-994.35901641845703,32.310000000000002,-0.065037169389563707
253.20345715930125,700.00246173452206,-994.60983276367199,32.259999999999998,-0.065102021520159467
253.21641486655554,699.71619173264401,-994.21072006225597,32.210000000000001,-0.065003238204470126
253.22936925312717,699.53687486714057,-995.63908576965298,32.32,-0.064844388721098198
253.24233085124072,699.92629813249357,-995.57733535766602,32.32,-0.064758213443646545
253.25529167739012,699.88461206666204,-993.95823478698696,32.159999999999997,-0.064815267299033891
253.2682462140086,699.54497739787371,-993.95823478698696,32.329999999999998,-0.064906097119489928
253.2811999507247,699.50178266946455,-993.92580986022904,32.399999999999999,-0.06493560969756805
253.29416253707527,699.97966293130776,-993.61181259155296,32.399999999999999,-0.064978330500226028
253.30712355673336,699.89506153714217,-993.61181259155296,32.119999999999997,-0.064958548173340014
253.32007698921726,699.48535412970762,-992.70772933959995,32.119999999999997,-0.064834702967138294
253.33304076455545,700.04386826287873,-991.98269844055199,32.100000000000001,-0.064664371311404151
253.34601377654442,700.54264740522626,-994.95840072631802,32.100000000000001,-0.064547784212305934
253.35898604243951,700.50235833427473,-995.75304985046398,32.509999999999998,-0.064583923666489074
253.37195269556548,700.19926880181083,-995.75304985046398,32.119999999999997,-0.06468661853834741
253.3849209722963,700.28694346489988,-994.80533599853504,32.549999999999997,-0.064828320303283504
253.39789305503206,700.49246772989682,-993.07298660278298,32.549999999999997,-0.06489319416393774
253.41086045528394,700.23961360218721,-994.34328079223599,32.140000000000001,-0.064867890128891895
253.42382111172716,699.87544793435643,-994.34328079223599,32.590000000000003,-0.064821341592082318
253.43678015077285,699.78810846671945,-996.83356285095203,32.119999999999997,-0.064799494833715207
253.44974723851485,700.22273806737701,-992.53225326538097,32.549999999999997,-0.064849399236769634
253.46270794048894,699.87790660225687,-993.27969551086403,32.119999999999997,-0.064960895105860797
253.47566204766426,699.52178746643085,-993.27969551086403,32.119999999999997,-0.065016510585163459
253.48861627901604,699.52849299678803,-995.70775032043503,32.509999999999998,-0.065026736508042457
253.50157244648395,699.63304326613502,-995.62621116638195,32.140000000000001,-0.064876205804827877
253.51452261726919,699.30922240417669,-994.78435516357399,32.530000000000001,-0.064689671207148913
253.52746739673094,699.01809093332258,-994.354248046875,32.140000000000001,-0.064605368921912737
253.54041461211975,699.14963099602039,-994.354248046875,32.579999999999998,-0.064609333251677017
253.55336039120121,699.07207039911179,-995.63837051391602,32.579999999999998,-0.064637174622106441
253.56630307829266,698.90510293779039,-996.76489830017101,32.539999999999999,-0.064673239572534041
253.57924471919748,698.84860886033243,-995.75662612915005,32.539999999999999,-0.064522096266295376
253.59219215499883,699.16153327324514,-995.14341354370094,32.469999999999999,-0.064362582439755345
253.60514712106047,699.56816732931657,-999.1455078125,32.469999999999999,-0.064243958849407479
253.61810087743709,699.5028443369888,-998.44217300415005,32.229999999999997,-0.064127059238980502
253.63105131520118,699.32363926009475,-998.44217300415005,32.229999999999997,-0.064106418026050077
253.64400273395924,699.37661293617623,-997.81346321106003,32.259999999999998,-0.064133025912134489
253.65695657519009,699.50742646634569,-998.29745292663597,32.259999999999998,-0.064103382949939752
253.66990164646666,699.03384893378404,-997.394800186157,32.299999999999997,-0.064074944497593087
253.68284823166056,699.1156004713647,-997.394800186157,32.299999999999997,-0.063913993330455179
253.69580252716909,699.53195745989194,-996.93870544433605,32.159999999999997,-0.063785562911946911
253.70876033169503,699.72144440129648,-999.88627433776901,32.159999999999997,-0.063769857708998637
253.72171449164566,699.52463733400771,-1000.53882598877,32.119999999999997,-0.063783700267678822
253.73466291568394,699.21489806656336,-1000.53882598877,32.119999999999997,-0.063776468030850852
253.74761575005061,699.45305580087995,-998.80671501159702,32.509999999999998,-0.063776579788519694
253.76056631095682,699.33028893461915,-1000.21076202393,32.140000000000001,-0.063780788331755531
253.77351092071117,699.00892673506507,-1000.46634674072,32.57,-0.063726910286069166
253.78645820129259,699.15315139739687,-1002.00963020325,32.57,-0.06363245244658132
253.79940688403087,699.22886786697211,-1002.00963020325,32.57,-0.063572086185778504
253.81236167417651,699.55866786415925,-1002.45666503906,32.57,-0.063628468455493095
253.82531330092954,699.38784466311358,-1002.12550163269,32.460000000000001,-0.063761399231449897
253.83826010653578,699.12750273759764,-1003.28803062439,32.460000000000001,-0.063863105864664718
253.851212544574,699.43165406399362,-1004.65607643127,32.210000000000001,-0.063793670592939625
253.86416723123824,699.55307986815092,-1004.15849685669,32.210000000000001,-0.063672420671115323
253.87711749929503,699.31447506733332,-1003.6768913269,32.280000000000001,-0.063618920328968709
253.89006838512964,699.34783506918097,-1003.84497642517,32.280000000000001,-0.063607612003588054
253.90302914505185,699.88103579846086,-1003.84497642517,32.170000000000002,-0.06361355384185155
253.91599066555548,699.92210719731747,-1004.16040420532,32.329999999999998,-0.063566528260413507
253.92894772295307,699.6810994690162,-1004.29534912109,32.100000000000001,-0.063477991561971286
253.94190789821238,699.84946400216154,-1003.76176834106,32.100000000000001,-0.063405145580348418
253.95487742291601,700.3543339968993,-1004.34851646423,32.140000000000001,-0.063265289904918753
253.96785226754071,700.64160973352512,-1004.93550300598,32.140000000000001,-0.063172160751563525
253.98082010861862,700.26341820610105,-1004.63891029358,32.210000000000001,-0.063172527070549517
253.99379110067284,700.43357092830695,-1004.63891029358,32.210000000000001,-0.063270340776791098
254.00676407437413,700.54057987105045,-1005.14626502991,32.549999999999997,-0.063431491662102116
254.01973587253829,700.4771008631601,-1007.84540176392,32.549999999999997,-0.063473701269218349
254.0326961585223,699.85544313739035,-1008.53037834167,32.469999999999999,-0.063477325150170433
254.04565988832849,700.04140953452247,-1007.93623924255,32.469999999999999,-0.063547340945387082
254.05863266645196,700.53001866692091,-1008.66222381592,32.32,-0.063704859671856309
254.07160522416299,700.51811639519201,-1009.38057899475,32.32,-0.063961651176953682
254.08457068829878,700.13506333283999,-1008.49747657776,32.280000000000001,-0.064228196731730844
254.09753356025431,699.99508559891717,-1008.49747657776,32.280000000000001,-0.064493491210184287
254.11050537704571,700.47810673530762,-1007.03263282776,32.329999999999998,-0.064742417177601055
254.12347206949391,700.20139220281123,-1005.63287734985,32.329999999999998,-0.064747166923919713
254.13644359447036,700.4623487293502,-1006.49666786194,32.380000000000003,-0.06455382332129514
254.14942231753582,700.85104553362305,-1007.76743888855,32.380000000000003,-0.064245469660818497
254.16241040763697,701.35686546223587,-1007.28273391724,32.119999999999997,-0.064051005367920577
254.17540042247171,701.46080107559987,-1006.60872459412,32.119999999999997,-0.064167087482667778
254.18838850015555,701.35619492843603,-1005.81574440002,32.119999999999997,-0.064369326250556205
254.20137240137529,701.13066586647278,-1005.81574440002,32.119999999999997,-0.064523467380213223
254.21435502875187,701.06187833409729,-1005.31339645386,32.119999999999997,-0.064547085720769018
254.22733336169637,700.82997900318071,-1007.04264640808,32.119999999999997,-0.064399525936228177
254.24030694593219,700.57354873367785,-1008.17847251892,32.560000000000002,-0.064221904096097099
254.25328280466294,700.69637146126729,-1008.74662399292,32.560000000000002,-0.064122077697907759
254.26626359319505,700.96258073340266,-1008.74662399292,32.399999999999999,-0.064148048144958031
254.27924294024695,700.88474080237097,-1009.43756103516,32.399999999999999,-0.064382376148854226
254.29221696634332,700.59740920441641,-1009.05013084412,32.259999999999998,-0.064683635202177528
254.30519289544077,700.70017126271898,-1009.52219963074,32.259999999999998,-0.064883196933728765
254.31817319140623,700.93598213423252,-1009.01699066162,32.359999999999999,-0.064822341211208487
254.33115330421234,700.92609152985472,-1008.3072185516399,32.359999999999999,-0.064696761675204731
254.34412955202967,700.71738213587696,-1007.5831413269,32.420000000000002,-0.064629259415560844
254.3571095489383,700.91983306599866,-1007.5831413269,32.420000000000002,-0.064735491242234253
254.37008742036051,700.80505679896589,-1006.13451004028,32.530000000000001,-0.064966331959467952
254.38305788052594,700.40484893363259,-1005.97620010376,32.530000000000001,-0.065190431971954163
254.39602259649999,700.09466259968713,-1005.52725791931,32.119999999999997,-0.0652690614668818
254.40898693063215,700.07404313574591,-1005.52725791931,32.119999999999997,-0.06528125972408276
254.42195226438403,700.12802260153501,-1003.57389450073,32.140000000000001,-0.065140901133952642
254.43492038485925,700.27850566177062,-1003.57389450073,32.140000000000001,-0.064923617368102496
254.44788865538152,700.28660820349603,-1003.8628578186,32.590000000000003,-0.064844114499373107
254.46086207715186,700.56477559769689,-1006.13307952881,32.159999999999997,-0.065009652946839649
254.47384178121109,700.9040191987126,-1005.7258605957001,32.560000000000002,-0.065281218331987911
254.48681383911114,700.49112660184142,-1003.5769939422599,32.560000000000002,-0.06543533462614376
254.49978127765192,700.24168120231491,-1005.66267967224,32.409999999999997,-0.065315018097885161
254.51275536893959,700.60092953434491,-1005.99098205566,32.409999999999997,-0.065125246635457976
254.5257305126222,700.65775886221491,-1004.26816940308,32.210000000000001,-0.06497919145510675
254.53869706744075,700.19396020038175,-1003.39603424072,32.210000000000001,-0.064958825499693576
254.55165865313703,699.92562759869395,-1003.55696678162,32.359999999999999,-0.065039856772932253
254.5646239734358,700.12729613495867,-1003.55696678162,32.359999999999999,-0.065209615147781286
254.57758612413335,699.95613766701308,-1003.31568717957,32.439999999999998,-0.065309651609343114
254.59054459817654,699.75759833244842,-1003.00002098083,32.439999999999998,-0.065318336709402458
254.60349795201606,699.48110733320266,-1001.60551071167,32.490000000000002,-0.065139679030904507
254.61645847186426,699.86807180424773,-1001.60551071167,32.490000000000002,-0.064955614507256482
254.6294236503951,700.11964066523058,-999.36294555664097,32.100000000000001,-0.064889364357998261
254.64238870475069,700.1129352008254,-999.59230422973599,32.100000000000001,-0.064985179859540554
254.65535235591238,700.03716273252155,-1001.04808807373,32.57,-0.065142707899284544
254.66831709879142,700.0961154668878,-999.96018409729004,32.159999999999997,-0.06529378394223681
254.68128695980496,700.37249473248437,-998.62957000732399,32.140000000000001,-0.06535861537581826
254.69425174200734,700.09823892834424,-998.466014862061,32.140000000000001,-0.065306721048295172
254.70721286618021,699.90070533402331,-998.466014862061,32.560000000000002,-0.065193501197145787
254.72018019399758,700.23570213853407,-998.88443946838402,32.560000000000002,-0.065131998724555676
254.73315017297909,700.37886500143759,-1000.3800392150901,32.409999999999997,-0.065155122429013182
254.74611733936547,700.22698486388185,-997.13730812072697,32.409999999999997,-0.06530200027647344
254.75907875535435,699.91646340043644,-997.13730812072697,32.299999999999997,-0.065449665611359939
254.7720470320852,700.28694346489988,-997.41554260253895,32.299999999999997,-0.065506626334101328
254.78501338615189,700.18311960167307,-996.74415588378895,32.280000000000001,-0.065406766823844206
254.79797335341604,699.83823226423237,-997.54643440246605,32.280000000000001,-0.065201027319058316
254.81092915663336,699.61337373606875,-997.54643440246605,32.280000000000001,-0.064965139867319568
254.82388643547898,699.69305766252978,-997.71142005920399,32.280000000000001,-0.064930217339971785
254.83684038743334,699.51340553562238,-997.75481224060104,32.280000000000001,-0.065112076699260502
254.84979326733335,699.45551460068418,-996.00577354431096,32.280000000000001,-0.065286493757330991
254.86274496548765,699.39170033138987,-996.018886566162,32.210000000000001,-0.06536132552554634
254.87570326982222,699.74843406823891,-996.018886566162,32.210000000000001,-0.065309491215242751
254.88866436812592,699.89930839959914,-997.79558181762695,32.140000000000001,-0.065210997643810234
254.90161828696793,699.51161746747368,-994.74525451660202,32.140000000000001,-0.065178833901807814
254.91456965398524,699.3738189354242,-994.30632591247604,32.159999999999997,-0.065270433616184703
254.92752435306667,699.55375039645469,-994.30632591247604,32.159999999999997,-0.065513054529657375
254.94047861028892,699.52989000266018,-994.72618103027298,32.369999999999997,-0.065823126997913206
254.95342742341234,699.2359086642291,-995.05376815795898,32.369999999999997,-0.066007726514267534
254.96637867970625,699.36783987164324,-992.79665946960404,32.450000000000003,-0.066027634053128462
254.97934472126295,700.1662440613668,-992.79665946960404,32.450000000000003,-0.065913548071903333
254.9923091909543,700.081363333078,-992.10357666015602,32.119999999999997,-0.06578447918131676
255.00527382931733,700.09047160405498,-994.25339698791504,32.520000000000003,-0.065711318618307465
255.01824237302719,700.30136033180975,-994.76289749145496,32.07,-0.065769300692167285
255.03121536639014,700.54164159903064,-992.82312393188499,32.07,-0.065893842321069609
255.04418654056914,700.44340566586027,-992.43068695068405,32.539999999999999,-0.06598471353412938
255.0571563436333,700.3693654648323,-993.70265007018997,32.119999999999997,-0.065917555862191682
255.07012367145057,700.2357021330381,-993.70265007018997,32.140000000000001,-0.065711800836502493
255.08309225448278,700.30348373830611,-994.66323852539097,32.140000000000001,-0.065486597724703888
255.09605867270741,700.18658413072887,-995.01061439514206,32.600000000000001,-0.065389987494350238
255.10901839368896,699.82493300311933,-994.33636665344204,32.600000000000001,-0.065445936181894204
255.12197794599626,699.81582459474248,-993.186473846436,32.579999999999998,-0.065623924342130824
255.13494094730245,700.00207053484564,-993.47376823425304,32.579999999999998,-0.065762697615364185
255.14790133055681,699.86069573459486,-995.15652656555199,32.560000000000002,-0.06579407904676382
255.16085246370861,699.36119019711884,-995.81360816955601,32.560000000000002,-0.065660055519543792
255.17381245684322,699.8396292701043,-995.81360816955601,32.159999999999997,-0.065509410989111602
255.18677351582346,699.89718493264684,-996.26421928405796,32.159999999999997,-0.065420098188407549
255.19972930041487,699.61236793536932,-997.00164794921898,32.530000000000001,-0.065498681117775528
255.21268472075437,699.59269833385486,-995.64623832702603,32.210000000000001,-0.065705981105280115
255.2256469097407,699.95820526164482,-996.806859970093,32.229999999999997,-0.065975873213638014
255.23861087237776,700.05398240050704,-996.806859970093,32.229999999999997,-0.066122983892662288
255.25157362740123,699.98877126823663,-997.93148040771496,32.479999999999997,-0.066101667989125298
255.26452622169384,699.44009180117075,-997.94626235961903,32.479999999999997,-0.065945217177705698
255.27747908917536,699.45484400093255,-997.94626235961903,32.509999999999998,-0.065845030669278437
255.29043677676916,699.71513006511964,-997.70188331604004,32.509999999999998,-0.065851085302122483
255.30339100812105,699.52849300228399,-997.913599014282,32.420000000000002,-0.065949488844926851
255.31634202951355,699.35515519506544,-999.65429306030296,32.420000000000002,-0.066062032969575718
255.32929661890745,699.54782727094653,-999.97997283935501,32.229999999999997,-0.066187197549347737
255.34225280500129,699.63404906683468,-999.44329261779797,32.229999999999997,-0.066185631892248242
255.35520621782354,699.48429240172743,-999.86624717712402,32.329999999999998,-0.06597333794648011
255.36815490780614,699.22925906115256,-1000.47278404236,32.259999999999998,-0.065697144923988066
255.38110800915317,699.46747273923791,-1000.47278404236,32.299999999999997,-0.065532735445091708
255.39406535836537,699.6968574584854,-1001.93572044373,32.299999999999997,-0.065601315969361029
255.40702019404199,699.56112653755542,-1001.93572044373,32.259999999999998,-0.065866704615947264
255.41997172248881,699.3825361276364,-1001.70421600342,32.259999999999998,-0.066079584260707314
255.43292369279627,699.40639660387103,-1001.87706947327,32.189999999999998,-0.066132559958196779
255.44587609254694,699.42958653531377,-1001.81531906128,32.189999999999998,-0.066076748900938093
255.45882935635802,699.47624579827482,-1002.04539299011,32.32,-0.065973857417876008
255.47177787042349,699.21975953553942,-1002.25019454956,32.159999999999997,-0.065919357455381897
255.48473688980744,699.7870467332433,-1002.95472145081,32.350000000000001,-0.06600754542427241
255.49769957342966,699.98491559996023,-1002.95472145081,32.350000000000001,-0.066192352937503807
255.51066331461857,700.0420242014975,-1002.96831130981,32.369999999999997,-0.066397412575470313
255.52362440050499,699.8986378657994,-1002.73656845093,32.369999999999997,-0.066469478316955155
255.53658423841856,699.83124733379998,-1002.22635269165,32.369999999999997,-0.066349691607429179
255.54954684960373,699.98100399890723,-1002.22635269165,32.369999999999997,-0.066152714813631081
255.56250890923826,699.95122026526042,-1002.29406356812,32.140000000000001,-0.066055936945247487
255.57546704490127,699.73932580275812,-999.95374679565396,32.140000000000001,-0.066069564264240599
255.58844049978643,700.56656379774938,-1001.7352104187,32.140000000000001,-0.066160033974356935
255.60141885860122,700.83137599806082,-1001.7352104187,32.140000000000001,-0.066231770648122884
255.61439084510008,700.48727093906109,-1003.8921833038301,32.210000000000001,-0.066190768654058305
255.62736049915307,700.36131886137957,-1003.55839729309,32.210000000000001,-0.066018185266980334
255.64032815914197,700.25363940132456,-1005.80048561096,32.25,-0.065788287254958652
255.6532968187494,700.30761880116165,-1005.80048561096,32.25,-0.065692074389366903
255.66626394581485,700.22486153432942,-1006.11710548401,32.280000000000001,-0.06574604142880526
255.67922843516661,700.08242499510629,-1005.33032417297,32.280000000000001,-0.065971295245566372
255.6921948151037,700.18451660204926,-1005.33032417297,32.259999999999998,-0.066259878997569147
255.70516344263334,700.30588659983778,-1004.47654724121,32.259999999999998,-0.066459012321228791
255.71812963320119,700.17429066481952,-1004.47654724121,32.310000000000002,-0.066465607119124387
255.73109300600117,700.02213119863643,-1006.20627403259,32.310000000000002,-0.06634306886899681
255.7440584949741,700.13640453783944,-1004.92572784424,32.390000000000001,-0.066182413656085126
255.75702686276668,700.29186080070042,-1003.87787818909,32.390000000000001,-0.066230915899649342
255.76999704974446,700.39009679982269,-1003.87787818909,32.450000000000003,-0.06639112407934121
255.78297317441977,700.71073246684853,-1002.48408317566,32.450000000000003,-0.066623319353695545
255.7959565033926,701.09976453252523,-1001.6567707061801,32.229999999999997,-0.06682240197147668
255.80893303681611,700.7328048694385,-1002.44235992432,32.229999999999997,-0.066879740398979162
255.82190734230861,700.61249659413409,-1003.1406879425,32.189999999999998,-0.066846505635568418
255.8348866893605,700.88474080237097,-1003.00192832947,32.189999999999998,-0.066797609130344118
255.84787340938271,701.28288119948036,-1002.96258926392,32.210000000000001,-0.066840575180637365
255.86085920739509,701.23309266886747,-1002.96258926392,32.210000000000001,-0.067006084654014086
255.87384205621979,701.07383653310683,-1003.34620475769,32.469999999999999,-0.067182139803696167
255.88682314380981,700.97872986209245,-1004.94647026062,32.469999999999999,-0.0672905519597366
255.89980286752967,700.90508087173282,-1004.76241111755,32.469999999999999,-0.067239601371589255
255.91277921882707,700.72297006043732,-1003.35741043091,32.469999999999999,-0.067166083802054521
255.92574979592467,700.41116326980921,-1003.59606742859,32.329999999999998,-0.067098945792560316
255.93872378890745,700.59562107031581,-1002.84433364868,32.329999999999998,-0.067125496765443021
255.95170159617294,700.80159233586198,-1003.87334823608,32.25,-0.067268850074871905
255.96468027991602,700.84892212712668,-1003.87334823608,32.25,-0.067433531706860589
255.97765424806178,700.59427987081244,-1002.29239463806,32.240000000000002,-0.067478246572677661
255.99062733869627,700.54689426218715,-1000.78296661377,32.240000000000002,-0.067420662898252354
256.00359774608518,700.40199900010384,-1000.3502368927,32.299999999999997,-0.067213796492104169
256.01656254691358,700.09924473453987,-1000.3502368927,32.299999999999997,-0.066952121753571486
256.02952498425185,699.97161626739921,-1000.12803077698,32.25,-0.066752540360798085
256.04249429371612,700.34271107028565,-1000.79917907715,32.25,-0.06672755297607677
256.05547043701847,700.71173832800412,-1000.2121925354,32.170000000000002,-0.06691710299037415
256.06844756234813,700.76476779946233,-1000.2121925354,32.170000000000002,-0.067202685814024749
256.0814220499667,700.62233140313515,-998.91042709350597,32.170000000000002,-0.067324530747606873
256.09440086409501,700.85596292987975,-999.42803382873501,32.170000000000002,-0.067321704701010648
256.10737698877045,700.71073247234449,-1001.73091888428,32.369999999999997,-0.067237147854355542
256.12034745410875,700.4051282677558,-1001.4915466308599,32.369999999999997,-0.067203090421698447
256.13331199520115,700.08521899036248,-1001.4915466308599,32.159999999999997,-0.06724541903305932
256.14627988905545,700.26626813413395,-1001.1458396911599,32.369999999999997,-0.067363017135328565
256.15924456053335,700.09225980410747,-1003.13520431519,32.350000000000001,-0.067478482508259482
256.17220413146788,699.81683046689,-1003.24392318726,32.350000000000001,-0.067475859282836406
256.18515699894942,699.45484400093255,-1001.7204284667999,32.119999999999997,-0.067396543713359097
256.19811415982718,699.68668739907241,-999.64690208435104,32.119999999999997,-0.06726905082608918
256.21107634984804,699.95826112846953,-998.934507369995,32.090000000000003,-0.067128733627952131
256.22403282879139,699.6498629396167,-998.934507369995,32.090000000000003,-0.067115139423367692
256.23698624782219,699.48462766313128,-999.96638298034702,32.460000000000001,-0.067183310165073645
256.24994115490006,699.56498220583183,-997.89714813232399,32.119999999999997,-0.067212819638014398
256.26289215766661,699.35414939436578,-997.80082702636696,32.469999999999999,-0.067186373181517184
256.27584084040615,699.22886793292412,-997.80082702636696,32.469999999999999,-0.067068087972061222
256.28878582165424,699.02898739885597,-996.57964706420898,32.520000000000003,-0.066955321364202833
256.30173332264815,699.16505366912577,-997.70498275756802,32.520000000000003,-0.066921685097034431
256.31468691656181,699.49407133840782,-997.70498275756802,32.560000000000002,-0.067012661860643405
256.3276411479136,699.52849299678803,-997.86472320556595,32.560000000000002,-0.067156327681604622
256.34059495706543,699.50569419906969,-997.50399589538597,32.210000000000001,-0.067291440856375423
256.35355474323825,699.82845333304772,-998.42357635498001,32.210000000000001,-0.067278220214197659
256.36651948611728,700.0961154668878,-997.78962135314896,32.229999999999997,-0.067179180267235308
256.37947849825804,699.78665559951878,-998.31557273864701,32.229999999999997,-0.067069380439869125
256.39243522451977,699.66321813350646,-997.72906303405796,32.25,-0.067073384092688385
256.40539977906411,700.08594539648277,-995.95928192138695,32.25,-0.067195354234988527
256.41836372204074,700.05292073847875,-995.95928192138695,32.32,-0.067327106370660361
256.43131744013084,699.50077686326915,-996.37126922607399,32.32,-0.067367664434810487
256.44426755296678,699.30609314202081,-996.41895294189396,32.25,-0.067228429639683965
256.4572162108704,699.22752679387679,-996.55842781066895,32.25,-0.066983469037314738
256.4701663619939,699.30816067070066,-997.49183654785202,32.189999999999998,-0.066747629186826016
256.48311550625561,699.25379013164286,-996.817588806152,32.189999999999998,-0.066591416382572571
256.49606306623213,699.16823873215458,-996.817588806152,32.350000000000001,-0.066565215172998168
256.50901461434086,699.3835978721047,-996.70362472534202,32.350000000000001,-0.066672753956763517
256.52196761117159,699.46182885991698,-995.92614173889206,32.399999999999999,-0.06669046253746877
256.53491412496425,699.1117448030883,-993.93868446350098,32.399999999999999,-0.066590795500233863
256.54786117064447,699.14046673181087,-994.66323852539097,32.479999999999997,-0.06642477276339509
256.56081244039018,699.36856626677172,-996.68955802917503,32.479999999999997,-0.066259369874120622
256.57376882827162,699.64494559832008,-997.00427055358898,32.090000000000003,-0.066211402623466267
256.58672033705682,699.3814743996561,-997.00427055358898,32.090000000000003,-0.066273388349636461
256.59966831923339,699.19103753536888,-997.14398384094204,32.140000000000001,-0.066455648176280011
256.61262245331352,699.52324032813556,-996.53387069702103,32.140000000000001,-0.066626290272471064
256.62557283830381,699.32078947495791,-996.53387069702103,32.159999999999997,-0.066678518843722293
256.6385120826049,698.71919225909107,-996.57201766967796,32.159999999999997,-0.0665355401317798
256.65145443131485,698.88683033665211,-995.291709899902,32.560000000000002,-0.066293741885823265
256.66440605806793,699.38784466860955,-996.96254730224598,32.560000000000002,-0.066118386262859596
256.67736175056166,699.60739466129587,-997.00808525085404,32.439999999999998,-0.066093192953659771
256.69032242045688,699.87617434047706,-997.00808525085404,32.439999999999998,-0.066205662571805102
256.70328488883831,699.97329259640253,-997.01714515686001,32.25,-0.066391344492187754
256.71624744931847,699.97826593093168,-996.48261070251499,32.25,-0.066546776021427029
256.7292083779148,699.89014420134163,-995.52464485168503,32.280000000000001,-0.066585240678683127
256.74216045894559,699.4123756621558,-995.52464485168503,32.280000000000001,-0.066485357367597434
256.75511004506666,699.27765053642952,-996.26636505126896,32.420000000000002,-0.066269571995560397
256.76806513427039,699.57481700384096,-999.69053268432594,32.420000000000002,-0.066077143160359078
256.78102280220259,699.71406833713945,-999.49765205383301,32.490000000000002,-0.066075466780568679
256.793976254347,699.48641579723187,-999.49765205383301,32.490000000000002,-0.066127074467954544
256.80693328587529,699.67970252909595,-998.69179725646995,32.090000000000003,-0.066246969832251118
256.81989956129763,700.17887280516811,-999.93062019348099,32.090000000000003,-0.066294469352569566
256.83286336871481,700.0456005301545,-1001.42073631287,32.189999999999998,-0.066252412894809903
256.845826610095,700.01503452905888,-998.19612503051803,32.189999999999998,-0.066220854512003782
256.85879745313702,700.42552426989448,-998.19612503051803,32.170000000000002,-0.06623922640191697
256.87177488373322,700.78125219505193,-998.58069419860794,32.170000000000002,-0.06635026799212855
256.88474940343082,700.62406367041115,-1000.37884712219,32.530000000000001,-0.066457979587693949
256.89772163621245,700.5005702056701,-1000.92720985413,32.530000000000001,-0.066439016825425815
256.91069610416918,700.62126966416304,-1000.79417228699,32.420000000000002,-0.066370991990164649
256.92367497003704,700.85875686467989,-999.93419647216797,32.420000000000002,-0.066224970957876925
256.93665242650502,700.78264927237205,-1000.82850456238,32.329999999999998,-0.066103859701010514
256.94962697931481,700.62585172756769,-1000.82850456238,32.329999999999998,-0.066062322713730748
256.9626009795395,700.59601213259236,-1000.239610672,32.259999999999998,-0.066144117670412006
256.97557684344565,700.69665093279048,-1000.49829483032,32.259999999999998,-0.066334980850549369
256.98854967434312,700.53286846304979,-1001.6565322876,32.310000000000002,-0.066450978111049233
257.0015131506247,700.0277192056368,-1001.6565322876,32.310000000000002,-0.066382774255545271
257.01447775070005,700.08840406987918,-1001.76644325256,32.369999999999997,-0.066248555149962099
257.0274443769211,700.19781593461016,-1003.00550460815,32.369999999999997,-0.066043691089035614
257.0404103926075,700.1648470664868,-1003.00550460815,32.140000000000001,-0.065990096579468652
257.05337477123584,700.07644593132557,-1004.53090667725,32.140000000000001,-0.066041315180796561
257.06633889116301,700.06247606496481,-1005.03349304199,32.140000000000001,-0.066156396641948556
257.07930290554071,700.05677639576311,-1003.55434417725,32.140000000000001,-0.066284113045675719
257.09226573196543,699.99262693651292,-1002.8800964355499,32.100000000000001,-0.066354231287423779
257.10522332849632,699.71021266886316,-1002.8800964355499,32.100000000000001,-0.066325996692245981
257.11817937178762,699.62633773028199,-1004.4617652893101,32.350000000000001,-0.066254550797613013
257.13114197779873,699.98072459883201,-1003.1497478485099,32.350000000000001,-0.066134933795665721
257.14410408917411,699.95401427150864,-1003.1497478485099,32.399999999999999,-0.066130660060015362
257.15706268635927,699.7642479959809,-1000.37050247192,32.399999999999999,-0.066211049755224141
257.17001976962717,699.68249646939216,-1000.0159740448,32.520000000000003,-0.066278609964167207
257.18298118561489,699.91646333448455,-1000.87666511536,32.520000000000003,-0.066197533159736158
257.19594052371849,699.80425759540935,-1003.1192302703899,32.140000000000001,-0.066008850310492459
257.20890003670365,699.81370119923804,-1003.1192302703899,32.140000000000001,-0.065860575477617464
257.22186794297528,700.26693866793357,-1002.13527679443,32.159999999999997,-0.065802333669179258
257.23484144235675,700.56896659882511,-1000.55742263794,32.159999999999997,-0.065794695789699667
257.24781306563955,700.46765727032323,-1001.14035606384,32.579999999999998,-0.065768334186432006
257.26077868499624,700.14344526364846,-1002.37536430359,32.170000000000002,-0.065757510148184498
257.27374497387154,700.17959926624849,-1003.72576713562,32.600000000000001,-0.065711648720495411
257.28671528399002,700.39674639740338,-1003.9687156677199,32.600000000000001,-0.065696043893919101
257.29968045527784,700.1192495424981,-1002.62641906738,32.509999999999998,-0.065670606369822832
257.31264449656049,700.05822926296389,-1002.12335586548,32.509999999999998,-0.065677985549498413
257.32560840745805,700.05118846570679,-1002.39396095276,32.530000000000001,-0.065815572936990571
257.33857170161241,700.01788433617969,-1002.30383872986,32.530000000000001,-0.065952292125265335
257.35152901253832,699.69479000125364,-1002.30383872986,32.210000000000001,-0.066021672554253494
257.36448745346803,699.75581020384379,-1002.3717880249,32.210000000000001,-0.065929993159908287
257.3774499415112,699.97435432987868,-1001.84655189514,32.240000000000002,-0.06571093263718332
257.39041341779136,700.02771912869275,-1002.12168693542,32.240000000000002,-0.065427146231222574
257.40337851043336,700.11500266904932,-1002.12168693542,32.210000000000001,-0.065114633697291119
257.41634515010622,700.19854233523449,-1001.0185241699201,32.210000000000001,-0.064916153334179563
257.42931641534813,700.44832306211686,-999.49002265930199,32.439999999999998,-0.064887254395121247
257.44229262487778,700.71531460170115,-998.05951118469204,32.439999999999998,-0.064939491243753311
257.45526381768263,700.44441146106385,-998.35538864135697,32.409999999999997,-0.065045636146528835
257.46823500531372,700.44413207747664,-998.35538864135697,32.409999999999997,-0.065084888288666751
257.481211538737,700.73280485844646,-998.20590019226097,32.380000000000003,-0.065033764888922901
257.494186436137,700.64445960110186,-998.12674522399902,32.380000000000003,-0.065018304934016988
257.50715623920127,700.36936547032826,-999.14693832397495,32.240000000000002,-0.064996158082224365
257.52012382778895,700.24978373304816,-999.14693832397495,32.240000000000002,-0.065041282731826147
257.53308736201848,700.03084839634471,-999.85074996948197,32.359999999999999,-0.065171955567385698
257.54605525483703,700.26621220135723,-1000.35810470581,32.259999999999998,-0.065301874031963247
257.55901865971606,700.02386346591243,-998.16393852233898,32.259999999999998,-0.065414731700985052
257.57197946517033,699.88349453231319,-998.16393852233898,32.259999999999998,-0.065467573909220533
257.58494489619255,700.13327519873951,-997.91383743286099,32.280000000000001,-0.065401576251527149
257.59791284799638,700.26939740728176,-997.51973152160599,32.280000000000001,-0.065361065790357276
257.61087547987654,699.98212152776011,-997.27225303649902,32.210000000000001,-0.065279360859454391
257.62383718250493,699.93194193487068,-999.52006340026901,32.210000000000001,-0.065241988954784641
257.6368033989433,700.17568767069156,-999.52006340026901,32.229999999999997,-0.065184990978231702
257.64976762856048,700.06839932787295,-996.88673019409202,32.229999999999997,-0.065134388084454584
257.66272777898399,699.84812286861018,-994.06766891479504,32.299999999999997,-0.065147096496825124
257.67568865583951,699.88735020058959,-994.06766891479504,32.299999999999997,-0.065080987081564665
257.68865450906293,700.15607406240986,-993.11852455139206,32.329999999999998,-0.065015411625864591
257.70162330526415,700.31499486531857,-993.70837211608898,32.329999999999998,-0.064988905148992748
257.71458865246797,700.12874900765541,-993.50380897521995,32.329999999999998,-0.064910669913893215
257.72755863765934,700.37920033428952,-993.419408798218,32.329999999999998,-0.064912174518286375
257.74053602893332,700.77912879405153,-995.33104896545399,32.240000000000002,-0.064881354984134096
257.75351829930366,701.04259999821136,-995.23305892944302,32.240000000000002,-0.064853989622642744
257.76649161138522,700.55885240623672,-995.23305892944302,32.359999999999999,-0.064823784762182868
257.77946168039375,700.3837264594215,-994.79579925537098,32.140000000000001,-0.064792180846657707
257.79242966531109,700.27118553588639,-994.30465698242199,32.399999999999999,-0.064780621064995506
257.80539299775313,700.01995187035538,-995.30959129333496,32.140000000000001,-0.064759966399082117
257.81834872956921,699.60951806779246,-995.633363723755,32.43,-0.064666080806112108
257.83130763202098,699.78073239706669,-995.633363723755,32.43,-0.064585927045874486
257.84427344074686,700.15367119538223,-995.63288688659702,32.469999999999999,-0.064481079784778794
257.8572358056494,699.96770473779418,-995.64743041992199,32.469999999999999,-0.064393072906290511
257.87019262918153,699.66847073620681,-996.32167816162098,32.090000000000003,-0.064356353961456406
257.88314880906671,699.63371379993487,-997.15876579284702,32.450000000000003,-0.064353273352627041
257.89610385273949,699.57235833044479,-996.34218215942406,32.119999999999997,-0.06438803238236554
257.90905327018766,699.26854219950053,-995.45979499816895,32.119999999999997,-0.064378608431616802
257.92200006958524,699.12716747069783,-996.59442901611305,32.119999999999997,-0.064220302221181774
257.93494693314068,699.13063199425767,-997.47705459594704,32.119999999999997,-0.064106819530621958
257.94790099581849,699.51938459940334,-997.86186218261696,32.119999999999997,-0.064003385809397337
257.96085428550003,699.47764280414685,-997.78938293456997,32.119999999999997,-0.064005042528983369
257.97380389749145,699.27904753680548,-997.78938293456997,32.530000000000001,-0.063994555837362244
257.98675404240743,699.30782546425667,-1000.4134178161599,32.530000000000001,-0.063937244316436367
257.99970802023211,699.51480253050249,-1000.4134178161599,32.119999999999997,-0.063907151214052452
258.01266016645559,699.41589606902824,-999.51624870300304,32.57,-0.063954016400575894
258.02561306601609,699.45657626820855,-997.14422225952103,32.560000000000002,-0.064014459236006099
258.03857118926175,699.73865526346242,-997.14422225952103,32.560000000000002,-0.06406939691966658
258.0515300585987,699.77894419701397,-998.81362915039097,32.189999999999998,-0.064046877538613226
258.06447773550985,699.1745532002351,-997.51448631286598,32.189999999999998,-0.063903111343824481
258.07742277367288,699.0320608051793,-997.86472320556595,32.189999999999998,-0.063687974793746896
258.09037095039253,699.20154286168167,-997.86472320556595,32.189999999999998,-0.063450998729435326
258.10332134883458,699.32151587008627,-999.57704544067406,32.189999999999998,-0.063342559668548515
258.11626806337773,699.12258533034912,-998.46434593200695,32.189999999999998,-0.063372929062715175
258.12921431122595,699.09738380300303,-996.93846702575695,32.369999999999997,-0.063483046574874927
258.14215729737413,698.92125200052828,-996.93846702575695,32.369999999999997,-0.063600798860969809
258.15510134212718,698.97841666674617,-996.06847763061501,32.280000000000001,-0.063530262560091741
258.16803698634936,698.52478799837399,-1000.41270256042,32.280000000000001,-0.063308917192326716
258.18097036435432,698.40241226583782,-1000.46944618225,32.25,-0.063041049159248991
258.19391366818769,698.9384070013657,-1000.46944618225,32.25,-0.062841528819589043
258.20686886087032,699.58040486244943,-999.65357780456497,32.259999999999998,-0.062769316136172579
258.2198208839531,699.40924647144789,-1003.4041404724099,32.259999999999998,-0.062731736235948868
258.23277243826919,699.38393306755654,-1002.34913825989,32.259999999999998,-0.062717911269145638
258.24572706595063,699.54989479962626,-1000.53191184998,32.259999999999998,-0.062748314812597128
258.25867728951113,699.31207226625747,-1000.53191184998,32.259999999999998,-0.062660236532030247
258.27161905355808,698.85525853485683,-1000.89240074158,32.259999999999998,-0.062349708751036445
258.28456266990116,698.95528252518397,-1002.93302536011,32.310000000000002,-0.061933325810099041
258.29751503653819,699.42779840121329,-1004.12321090698,32.310000000000002,-0.061577325686049227
258.31047508244694,699.84247907172914,-1004.12321090698,32.280000000000001,-0.061400079477771811
258.32343351716787,699.75547493144802,-1001.7001628875699,32.280000000000001,-0.061366648102851994
258.33638815726664,699.55056533342611,-1004.80985641479,32.259999999999998,-0.061337217274596283
258.34934739809876,699.79900493225284,-1005.56659698486,32.259999999999998,-0.061284559260679064
258.36230840533955,699.89439100334255,-1005.56659698486,32.259999999999998,-0.061152279376434054
258.37526353903951,699.57721979942085,-1004.9684047699,32.259999999999998,-0.061044636078420547
258.38821931638648,699.61197673569279,-1004.70995903015,32.259999999999998,-0.060953729682421125
258.4011856445839,700.18172266175304,-1004.94074821472,32.259999999999998,-0.060960462109787783
258.414152342205,700.20167153693455,-1007.37285614014,32.259999999999998,-0.061155905325917116
258.42710949066668,699.6860169312248,-1008.24069976807,32.259999999999998,-0.061317240405648177
258.44006843864935,699.7831910649669,-1008.24069976807,32.259999999999998,-0.061422456055278636
258.45303164795058,700.01330226727885,-1007.72190093994,32.259999999999998,-0.061422968283457419
258.4659941039148,699.97262206809887,-1007.70735740662,32.189999999999998,-0.061398754930736717
258.47895052490986,699.64673373242067,-1006.61683082581,32.189999999999998,-0.061462216285683581
258.49191444925935,700.05191487182719,-1006.61683082581,32.140000000000001,-0.061530582606261555
258.50488477179624,700.39741699165904,-1006.08325004578,32.140000000000001,-0.061619847806122695
258.51785493911115,700.38903500589061,-1006.69360160828,32.409999999999997,-0.061691774883056757
258.53082165639375,700.20273325941878,-1005.37347793579,32.409999999999997,-0.061625722380590886
258.54378901732468,700.23749027263477,-1003.66950035095,32.439999999999998,-0.061485379313603164
258.55677205448404,701.08400660351185,-1003.66950035095,32.439999999999998,-0.061243198190947402
258.56976310101601,701.51651272622496,-1004.6808719635,32.100000000000001,-0.061018497992933247
258.58275711743329,701.67688653373455,-1007.7953338623,32.43,-0.061076639426220825
258.59574822295053,701.51969793214971,-1006.1557292938199,32.100000000000001,-0.06130327987943153
258.60873943815687,701.52562114009777,-1006.1557292938199,32.100000000000001,-0.061547967294748276
258.62172236459134,701.07802746278708,-1006.29997253418,32.119999999999997,-0.061595018746258307
258.63469680046916,700.61953740238312,-1013.36622238159,32.119999999999997,-0.061437191649084504
258.64766910465181,700.50442586295446,-1013.36622238159,32.140000000000001,-0.061220906466771925
258.66064899704571,700.91418926911774,-1010.94388961792,32.140000000000001,-0.061158306068639555
258.67363014361979,700.98191500206508,-1008.9259147644,32.329999999999998,-0.061254958725760665
258.68661068586783,700.94928139534557,-1010.45060157776,32.329999999999998,-0.061532642898746895
258.69959294899508,701.04220886998291,-1011.7125511169399,32.32,-0.061844737373039471
258.71257781154577,701.18257773763014,-1010.26844978333,32.32,-0.0621019314147351
258.72556044513209,701.06221366145303,-1008.30602645874,32.329999999999998,-0.062136871533043835
258.73853770084685,700.77180859671932,-1008.30602645874,32.329999999999998,-0.062041375785742113
258.75151919097533,701.00046693732656,-1008.60619544983,32.140000000000001,-0.061900409766154484
258.76450556640873,701.26427340289024,-1009.0765953064,32.140000000000001,-0.061847393711649892
258.77749457437909,701.40643039914221,-1007.72929191589,32.229999999999997,-0.061921900550938526
258.79047635735685,701.01628079911654,-1006.6947937011701,32.229999999999997,-0.062065206260745825
258.80345493658524,700.84327833574173,-1007.17377662659,32.170000000000002,-0.062169014579151499
258.81643616801364,700.98649713142174,-1006.48975372314,32.170000000000002,-0.062126444859558226
258.82941222128767,700.70687679857224,-1004.55284118652,32.32,-0.061967133854598455
258.84238337580496,700.44234393238401,-1003.50594520569,32.32,-0.061831338744884397
258.85535774649003,700.61601699551056,-1005.05471229553,32.32,-0.06172080420694414
258.86833704076662,700.88189093479411,-1008.19206237793,32.32,-0.061799511312494892
258.88130822115426,700.44374093276008,-1008.19206237793,32.329999999999998,-0.0618424442481759
258.89427193130007,700.04034787249418,-1006.64329528809,32.329999999999998,-0.061959881955937671
258.90723705084815,700.11645559670592,-1006.64329528809,32.140000000000001,-0.062024414332089307
258.92020649069752,700.34975186754252,-1006.10613822937,32.140000000000001,-0.062034258412534585
258.93317477984573,700.28761400419546,-1006.98304176331,32.170000000000002,-0.061972962898688491
258.94613581916548,699.89612326512236,-1008.02397727966,32.170000000000002,-0.061924450306464464
258.95909739865186,699.92529226584202,-1005.94234466553,32.140000000000001,-0.062039673534760156
258.97205670985068,699.80280473370465,-1004.8534870147701,32.140000000000001,-0.062241644287534238
258.98500612729993,699.26854225995669,-1004.8534870147701,32.380000000000003,-0.062369767369908749
258.99794693725801,698.80373773696795,-1006.0665607452401,32.380000000000003,-0.062320219972972657
259.01089253421492,699.06223567255051,-1006.0665607452401,32.329999999999998,-0.06212777044187659
259.0238516384531,699.79162886259996,-1005.53107261658,32.329999999999998,-0.062014374675011107
259.03681720607028,700.14065132884832,-1002.05540657043,32.359999999999999,-0.062072481960133402
259.04978113662844,700.052250138727,-1001.55138969421,32.359999999999999,-0.062289297994426313
259.06275540279864,700.61037319313368,-1002.3968219757101,32.140000000000001,-0.062576547885610317
259.07572769456425,700.50375534014677,-1001.2729167938199,32.140000000000001,-0.062742800348163305
259.08869240536421,700.09438319961203,-1001.2729167938199,32.100000000000001,-0.062699467978171622
259.10165349642483,699.89891727137058,-1001.42049789429,32.100000000000001,-0.062516477579746182
259.114618609763,700.1161202638541,-1002.53200531006,32.100000000000001,-0.06220482393297868
259.12759165486551,700.54443553383078,-1001.55115127563,32.100000000000001,-0.062033452300390791
259.14055984053323,700.28202605765125,-1000.79941749573,32.439999999999998,-0.061960486281072029
259.15352371210861,700.04906507020246,-1001.62982940674,32.439999999999998,-0.062009856725583859
259.16649000822724,700.17999040546897,-1002.15458869934,32.43,-0.062141866527201314
259.17945805109264,700.27431473209049,-1002.15458869934,32.43,-0.062119049123594304
259.19242053913587,699.97435433537476,-1000.6473064422599,32.509999999999998,-0.061993782097799773
259.20537897385685,699.75547493144802,-999.07612800598099,32.509999999999998,-0.061851805075855318
259.21834499575192,700.16518233338661,-999.51100349426304,32.119999999999997,-0.06172613240781627
259.23131373400491,700.31186566361862,-999.830722808838,32.119999999999997,-0.061718762541822569
259.24427383786298,699.84560833388525,-1000.03266334534,32.159999999999997,-0.06178850514988498
259.25722633488527,699.43483920396625,-999.68814849853504,32.159999999999997,-0.061884168535114852
259.27017917649636,699.45344700055648,-998.58427047729504,32.189999999999998,-0.061961736323333821
259.28313566164815,699.65019819552458,-998.58427047729504,32.189999999999998,-0.061941275166133035
259.29608929591865,699.49625060623305,-998.37756156921398,32.539999999999999,-0.061831880981622046
259.3090434620778,699.52497259541155,-997.49112129211403,32.539999999999999,-0.061711703116692891
259.32200587871978,699.97049866709847,-997.22838401794399,32.460000000000001,-0.061704549523735761
259.33497334313097,700.24307820269098,-995.45001983642601,32.460000000000001,-0.06180755276690935
259.34793614989377,699.99156519204473,-995.22686004638695,32.329999999999998,-0.061942443458674182
259.36090030810857,700.06454359914062,-996.20819091796898,32.329999999999998,-0.062007355606489449
259.37387011117409,700.36936553628027,-996.48141860961903,32.259999999999998,-0.062018065816908698
259.38684418280121,700.59986786682066,-995.97811698913597,32.259999999999998,-0.06203053001713079
259.39981259612591,700.29431953455276,-994.33326721191395,32.310000000000002,-0.062003305388924769
259.41277247957044,699.83370600170019,-993.28494071960404,32.310000000000002,-0.062018680489277993
259.42573487034326,699.96910173267429,-994.72713470458996,32.310000000000002,-0.062062295361225366
259.43869198672479,699.68428460349276,-997.07651138305698,32.310000000000002,-0.062065431847769602
259.45164055873954,699.2228887976953,-997.07651138305698,32.189999999999998,-0.062092629571434577
259.464588365,699.18153806471548,-998.97646903991699,32.189999999999998,-0.062062148417970635
259.47754895728519,699.87198339980478,-998.17156791687,32.369999999999997,-0.062054008659175638
259.49051011974569,699.90277286819889,-996.32763862609897,32.119999999999997,-0.062032189840632856
259.50347097073211,699.88595326616542,-996.63901329040505,32.090000000000003,-0.062080299896055069
259.51643106217165,699.84493773413351,-996.65808677673294,32.090000000000003,-0.06216746444458373
259.52939617550999,700.11612026935006,-995.83625793456997,32.5,-0.062324443003965849
259.54236152167903,700.12869312983867,-995.83625793456997,32.5,-0.062364978300942231
259.55532036618274,699.77760320086259,-995.72038650512695,32.549999999999997,-0.062366406329690219
259.5682817107691,699.91260766071218,-997.55024909973099,32.549999999999997,-0.062330771859043864
259.58124783717898,700.1708261357636,-995.63097953796398,32.579999999999998,-0.062347360782927054
259.5942080517604,699.85158739766598,-995.63097953796398,32.579999999999998,-0.062418052305356679
259.60716048359023,699.43131880808573,-995.51439285278298,32.189999999999998,-0.062533096513104236
259.62011261015311,699.41483439600802,-995.33176422119095,32.189999999999998,-0.062640207923039926
259.63306704329142,699.53938946781739,-995.33176422119095,32.229999999999997,-0.062677457721279237
259.64602275544576,699.60845633431609,-995.70322036743198,32.229999999999997,-0.062570979611687283
259.65898229430127,699.815098199614,-995.27955055236805,32.240000000000002,-0.062374534706272348
259.67195039615063,700.27749986656715,-997.10130691528298,32.240000000000002,-0.062214648350573359
259.68492742317409,700.75945926398526,-997.93958663940396,32.329999999999998,-0.062237611661032276
259.69789932481973,700.48268886466428,-996.42109870910599,32.329999999999998,-0.062237093224716086
259.71086255378145,700.0143639348031,-996.60611152648903,32.25,-0.062247851034349808
259.72382371106903,699.90249352857984,-997.12133407592796,32.25,-0.062189481944998577
259.73678773890003,700.0575028733316,-997.41435050964401,32.140000000000001,-0.062152088309965013
259.74974912280868,699.91473106720866,-997.41435050964401,32.140000000000001,-0.062147590021556363
259.76270354870252,699.53899826814097,-998.31390380859398,32.399999999999999,-0.062104031029461187
259.77565639031485,699.45344706650849,-997.51853942871105,32.399999999999999,-0.062119405095752471
259.78860665837033,699.31447499588523,-999.10807609558105,32.520000000000003,-0.062180150092223191
259.80154849485444,698.8591701414058,-999.10807609558105,32.520000000000003,-0.062198265352390023
259.81448736145313,698.69879632840048,-999.63641166687,32.140000000000001,-0.062235538951050794
259.82743034760131,698.92125200052828,-999.825000762939,32.549999999999997,-0.062221862996236832
259.8403842861037,699.51267912950198,-998.88229370117199,32.210000000000001,-0.062260713634617083
259.85334478732597,699.86706600354808,-998.95238876342796,32.210000000000001,-0.062322471703909386
259.86630585251595,699.89752026000258,-1001.28531455994,32.210000000000001,-0.062390828711925035
259.87927062747411,700.09784773965976,-1000.21576881409,32.210000000000001,-0.062505643193958391
259.89223536414437,700.09578019449202,-1000.28276443481,32.32,-0.062660065790287836
259.90519516273463,699.82912387234342,-1000.28276443481,32.32,-0.062694550594535478
259.91815268786416,699.70635699509069,-1000.52452087402,32.140000000000001,-0.062598267363064411
259.93111548117406,699.99083873646055,-1004.37021255493,32.140000000000001,-0.062373225679936986
259.94407902885683,700.03157486841724,-1004.37021255493,32.390000000000001,-0.062237702723722359
259.95704067250119,699.92875679489794,-1004.0819644928,32.140000000000001,-0.062273278211109374
259.97000138792714,699.87863300288132,-1001.5475749969499,32.140000000000001,-0.062426864686125488
259.98295765887536,699.6386312016873,-1002.1934509277301,32.140000000000001,-0.062569971713348271
259.99591489115568,699.69054313879678,-1002.1934509277301,32.520000000000003,-0.062536343725596272
260.0088675568507,699.4439475299032,-1002.7642250061,32.520000000000003,-0.062371163318615329
260.02181802048403,699.32503620001478,-1002.22969055176,32.579999999999998,-0.062153824707890923
260.03478291237531,700.10416213079645,-1004.87971305847,32.579999999999998,-0.061982849405290558
260.04775324836419,700.39814339777945,-1004.87971305847,32.5,-0.061943549663123952
260.06072081108022,700.24838666672008,-1006.2689781189,32.5,-0.062030306499146884
260.07368112293341,699.85684007181442,-1006.24012947083,32.229999999999997,-0.062211904053290669
260.08664752253213,700.18557833002944,-1004.99749183655,32.229999999999997,-0.062321721472024902
260.09961475307784,700.23044946988171,-1005.11384010315,32.210000000000001,-0.062289374569766152
260.11257626012844,699.92138073074113,-1005.11384010315,32.210000000000001,-0.062111577847370252
260.12553773510007,699.91964846896121,-1004.7914981842,32.509999999999998,-0.061959732944966178
260.13850171119009,700.05470886158741,-1004.9247741699201,32.210000000000001,-0.061979116872010569
260.15146634334451,700.09013633715495,-1003.8211345672599,32.359999999999999,-0.062060847670339224
260.16442788350867,699.92316886484161,-1003.8211345672599,32.359999999999999,-0.062114173131544118
260.17738838369627,699.86701013122752,-1003.68714332581,32.259999999999998,-0.062111138055128454
260.19035729683083,700.32130926744719,-1005.12671470642,32.299999999999997,-0.06205842933675762
260.20333474708889,700.78231393402427,-1004.23121452332,32.229999999999997,-0.061984418165797202
260.21631311935687,700.83210247013312,-1002.95162200928,32.229999999999997,-0.06186321688172753
260.22929679912846,701.11870766746324,-1003.53026390076,32.259999999999998,-0.061807002251467756
260.24228361745679,701.28818972946146,-1006.85548782349,32.259999999999998,-0.06187772688769539
260.25526519243954,701.00504906668334,-1006.85548782349,32.329999999999998,-0.06200137858650763
260.26824024505925,700.65284146595832,-1008.3155632019,32.329999999999998,-0.062099816277171947
260.28121270549752,700.51286366608349,-1007.88283348083,32.380000000000003,-0.062121901039448306
260.2941906100346,700.80684500451446,-1006.52384757996,32.380000000000003,-0.062075501514627998
260.30716319982344,700.51984859651589,-1006.52384757996,32.119999999999997,-0.062010124739375089
260.32013036621117,700.22698493532982,-1005.1121711731,32.119999999999997,-0.061981401716134636
260.33309879195303,700.2949900628563,-1007.16972351074,32.090000000000003,-0.062002385447934918
260.34607059632725,700.47743620700396,-1005.04469871521,32.090000000000003,-0.062119116385150483
260.35904288188397,700.50342006225492,-1005.04469871521,32.090000000000003,-0.062308831966911241
260.37201451034207,700.46793673635057,-1002.4502277374301,32.090000000000003,-0.062420693122962029
260.38499031629868,700.69352165964244,-1001.4433860778799,32.539999999999999,-0.062346630212671832
260.39797093719255,700.95352826879434,-1003.92651557922,32.539999999999999,-0.062246620654531501
260.41095670830003,701.23163980166669,-1003.92651557922,32.520000000000003,-0.062202220367963537
260.4239360677704,700.88541140212271,-1003.03554534912,32.520000000000003,-0.062295241902340336
260.43691414822348,700.81634446417581,-1000.62298774719,32.539999999999999,-0.062529644411416951
260.44989248841239,700.83037020285713,-1002.29024887085,32.539999999999999,-0.062770928360358386
260.46287066510126,700.82154120005157,-1001.73115730286,32.119999999999997,-0.062998889220285334
260.47583928642229,700.30555133293797,-1001.73115730286,32.119999999999997,-0.063078238939149253
260.48881197451732,700.52515713199307,-1000.28467178345,32.159999999999997,-0.062960238299263963
260.50179065205185,700.84858686572284,-1002.29215621948,32.159999999999997,-0.062777483835707901
260.51476815404931,700.78510786332845,-1002.45499610901,32.189999999999998,-0.06258290881828707
260.5277418552173,700.57986306985458,-1001.03044509888,32.189999999999998,-0.062608916519250657
260.54072016229264,700.82858206875665,-1000.49901008606,32.520000000000003,-0.062747991954542309
260.55370100980872,700.96576586787933,-1000.6365776062,32.520000000000003,-0.062909892035640319
260.56668105121241,700.92223580112238,-1000.6365776062,32.420000000000002,-0.062989849182333302
260.57965051072347,700.35081359552282,-999.32861328125,32.420000000000002,-0.062905835608309785
260.5926188650642,700.29113440007598,-999.32861328125,32.280000000000001,-0.062769251978125329
260.60558257520989,700.0403478669981,-999.41253662109398,32.280000000000001,-0.062673370249801241
260.61854232827034,699.82666526489913,-998.52848052978504,32.299999999999997,-0.062717029618268375
260.63149407195561,699.39415900478627,-998.52848052978504,32.299999999999997,-0.062824009607582845
260.64444349561364,699.26887753235246,-998.03590774536099,32.299999999999997,-0.063014248800549483
260.65739962996662,699.63125506058657,-997.328281402588,32.299999999999997,-0.063076669142443337
260.67035690260377,699.6927224066219,-995.88680267333996,32.439999999999998,-0.063067305211662095
260.68331067243338,699.50357079806929,-994.77624893188499,32.439999999999998,-0.063025437087318226
260.69627008090367,699.80805739686116,-994.77624893188499,32.119999999999997,-0.062976048016562189
260.70923462199642,700.08521900685059,-993.95656585693405,32.119999999999997,-0.063014185676360607
260.72219789028151,700.01648739625955,-995.80311775207497,32.140000000000001,-0.063119279220374844
260.73515889752218,699.89439099784659,-995.80311775207497,32.140000000000001,-0.063185482803055637
260.74811971021984,699.88388567153379,-995.816469192505,32.140000000000001,-0.06328074468473141
260.76107599462097,699.63935766276779,-995.34392356872604,32.140000000000001,-0.063318001726900289
260.77402962785681,699.49619473391238,-993.75605583190895,32.590000000000003,-0.063249761652766287
260.78697265229255,698.92331952920813,-993.75605583190895,32.590000000000003,-0.063203434562458069
260.79991561257162,698.91985507160018,-995.66411972045898,32.170000000000002,-0.063182943396596636
260.81286284037782,699.15030153531598,-996.31381034851097,32.57,-0.063209048368693038
260.82580622906545,698.94298913072248,-993.84808540344204,32.590000000000003,-0.063260567064362477
260.83874818248029,698.86548440063859,-994.61340904235794,32.590000000000003,-0.063195315499150723
260.85169723567896,699.24887272989042,-995.72229385375999,32.189999999999998,-0.06305812237189376
260.86464803044947,699.34291760697261,-994.89641189575195,32.189999999999998,-0.062879839290373302
260.87759379711366,699.07139986531217,-994.48728561401401,32.159999999999997,-0.062727289687582441
260.89053826406547,699.0012153985125,-994.48728561401401,32.159999999999997,-0.062688775359425769
260.90348640870741,699.19981066585376,-992.44904518127396,32.140000000000001,-0.062800622027312084
260.91643995708887,699.49161259905964,-992.78759956359897,32.140000000000001,-0.062967074206816853
260.92938804274701,699.19662553687306,-992.95473098754906,32.560000000000002,-0.063053045628931631
260.94233354967525,699.05737412663075,-994.10700798034702,32.560000000000002,-0.062969973725243988
260.95528557896671,699.4095817383477,-993.96538734436001,32.57,-0.062793176621668931
260.96823954333826,699.51407606392604,-993.96538734436001,32.57,-0.062585373719158552
260.98119184581725,699.4243338666613,-992.87700653076195,32.140000000000001,-0.062529465390258152
260.99414861760988,699.66567680140656,-992.82741546630905,32.590000000000003,-0.062572993337798755
261.00711195005317,700.01995193630728,-993.09158325195301,32.170000000000002,-0.062713438852132097
261.0200809025099,700.32343266295163,-991.68586730956997,32.170000000000002,-0.062831341184787073
261.03304493034079,700.05750286783564,-990.41748046875,32.189999999999998,-0.062824960590684611
261.04600177353456,699.669532464187,-990.41748046875,32.189999999999998,-0.062694300172519424
261.05896272179137,699.89120586886588,-990.93055725097702,32.240000000000002,-0.062494319345231794
261.07192313815921,699.86248386319937,-991.61911010742199,32.240000000000002,-0.062347534629196164
261.08487460865803,699.37940693692838,-992.33865737915005,32.399999999999999,-0.062316778220046977
261.09782188820367,699.15309546462015,-992.85936355590798,32.399999999999999,-0.06238006676258312
261.11077329350866,699.37588646959989,-993.44825744628895,32.329999999999998,-0.062508836595536327
261.12372271820124,699.26893339917717,-992.71512031555199,32.329999999999998,-0.062560859240171712
261.13666649597411,698.96399973388418,-991.60385131835903,32.170000000000002,-0.062406572203052124
261.14960331676787,698.58832286209713,-991.60385131835903,32.170000000000002,-0.062161341516732235
261.16254914241478,699.07458493383672,-993.69859695434604,32.380000000000003,-0.061864682161640837
261.17550082711728,699.39097393626162,-993.940830230713,32.380000000000003,-0.061667507721253949
261.18845229037169,699.37901573725185,-991.62864685058605,32.43,-0.061729196459644864
261.20141188820986,699.81828326264281,-992.32983589172397,32.43,-0.061841096934781285
261.2143788072803,700.21362980189599,-994.14372444152798,32.5,-0.061964844871275078
261.2273476686741,700.31851526669516,-995.33915519714401,32.5,-0.062057091337044887
261.24030668081485,699.78665559951878,-993.23940277099598,32.090000000000003,-0.061985429168764684
261.25326081489499,699.52324032813556,-992.906093597412,32.090000000000003,-0.061876283336924555
261.26621866495185,699.72390306919658,-992.906093597412,32.140000000000001,-0.061768255091747062
261.27918268657419,700.05716760643179,-995.60236930847202,32.140000000000001,-0.061695818893094702
261.29214473275675,699.95049385914024,-995.98598480224598,32.170000000000002,-0.061784686727685036
261.30510943631361,700.09399207138335,-994.73881721496605,32.170000000000002,-0.061925665164565255
261.31808435958271,700.64585653002985,-994.73881721496605,32.5,-0.062092705111694707
261.33105611221606,700.47464220075574,-994.18520927429199,32.5,-0.062175186143027403
261.34402088717411,700.09784773416379,-995.71275711059604,32.259999999999998,-0.062147256813925716
261.35698956023464,700.30834526773799,-996.65760993957497,32.280000000000001,-0.062022894206589296
261.36996432621481,700.63736293152419,-996.70648574829102,32.189999999999998,-0.061960699450803222
261.38294368671859,700.88546720299519,-998.29006195068405,32.189999999999998,-0.06196370037854472
261.3959211949259,700.78544319618015,-999.54771995544399,32.369999999999997,-0.062032742425826772
261.40889691602843,700.68893953578174,-1001.36280059814,32.369999999999997,-0.062066805031337997
261.42187235876924,700.67390800189673,-1000.85020065308,32.450000000000003,-0.062039820477200663
261.4348415771704,700.33779366303702,-999.04346466064396,32.450000000000003,-0.062058663202281789
261.44779845968765,699.67165593113941,-998.177051544189,32.5,-0.06209048339053818
261.46075456196297,699.62952287025462,-998.177051544189,32.5,-0.062130994887907326
261.47371233958387,699.71999152859973,-999.08852577209495,32.140000000000001,-0.062186341318847919
261.48667305500987,699.87863300288132,-1000.56409835815,32.140000000000001,-0.062265496493817754
261.49963133347529,699.74703713381484,-1000.56409835815,32.159999999999997,-0.062340538327237585
261.51259436789513,700.00385866894624,-998.64888191223099,32.159999999999997,-0.062416145163958138
261.5255644762272,700.38584993186987,-998.37660789489701,32.57,-0.062383826201116599
261.53853598878646,700.46167820104654,-997.68662452697697,32.210000000000001,-0.062317036920461658
261.55150312826908,700.22553206263308,-998.46839904785202,32.590000000000003,-0.062265655853957956
261.56447457563587,700.45815780516602,-999.88317489624001,32.590000000000003,-0.062278094183802715
261.57745240877028,700.80298925929412,-1000.74744224548,32.530000000000001,-0.062285854170119864
261.59042726581362,700.64228033877282,-1001.51467323303,32.530000000000001,-0.062374876191487384
261.60339187830738,700.08907466413473,-1000.90765953064,32.579999999999998,-0.062504699454379087
261.61635246334811,699.87159220012825,-1000.90765953064,32.579999999999998,-0.062652958764009906
261.62930965734068,699.68847559912501,-1001.4066696167,32.189999999999998,-0.062763545041585281
261.64226229716542,699.44255053502297,-1002.07495689392,32.189999999999998,-0.062801851373373796
261.65521545646055,699.47060193544178,-1001.6162395477299,32.210000000000001,-0.062767586980446016
261.66817224791475,699.66673852938675,-1002.88891792297,32.210000000000001,-0.062831418795715521
261.68113980338774,700.24799553849175,-1002.88891792297,32.159999999999997,-0.062917330198677013
261.6941109775666,700.44340566036419,-1002.70128250122,32.159999999999997,-0.062973248875524787
261.70707710397772,700.17082620171561,-1002.59208679199,32.57,-0.063012971853644864
261.72004468532094,700.24939253337163,-1003.70311737061,32.57,-0.063047611878833398
261.73302092692967,700.71704686897715,-1000.54001808167,32.530000000000001,-0.063110609642541907
261.7459857670803,700.10136813554027,-999.06444549560501,32.530000000000001,-0.063138820438214241
261.75894696886297,699.90489626370356,-999.439477920532,32.469999999999999,-0.063031964623861195
261.77191368614689,700.20273333086664,-999.439477920532,32.469999999999999,-0.062920398389806689
261.78487929308653,700.14277474084076,-1001.02210044861,32.210000000000001,-0.062808308543426755
261.79784196325431,699.98418906193592,-1001.8730163574201,32.210000000000001,-0.062794032402270633
261.81080163870365,699.82247426377091,-1000.3035068512,32.229999999999997,-0.062787071283557039
261.82376777132345,700.17116146861542,-999.31764602661099,32.229999999999997,-0.06287449349935445
261.8367372246247,700.35047826816685,-998.95882606506302,32.229999999999997,-0.062995997980663909
261.84970518263708,700.26973266868561,-998.49939346313499,32.229999999999997,-0.063054903100040277
261.86267005486667,700.1031003973203,-998.49939346313499,32.380000000000003,-0.062948867885588386
261.87563831297035,700.28593759824832,-1000.74815750122,32.380000000000003,-0.062815708418284655
261.88861782145193,700.89345800557521,-1001.61218643188,32.359999999999999,-0.062679801549883979
261.90158958029383,700.47497746215959,-1000.19288063049,32.359999999999999,-0.062733371223746212
261.91455197830987,699.96949286639881,-1000.06461143494,32.280000000000001,-0.062863326941829958
261.92751803331851,700.1669704674872,-999.36199188232399,32.280000000000001,-0.06293147698753937
261.94047963764086,699.92663340488957,-999.02272224426304,32.259999999999998,-0.062954607936740653
261.95342715829634,699.16611539710607,-998.35586547851597,32.259999999999998,-0.062903556972323124
261.96636993644933,698.91002026259889,-998.42357635498001,32.259999999999998,-0.062748102677334994
261.97931463726673,699.01384413681774,-998.42357635498001,32.259999999999998,-0.062610245205586834
261.99227400744934,699.80598986268535,-999.69124794006302,32.350000000000001,-0.062487979108348017
262.0052327929692,699.774418071882,-1000.00047683716,32.350000000000001,-0.062460849683150937
262.0181952489333,699.9726220626028,-999.57966804504395,32.159999999999997,-0.062496650757256397
262.03116336940866,700.27850566726681,-999.24874305725098,32.159999999999997,-0.062542139655582973
262.04413774630245,700.61635226790634,-999.24874305725098,32.170000000000002,-0.062508976293436602
262.0571066987593,700.32343266844759,-996.95110321044899,32.170000000000002,-0.06250659831615768
262.07007411763959,700.24061953479077,-996.24538421630905,32.159999999999997,-0.062533113070512125
262.08304716274193,700.54443552833493,-996.54722213745094,32.159999999999997,-0.062638008966919803
262.09602300181109,700.6953097332871,-996.98233604431096,32.369999999999997,-0.062727761557931874
262.10899179180495,700.31465966986684,-996.17576599121105,32.369999999999997,-0.062832258020944873
262.12196042554206,700.30622180078558,-995.161533355713,32.439999999999998,-0.062912709802921921
262.13493755087279,700.76476785991827,-995.161533355713,32.439999999999998,-0.062973992898661207
262.14791570272729,700.82020014344414,-996.17123603820801,32.119999999999997,-0.062898839306249427
262.1608854664691,700.36724205833571,-998.058080673218,32.409999999999997,-0.062829043922047301
262.17385811524321,700.52303380244052,-998.058080673218,32.100000000000001,-0.06279524208812795
262.18683401226173,700.69843900093906,-996.47951126098599,32.100000000000001,-0.062865858069686781
262.1998127808593,700.8535042674755,-996.66428565979004,32.090000000000003,-0.062903219627223381
262.21278114244325,700.2915255338005,-997.96175956726097,32.090000000000003,-0.062807044014120059
262.22574828916919,700.22592320185367,-997.96175956726097,32.159999999999997,-0.06270244510620411
262.23871572770992,700.24168119681906,-998.02327156066895,32.159999999999997,-0.062687405280892963
262.25168269231119,700.21608846979643,-996.83165550231899,32.539999999999999,-0.062771468527038382
262.26463838480367,699.60739459534398,-993.27254295349098,32.539999999999999,-0.062885247170603092
262.27759643664814,699.73479960068209,-993.58177185058605,32.57,-0.062917733772085219
262.29055615038516,699.82454179794684,-993.58177185058605,32.57,-0.062952133723001513
262.30351535810377,699.79721680364833,-993.54529380798294,32.549999999999997,-0.06292282810661895
262.31647077844315,699.59269832835878,-994.28343772888195,32.549999999999997,-0.062870289095114371
262.32943073329011,699.83756173592849,-994.52233314514206,32.170000000000002,-0.062810382287979069
262.34240212788143,700.45530793209321,-993.732690811157,32.170000000000002,-0.062782450888310831
262.35537252906289,700.40166379915593,-992.73371696472202,32.210000000000001,-0.062845475557883487
262.36834298922844,700.40484893912856,-994.828701019287,32.210000000000001,-0.062939320794347262
262.38131195410244,700.32410319675148,-994.59695816040005,32.240000000000002,-0.062965034610328041
262.39428117974819,700.3381848682094,-993.60418319702103,32.240000000000002,-0.062898053891119937
262.40724229046907,699.89997892790291,-993.60418319702103,32.43,-0.062712484763994741
262.42019383857661,699.38359780615269,-996.84667587280296,32.43,-0.062545432398453157
262.4331398391061,699.08402859262537,-996.84667587280296,32.380000000000003,-0.062447431393061269
262.44609170593338,699.40080867381471,-996.84953689575195,32.380000000000003,-0.062478678301348546
262.45903920071851,699.16471839672988,-997.94316291809105,32.280000000000001,-0.062711999441476568
262.47197860024085,698.72757420638766,-995.01419067382801,32.280000000000001,-0.062928256682743489
262.48491864961858,698.76266639856738,-993.782520294189,32.25,-0.06321649377453975
262.49786806706783,699.26854225995669,-995.36561965942406,32.25,-0.063284853886776779
262.51081107908647,698.92264900640043,-996.12879753112804,32.259999999999998,-0.063065092803373232
262.52375095358281,698.75322280023465,-996.742725372314,32.259999999999998,-0.062848480624722522
262.53669718694323,699.09660146410613,-995.88370323181096,32.310000000000002,-0.062763285305174887
262.54964735876297,699.30927826550533,-994.76790428161598,32.310000000000002,-0.062856036754786807
262.56259587903833,699.22009486839113,-996.32501602172795,32.189999999999998,-0.063016371180311975
262.57553843677908,698.89811800186203,-996.95730209350597,32.189999999999998,-0.063018360072041826
262.58848151295564,698.92611353545624,-995.83220481872604,32.240000000000002,-0.063000834650575127
262.60142920952717,699.17561486226327,-995.83220481872604,32.240000000000002,-0.062951049250136892
262.61437678192232,699.16890933740206,-996.717929840088,32.299999999999997,-0.062838778313252949
262.62732298320373,699.09486919683013,-997.80130386352505,32.210000000000001,-0.062696134878693424
262.64027327816552,699.31592793453399,-998.91066551208496,32.259999999999998,-0.062661688360385479
262.65323307675686,699.82912393279958,-998.91066551208496,32.259999999999998,-0.06270740491681126
262.6661841116013,699.35588160118573,-998.64172935485794,32.25,-0.062771095997268767
262.6791309244519,699.12789393177809,-996.27971649169899,32.280000000000001,-0.062700394126891767
262.69208191997535,699.35375826613733,-998.951196670532,32.329999999999998,-0.062520970694282918
262.70503610579505,699.5260342629357,-998.951196670532,32.329999999999998,-0.062235269901976295
262.71798727102595,699.36292246989069,-999.84312057495094,32.159999999999997,-0.062071522697818807
262.73093892985798,699.38957693038947,-999.869346618652,32.159999999999997,-0.062031231613906862
262.74389582479142,699.67232640448321,-1000.21076202393,32.140000000000001,-0.06211754658936057
262.75684978916416,699.51407612987805,-1001.91259384155,32.140000000000001,-0.062260777793173232
262.76979533541481,699.059497533127,-1001.91259384155,32.380000000000003,-0.062327026905723289
262.78272943364203,698.44130427046127,-1002.25114822388,32.079999999999998,-0.062199940696998933
262.7956685610111,698.71287792841042,-1002.04491615295,32.5,-0.062032369896057149
262.80861769181979,699.2530636705626,-1002.04491615295,32.5,-0.061871868868701316
262.8215640628087,699.1040334005836,-1001.43504142761,32.520000000000003,-0.06185319585068999
262.83451329813204,699.25870746194755,-1001.24049186707,32.520000000000003,-0.061914752133074638
262.84747355203706,699.85371087011447,-1003.20219993591,32.579999999999998,-0.061996798548988999
262.86044130205306,700.25850086480455,-1005.34558296204,32.579999999999998,-0.061934712445937963
262.87340390806418,699.98072459883201,-1006.23273849487,32.159999999999997,-0.061797409629136039
262.88636709149506,700.01190526690289,-1003.75175476074,32.159999999999997,-0.061588348406983032
262.89933254217897,700.13433693221566,-1002.5875568389901,32.189999999999998,-0.061441317406909314
262.91230015663587,700.25118067296819,-1001.94549560547,32.189999999999998,-0.061336934772844146
262.9252614691444,699.91087545938819,-1002.98047065735,32.189999999999998,-0.061311577964304795
262.93822602265431,700.08588953515414,-1005.10692596436,32.189999999999998,-0.061301029183167405
262.95119276684204,700.20418613761149,-1005.10692596436,32.57,-0.061316978599892574
262.96415936719256,700.19641892873801,-1005.20992279053,32.57,-0.06132322880957309
262.97712443499876,700.11366153549773,-1004.6782493591299,32.189999999999998,-0.061288216253698929
262.99009134682473,700.21323860221969,-1005.71727752686,32.549999999999997,-0.061151028299703217
263.0030696735617,700.82964379673695,-1008.14032554626,32.579999999999998,-0.061207729288578656
263.01604914375429,700.89139039995143,-1008.14032554626,32.579999999999998,-0.061282337539217205
263.02902757500613,700.83528759911383,-1008.93998146057,32.159999999999997,-0.061406282087118298
263.04200501802109,700.7819228057956,-1008.59618186951,32.159999999999997,-0.061542649442943083
263.05498322782466,700.82332939460809,-1009.75131988525,32.210000000000001,-0.061521533255543645
263.06796141175812,700.82193240522406,-1009.75131988525,32.210000000000001,-0.06155864542604212
263.08093329477646,700.48168299251677,-1009.29856300354,32.539999999999999,-0.061591468337442487
263.09390256491861,700.34058767478098,-1007.1780681610099,32.189999999999998,-0.06164732699656187
263.1068722189716,700.36131886137957,-1007.55548477173,32.399999999999999,-0.061892246206530915
263.119840384979,700.28096440111904,-1007.55548477173,32.399999999999999,-0.062045404273960769
263.13280638203827,700.16384119983525,-1008.76116752625,32.329999999999998,-0.062070245750201744
263.14577387852836,700.2448104644709,-1008.53776931763,32.329999999999998,-0.061915537549221897
263.15875432971472,700.94436406504099,-1009.36222076416,32.280000000000001,-0.061652330267693074
263.17174035538392,701.24538613477705,-1008.6145401001,32.280000000000001,-0.06152872410088743
263.18472671839879,701.26360280313872,-1008.6145401001,32.240000000000002,-0.061508971782662063
263.19771862899267,701.5631720716259,-1007.33971595764,32.240000000000002,-0.06164455165462282
263.21071221596674,701.65369659679561,-1007.6305866241501,32.299999999999997,-0.061833608067596288
263.22370292515438,701.49829613480733,-1007.6305866241501,32.299999999999997,-0.061923478626348394
263.23668474745432,701.01840419462087,-1009.55629348755,32.329999999999998,-0.061935227778236332
263.24966253505806,700.80053060238595,-1011.26599311829,32.329999999999998,-0.061930285558997239
263.26263785983087,700.66753773294352,-1010.77198982239,32.140000000000001,-0.061956659579761035
263.27561015159756,700.5037554006027,-1009.96923446655,32.140000000000001,-0.062172868185512431
263.28857668779017,700.19295439968221,-1009.96923446655,32.189999999999998,-0.062352811090127844
263.30154176180622,700.11399686834966,-1011.02137565613,32.189999999999998,-0.06257395570514894
263.31451042762228,700.30795406806158,-1010.1683139801,32.210000000000001,-0.062705485357204133
263.32747270249632,699.96284319737038,-1009.06729698181,32.210000000000001,-0.062720318221226812
263.34043408640628,699.91473113865652,-1009.06729698181,32.32,-0.062738534891216891
263.35340348693211,700.34762839509426,-1008.30483436584,32.32,-0.062724367404118894
263.36637948122342,700.70369173004735,-1009.00840759277,32.32,-0.062700281333328986
263.37935290299384,700.56477560319286,-1009.00840759277,32.32,-0.062774959951780632
263.39231943194198,700.19256320000568,-1009.4199180603,32.329999999999998,-0.0628651254289668
263.40528505233453,700.14350119642506,-1007.26675987244,32.329999999999998,-0.062999728446430689
263.41824969690742,700.09080693690692,-1006.17957115173,32.159999999999997,-0.062984493043367076
263.4312105033963,699.88355039913779,-1006.511926651,32.159999999999997,-0.062898112875295287
263.44416794988024,699.70211013263383,-1006.511926651,32.159999999999997,-0.062737545619122093
263.45712739870737,699.81023666468616,-1005.85007667542,32.159999999999997,-0.062694231875272857
263.47009843629257,700.43602960170335,-1005.19466400146,32.210000000000001,-0.062790750008467372
263.48307071460619,700.50302893402636,-1005.19466400146,32.210000000000001,-0.062996970696165028
263.49603753640372,700.20837706729162,-1005.0356388092,32.299999999999997,-0.063100085696600347
263.5090090541371,700.46195760112175,-1004.87232208252,32.299999999999997,-0.06318920498798114
263.52198421748153,700.65882060118713,-1004.0111541748,32.369999999999997,-0.063216926322546663
263.53495917903831,700.64792406420577,-1001.91187858582,32.369999999999997,-0.063228687891218299
263.54792721569504,700.27397946519068,-1001.91187858582,32.390000000000001,-0.063242912292026873
263.56089506401736,700.26380940577758,-1001.13224983215,32.390000000000001,-0.06324127419827795
263.57386480809879,700.36618039630764,-1002.2850036621099,32.100000000000001,-0.063232982323781203
263.58682509408271,699.85544313189439,-1003.09228897095,32.100000000000001,-0.063261165180646992
263.59978027434818,699.57973433414577,-1002.26759910583,32.119999999999997,-0.063146192373044252
263.6127404371901,699.84879346286584,-1002.17223167419,32.119999999999997,-0.063126223783003657
263.62570268515924,699.96139033566556,-1000.9293556213401,32.119999999999997,-0.063127367240247187
263.63866611487282,700.0252045335119,-1000.9293556213401,32.119999999999997,-0.063199178418786431
263.65163024721858,700.06314667021252,-998.53992462158203,32.490000000000002,-0.063283762169473692
263.66459985574079,700.35886019897532,-999.81641769409202,32.490000000000002,-0.063405254234711897
263.67757243932095,700.51951332961607,-999.26638603210404,32.549999999999997,-0.06342830032885162
263.69054373767653,700.45011120171341,-999.26638603210404,32.549999999999997,-0.063446624618430772
263.70351013623957,700.18552240274869,-997.52664566040005,32.530000000000001,-0.063344965584430424
263.71647767308633,700.24698972679994,-997.08437919616699,32.530000000000001,-0.06329951393828695
263.72945047811487,700.53147153961766,-996.93226814269997,32.119999999999997,-0.063202501170826139
263.74241878071609,700.28834046527595,-996.93226814269997,32.119999999999997,-0.063221517742990604
263.7553798065826,699.89539679305017,-996.71339988708496,32.560000000000002,-0.063286650304568412
263.76834855104437,700.31220093601439,-994.32778358459495,32.170000000000002,-0.063312478983355402
263.78131369646172,700.11785253662606,-995.26000022888195,32.210000000000001,-0.063227252619660307
263.79427438601846,699.87723606296106,-995.63694000244095,32.210000000000001,-0.063061965629391314
263.80723667227539,699.96345787533733,-994.62151527404797,32.530000000000001,-0.062875979476282068
263.82020161073217,700.10667666552138,-994.40002441406205,32.530000000000001,-0.062858691024052019
263.83316940007165,700.26062433175684,-994.53806877136196,32.520000000000003,-0.062949865435572891
263.84613409741854,700.09365673303557,-994.53806877136196,32.520000000000003,-0.063086898168525932
263.85909479835811,699.87785073543216,-995.31292915344204,32.390000000000001,-0.063163859562977778
263.87205831396051,700.02984252969316,-996.08874320983898,32.390000000000001,-0.063167863214473929
263.88502210171731,700.04453886812644,-993.16954612731899,32.229999999999997,-0.063135258646269551
263.89798167265189,699.81683046689,-993.25966835021995,32.229999999999997,-0.063112854129854401
263.91093843823467,699.66534146855474,-993.25966835021995,32.259999999999998,-0.06308404004351674
263.92390059514196,699.95647299436905,-995.39637565612804,32.259999999999998,-0.063158769366829126
263.9368616996544,699.89964367199502,-995.46575546264603,32.32,-0.063248288093233032
263.94981896504811,699.69233126190534,-993.87359619140602,32.32,-0.063348636031145697
263.96277930898026,699.85857233359445,-992.23685264587402,32.240000000000002,-0.063386013111112263
263.97575000300986,700.41747760048997,-991.34922027587902,32.240000000000002,-0.063313711433740261
263.98872151453446,700.46162232872587,-991.34922027587902,32.159999999999997,-0.063205346878440968
264.00168882993336,700.23503153878255,-991.25123023986805,32.159999999999997,-0.063154141728264029
264.01466054324447,700.47251879975533,-991.79911613464401,32.119999999999997,-0.06313524622846807
264.02763552446294,700.64898579768192,-992.561817169189,32.119999999999997,-0.063177286128921623
264.04060410025181,700.30309259908552,-993.63231658935501,32.460000000000001,-0.063177381330709229
264.05356368463958,699.81755693896241,-993.63231658935501,32.460000000000001,-0.063117355522484417
264.06651754553081,699.50848812837376,-993.49999427795399,32.460000000000001,-0.063014306747711329
264.07947236154683,699.56006486453521,-994.65155601501499,32.460000000000001,-0.062878182571703273
264.09242481303704,699.43238047011403,-994.65155601501499,32.450000000000003,-0.062853939209914819
264.10537354855063,699.23171773454897,-994.81940269470203,32.450000000000003,-0.062926814166543485
264.11831970430126,699.09241053442577,-993.56198310852005,32.090000000000003,-0.06312015569911042
264.131272253063,699.43763313327054,-992.97499656677201,32.090000000000003,-0.063290050666925904
264.14422427511113,699.40919059912721,-994.08054351806595,32.460000000000001,-0.063326230479956169
264.15717095757537,699.12085306856909,-995.49531936645496,32.100000000000001,-0.063239640245254997
264.17011611991489,699.03876633553659,-995.56493759155296,32.549999999999997,-0.063120768301829167
264.18307119566538,699.5740905262727,-994.69900131225597,32.119999999999997,-0.063069644901271094
264.19602480406542,699.4948536003609,-995.45049667358398,32.560000000000002,-0.063152421886321128
264.20897394832588,699.25379006569096,-995.45049667358398,32.560000000000002,-0.063299969251737379
264.22192399597043,699.30257280659634,-994.49443817138695,32.530000000000001,-0.063530059738307929
264.23487381595669,699.29027925824676,-993.660926818848,32.530000000000001,-0.063728071334578973
264.2478224283297,699.22506814246435,-995.16534805297795,32.560000000000002,-0.063794536723626033
264.26076921427403,699.12644099312956,-995.93544006347702,32.560000000000002,-0.063694638923968774
264.27371461047909,699.05139507384195,-995.93544006347702,32.140000000000001,-0.063555381364009386
264.28666565877643,699.35660805677003,-995.65815925598099,32.140000000000001,-0.063386571903425795
264.29962070244932,699.57235833594075,-995.90635299682594,32.549999999999997,-0.063384450558234134
264.31257404283451,699.48038080067442,-996.46615982055698,32.140000000000001,-0.063442987285513508
264.32553221782103,699.74144926971053,-996.45256996154797,32.140000000000001,-0.063585148503913558
264.3384966813025,700.0810280002263,-996.14500999450695,32.140000000000001,-0.063670314847437598
264.35145553201488,699.77793846776251,-996.50359153747604,32.560000000000002,-0.063623301684818834
264.364410691584,699.57861673384491,-996.50359153747604,32.560000000000002,-0.063498836630951003
264.37736841229139,699.71691819922023,-998.40354919433605,32.57,-0.063379112010330627
264.39032793769377,699.8143717275417,-999.78542327880905,32.57,-0.063325313643696576
264.40328245465196,699.54391574134149,-1000.65445899963,32.490000000000002,-0.063455099653794519
264.41623386720005,699.37627759782845,-1002.88081169128,32.490000000000002,-0.063637856187001129
264.42918373271851,699.29273799759505,-1004.3857097625699,32.189999999999998,-0.063817724585418345
264.44213335816181,699.27977393742992,-999.55296516418503,32.189999999999998,-0.063918898294661408
264.45508305500749,699.28362966616226,-999.55296516418503,32.229999999999997,-0.063944035726451715
264.46803043182467,699.15834812777666,-999.11379814147904,32.229999999999997,-0.06393349315457128
264.48099002966416,699.81828333409078,-999.95422363281205,32.460000000000001,-0.063941960947125023
264.4939560588038,700.1655735385591,-1002.23994255066,32.229999999999997,-0.063965241941665071
264.50692573872715,700.36271586175576,-1002.45499610901,32.380000000000003,-0.064118572821098549
264.51989153400132,700.15294480574971,-1000.12469291687,32.380000000000003,-0.064237257466290068
264.53286390958516,700.5082815257349,-998.59786033630405,32.259999999999998,-0.064279038665107605
264.54583700642837,700.54722953458293,-1000.31781196594,32.259999999999998,-0.064213582211209486
264.5588053814655,700.29225200587291,-1001.84917449951,32.119999999999997,-0.064083724800457834
264.57176746697036,699.95261726014064,-1000.7209777832001,32.119999999999997,-0.06402041659527466
264.58473517145569,700.25604220789614,-1000.7209777832001,32.450000000000003,-0.064074374321641786
264.59770518251611,700.38059726321751,-1001.66893005371,32.450000000000003,-0.064104067989002589
264.61067046452723,700.12522860078286,-1003.40986251831,32.450000000000003,-0.064090056758128774
264.62363398633948,700.03017786254509,-1005.6300163269,32.450000000000003,-0.063984263688413881
264.63659972262849,700.14975960532115,-1005.6300163269,32.090000000000003,-0.063911698137365955
264.64957184572222,700.49464706367382,-1006.03485107422,32.490000000000002,-0.063908467483197826
264.66254333758525,700.46056060074557,-1005.63526153564,32.100000000000001,-0.063961770178144972
264.67551465560121,700.4511728637417,-1006.4074993133499,32.100000000000001,-0.064105423580185159
264.68849233248147,700.79455153310903,-1006.31761550903,32.140000000000001,-0.064263650112382081
264.7014676117235,700.66507907053915,-1005.46526908875,32.140000000000001,-0.064447558381434386
264.71444041054315,700.53113626172581,-1005.97882270813,32.159999999999997,-0.064544831920079968
264.72740800533825,700.25011893399608,-1005.97882270813,32.159999999999997,-0.064500444050193922
264.74037594368889,700.26867093520957,-1006.12235069275,32.509999999999998,-0.064389093054808708
264.7533452014124,700.33991706953327,-1005.70201873779,32.509999999999998,-0.064318204918325558
264.76631462160117,700.34869019452231,-1004.20475006104,32.469999999999999,-0.064283605251169926
264.77928392485558,700.34237573743371,-1004.20475006104,32.469999999999999,-0.064371515892485548
264.79226574094815,701.01806899916915,-1002.95686721802,32.439999999999998,-0.064478058161142535
264.80524893953589,701.09272373526824,-1002.95686721802,32.439999999999998,-0.064607775873790366
264.81822874810996,700.90966300108971,-1001.95240974426,32.119999999999997,-0.064644081931839709
264.83121079703216,701.03064179920182,-1002.43282318115,32.119999999999997,-0.064570562293061531
264.84419967358281,701.39933373506051,-1002.40874290466,32.119999999999997,-0.064493225265738252
264.85719089603214,701.52601226283025,-1001.3668537139901,32.119999999999997,-0.064498281311991396
264.87018013062601,701.41866806967505,-1002.82382965088,32.380000000000003,-0.064519035318891707
264.88316753982718,701.32009686410868,-1004.23264503479,32.119999999999997,-0.064586159877133176
264.89615144725428,701.13100106192474,-1004.8885345459,32.369999999999997,-0.064594713556164196
264.90913171010743,700.93419407158001,-1004.78553771973,32.369999999999997,-0.064633820826326363
264.922100233121,700.30024273150877,-1003.39007377625,32.369999999999997,-0.064537471366953938
264.93506430027401,700.05962626333996,-1003.39007377625,32.369999999999997,-0.064389559750879122
264.94802926356539,700.10801773312085,-1002.65741348267,32.380000000000003,-0.064290991673248407
264.96099655930362,700.23396986576233,-1003.62730026245,32.380000000000003,-0.064227696921557095
264.97396371948264,700.22664966843001,-1003.34620475769,32.119999999999997,-0.064230818922684868
264.98693603711848,700.50515233502676,-1003.34620475769,32.119999999999997,-0.064339094484435727
264.99991487711731,700.85735993575179,-1003.7260055542,32.380000000000003,-0.064363200218178013
265.01288875316538,700.58930659673922,-1003.68928909302,32.090000000000003,-0.064344288159345717
265.02585512068521,700.18384606824941,-1003.11756134033,32.119999999999997,-0.064289285283067141
265.03882591095191,700.42267440231763,-1002.5825500488299,32.119999999999997,-0.064251278008810225
265.05179532493213,700.34835493311846,-1001.65271759033,32.390000000000001,-0.064350112030988726
265.0647636275321,700.28834039932394,-1001.40118598938,32.390000000000001,-0.064540287064992111
265.07772931829146,700.14730100337283,-1001.46269798279,32.420000000000002,-0.06468753330434579
265.0906967702839,700.24240759194731,-1001.05595588684,32.420000000000002,-0.064849448907771973
265.10366672339501,700.37746800106152,-1002.2087097167999,32.43,-0.064902218678950921
265.11663627914191,700.35601033139869,-1003.2639503479,32.43,-0.064943862249824055
265.12960068467532,700.0778988040222,-1001.47438049316,32.100000000000001,-0.064980523246274971
265.14256745369886,700.20552727116285,-1001.14035606384,32.100000000000001,-0.065112838313764979
265.15553502262463,700.24872199407594,-1001.18446350098,32.119999999999997,-0.065246120922578851
265.16849885591239,700.04699753602665,-1001.19471549988,32.119999999999997,-0.065269385361339458
265.18145368434443,699.56073533238305,-1001.19471549988,32.5,-0.065187839790373223
265.19440996874573,699.63935766826376,-1001.62053108215,32.090000000000003,-0.065044718277632196
265.20736493480746,699.56816733481253,-999.67646598815895,32.549999999999997,-0.064800869052363319
265.22031521631601,699.31520146246157,-998.63362312316895,32.549999999999997,-0.064658366349969562
265.23325749983337,698.88330993527563,-998.63362312316895,32.560000000000002,-0.06460400608618995
265.24620725566297,699.28681480063892,-998.35133552551304,32.560000000000002,-0.064688714013874188
265.2591603238962,699.46568459414516,-997.64657020568802,32.579999999999998,-0.064833312191184059
265.27210785696911,699.16678593640165,-997.29371070861805,32.579999999999998,-0.064941362167030697
265.28505135017167,698.94863293859532,-997.43270874023403,32.100000000000001,-0.064975551019596567
265.2980012218988,699.29307326449486,-997.43270874023403,32.100000000000001,-0.06497747782170836
265.31095610931487,699.56392046685971,-998.67510795593296,32.119999999999997,-0.064886519684750718
265.32391032824944,699.52782246848437,-998.52824211120605,32.119999999999997,-0.064826911936368345
265.33686184427773,699.38186552788477,-998.87704849243198,32.119999999999997,-0.064799134722663063
265.34981740017781,699.60001860263515,-998.87704849243198,32.119999999999997,-0.064848571394770918
265.36277775135312,699.85896346731886,-995.84817886352505,32.390000000000001,-0.064974217158065367
265.3757353478839,699.7102126633672,-996.55580520629906,32.390000000000001,-0.065053606198864702
265.38868556419999,699.31168106658117,-997.749805450439,32.100000000000001,-0.065068701902908491
265.40163871107779,699.46993140164216,-997.749805450439,32.390000000000001,-0.06505202708878223
265.41459387168271,699.57867266662151,-996.543407440186,32.119999999999997,-0.065013980492691678
265.42754491273706,699.35621693403755,-995.05305290222202,32.369999999999997,-0.064999139349965041
265.44049318051981,699.20646026893019,-995.05305290222202,32.119999999999997,-0.064891503295779321
265.4534465995518,699.48462772908317,-996.612548828125,32.119999999999997,-0.064754568868733486
265.46640368902843,699.6828317362922,-997.14589118957497,32.119999999999997,-0.06466095128731561
265.47936211133208,699.75480439764829,-994.44079399108898,32.119999999999997,-0.064634799749964889
265.49231273639509,699.33375340321902,-993.42942237854004,32.119999999999997,-0.064699338334966369
265.50526840405314,699.60605353324047,-993.42942237854004,32.119999999999997,-0.064748383851060395
265.51822167407283,699.47658106517463,-996.18864059448197,32.469999999999999,-0.064729233788725943
265.53116781740488,699.09173992917806,-996.63972854614303,32.469999999999999,-0.064624753882815508
265.54411256996298,699.01663813756988,-996.63972854614303,32.549999999999997,-0.064528606210961403
265.55705955148517,699.13700219725888,-995.82028388977005,32.549999999999997,-0.064548681386020268
265.57001012480873,699.33095947391496,-996.07753753662098,32.119999999999997,-0.064630015855684508
265.58296229069384,699.41695779700842,-997.92575836181595,32.579999999999998,-0.064683941502824457
265.59590847955798,699.0941986630304,-998.60167503356899,32.159999999999997,-0.064783774108947645
265.60886485398646,699.64421913723982,-998.60167503356899,32.159999999999997,-0.064864371799405032
265.6218261602852,699.91054013203234,-997.30229377746605,32.140000000000001,-0.064864238310151048
265.63478073001727,699.5467655319743,-995.55158615112305,32.140000000000001,-0.06478603825727873
265.64773762391724,699.67227059811444,-998.33393096923805,32.159999999999997,-0.064613099934140064
265.66070319256789,700.14070713521687,-999.63521957397495,32.159999999999997,-0.0644750717188175
265.67367204671973,700.31812419892265,-998.93927574157703,32.549999999999997,-0.064441247118640424
265.68663912825309,700.2224028004772,-997.08604812622104,32.549999999999997,-0.064460299908926044
265.69960448787413,700.12941953595907,-996.40393257141102,32.520000000000003,-0.064509062924082136
265.71256842567658,700.05264133290757,-996.40393257141102,32.520000000000003,-0.0645105551094525
265.72553117345564,699.9883800685601,-997.30610847473099,32.159999999999997,-0.06448428663852547
265.73849076405185,699.8178921948703,-998.50988388061501,32.520000000000003,-0.064378501846700312
265.7514467307679,699.62220266742634,-998.77238273620605,32.100000000000001,-0.06425618504480432
265.76440571082958,699.78492333224278,-999.84192848205601,32.100000000000001,-0.064151047004575648
265.77736354122601,699.72284140716852,-999.84192848205601,32.100000000000001,-0.064109886685959475
265.79031889016426,699.58884266557845,-1001.12366676331,32.100000000000001,-0.064084098363169834
265.80327853870864,699.82102139657036,-999.74679946899403,32.140000000000001,-0.064053138096546447
265.81624840800123,700.37294179898549,-999.74679946899403,32.140000000000001,-0.064012868743100096
265.82922031585559,700.48302413706017,-999.49526786804199,32.490000000000002,-0.063973380666499907
265.84218757951487,700.23223759848634,-999.23491477966297,32.490000000000002,-0.063974762128772247
265.85515612839885,700.30163973738092,-999.23801422119095,32.450000000000003,-0.063922946444712886
265.86812608771857,700.37780326246548,-1000.67400932312,32.450000000000003,-0.063902799867473631
265.88109279879257,700.20239799801493,-1000.82039833069,32.390000000000001,-0.063883931272524064
265.8940513049148,699.75933059972442,-1000.59294700623,32.390000000000001,-0.06385073893567722
265.9070099476308,699.76670666388122,-1000.96392631531,32.140000000000001,-0.063834866094699003
265.91997237772597,699.97122513917066,-1000.96392631531,32.140000000000001,-0.06379771874187154
265.93293643142601,700.0588998022597,-1001.19853019714,32.369999999999997,-0.063755070375862991
265.94589779567406,699.91366939418845,-1002.39610671997,32.100000000000001,-0.063788187172958602
265.95886273413095,700.10667667101734,-1002.77233123779,32.119999999999997,-0.063810209846838245
265.97182928894944,700.19396020038175,-1002.77233123779,32.119999999999997,-0.063860922430363884
265.98479581789871,700.19256326046172,-1002.27165222168,32.390000000000001,-0.063850002156673927
265.99775516841976,699.80492813470505,-1005.09977340698,32.390000000000001,-0.063780522387614835
266.01071527227776,699.84560833388525,-1006.33573532104,32.369999999999997,-0.06371925584969057
266.02368178260008,700.1915574048021,-1005.92017173767,32.369999999999997,-0.063665653061012545
266.03664334139006,699.92417466004531,-1005.92017173767,32.359999999999999,-0.063685804812021921
266.04959724781355,699.51094686772217,-1005.52606582642,32.359999999999999,-0.063769969467481702
266.06255157022844,699.53341040403654,-1005.68413734436,32.170000000000002,-0.063853209010318823
266.0755071012926,699.59867746358759,-1005.68413734436,32.170000000000002,-0.063911840940607159
266.08845852625933,699.37694820307615,-1005.8970451355,32.240000000000002,-0.063921858867219766
266.10141243268276,699.51094686772217,-1002.31957435608,32.240000000000002,-0.063898064610744335
266.11437119233085,699.77302099456188,-1001.34181976318,32.189999999999998,-0.063978616768686242
266.12733829973456,700.22379980085316,-1001.1889934539799,32.189999999999998,-0.064075647128431099
266.14031035039136,700.49073546811701,-1001.1889934539799,32.329999999999998,-0.064179297122285178
266.15327943944317,700.33080879855663,-1000.70214271545,32.329999999999998,-0.064191472613024839
266.16624891758028,700.35181940171833,-999.74346160888695,32.119999999999997,-0.064172688872220829
266.1792285574802,700.90055459820883,-999.97591972351097,32.399999999999999,-0.064159624485147684
266.19220735194824,700.85490127334742,-1001.6987323761,32.43,-0.064036414648126011
266.20518160466543,700.60964672655734,-1001.2729167938199,32.43,-0.063931042742373156
266.2181576455223,700.70620627026835,-1002.10165977478,32.119999999999997,-0.063923599405260989
266.23113480293091,700.76650006673833,-1002.10165977478,32.119999999999997,-0.064020956762870646
266.24410463807533,700.3710977980603,-1001.88255310059,32.509999999999998,-0.064172347387311132
266.25706793947415,700.01827553585611,-1003.34143638611,32.100000000000001,-0.064185105471091131
266.27003540388398,700.24307813124312,-1003.34143638611,32.119999999999997,-0.064080069875867174
266.28300295314818,700.24766026609575,-1004.69565391541,32.119999999999997,-0.063997498816008108
266.29597168415796,700.3114745298941,-1004.87875938416,32.549999999999997,-0.063967155292829453
266.30893782402097,700.17155260234006,-1003.57794761658,32.549999999999997,-0.063969256976900757
266.32190663264072,700.31566546507031,-1003.57151031494,32.57,-0.064063294687608074
266.33488087397535,700.60903207057424,-1003.57151031494,32.57,-0.064155640494263019
266.34784973536915,700.31851526669516,-1002.84361839294,32.509999999999998,-0.064213940252000418
266.36081319819749,700.02699272806842,-999.99213218688999,32.509999999999998,-0.06410121503837421
266.37377825255192,700.11293514036947,-1000.0064373016399,32.25,-0.063830070817798637
266.38674216965808,700.05152373260682,-999.56989288330101,32.25,-0.063538762429938889
266.39970349561855,699.9116018655086,-999.67598915100098,32.25,-0.063392300572466975
266.41266068961113,699.68847559912501,-999.11475181579601,32.25,-0.063429209921079852
266.42562717923704,700.19043979900516,-997.89738655090298,32.25,-0.063543811232974909
266.438599360279,700.49777626537389,-997.98154830932594,32.25,-0.063620182788828417
266.45156781292604,700.29644294104901,-996.73700332641602,32.329999999999998,-0.063759629717893979
266.46453325015801,700.13361052609537,-994.47560310363804,32.329999999999998,-0.063824228320929183
266.47750367099997,700.40272546668018,-996.56081199645996,32.310000000000002,-0.063759783902839151
266.49047955560252,700.69776853858718,-1000.33783912659,32.310000000000002,-0.063571805755508914
266.50345289872718,700.56052872974408,-1000.33783912659,32.32,-0.063410287515012626
266.51642514496166,700.50129666125451,-1000.59843063354,32.32,-0.063425117274610393
266.52940228374433,700.76549426603867,-998.83842468261696,32.25,-0.063658578113249362
266.54238005789631,700.79980420725747,-997.68519401550304,32.25,-0.063854536662287742
266.55534871750376,700.30761880116165,-997.12038040161099,32.310000000000002,-0.063917328499685719
266.5683116805223,700.00000300066984,-998.22807312011696,32.310000000000002,-0.063837798726109937
266.58127419443571,699.97575132475879,-996.293544769287,32.380000000000003,-0.063680203423588433
266.59423699499007,699.99122993613685,-994.01021003723099,32.380000000000003,-0.063516273058971062
266.60719691775671,699.83582939720475,-995.76210975646995,32.140000000000001,-0.063287857918637863
266.62015989940238,700.00100886732139,-998.07786941528298,32.140000000000001,-0.063110697600298166
266.63312988459262,700.37920027383336,-997.774839401245,32.119999999999997,-0.063033663771639561
266.64610640559755,700.73213426419079,-997.774839401245,32.119999999999997,-0.063036423590537988
266.65907444846306,700.27431473758645,-995.77903747558605,32.140000000000001,-0.063076554280044231
266.67204335538889,700.32097399505142,-992.85960197448696,32.140000000000001,-0.062987126616839306
266.68501495797659,700.46653973597438,-992.85960197448696,32.549999999999997,-0.062865190622602665
266.69798564476304,700.41708646676534,-995.02062797546398,32.549999999999997,-0.062795228634941427
266.71095592280244,700.39501413012749,-994.606971740723,32.560000000000002,-0.062708094095378739
266.72392806555683,700.49570873669404,-995.14603614807095,32.560000000000002,-0.062691974970769546
266.73690353313208,700.67524906400024,-995.95284461975098,32.189999999999998,-0.062693681360034809
266.74988018452348,700.73917513289587,-994.86327171325695,32.590000000000003,-0.062724986217315939
266.762847401616,700.22972299780929,-993.42107772827103,32.210000000000001,-0.062780300568927569
266.77580961750618,699.95965806838967,-991.89925193786598,32.210000000000001,-0.062758696990071861
266.78877075409753,699.90137593377483,-992.95687675476097,32.189999999999998,-0.062672898380469577
266.80173026087414,699.81336593783419,-992.95687675476097,32.189999999999998,-0.062512044484057394
266.81468399862473,699.50183853079329,-995.29194831848099,32.189999999999998,-0.06228054563169122
266.82763557260239,699.38499479553673,-995.45764923095703,32.189999999999998,-0.062124415611423907
266.84059524184318,699.82213900236707,-994.678735733032,32.43,-0.062008148266159163
266.85355201984447,699.66601206830649,-994.26245689392101,32.43,-0.061931402111394383
266.86649860503826,699.11560046586874,-994.26245689392101,32.229999999999997,-0.061961306880260733
266.87944133766052,698.90756160019464,-995.98121643066395,32.359999999999999,-0.061971098184464515
266.89238421929377,698.9156081981514,-995.71990966796898,32.259999999999998,-0.062027641881730738
266.90532356086675,698.72444493873559,-993.10445785522495,32.259999999999998,-0.062043765145641021
266.91825810716421,698.46550006305972,-992.42734909057594,32.259999999999998,-0.061899525010139858
266.93119139410624,698.39749486958112,-995.461463928223,32.259999999999998,-0.061772130430202028
266.94413100162353,698.73880593332478,-995.97692489624001,32.329999999999998,-0.061600513549469986
266.95707422163707,698.93388073333767,-995.97692489624001,32.329999999999998,-0.061520519147947678
266.97001660967038,698.88895379810856,-995.34392356872604,32.140000000000001,-0.061523595617272414
266.98296103833468,698.99914786983265,-994.28701400756802,32.350000000000001,-0.06153164638353676
266.99591451634944,699.48781279760783,-994.06385421752896,32.140000000000001,-0.061536928017322579
267.00886484959875,699.31799546321361,-995.06616592407204,32.140000000000001,-0.061399757654694923
267.02181274692231,699.18645547196411,-995.96333503723099,32.079999999999998,-0.061172728116240478
267.0347615859161,699.23730566460529,-996.27923965454102,32.079999999999998,-0.061028782899071606
267.04771375800999,699.41729306940442,-996.35076522827103,32.119999999999997,-0.060960338967870509
267.06065826428403,699.0033387995129,-996.35076522827103,32.119999999999997,-0.060932676617989227
267.07359800115188,698.74579086375718,-996.31261825561501,32.450000000000003,-0.060863364486756513
267.08653749277158,698.73254746397276,-998.09861183166504,32.450000000000003,-0.060813588400509058
267.09948055653086,698.9254430016565,-998.14462661743198,32.5,-0.060818681699759521
267.1124213654544,698.80368187014335,-998.14462661743198,32.5,-0.060812048613278005
267.12535726423954,698.53853439743614,-996.60038948059105,32.490000000000002,-0.060753063816375984
267.13829687796544,698.73914120022471,-998.07143211364701,32.490000000000002,-0.060722352936383617
267.15124148875429,699.00898259639371,-1001.21212005615,32.079999999999998,-0.060635535045211686
267.16418603331732,699.00540640513668,-1002.10857391357,32.079999999999998,-0.060557116651280704
267.17713155990623,699.05843579965097,-1002.10857391357,32.140000000000001,-0.060508346391177262
267.19008045684939,699.24043493225724,-1000.51546096802,32.140000000000001,-0.060495049174270323
267.20303460438276,699.52396680020786,-999.81045722961403,32.539999999999999,-0.060509633686639926
267.21598850459628,699.51061152937427,-1002.2451877594,32.140000000000001,-0.060444510437115566
267.22893574482106,699.15097214056368,-1002.2451877594,32.520000000000003,-0.060353448822007237
267.24189060636667,699.56252346098756,-1002.14409828186,32.520000000000003,-0.060254837282529367
267.2548484440062,699.72323253539696,-1001.09624862671,32.57,-0.06016858956812296
267.26780006972473,699.38778880178495,-1001.01971626282,32.57,-0.060097503786679468
267.28075258640746,699.43590086599454,-1002.5393962860099,32.57,-0.059976179359369414
267.29371401584814,699.91718979556492,-1001.61552429199,32.57,-0.059842226199046479
267.30668335118276,700.3441080706616,-1001.67536735535,32.189999999999998,-0.059759345733708447
267.31965394069755,700.41183379811287,-1001.67536735535,32.189999999999998,-0.059697919835440413
267.33262642700629,700.51426067195564,-1001.00207328796,32.539999999999999,-0.059619028535266058
267.34560420840126,700.80019532998995,-1002.40135192871,32.159999999999997,-0.059575104257229054
267.35858079459877,700.73565466556727,-1004.55188751221,32.189999999999998,-0.059512382786728178
267.37154660229015,700.1536153340536,-1004.55188751221,32.189999999999998,-0.059557905834034253
267.38451034451475,700.04208012877803,-1005.42879104614,32.520000000000003,-0.05965475613764238
267.39746996822464,699.81968033446685,-1006.14786148071,32.520000000000003,-0.059689317519570753
267.41042617398023,699.63511080031094,-1006.14786148071,32.420000000000002,-0.059750216702106215
267.42337594843582,699.28782060133858,-1007.3990821838401,32.420000000000002,-0.05971985972574103
267.43633027809381,699.5338015322651,-1007.37190246582,32.350000000000001,-0.059655920291798441
267.44930130222593,700.43530313512701,-1006.99090957642,32.350000000000001,-0.059649746657864877
267.46227710818272,700.69352166513841,-1009.92798805237,32.25,-0.059559674312612235
267.47525730584192,700.93067359875545,-1009.92798805237,32.25,-0.059556387777879451
267.48824141505685,701.14189760440217,-1007.97271728516,32.310000000000002,-0.059550391095759485
267.50122710234569,701.22711359959067,-1007.11989402771,32.310000000000002,-0.059492831221653858
267.5142131404333,701.2460567290326,-1007.17353820801,32.140000000000001,-0.05940662076024477
267.52719383893708,700.95771920397078,-1007.17353820801,32.469999999999999,-0.059197137338948234
267.54016923511239,700.67139346717181,-1005.96475601196,32.100000000000001,-0.059027865322307763
267.55314803682228,700.85529233562397,-1008.3372592926,32.100000000000001,-0.058890497311259317
267.56612959835314,701.00432266605901,-1009.88173484802,32.119999999999997,-0.058723199698998453
267.57910633356175,700.7437012635238,-1009.12261009216,32.119999999999997,-0.05867252954061182
267.59208406321733,700.79740140068589,-1009.12261009216,32.100000000000001,-0.058669876307240548
267.60506740460744,701.10043506632496,-1006.62779808044,32.100000000000001,-0.058711559200354431
267.61805144862961,701.13837719752951,-1006.62779808044,32.539999999999999,-0.058759225324539088
267.63103367346906,701.04014133031114,-1009.7348690033,32.539999999999999,-0.058720582682018116
267.64402039349136,701.28288120497632,-1012.40706443787,32.539999999999999,-0.05864980630635893
267.65701320125811,701.61161940273541,-1014.31941986084,32.539999999999999,-0.058637253111977733
267.67000567064576,701.59334693350115,-1013.6616230011,32.590000000000003,-0.058637018212696956
267.68299406704813,701.37340573014615,-1013.6616230011,32.590000000000003,-0.05879272085913461
267.69597526536171,700.98470893136925,-1012.72225379944,32.159999999999997,-0.058923623420611922
267.708951844316,700.73526353184286,-1013.6375427246099,32.159999999999997,-0.059069687913830812
267.7219228560308,700.43463260132717,-1012.91251182556,32.549999999999997,-0.059141453561788349
267.73488374633951,699.88807666716582,-1011.1620426178,32.159999999999997,-0.059127493037403701
267.74784127871231,699.70674813431128,-1010.75387001038,32.189999999999998,-0.059076814602348676
267.76080488434326,700.0347040701173,-1009.9015235900901,32.189999999999998,-0.058981331272135985
267.77377033502722,700.13433693221566,-1009.9015235900901,32.479999999999997,-0.058867157333154584
267.78673904637537,700.3104128019138,-1009.4735622406,32.479999999999997,-0.05877443278838905
267.7997132225172,700.60551165820561,-1008.32009315491,32.380000000000003,-0.058699578254119526
267.81269562844574,701.04992014058371,-1008.15749168396,32.380000000000003,-0.058732698153706277
267.82567918507533,701.11205799843458,-1008.07332992554,32.259999999999998,-0.058740398121277251
267.83865956486045,700.94050839676459,-1007.58910179138,32.259999999999998,-0.058716422773381807
267.85163539772225,700.69497453783515,-1007.58910179138,32.259999999999998,-0.058593184997248256
267.86460820895934,700.5318068010215,-1010.86187362671,32.259999999999998,-0.058530628060148832
267.8775786101408,700.40166379915593,-1011.82198524475,32.350000000000001,-0.058566495362766313
267.89054098746055,699.96837526609795,-1011.82198524475,32.350000000000001,-0.058633817566477016
267.90350057805563,699.81789213441425,-1010.3759765625,32.159999999999997,-0.05874151984754631
267.91646645197415,700.15719160225467,-1009.97090339661,32.409999999999997,-0.058883417190133104
267.92943203200855,700.14132185715209,-1007.86375999451,32.119999999999997,-0.058949248243451387
267.94239231799259,699.85544313739035,-1007.86375999451,32.119999999999997,-0.058916578483443144
267.95535824985922,700.16032079845877,-1006.49404525757,32.479999999999997,-0.058910257906153077
267.96832962582471,700.45430213688962,-1008.38398933411,32.119999999999997,-0.058874680349624418
267.98130071515067,700.43882360245561,-1008.11576843262,32.509999999999998,-0.058877289088613248
267.99426744588521,700.20345966553919,-1006.67119026184,32.140000000000001,-0.05890420534519869
268.00723321528886,700.15154779438183,-1004.22239303589,32.609999999999999,-0.058902583808755883
268.02020821513457,700.64999166982955,-1003.56197357178,32.609999999999999,-0.058981438892539297
268.03317979909502,700.46553386382686,-1003.50713729858,32.560000000000002,-0.058978255837890965
268.04614361272098,700.0459358025505,-1003.26371192932,32.560000000000002,-0.058933523379993399
268.05910927139996,700.14556866464898,-1003.26371192932,32.469999999999999,-0.058891222707846184
268.07207671614941,700.24201646921483,-1001.66320800781,32.469999999999999,-0.058903011182381983
268.08504209543219,700.13048126943534,-1002.64573097229,32.229999999999997,-0.058872501054115782
268.09800707217772,700.10874426015312,-1002.64573097229,32.229999999999997,-0.058931107115655218
268.11097894174321,700.48095653693247,-1002.06661224365,32.229999999999997,-0.059007167194140106
268.1239554430876,700.73107259666654,-999.07016754150402,32.229999999999997,-0.059153154078466101
268.13692981377278,700.61601700100653,-999.07016754150402,32.409999999999997,-0.059273792430819372
268.14989720678147,700.23922246846269,-998.82006645202603,32.229999999999997,-0.059267675710392834
268.16286167647286,700.081363333078,-999.74441528320301,32.359999999999999,-0.059168362575665559
268.17582846515677,700.20658893319114,-1000.62537193298,32.359999999999999,-0.059012611292694604
268.18879237605432,700.05118846570679,-1000.70261955261,32.299999999999997,-0.058910643888295006
268.20175109017288,699.7705624036056,-1000.70261955261,32.299999999999997,-0.058921580720817747
268.21471403973834,699.9992765340935,-999.25160408019997,32.329999999999998,-0.059027445192204119
268.227676053842,699.9487615973602,-998.74186515808105,32.329999999999998,-0.059236058343920261
268.24062779752717,699.39415899929008,-998.09885025024403,32.229999999999997,-0.059386708049140362
268.25357538958394,699.16997106538236,-998.09885025024403,32.229999999999997,-0.059402951349830542
268.26652845781723,699.46568459964124,-997.96152114868198,32.420000000000002,-0.059434058558181985
268.27948779488639,699.80420173408072,-998.191356658936,32.189999999999998,-0.059437571714305817
268.29244556112468,699.71937686712056,-995.10383605956997,32.210000000000001,-0.059535067735550264
268.30540518379877,699.81962440169013,-995.10383605956997,32.210000000000001,-0.059656213140683735
268.31837338291973,700.28275252972344,-996.67382240295399,32.5,-0.059742516734637013
268.3313450186198,700.46832780412308,-995.52655220031704,32.5,-0.05987575898470554
268.34431040411232,700.13081659679108,-994.73762512206997,32.460000000000001,-0.059936031078189782
268.35727055350111,699.8480669962895,-995.04065513610794,32.460000000000001,-0.059875564442032785
268.37023773230624,700.22765547462541,-995.04065513610794,32.490000000000002,-0.059717353433080045
268.38321205125067,700.61322300025438,-997.10488319396995,32.490000000000002,-0.059539628111541405
268.3961818160285,700.36729800210446,-995.79358100891102,32.259999999999998,-0.059481149332441655
268.40914902070364,700.22905245851371,-995.79358100891102,32.259999999999998,-0.05952572243060613
268.4221146855914,700.14590393704486,-994.36044692993198,32.460000000000001,-0.059600271698290665
268.4350785188791,700.04699753602665,-993.96371841430698,32.210000000000001,-0.059606101778071088
268.44803186650859,699.48077199485476,-994.74263191223099,32.210000000000001,-0.059519387366576491
268.46098005564698,699.20221347242546,-995.26500701904297,32.210000000000001,-0.059438746215900375
268.47393895809876,699.78073239706669,-995.26500701904297,32.530000000000001,-0.059309642140643909
268.4868981399469,699.79581979777618,-995.04351615905796,32.530000000000001,-0.059187355347815669
268.49985366376791,699.59828633535915,-997.28488922119095,32.479999999999997,-0.059162244821889531
268.51280888335549,699.58185772964998,-997.28488922119095,32.479999999999997,-0.059153174774360863
268.52576637537163,699.70456887198225,-996.33240699768101,32.460000000000001,-0.059258862295562084
268.53872136730257,699.56956426923659,-994.44484710693405,32.460000000000001,-0.0593311205084407
268.55166953677912,699.20115173345312,-994.44484710693405,32.259999999999998,-0.059337966764042738
268.56461524549502,699.06827065811603,-994.08626556396496,32.259999999999998,-0.059361714455874529
268.5775675148605,699.4225457380569,-994.95863914489701,32.25,-0.059407864594470935
268.59052045270738,699.45864373093627,-994.53759193420399,32.25,-0.059450743719339616
268.60346640770621,699.08156993571708,-996.65546417236305,32.32,-0.059463003029145138
268.61640845218523,698.87040186834304,-996.65546417236305,32.32,-0.059374624656170501
268.62935731704806,699.23870259353328,-997.00474739074696,32.159999999999997,-0.05930237057994675
268.64230746196421,699.30782546975263,-995.41831016540505,32.159999999999997,-0.059199210049133276
268.65525367048895,699.09526033605061,-994.33135986328102,32.100000000000001,-0.059071409825831367
268.66820128117166,699.1709768660819,-994.77648735046398,32.100000000000001,-0.058948364522516478
268.68115622136293,699.56677032894038,-997.01619148254395,32.140000000000001,-0.058958461093814141
268.69410641801858,699.31061940455288,-998.52418899536099,32.140000000000001,-0.058930454154496451
268.70704731903953,698.80865513322465,-997.31707572937,32.380000000000003,-0.058896001427542213
268.71998634810245,698.70756939842943,-999.07732009887695,32.380000000000003,-0.058769068370311768
268.73293062671974,698.99104533360344,-999.07732009887695,32.100000000000001,-0.05865224636969367
268.74587610053578,699.05558606397813,-999.26471710205101,32.369999999999997,-0.058636280397697943
268.75881887248033,698.90968500669123,-998.29745292663597,32.43,-0.058680560647282456
268.77176365090747,699.01803506649799,-997.87402153015103,32.43,-0.058784263415444252
268.7847132960124,699.28083566541011,-997.34878540039097,32.159999999999997,-0.058954691306417284
268.79765770501604,698.99808619681244,-999.34005737304699,32.159999999999997,-0.059007817051993504
268.81059945664447,698.85458793510509,-999.561548233032,32.119999999999997,-0.058995504966455385
268.82354207233465,698.9012472695141,-999.561548233032,32.119999999999997,-0.058841648408506378
268.83649529682225,699.47412233132241,-999.43351745605503,32.140000000000001,-0.058720025957217786
268.8494534904346,699.74245506491422,-999.63927268981899,32.140000000000001,-0.058711080087500325
268.8624113663617,699.72530006407681,-999.99952316284202,32.549999999999997,-0.058819414633630079
268.87537041161613,699.78844373911545,-1000.2505779266399,32.549999999999997,-0.058964206319041881
268.88833409589267,700.03895093257393,-1000.9217262268101,32.539999999999999,-0.059098968696544199
268.90129155582844,699.70283653325828,-1001.17444992065,32.539999999999999,-0.059047379634384771
268.9142433957507,699.39935580111796,-1001.8806457519501,32.560000000000002,-0.058952535812653216
268.92720824314449,700.10175926376871,-1001.8806457519501,32.560000000000002,-0.058767182958361031
268.94017991713332,700.47039539875482,-1002.88653373718,32.189999999999998,-0.05858605831025706
268.95315704246417,700.76476786541423,-1002.2368431091299,32.189999999999998,-0.058535442998067795
268.96613196469889,700.64580067419729,-1003.80492210388,32.210000000000001,-0.058602485805876167
268.97910902483579,700.76124739258967,-1003.80492210388,32.210000000000001,-0.058762693983634262
268.99208742918279,700.83383473740912,-1003.28540802002,32.210000000000001,-0.058846546129699036
269.00505563451236,700.28308779662348,-1004.85587120056,32.210000000000001,-0.058770414649237331
269.01801581080622,699.84951986898614,-1005.66434860229,32.369999999999997,-0.058644679892089123
269.03097777213463,699.94591173527931,-1005.66434860229,32.369999999999997,-0.058522574189663112
269.04394741997908,700.36098359997573,-1006.86049461365,32.25,-0.058575290150945737
269.05691776321117,700.39853453150386,-1007.35330581665,32.25,-0.058769349836068192
269.0698837654457,700.16412066586236,-1007.35330581665,32.329999999999998,-0.059031152890695375
269.08285254922964,700.31432433151895,-1005.72562217712,32.159999999999997,-0.059256007273552937
269.09582886223944,700.72090253175747,-1005.72562217712,32.369999999999997,-0.059322261561399789
269.10879967941236,700.42412733547042,-1005.05781173706,32.369999999999997,-0.059239270373269079
269.12177130786921,700.46793667039844,-1004.9192905426,32.390000000000001,-0.059078635855132594
269.13474999885551,700.84931326085132,-1006.36029243469,32.390000000000001,-0.058985916483424751
269.14772901373578,700.86680353408451,-1006.46543502808,32.369999999999997,-0.059057554850672822
269.16070940697398,700.94123486334092,-1004.2998790741,32.369999999999997,-0.05926267036991642
269.17368790238265,700.8387520677137,-1004.17900085449,32.119999999999997,-0.059472425943592824
269.18666853569505,700.95419886854609,-1004.17900085449,32.119999999999997,-0.059651797637991444
269.19965244933093,701.13133633981647,-1003.22675704956,32.420000000000002,-0.059640576234778461
269.21263274426298,700.93592632786385,-1006.40463829041,32.100000000000001,-0.059581563497950345
269.22560871992721,700.70268586889199,-1008.10647010803,32.100000000000001,-0.059449248430155005
269.23858841053334,700.90329273213638,-1008.10647010803,32.100000000000001,-0.059415447629279826
269.25157162257409,701.09345020184469,-1008.0630779266399,32.479999999999997,-0.059501173803046897
269.2645515542888,700.9163125931741,-1006.38628005981,32.479999999999997,-0.059677161689646131
269.27752852336425,700.75633007327724,-1006.7863464355499,32.5,-0.059852282413125464
269.2905106436877,701.03449746747822,-1006.7863464355499,32.5,-0.059918811958693113
269.30349518751984,701.16536693592025,-1006.88791275024,32.119999999999997,-0.059824317900676993
269.31647350804695,700.82930846388501,-1006.92129135132,32.520000000000003,-0.059699628294966889
269.32944926226298,700.69072766438626,-1007.84969329834,32.140000000000001,-0.059548651591983762
269.3424273810038,700.81841200384758,-1007.2615146637,32.140000000000001,-0.059485618645742713
269.35540568911358,700.82863793008539,-1007.2615146637,32.140000000000001,-0.059498547472588231
269.36837809056919,700.50967860305479,-1006.7400932312,32.140000000000001,-0.059479837202190258
269.38134972006043,700.46799252623111,-1005.87892532349,32.119999999999997,-0.059383660554414332
269.39432427183573,700.62579586623906,-1005.87892532349,32.119999999999997,-0.05926626630860151
269.40730696440625,701.06539880692173,-1005.76329231262,32.549999999999997,-0.059156426125136198
269.42028505727666,700.81701500347162,-1003.49116325378,32.549999999999997,-0.059177102520497391
269.43326417667168,700.87244733096543,-1003.19600105286,32.590000000000003,-0.059352278088647424
269.44624911683343,701.1867687332624,-1002.34770774841,32.590000000000003,-0.059645927200279891
269.45923281005679,701.11943406259172,-1002.34770774841,32.579999999999998,-0.059809583342765073
269.47220751187905,700.63389840246839,-1002.84886360168,32.579999999999998,-0.059794263085962994
269.48518196017409,700.62020793068677,-1004.01830673218,32.170000000000002,-0.059574506141962316
269.49816005925317,700.81735027037143,-1004.45008277893,32.170000000000002,-0.059386730814075001
269.51113794412845,700.80578326554223,-1004.06718254089,32.159999999999997,-0.059254732396400632
269.52410961915189,700.47045126557953,-1004.59218025208,32.159999999999997,-0.059292376454773373
269.53707768788769,700.27571173246656,-1003.97634506226,32.229999999999997,-0.059371425045640941
269.55004877100379,700.43848826960368,-1003.97634506226,32.229999999999997,-0.059464300671740959
269.56301767172107,700.32063873364757,-1002.9640197753901,32.520000000000003,-0.059449968652971738
269.57597491124454,699.69093426702534,-1002.15339660645,32.520000000000003,-0.05929916890139509
269.58892995388152,699.57230239766807,-1002.8774738311801,32.469999999999999,-0.059036704607414073
269.60188647835685,699.65232166797296,-1002.8774738311801,32.469999999999999,-0.058904887280752612
269.61483939136912,699.4573026633368,-1004.48060035706,32.439999999999998,-0.058959643874112642
269.62778269520237,698.93840699586963,-1001.34205818176,32.439999999999998,-0.059144014699221821
269.6407282797407,699.06156506730304,-999.74536895751896,32.210000000000001,-0.059316919908664251
269.65367341000132,699.03703407375656,-999.74536895751896,32.210000000000001,-0.059379148813124491
269.66662345040123,699.30218159592778,-1000.46563148499,32.469999999999999,-0.059264316740231963
269.67957302410611,699.27698006308583,-1000.88715553284,32.210000000000001,-0.059117669654074514
269.69253064029749,699.71127433638742,-998.63314628601097,32.259999999999998,-0.059014939599480065
269.70550096386796,700.39747280352367,-998.63314628601097,32.259999999999998,-0.059042515025870566
269.71847094181487,700.37880913461299,-997.54071235656704,32.369999999999997,-0.059199329050731678
269.73143083871236,699.83443246278057,-997.48349189758301,32.369999999999997,-0.059384032048290014
269.74439240474697,699.92456587071376,-997.64084815979004,32.280000000000001,-0.059510808851942515
269.75735526324945,699.99435913234083,-996.55294418334995,32.280000000000001,-0.059557322205303541
269.77031425676421,699.78564979881924,-996.55294418334995,32.310000000000002,-0.05943250014511383
269.78326439443578,699.30743426458025,-995.65029144287098,32.310000000000002,-0.059247441175702659
269.79621732090129,699.45802913540911,-995.65029144287098,32.25,-0.059114205134280423
269.80917193512954,699.54916832755396,-994.48227882385197,32.25,-0.059092124509473147
269.8221256987506,699.50323553666533,-994.48227882385197,32.329999999999998,-0.059136164685599638
269.83507692813828,699.3663869329946,-995.375156402588,32.240000000000002,-0.059113297611193834
269.84802566986173,699.23205306740078,-996.43182754516602,32.280000000000001,-0.058998256507667636
269.86097510076172,699.26926860012497,-995.66459655761696,32.280000000000001,-0.058853310635580434
269.87392569374697,699.33202120189515,-993.83854866027798,32.259999999999998,-0.058683794404857742
269.88687506566419,699.26608353160043,-992.95091629028298,32.259999999999998,-0.058629649380154532
269.89983010933588,699.57235826998885,-993.77751350402798,32.240000000000002,-0.058775720082833938
269.91279111657656,699.89439099784659,-993.65496635437,32.240000000000002,-0.058963628898550349
269.92574693945551,699.61443546404894,-993.65496635437,32.189999999999998,-0.059113077198347297
269.93868966586922,698.90722633879079,-993.34502220153797,32.189999999999998,-0.059123616665090355
269.95163536113199,699.0675441915397,-993.34502220153797,32.299999999999997,-0.058953393664941012
269.96458281659386,699.16259494076962,-992.14458465576195,32.299999999999997,-0.05881233968576511
269.97752786096549,699.03239606658326,-991.67799949645996,32.390000000000001,-0.05877046328342974
269.99047303675809,699.03949280211293,-990.75245857238804,32.390000000000001,-0.0588397785189856
270.00342539097653,699.42712779596559,-990.75245857238804,32.409999999999997,-0.059099835860478331
270.01638499399013,699.81856273416599,-991.57261848449696,32.409999999999997,-0.059284161155107581
270.02934090172226,699.61901753294967,-991.44411087036099,32.140000000000001,-0.059386085097151126
270.04229053337542,699.28010927028186,-991.16897583007801,32.140000000000001,-0.059341419901318623
270.0552480067642,699.70356299433865,-992.06089973449696,32.119999999999997,-0.059132935065188102
270.0682076366827,699.82001560136666,-992.06089973449696,32.119999999999997,-0.05897186903463332
270.08116078976906,699.470266663046,-993.08347702026401,32.509999999999998,-0.059002055267932979
270.09410786856409,699.14225493186336,-993.67904663085903,32.159999999999997,-0.059167318460121396
270.10706047527532,699.44076240641846,-991.21236801147495,32.560000000000002,-0.05939099937727834
270.12001577868278,699.5863840031742,-989.17770385742199,32.560000000000002,-0.059496509946767751
270.13296313066417,699.15700699422518,-991.10436439514206,32.189999999999998,-0.059422994446069334
270.14590707090122,698.97277279841717,-995.17512321472202,32.530000000000001,-0.059195947315127284
270.15886079623459,699.50116800248952,-995.78356742858898,32.539999999999999,-0.059040879002484628
270.17182117948892,699.86069573459486,-992.96045303344704,32.539999999999999,-0.059033284583834424
270.18478187421971,699.87751546303627,-992.96045303344704,32.210000000000001,-0.059172098214693582
270.19774491484816,700.00419393584605,-992.939233779907,32.210000000000001,-0.059421551931090659
270.2107121391839,700.23011413153392,-993.59035491943405,32.229999999999997,-0.059589023390841968
270.2236811961568,700.3290765367766,-993.59035491943405,32.229999999999997,-0.059611392724724564
270.23664555512346,700.0753841978493,-993.63517761230503,32.229999999999997,-0.059472993015424538
270.24960978474076,700.0683993333688,-991.69206619262695,32.229999999999997,-0.059294398459588789
270.26257924425067,700.35081353506678,-994.11535263061501,32.359999999999999,-0.059219018244564624
270.2755546797481,700.67351686267614,-994.81916427612305,32.359999999999999,-0.059187835495953051
270.28852432034932,700.36059246625132,-994.81916427612305,32.25,-0.059224199503301579
270.30148892042592,700.08840413583107,-993.41559410095203,32.25,-0.059274046992747187
270.3144578408037,700.32170040117182,-993.41559410095203,32.280000000000001,-0.059297117921675642
270.32742829993327,700.40479299535991,-992.76781082153298,32.229999999999997,-0.059259030967145063
270.34038538320254,699.68249654084025,-993.70980262756302,32.299999999999997,-0.059183679728449817
270.35334273965805,699.69724859770599,-993.70980262756302,32.299999999999997,-0.059082953052019459
270.36630189460254,699.79436700202348,-994.38381195068405,32.409999999999997,-0.059131294903518858
270.37926184323965,699.83722640307678,-996.19793891906704,32.409999999999997,-0.059200966109604444
270.39221758850744,699.61024446292083,-998.119115829468,32.420000000000002,-0.059257968225356686
270.40517441824937,699.66880606356278,-998.99768829345703,32.420000000000002,-0.05919543922726736
270.41813443828761,699.84108206585722,-998.65865707397495,32.100000000000001,-0.05904951546662135
270.43109708879501,699.98312739990763,-998.65865707397495,32.100000000000001,-0.058979480008961201
270.44405157988263,699.54251872997338,-999.14193153381302,32.170000000000002,-0.059021230165463262
270.45700426523837,699.44500920841938,-997.35140800476097,32.170000000000002,-0.059178688873186315
270.46995903572224,699.55760613068298,-996.57487869262695,32.159999999999997,-0.059384500814214522
270.48291115607651,699.41449912910821,-996.57487869262695,32.159999999999997,-0.059517925190375666
270.49585573996058,699.00752974018519,-997.47371673583996,32.530000000000001,-0.05946661966443742
270.50880114237407,699.05173032974972,-997.10416793823197,32.530000000000001,-0.059284033873991004
270.52175792037656,699.66601213425849,-996.91319465637196,32.450000000000003,-0.059012157014527451
270.53471866063836,699.87997413643257,-996.91319465637196,32.450000000000003,-0.058822780848229408
270.54767931087162,699.87511259600876,-996.00458145141602,32.350000000000001,-0.058865493370554994
270.56064851685557,700.33712313473325,-997.02191352844204,32.350000000000001,-0.05904198727658494
270.57362123702967,700.52688939926895,-998.09622764587402,32.210000000000001,-0.059161813308555231
270.58659522380248,700.59528573196792,-998.39353561401401,32.210000000000001,-0.059242086070391255
270.59956266234326,700.24168120231491,-998.51942062377896,32.210000000000001,-0.059199972699124567
270.61253052411854,700.26453586685795,-999.15432929992699,32.210000000000001,-0.059157947285410593
270.62550475820865,700.60864086540175,-1001.58214569092,32.259999999999998,-0.059153977780654843
270.63847836210499,700.57461040120211,-1002.52270698547,32.259999999999998,-0.059182989513886619
270.65144407252473,700.14836266540112,-1001.69634819031,32.299999999999997,-0.059300583476549443
270.66440798963089,700.05152373260682,-1001.65891647339,32.299999999999997,-0.059470531219792212
270.67737326543346,700.12489333937901,-1001.216173172,32.369999999999997,-0.059547038334346679
270.69033357728642,699.85684006082249,-1001.216173172,32.369999999999997,-0.059459073882422289
270.70328983581732,699.63796066788768,-999.864101409912,32.350000000000001,-0.059219618431212116
270.71625270673826,699.99502973209258,-999.01342391967796,32.350000000000001,-0.059063972698281487
270.72922174404937,700.32801479780437,-999.01342391967796,32.259999999999998,-0.059082634333265716
270.74218985210746,700.27783513896293,-997.37596511840798,32.259999999999998,-0.059239925403365951
270.75515302208515,700.01117879483047,-996.90723419189396,32.229999999999997,-0.059338382755150638
270.76811898603205,700.16205313168666,-1001.58143043518,32.229999999999997,-0.059319269946933068
270.78108844554328,700.35081360651475,-1001.58143043518,32.259999999999998,-0.059233077078215145
270.79405697580006,700.30063386523329,-1000.67830085754,32.259999999999998,-0.059181745680983562
270.80702311462835,700.17149673001927,-999.27639961242699,32.280000000000001,-0.059135650388279198
270.81999454854315,700.45743139904573,-999.37939643859897,32.280000000000001,-0.05919736085703392
270.83296784096291,700.5577906672645,-1000.01454353333,32.369999999999997,-0.059343240119837048
270.84593675409752,700.32130926744719,-999.96042251586903,32.369999999999997,-0.059599320714374682
270.8588986968,699.94490593457988,-999.96042251586903,32.390000000000001,-0.059720690671961112
270.87186726638021,700.30275733218571,-1000.53429603577,32.390000000000001,-0.059698064708128599
270.88484272153818,700.67457853020039,-1001.48296356201,32.229999999999997,-0.059610239954104485
270.89781384397656,700.44061167060408,-1001.48296356201,32.229999999999997,-0.059548424969473157
270.91077934019256,700.136795666068,-1001.68061256409,32.259999999999998,-0.059683574363484669
270.92374835059871,700.3265619306037,-999.75299835205101,32.259999999999998,-0.059943188809633778
270.93672415655556,700.69352167063437,-997.94197082519497,32.259999999999998,-0.06017581973652171
270.9496869250309,699.98949766886085,-997.82443046569801,32.259999999999998,-0.060350737637810119
270.96264133126414,699.53793659512075,-997.82443046569801,32.32,-0.060278744333076478
270.97560016852344,699.77721200118606,-996.54507637023903,32.32,-0.060073132109407158
270.98856782230251,700.25330406847263,-996.54507637023903,32.390000000000001,-0.059779860700398445
271.00153568304188,700.26447992858527,-997.13063240051304,32.390000000000001,-0.059610680779797559
271.01450535675684,700.36238060584787,-998.14224243164097,32.43,-0.059675827828827376
271.02748088952603,700.6787695368248,-997.83968925476097,32.43,-0.059964344318866852
271.04046273769632,701.01980119499706,-996.55508995056096,32.210000000000001,-0.060213830115203558
271.05343900517403,700.71844379790525,-995.891332626343,32.210000000000001,-0.060368467948980958
271.06641141387297,700.51006974227539,-995.45192718505905,32.259999999999998,-0.060403157645986076
271.07938467938891,700.55633786051976,-996.12855911254906,32.259999999999998,-0.060370810743829106
271.09236580009264,700.98051800168912,-997.84851074218705,32.259999999999998,-0.060333410898520803
271.10533953333942,700.58159532613843,-997.84851074218705,32.259999999999998,-0.060326593617415686
271.11831144222839,700.48308000388488,-998.07000160217297,32.189999999999998,-0.060425491797234339
271.13128998937657,700.84154600251384,-996.182680130005,32.189999999999998,-0.060625911379444938
271.14426784217414,700.80405106971432,-996.87242507934604,32.159999999999997,-0.060758749023061109
271.15724092659877,700.54655892933533,-996.87242507934604,32.159999999999997,-0.060778356467682294
271.1702113339889,700.40199906605574,-996.15120887756302,32.119999999999997,-0.060613064302828958
271.18318447636301,700.54968820248325,-995.27931213378895,32.119999999999997,-0.060449249835893955
271.19615919163704,700.63462479759664,-995.84293365478504,32.409999999999997,-0.060337215868959106
271.20912874841861,700.35606620371925,-996.28233909606899,32.409999999999997,-0.060301914603500734
271.22209698582719,700.28482006389947,-996.14477157592796,32.490000000000002,-0.060282476867068911
271.23506356030737,700.19502192836205,-996.52290344238304,32.490000000000002,-0.060300519690179202
271.24802932971107,700.15154779987779,-996.78850173950195,32.57,-0.060323624767985376
271.26098334685804,699.51692593699897,-996.78850173950195,32.57,-0.060340761102987014
271.27392958746168,699.09699259783054,-995.43690681457497,32.170000000000002,-0.060283736221689477
271.2868792574024,699.28217679896147,-993.62111091613804,32.170000000000002,-0.060228799573414038
271.29983205348276,699.45098833815223,-994.59052085876499,32.170000000000002,-0.06026759743667235
271.31278084694566,699.23484699670485,-994.89927291870094,32.170000000000002,-0.060373722679650611
271.32573189524322,699.35660806776218,-994.89927291870094,32.579999999999998,-0.060434242089097555
271.338695247347,700.02101360383176,-994.44699287414505,32.189999999999998,-0.060436405861972672
271.35166186735802,700.19748059626227,-995.42665481567406,32.520000000000003,-0.060356090671944307
271.36462671475311,700.1017593352168,-995.62978744506802,32.520000000000003,-0.060327144133060839
271.37759139864818,700.09293033241124,-994.48657035827603,32.25,-0.060349415160018453
271.39056102062221,700.35958659959977,-994.36855316162098,32.420000000000002,-0.06045239667018202
271.40352742642966,700.18591360242522,-994.31943893432594,32.43,-0.060517712392626814
271.41648137114083,699.51301440189798,-994.31943893432594,32.43,-0.06053133971070393
271.42942711193587,699.07000293088799,-995.12648582458496,32.259999999999998,-0.060436431732757118
271.44237312488281,699.08469913741715,-994.56715583801304,32.259999999999998,-0.060197794809761999
271.45531736521224,698.9889777884357,-994.56715583801304,32.210000000000001,-0.059930814636207828
271.46825234095309,698.48869000549462,-995.39852142333996,32.210000000000001,-0.05978197480308544
271.48119059701725,698.66582746577308,-996.75774574279797,32.240000000000002,-0.059814698372277562
271.49413468730137,698.98087534014235,-994.62723731994595,32.240000000000002,-0.060001364391290189
271.50707866686048,698.97489619392161,-994.25125122070301,32.359999999999999,-0.060123798126355377
271.52002128979376,698.90163839774254,-994.25125122070301,32.359999999999999,-0.060137922150690207
271.53296576916301,699.00188593780808,-995.06878852844204,32.299999999999997,-0.060065976447003039
271.54591742799505,699.38957693038947,-995.16987800598099,32.299999999999997,-0.059909344547013209
271.55886529944814,699.18505846609196,-996.16479873657204,32.280000000000001,-0.059711541980052719
271.57180758400125,698.88336586805224,-997.59292602539097,32.280000000000001,-0.059485269917208775
271.58475571519011,699.19908419927731,-998.038291931152,32.240000000000002,-0.059328463135971898
271.59770908869012,699.48216900072691,-998.46005439758301,32.240000000000002,-0.059350990793998984
271.61065916220372,699.30396973552433,-998.06690216064396,32.280000000000001,-0.059412882352647044
271.62360494852834,699.07246152734035,-998.06690216064396,32.280000000000001,-0.059372502274168897
271.63655193626056,699.13733754110274,-997.67899513244595,32.189999999999998,-0.059261993608437973
271.64950245163453,699.32783019527085,-997.77078628540005,32.329999999999998,-0.059058453059466859
271.66245511008646,699.44355640167453,-997.08294868469204,32.140000000000001,-0.05895252546429873
271.67540370900616,699.22434166489609,-997.14851379394497,32.140000000000001,-0.058832647693100433
271.68835871335557,699.57023486898834,-997.14851379394497,32.100000000000001,-0.058715152036446588
271.70132332688405,700.08913053645551,-997.97821044921898,32.100000000000001,-0.05864649286698332
271.71428293714075,699.81895386239455,-999.83429908752396,32.140000000000001,-0.058591270611716595
271.72723458872969,699.38918580216091,-1001.4340877533,32.140000000000001,-0.058519623966680576
271.74018796947291,699.48256013445143,-1000.97966194153,32.539999999999999,-0.058519276272819241
271.75314431182227,699.64248686446786,-1000.55599212646,32.539999999999999,-0.058570002309124299
271.76609737384695,699.46534933274131,-1001.65963172913,32.549999999999997,-0.05870176996580119
271.77904629769387,699.24188773350602,-1002.78973579407,32.549999999999997,-0.058810121068829956
271.79199876884564,699.43344219809421,-1002.78949737549,32.509999999999998,-0.058829650902624465
271.80495365626302,699.5639205383078,-1002.5088787078899,32.509999999999998,-0.058740452966965735
271.81790866061237,699.57023486349237,-1003.19218635559,32.159999999999997,-0.058654305628320628
271.83086581528147,699.68635213217249,-1003.19218635559,32.159999999999997,-0.058622946962466289
271.8438218916865,699.62812586987855,-1003.32880020142,32.549999999999997,-0.058702156981394381
271.85678471086788,699.99223579729255,-1002.72679328918,32.189999999999998,-0.058781739531924095
271.86974694641981,699.96071980186582,-1002.72679328918,32.229999999999997,-0.058862331012717421
271.88270800540005,699.89718493264684,-1001.94263458252,32.229999999999997,-0.058902350978006092
271.89567749699017,700.35254586829478,-1000.6947517395,32.450000000000003,-0.058913839360134147
271.90865300388771,700.67737246500064,-1002.53558158875,32.450000000000003,-0.058843416885659472
271.92163027926415,700.77287033019559,-1005.20920753479,32.329999999999998,-0.058657667702092207
271.93460548710493,700.66122340226275,-1006.44779205322,32.329999999999998,-0.058513520698829896
271.94758159211977,700.70967079932427,-1006.44779205322,32.259999999999998,-0.058517708546679863
271.9605611016359,700.89351387239981,-1002.82073020935,32.259999999999998,-0.058641641711757418
271.97353504287651,700.59282699261973,-1003.10850143433,32.259999999999998,-0.05885220753545381
271.98650341687909,700.2921961390482,-1003.10850143433,32.259999999999998,-0.058934746517103474
271.99947136247283,700.26906206343801,-1004.6911239624,32.210000000000001,-0.058958351404778064
272.0124373854037,700.16523826616321,-1008.98194313049,32.299999999999997,-0.058934016980604853
272.02540767586055,700.39568466942319,-1009.05632972717,32.329999999999998,-0.058897689191479259
272.03837915530613,700.45989006144998,-1009.17959213257,32.329999999999998,-0.05895307494506772
272.05135564319755,700.73034613558616,-1009.17959213257,32.189999999999998,-0.059176664798516798
272.06433475638403,700.87211206956158,-1008.89492034912,32.189999999999998,-0.059483430036959307
272.07730795774199,700.55287333146384,-1008.27479362488,32.310000000000002,-0.059718988421895151
272.09027921677409,700.447987734761,-1007.8341960906999,32.159999999999997,-0.059741548158029865
272.10324848070741,700.34025239688924,-1007.30967521667,32.140000000000001,-0.059666726738270795
272.11621725103953,700.31359793639047,-1007.12299346924,32.140000000000001,-0.059540114469444634
272.12918393003457,700.20066573073893,-1006.13713264465,32.399999999999999,-0.059425911555457421
272.14215374551736,700.37003607008,-1006.13713264465,32.399999999999999,-0.059357676655297106
272.15513096811861,700.77002046811469,-1005.51772117615,32.43,-0.059256364280485488
272.16810984743944,700.85948332576027,-1006.2980651855499,32.43,-0.059275983108439102
272.18108541953092,700.68089293782521,-1006.67405128479,32.490000000000002,-0.059361696863794035
272.19405878335181,700.56164633004505,-1005.9852600097699,32.490000000000002,-0.059387115760730094
272.20703499909143,700.71564994004905,-1005.37443161011,32.079999999999998,-0.059353276673406327
272.22000626329753,700.44826712934025,-1007.30466842651,32.079999999999998,-0.059286490496463867
272.23297434548522,700.27643813309101,-1009.60803031921,32.119999999999997,-0.059260024378133824
272.2459435452605,700.33678786783332,-1009.60803031921,32.119999999999997,-0.059331822105522104
272.25891213967532,700.30409839978518,-1011.29341125488,32.100000000000001,-0.059445091626248947
272.27187958545926,700.24207233054346,-1011.53349876404,32.100000000000001,-0.059617813676249264
272.28484462015319,700.11187347284522,-1010.33091545105,32.479999999999997,-0.059809414669146535
272.29780292448891,699.74843412869495,-1009.35196876526,32.479999999999997,-0.059929828469861071
272.31076362646303,699.87790660225687,-1009.54246520996,32.100000000000001,-0.059993379852927201
272.32372209326297,699.75720719872402,-1007.95030593872,32.539999999999999,-0.060026784323916629
272.33667703966302,699.56710560133638,-1006.81710243225,32.57,-0.060062954822959674
272.34963229753947,699.58392532977791,-1006.64496421814,32.57,-0.060096084036431865
272.36259737776425,700.11433213524947,-1006.64496421814,32.100000000000001,-0.060103161053234933
272.37556351038279,700.17116140266353,-1008.8963508606,32.100000000000001,-0.059980197498724686
272.38852654480246,700.00385866345027,-1008.8222026825,32.119999999999997,-0.059819183208415685
272.40149727091244,700.41920993921383,-1008.28552246094,32.119999999999997,-0.05968664772838448
272.41447060161983,700.55985819594423,-1008.28552246094,32.07,-0.059641960800763283
272.42744384230002,700.55499673246436,-1006.8211555481,32.07,-0.05967278861290707
272.44041426210742,700.40266959985559,-1005.8097839355499,32.549999999999997,-0.059734406984400877
272.45338112322844,700.21050053424415,-1005.32126426697,32.549999999999997,-0.059816522730402402
272.46635289448886,700.47564806191133,-1004.65488433838,32.579999999999998,-0.059837415400733937
272.47932152201736,700.30588653938173,-1005.8319568634,32.579999999999998,-0.059798837949304379
272.49228531598271,700.04487412953029,-1005.8319568634,32.579999999999998,-0.059676972321659506
272.50525287249025,700.24805140531623,-1006.13975524902,32.579999999999998,-0.059575968318163142
272.5182331995,700.93765852918773,-1005.39994239807,32.159999999999997,-0.059606254927936551
272.53121630185188,701.08752699939237,-1003.39365005493,32.159999999999997,-0.059744845040811803
272.54419683064816,700.94855500021731,-1004.0297508239699,32.210000000000001,-0.059928303170082041
272.55717844495302,701.00717246218767,-1004.0297508239699,32.210000000000001,-0.060019304767869083
272.57015931833945,700.96716286825529,-1002.92468070984,32.210000000000001,-0.05998484272937029
272.58312841360004,700.3311440709524,-1002.92468070984,32.210000000000001,-0.059886467125983132
272.59608485321979,699.64773946716821,-1000.78654289246,32.329999999999998,-0.059695640163763365
272.60903832502714,699.48747759666003,-1000.72264671326,32.329999999999998,-0.059470497072034036
272.62199496022464,699.65830066580168,-1001.66010856628,32.170000000000002,-0.059323786860568162
272.6349531279667,699.74105807003411,-1002.08067893982,32.170000000000002,-0.059291932524553601
272.64791322561598,699.84527306148925,-1001.31893157959,32.140000000000001,-0.059363764399903603
272.66088070347911,700.24380460881139,-999.93681907653797,32.140000000000001,-0.059522353112090767
272.67385262478518,700.48375052669257,-999.93681907653797,32.43,-0.059638446610068625
272.68682320084815,700.41110740298461,-999.286890029907,32.43,-0.059764510434121509
272.69979350475802,700.39641113050345,-998.91996383667004,32.479999999999997,-0.059798939359941843
272.71276483519262,700.45184346898941,-998.91996383667004,32.479999999999997,-0.059803381769617851
272.72574212919505,700.77387613089502,-999.69053268432594,32.539999999999999,-0.059705242099980523
272.738717168363,700.65211507082995,-1000.21576881409,32.539999999999999,-0.059564111546889668
272.7516891217482,700.48548279946453,-998.58260154724098,32.140000000000001,-0.059539672608162959
272.76466618188522,700.76124739808586,-998.58260154724098,32.140000000000001,-0.0596650958881461
272.77764222274197,700.70620626477239,-997.70379066467297,32.549999999999997,-0.059807437160850893
272.79060991377401,700.25531573032788,-997.76124954223599,32.210000000000001,-0.059891891560872816
272.8035725063333,699.97999820370364,-997.44582176208496,32.240000000000002,-0.059922632450238267
272.81653605401482,700.03157480246523,-995.30315399169899,32.240000000000002,-0.059978468342692791
272.82950364881106,700.25011899445201,-993.09468269348099,32.310000000000002,-0.060016558401953628
272.84247337426541,700.36517453515205,-995.50390243530296,32.310000000000002,-0.059995088311334113
272.85544756282582,700.60618226345343,-995.50390243530296,32.240000000000002,-0.059942122962708032
272.86842368025805,700.71034133862008,-997.25365638732899,32.240000000000002,-0.0600158092049453
272.88140514555056,700.99912579827924,-996.7041015625,32.119999999999997,-0.060162485266515679
272.8943795866025,700.61981680245833,-993.89123916625999,32.119999999999997,-0.060364079351440385
272.90734746079511,700.26520640065758,-993.89123916625999,32.380000000000003,-0.060523734945022341
272.92031263932591,700.11964066523058,-995.78809738159202,32.380000000000003,-0.060614980756789824
272.93327445164329,699.93786513732289,-995.86606025695801,32.469999999999999,-0.060721971094153449
272.94622950773334,699.57302886424441,-995.34034729003895,32.469999999999999,-0.060848356742300998
272.95917950984438,699.30011399580007,-995.34034729003895,32.530000000000001,-0.060970191325289518
272.9721384774889,699.78425280393913,-994.95625495910599,32.530000000000001,-0.061058327554850252
272.98509760759748,699.79302586297615,-995.08547782897904,32.170000000000002,-0.0611058063803935
272.99805634034192,699.77156819880918,-994.78816986083996,32.170000000000002,-0.061207705487851864
273.01101671117908,699.86002520629108,-994.78816986083996,32.539999999999999,-0.061194231319945558
273.02398531904697,700.30482486636151,-994.56191062927201,32.189999999999998,-0.061092769933958888
273.03695223190749,700.21329446904429,-993.85881423950195,32.210000000000001,-0.060979806714387866
273.04991278383466,699.86980406602765,-992.77377128601097,32.210000000000001,-0.060866266074630644
273.06286739909882,699.54922426582652,-993.03889274597202,32.450000000000003,-0.060807389931786762
273.0758237279951,699.6417603978914,-993.03889274597202,32.450000000000003,-0.060745449736096517
273.08877850572219,699.55799726440762,-994.84491348266602,32.359999999999999,-0.060661925623078039
273.10172488292108,699.1043687389315,-995.09572982788097,32.359999999999999,-0.06063378726497113
273.11466337285066,698.67845619858224,-993.979930877686,32.240000000000002,-0.060656686416670338
273.12760259749138,698.7181305970629,-993.979930877686,32.240000000000002,-0.060731114612291699
273.14053902816426,698.56725633715075,-994.06981468200695,32.329999999999998,-0.060706189316272433
273.15347143759379,698.35010919500394,-994.91643905639603,32.329999999999998,-0.060642709334776022
273.16640295709141,698.30205287121089,-995.24021148681595,32.390000000000001,-0.060617063814413348
273.17934599498022,698.92404599578447,-994.94910240173294,32.390000000000001,-0.060686336622183978
273.19229245082346,699.10861553543623,-995.06592750549305,32.399999999999999,-0.060721727915456276
273.20524024363209,699.18081166409104,-994.76337432861305,32.399999999999999,-0.060716043743952647
273.21819230500245,699.41131400012773,-994.76337432861305,32.140000000000001,-0.060740863490338699
273.23115162344442,699.80319586742905,-995.44620513916004,32.140000000000001,-0.060836726592418573
273.24410827106044,699.65897126555342,-995.15056610107399,32.100000000000001,-0.060919190032383219
273.25706423777655,699.62220266742634,-995.18513679504395,32.100000000000001,-0.060891085821525588
273.2700150128864,699.34185593395239,-996.55914306640602,32.140000000000001,-0.060842032026320512
273.28296501499875,699.30011406724793,-996.55914306640602,32.140000000000001,-0.060741913814630934
273.29591463940869,699.27971813655722,-997.57170677185104,32.549999999999997,-0.060689865300635991
273.30885918500502,699.00546220051342,-996.78611755371105,32.549999999999997,-0.060537687191924379
273.32180283963709,698.95735013080764,-996.78611755371105,32.409999999999997,-0.060389144346072371
273.33475451192106,699.39030333650987,-995.20421028137196,32.409999999999997,-0.060278794003977045
273.34770879501241,699.53128693158806,-996.96850776672397,32.259999999999998,-0.060253029481405304
273.3606637993617,699.57023486349237,-997.103452682495,32.280000000000001,-0.060194290966709377
273.37362507254699,699.90875200342771,-997.28369712829601,32.280000000000001,-0.060171493224935188
273.38659316818763,700.27716459417138,-997.28369712829601,32.280000000000001,-0.060186363342565857
273.3995583974235,700.1223787387022,-998.53348731994595,32.159999999999997,-0.060246814455376899
273.41251375257161,699.58917799843039,-1001.11031532288,32.409999999999997,-0.060311556897547247
273.42546903631728,699.58532226420198,-1000.94366073608,32.560000000000002,-0.060350244036282655
273.43842714610992,699.73792880238216,-1000.54216384888,32.560000000000002,-0.060378513815825006
273.4513823129235,699.57900793352132,-1000.54216384888,32.119999999999997,-0.060421023517384549
273.46433468680368,699.42818952944185,-1002.51865386963,32.119999999999997,-0.060440958994543145
273.47729002849877,699.58845153735001,-1002.51865386963,32.210000000000001,-0.060542568356726917
273.49025195257536,699.94390013388022,-1002.28548049927,32.210000000000001,-0.060640282721370911
273.50321380421485,699.93998853282721,-1001.80006027222,32.210000000000001,-0.060742367058736153
273.51617316715425,699.80559872896072,-998.94165992736805,32.210000000000001,-0.060724532231179809
273.52913658445067,700.02453400520812,-998.94165992736805,32.359999999999999,-0.060602792848554021
273.54210402299134,700.24168119681906,-1000.62870979309,32.359999999999999,-0.060442997556257566
273.55507930947658,700.66547020426367,-1000.62870979309,32.25,-0.06032684093551572
273.5680526867506,700.56237279662128,-1001.47557258606,32.25,-0.060257976874516311
273.58102773937048,700.65284147145439,-1001.76405906677,32.159999999999997,-0.060300339633330022
273.5940071764507,700.88960233180285,-1002.76494026184,32.159999999999997,-0.06032185732458889
273.60697798017037,700.423400863398,-1003.85546684265,32.43,-0.060368856001282313
273.61994206077526,700.0603526639643,-1003.88669967651,32.43,-0.060367892599259523
273.6329109418308,700.31957700017131,-1004.35853004456,32.549999999999997,-0.060327976113749966
273.64587906851489,700.27884093966259,-1005.98239898682,32.549999999999997,-0.060282359933797935
273.65884482446671,700.15082139925335,-1008.54420661926,32.579999999999998,-0.060282736602665081
273.67181210157781,700.23296399911067,-1008.4190368652301,32.579999999999998,-0.060314641644761711
273.68478869294938,700.73593406564248,-1006.5524578094499,32.189999999999998,-0.060466502068272629
273.69777009305056,700.99560546285454,-1006.5524578094499,32.189999999999998,-0.060641359951527307
273.71075226614823,701.03734727459891,-1005.6748390197801,32.229999999999997,-0.060840124884209534
273.72373282081605,700.9499520610492,-1005.40566444397,32.229999999999997,-0.060994020766943727
273.73671313540865,700.93698800088407,-1005.40566444397,32.32,-0.061151699887513317
273.74969659476659,701.10680532978233,-1004.47988510132,32.32,-0.061230884036572959
273.76267377804561,700.76789706711429,-1003.84879112244,32.170000000000002,-0.061236401605635267
273.77564254837779,700.31359793639047,-1003.99684906006,32.170000000000002,-0.061159829298666271
273.78861586045929,700.55885240074076,-1001.73354148865,32.100000000000001,-0.061093246978282008
273.80159282229016,700.75593886810475,-1001.94001197815,32.100000000000001,-0.061139111510090681
273.81457046088275,700.79248399893322,-1003.82995605469,32.159999999999997,-0.061263855960675045
273.82754376572103,700.55846126701624,-1003.19695472717,32.159999999999997,-0.06144034158891705
273.84052932986788,701.22046393056212,-1002.21395492554,32.549999999999997,-0.061641659380837689
273.85351690153334,701.32886993413763,-1002.21395492554,32.549999999999997,-0.061834507311266489
273.8665030172296,701.25024759825692,-1003.41033935547,32.409999999999997,-0.061921879855552663
273.87948493680244,701.02365693472143,-1008.52799415588,32.409999999999997,-0.06194822697238607
273.89246579673585,700.96643640167906,-1008.52799415588,32.229999999999997,-0.061932610761663107
273.90544439045073,700.84406060319077,-1005.51247596741,32.229999999999997,-0.061973820750569182
273.91841774081979,700.56091992942061,-1005.51247596741,32.390000000000001,-0.062153201756614124
273.93138410730501,700.18379020142481,-1004.84395027161,32.390000000000001,-0.062318474260855981
273.94434926617532,700.11857899770632,-1003.98778915405,32.43,-0.062492094520261006
273.95731018856173,699.88980886848969,-1003.39841842651,32.43,-0.062603726982725746
273.97026456271607,699.53620433334072,-1003.01361083984,32.590000000000003,-0.062530109038040377
273.98321532540865,699.34118540015254,-1002.81691551208,32.590000000000003,-0.062362355076638711
273.99617755992591,699.96066392954515,-1002.96211242676,32.210000000000001,-0.062178664116822241
274.0091444272544,700.21083574068803,-1002.96211242676,32.210000000000001,-0.061986614018306616
274.02211035808773,700.16026499758607,-1002.58040428162,32.229999999999997,-0.061976436732673355
274.0350787848655,700.29504600112898,-1000.41031837463,32.229999999999997,-0.062128514465521888
274.04805470775432,700.69983599581906,-998.58927726745605,32.259999999999998,-0.062279706407276085
274.06102693432717,700.50023493327433,-998.58927726745605,32.259999999999998,-0.062427202032141221
274.07399094353087,700.05649700118397,-1000.30279159546,32.229999999999997,-0.062411079803819554
274.08695215773207,699.90556686345519,-1001.67369842529,32.229999999999997,-0.0624059088929282
274.09991313289385,699.89265873606655,-1001.60241127014,32.159999999999997,-0.062396810906796538
274.11287145068275,699.74916060076725,-1001.60241127014,32.159999999999997,-0.062467198197720883
274.12582729322224,699.61549713157319,-1003.1752586364699,32.119999999999997,-0.062587748592114328
274.13878375250493,699.64880126659648,-1002.41851806641,32.119999999999997,-0.062735486361818249
274.15174067951727,699.67405866626314,-1001.2729167938199,32.549999999999997,-0.062842955812239532
274.16469936776548,699.76916540322952,-1000.25343894958,32.549999999999997,-0.062802066612450191
274.17765506129268,699.60745046766453,-1000.0946521759,32.539999999999999,-0.062562297615645746
274.19061557389756,699.86768066502714,-1000.23174285889,32.539999999999999,-0.062352661042549974
274.20358467640125,700.33153519918096,-998.604774475098,32.450000000000003,-0.062140047343253714
274.21654893188889,700.06979633374499,-997.92766571044899,32.450000000000003,-0.062066252446856526
274.22950263652598,699.50005040218878,-999.06373023986805,32.240000000000002,-0.06200252618284869
274.24245510767781,699.43344219809421,-999.52006340026901,32.240000000000002,-0.061871684673772381
274.25540754571603,699.43165406399362,-997.93505668640103,32.32,-0.061724213882881747
274.26835622224564,699.22853260007219,-996.89364433288597,32.32,-0.061648837807667549
274.28130446415804,699.20506326855423,-996.89364433288597,32.119999999999997,-0.061656762327996814
274.29425606400622,699.38639180140876,-996.53291702270496,32.479999999999997,-0.061738620408052711
274.30721243946914,699.64427499856845,-995.96667289733898,32.140000000000001,-0.061814944363063298
274.32017115358639,699.77056233215762,-997.23219871520996,32.140000000000001,-0.061923111271366682
274.33312596960252,699.5600648700314,-997.49112129211403,32.210000000000001,-0.061877595467379511
274.34608383207654,699.72457359750047,-995.43237686157204,32.210000000000001,-0.061832443913440227
274.35904765915564,700.04666226912684,-995.017528533936,32.479999999999997,-0.061751934182469326
274.37201602694932,700.29186086115635,-995.95856666564896,32.210000000000001,-0.061690465857230287
274.38497923004081,700.0129669399231,-995.95856666564896,32.420000000000002,-0.06175308177769083
274.3979436542013,700.0789046651779,-996.31929397582996,32.420000000000002,-0.061844830504260546
274.41091116414322,700.24553686509535,-994.30036544799805,32.240000000000002,-0.06193756953719054
274.42386958541118,699.75474847036764,-994.30036544799805,32.299999999999997,-0.061896413357163019
274.43681763278153,699.19455799720129,-995.10073661804199,32.189999999999998,-0.061694092841385946
274.44976059202463,698.91979912783165,-994.06170845031704,32.189999999999998,-0.061425747762560219
274.46270662463337,699.0857608708933,-994.06170845031704,32.32,-0.061241109958332415
274.47565634114073,699.28469139963852,-995.60093879699696,32.32,-0.061188902084706155
274.48860121166547,699.02300833507525,-996.62780761718705,32.409999999999997,-0.061201082749419509
274.50155346136904,699.42148399358871,-996.58417701721203,32.409999999999997,-0.061257271508996611
274.51450818011364,699.55481220687489,-996.296167373657,32.079999999999998,-0.061287682296581228
274.52745933810002,699.36253126471831,-995.69225311279297,32.469999999999999,-0.061256110460893916
274.54041137360002,699.40991699975154,-995.69225311279297,32.119999999999997,-0.061143273486952643
274.55337028226046,699.78106766396638,-997.05767631530796,32.119999999999997,-0.061090786216406283
274.56633317387781,699.99614733788951,-996.74367904663097,32.560000000000002,-0.061086538350726145
274.57929458365686,699.91612806758462,-996.74367904663097,32.159999999999997,-0.061162364565824183
274.59225151067039,699.67405873221514,-996.19269371032703,32.210000000000001,-0.061242928108319855
274.60521182355808,699.85689593314305,-995.75662612915005,32.210000000000001,-0.061285051827941028
274.61817581206537,700.05537939538704,-998.06523323059105,32.369999999999997,-0.061167320236316026
274.63113650783083,699.87757133535695,-999.19748306274403,32.369999999999997,-0.060995753026789883
274.64409685176304,699.85857233909041,-999.19748306274403,32.210000000000001,-0.060934391286976218
274.65706538201971,700.30063385973733,-998.25882911682095,32.259999999999998,-0.061004429847636397
274.67003737472845,700.48760627191291,-997.16615676879906,32.299999999999997,-0.061203575589402863
274.68300485880002,700.24413986471916,-995.64218521118198,32.159999999999997,-0.061345993436938605
274.69596786114079,700.00212640167024,-997.40195274353005,32.390000000000001,-0.061331295097758504
274.70893366262339,700.1532800616576,-998.34775924682594,32.390000000000001,-0.061237756162348785
274.72189913917782,700.1357339380877,-998.69561195373501,32.390000000000001,-0.061056804325739539
274.73486110775059,699.94630292945988,-998.69561195373501,32.390000000000001,-0.060929425267519217
274.74782167933824,699.87086573355191,-999.64857101440396,32.399999999999999,-0.060964431613220418
274.76078637668638,700.09365679898758,-1001.43337249756,32.399999999999999,-0.061115126849327565
274.77375043038643,700.0588998022597,-1002.78997421265,32.140000000000001,-0.061375316645401669
274.78670341480131,699.46115840306118,-1000.88739395142,32.140000000000001,-0.061511449102251009
274.7996528457025,699.26926866607698,-1000.88739395142,32.119999999999997,-0.06143154679941451
274.81260523820862,699.42919533014128,-1003.2565593719499,32.119999999999997,-0.061239522570563774
274.82556195722714,699.66282699978183,-1004.11677360535,32.43,-0.061087196486062159
274.83851663043941,699.55235346203062,-1004.11677360535,32.119999999999997,-0.061167098788288
274.85147958724815,699.99966767331398,-1003.99684906006,32.530000000000001,-0.061357124811116326
274.86444959210007,700.38026200181366,-1003.18551063538,32.530000000000001,-0.06167690994001044
274.87741734832474,700.25883613170436,-1003.6861896514901,32.119999999999997,-0.06199084222266283
274.89037722556168,699.83337079525631,-1003.27396392822,32.479999999999997,-0.062120372636567459
274.90333228785926,699.5733640706884,-1000.32329559326,32.520000000000003,-0.062069068145200045
274.91629385389371,699.92456585972184,-1000.86998939514,32.520000000000003,-0.061857802792647895
274.92925595906047,699.95367900460872,-1002.61282920837,32.159999999999997,-0.061679011624387069
274.94221174365066,699.6123678694172,-1003.42845916748,32.159999999999997,-0.061664387789573158
274.95516678007908,699.57196713626422,-1002.44426727295,32.189999999999998,-0.06177524725501523
274.9681254807445,699.76983593153318,-1001.6059875488299,32.189999999999998,-0.061991611081402193
274.98108266852842,699.6881403322252,-1001.6059875488299,32.469999999999999,-0.06212423555528717
274.99403881633458,699.63198153265887,-1001.01637840271,32.189999999999998,-0.062073513658486755
275.00699564607652,699.66880606356278,-1001.63102149963,32.280000000000001,-0.061914928050419184
275.01996110296915,700.13467220461155,-1001.63102149963,32.280000000000001,-0.06173730931308459
275.03293028308269,700.3357261288611,-1002.11906433105,32.280000000000001,-0.061665589196624758
275.04589307018398,699.99050346956051,-1002.91919708252,32.210000000000001,-0.061678335897886551
275.0588540194766,699.89126180164249,-1005.33723831177,32.100000000000001,-0.061778176782510123
275.07181446068023,699.86382499675074,-1005.27286529541,32.100000000000001,-0.061816740781160263
275.08477418786907,699.82526819857117,-1005.27286529541,32.409999999999997,-0.061789798653077939
275.0977288807432,699.55341520100285,-1003.80492210388,32.409999999999997,-0.061741728956095747
275.1106858087914,699.67411460453582,-1002.83002853394,32.520000000000003,-0.061690697653307473
275.12364697125184,699.90277286270316,-1002.29430198669,32.520000000000003,-0.061715733672730089
275.13661283171854,700.15646520163034,-1001.88183784485,32.119999999999997,-0.061726524597484927
275.14957570263948,699.99502973209258,-1001.88183784485,32.530000000000001,-0.061680849434477103
275.16254038032599,700.09259507100728,-1002.9158592224099,32.140000000000001,-0.061588868912847983
275.17550890437411,700.30029859833348,-1002.94256210327,32.140000000000001,-0.061400068094948274
275.18848035174079,700.45815779966995,-1002.94256210327,32.57,-0.061226931089733989
275.20144910241112,700.31253619741824,-1000.79536437988,32.100000000000001,-0.06109133052198025
275.21442353828894,700.61953740238312,-998.48675727844204,32.579999999999998,-0.061111954143847944
275.22740626293711,701.06713100274976,-999.38607215881302,32.159999999999997,-0.061265253979032173
275.24038438788762,700.81874732570748,-1000.5030632019,32.560000000000002,-0.06139987251851891
275.25334900762471,700.08946580335532,-1000.64277648926,32.560000000000002,-0.06138469609952886
275.26631198926918,700.00100880136949,-1000.64277648926,32.509999999999998,-0.061191191068131312
275.27927714813961,700.1185790032024,-1000.55360794067,32.509999999999998,-0.060987290408515173
275.29224206589998,700.10555905972456,-1001.5766620636,32.189999999999998,-0.060958162777906361
275.30519943477407,699.6979192029537,-1002.56943702698,32.439999999999998,-0.061043862046114603
275.31816485337907,700.13260467043574,-1000.65875053406,32.229999999999997,-0.061295945197089939
275.33113244196664,700.2497837275522,-1000.61273574829,32.229999999999997,-0.061523543877637303
275.34409900299391,700.19429547277775,-1001.36971473694,32.240000000000002,-0.061572418651887131
275.35706172593825,699.98703899546467,-1001.36971473694,32.240000000000002,-0.061412853085304871
275.37002613664441,700.07817813264944,-1000.23722648621,32.280000000000001,-0.061073926173390934
275.38299590763091,700.36763326900439,-998.75259399414097,32.280000000000001,-0.060763996507867422
275.39596432716536,700.29465486190861,-998.29006195068405,32.189999999999998,-0.06064331986835312
275.4089317139655,700.23888720705884,-998.29006195068405,32.189999999999998,-0.060703246336405232
275.42190037460739,700.30767466249029,-997.61509895324696,32.119999999999997,-0.060923786626291963
275.4348718343926,700.45882839942169,-994.40002441406205,32.119999999999997,-0.061013099426588904
275.44784007180129,700.28482006939532,-994.79746818542503,32.409999999999997,-0.061007072735197627
275.46080756932469,700.2448662653436,-994.79746818542503,32.119999999999997,-0.060871224849649193
275.47378386888278,700.72017613662911,-995.48983573913597,32.560000000000002,-0.060678464877790876
275.48676760039382,701.1215015967673,-994.41313743591297,32.560000000000002,-0.060526496833774868
275.49975102767422,701.10507313945038,-994.41313743591297,32.159999999999997,-0.060503473506096445
275.51273542870251,701.15765552791947,-996.20962142944302,32.560000000000002,-0.060633387830355122
275.52571902361979,701.11412553261061,-994.46129798889206,32.520000000000003,-0.060882273439637216
275.53870053444444,701.00158453213146,-993.86429786682095,32.520000000000003,-0.061010890122419628
275.55167274135687,700.49917327124604,-993.86429786682095,32.229999999999997,-0.060986369433768721
275.5646404789556,700.2578303310047,-994.07339096069302,32.229999999999997,-0.060874817685436018
275.57760618937533,700.14836266540112,-993.12067031860295,32.229999999999997,-0.060815134396182843
275.59057203638883,700.15573872955792,-991.82176589965798,32.229999999999997,-0.06076145503175788
275.60353635706798,700.07331667466542,-991.50133132934604,32.329999999999998,-0.060684037291015
275.61649561031851,699.79967552650862,-992.70558357238804,32.280000000000001,-0.060602138853435086
275.62945932563832,700.0406272725694,-992.70558357238804,32.159999999999997,-0.06052939635230379
275.64242794074937,700.30521599459007,-992.82646179199196,32.159999999999997,-0.060424505629259141
275.65539219623588,700.06979627328906,-991.19329452514603,32.380000000000003,-0.060316764024829536
275.66835825745432,700.16730579484306,-991.19329452514603,32.119999999999997,-0.060257515352317818
275.68132791771603,700.36165413377557,-989.69173431396496,32.439999999999998,-0.060278141041902274
275.69429823507897,700.39713759707979,-990.47660827636696,32.100000000000001,-0.060377375532962275
275.70726097664937,699.98804480166029,-989.99404907226597,32.549999999999997,-0.060378677315266298
275.7202198532309,699.77933540218658,-990.51094055175804,32.549999999999997,-0.060282739706784674
275.73318446572466,700.08907466413473,-990.51094055175804,32.539999999999999,-0.060198237705512719
275.74615170247898,700.23078473128555,-991.83297157287598,32.539999999999999,-0.060217026620799301
275.7591110405827,699.80425760090532,-991.83297157287598,32.140000000000001,-0.060381054257669056
275.77206529159508,699.52955466980825,-990.63539505004906,32.57,-0.060599841591000653
275.78501805456182,699.44920020405164,-989.32170867919899,32.170000000000002,-0.060728125067780858
275.79797009006171,699.40991699425558,-992.20871925354004,32.170000000000002,-0.060742693021623016
275.81091468636419,699.00820033444086,-992.20871925354004,32.539999999999999,-0.060641108495143967
275.82386025848518,699.06089453350319,-991.93811416625999,32.210000000000001,-0.060475540037184784
275.83681665981862,699.64567200444037,-988.72804641723599,32.210000000000001,-0.060341504092570379
275.84977582821364,699.79509333119995,-990.861415863037,32.210000000000001,-0.060277709529585756
275.86272693446182,699.35973740136615,-992.63858795166004,32.399999999999999,-0.060354296325736995
275.87567196020615,699.03139019443563,-992.63858795166004,32.399999999999999,-0.060460593344112488
275.88861669413711,699.01563227091833,-988.52062225341797,32.329999999999998,-0.06051136180698144
275.90155854303828,698.85984066421349,-989.93349075317406,32.329999999999998,-0.060512893316119212
275.91448839960867,698.21225480162559,-989.93349075317406,32.259999999999998,-0.060320712832672756
275.92742449914442,698.54937493019293,-991.52088165283203,32.280000000000001,-0.060140139733359868
275.94036654362225,698.87040180239114,-993.01218986511196,32.280000000000001,-0.060088641734195855
275.95331280285308,699.09799846448209,-988.83199691772495,32.280000000000001,-0.060144874991921178
275.96625526953085,698.89320060010948,-989.68768119812,32.210000000000001,-0.060266214939829185
275.97919748889132,698.87984546667576,-989.68768119812,32.329999999999998,-0.060297621207238881
275.99214240391228,699.0254111306549,-992.90227890014603,32.369999999999997,-0.060098957684278122
276.00509079483703,699.21310993795873,-994.07577514648403,32.369999999999997,-0.059843504180929041
276.01803589922719,699.03563706788464,-994.52638626098599,32.140000000000001,-0.059528689211200123
276.03098899332969,699.4670815340653,-994.14157867431595,32.140000000000001,-0.059366619420589642
276.0439491230581,699.84700533426121,-994.240760803223,32.359999999999999,-0.059384839195004639
276.05689870297039,699.27731526403363,-994.66490745544399,32.119999999999997,-0.05942645586133672
276.06984061085558,698.86302579869016,-993.155479431152,32.390000000000001,-0.05939644657954532
276.08278125834937,698.79496466693911,-993.155479431152,32.189999999999998,-0.059207429488303709
276.09572291891612,698.84967060480051,-994.67563629150402,32.359999999999999,-0.05887467000198237
276.1086665021457,698.95349439657934,-995.27597427368198,32.359999999999999,-0.058570739087618701
276.12160858491234,698.87246939702288,-995.27597427368198,32.170000000000002,-0.058397406505262615
276.13455803547538,699.27033040504921,-996.69718742370605,32.359999999999999,-0.058495220211300637
276.14751264349513,699.54883306615011,-996.69718742370605,32.329999999999998,-0.05864060380404533
276.16046428266543,699.3885151969132,-997.96509742736805,32.329999999999998,-0.058714622218426417
276.17340957435431,699.04575120001698,-997.96509742736805,32.140000000000001,-0.058576601246320976
276.18636295509879,699.48256020040344,-996.86694145202603,32.140000000000001,-0.058265787859760769
276.19931894044078,699.62320846812599,-995.863437652588,32.380000000000003,-0.05793394210364565
276.21228163027166,699.98525086686004,-1000.07557868958,32.159999999999997,-0.057685159974549781
276.2252433059939,699.93048900171789,-1000.50044059753,32.359999999999999,-0.057562768665844935
276.23820676261357,700.02665746116861,-1001.84631347656,32.140000000000001,-0.05760979631642462
276.25116755565068,699.88282400400931,-1001.69110298157,32.329999999999998,-0.057695818444519695
276.26412057214321,699.46289059888909,-1001.1661052703899,32.329999999999998,-0.057659064316135267
276.27707308779139,699.43584499916994,-1001.1661052703899,32.140000000000001,-0.057455344746310692
276.29002929458159,699.6351666726315,-1001.86514854431,32.380000000000003,-0.057105028794578731
276.30299396605938,700.09225979861151,-1001.68633460999,32.450000000000003,-0.056827131451250644
276.31596479564945,700.42479786377419,-1003.69596481323,32.450000000000003,-0.056770471856403826
276.32893809427782,700.55812593416442,-1005.1383972167999,32.119999999999997,-0.056848212454794413
276.34191570596545,700.79103113173255,-1005.1383972167999,32.119999999999997,-0.057014504240402365
276.35489516374207,700.89071993759956,-1004.03022766113,32.119999999999997,-0.057084909123000099
276.36786786425432,700.52582766029673,-1004.4620037078899,32.119999999999997,-0.056994329723237029
276.38083449150992,700.19787180143476,-1006.0234069824201,32.539999999999999,-0.056780246603810376
276.39380326805059,700.31393319779431,-1005.99336624146,32.189999999999998,-0.056616760169514557
276.40677512416426,700.48023013630802,-1006.25777244568,32.539999999999999,-0.056584344970212808
276.41973993223587,700.09963586826439,-1007.1394443512,32.539999999999999,-0.056685194786830213
276.43270363513835,700.03995673327358,-1007.1394443512,32.189999999999998,-0.05680882785919468
276.4456712620123,700.25185119577588,-1009.79375839233,32.450000000000003,-0.056921213657256393
276.45864241652959,700.44234393238401,-1011.16704940796,32.280000000000001,-0.056845349155506208
276.47161578656056,700.56198167388868,-1008.24904441833,32.280000000000001,-0.056705734588512496
276.48458791586302,700.49498233057386,-1008.89897346497,32.32,-0.05664878214396616
276.4975702576333,701.04645559503979,-1009.11927223206,32.32,-0.056593911721149415
276.51055648405548,701.25622679943774,-1009.11927223206,32.380000000000003,-0.056639820751411628
276.52354139834682,701.18537173288632,-1010.49780845642,32.380000000000003,-0.05671023391179731
276.5365198616766,700.83701980593366,-1011.93070411682,32.140000000000001,-0.05670647033345385
276.54950280156419,701.07875392936353,-1010.22601127625,32.450000000000003,-0.056638535526108397
276.56248591529885,701.08814167186358,-1009.42277908325,32.079999999999998,-0.056464659670713617
276.57546361908283,700.7960043343578,-1009.23657417297,32.079999999999998,-0.056303730233634185
276.58843823605059,700.62931626211957,-1009.9575519561801,32.539999999999999,-0.056281200505549446
276.601411009,700.5297392668457,-1009.9575519561801,32.140000000000001,-0.056384734601924703
276.61438227320741,700.44826720078811,-1011.82651519775,32.590000000000003,-0.056481730813402506
276.62734764007291,700.1298107356356,-1015.22755622864,32.140000000000001,-0.056524885197823983
276.64031602028393,700.2925313949562,-1017.1368122100801,32.57,-0.056437361571898007
276.65329117120984,700.65815000143539,-1017.1368122100801,32.57,-0.056281087712800888
276.66626999154693,700.85629820227553,-1016.60513877869,32.439999999999998,-0.056213475763815593
276.67925023473828,700.93313233260778,-1015.79475402832,32.439999999999998,-0.056334706023196408
276.6922304127371,700.92961193672716,-1013.65256309509,32.310000000000002,-0.056617306546062181
276.70520575820615,700.6686553277483,-1013.54146003723,32.310000000000002,-0.056994567729080063
276.71817646465308,700.41814813428959,-1013.54146003723,32.329999999999998,-0.057227966477999201
276.73113974535681,700.01715800150725,-1014.6546363830601,32.329999999999998,-0.057167697490771885
276.74409879061113,699.78844373361926,-1015.02013206482,32.100000000000001,-0.056951815883088841
276.75706008345679,699.909813665456,-1015.11120796204,32.479999999999997,-0.056751928187632951
276.77002412473956,700.05822926845985,-1013.45801353455,32.119999999999997,-0.056654533577433087
276.78299312893705,700.32622666370389,-1011.26933097839,32.530000000000001,-0.056718759651920012
276.79596375053086,700.41356606538886,-1011.26933097839,32.159999999999997,-0.056927766029809423
276.80894644930987,701.0657340683257,-1012.06684112549,32.159999999999997,-0.057049691676811135
276.82193101280245,701.16642859794842,-1011.82150840759,32.210000000000001,-0.056993857853396487
276.83491479088025,701.12401620294031,-1011.20710372925,32.210000000000001,-0.056800362136189705
276.84790145916293,701.28008726468033,-1010.84399223328,32.299999999999997,-0.056532894571891708
276.86089080344442,701.42459120067917,-1010.23173332214,32.310000000000002,-0.056441021668426787
276.87387863484565,701.34289566732298,-1010.23173332214,32.140000000000001,-0.056592806552593584
276.88685470053701,700.70754733237186,-1011.48796081543,32.140000000000001,-0.056890237868915498
276.89982282204812,700.2785616000433,-1009.86409187317,32.5,-0.057196321173025415
276.91279317769761,700.39920507079967,-1009.22822952271,32.119999999999997,-0.057326858449476895
276.92576066176917,700.24413986471916,-1010.63799858093,32.159999999999997,-0.05720608453709955
276.93872221435061,699.92383939864146,-1009.62424278259,32.159999999999997,-0.056906376654543289
276.95168613870123,700.05191493228313,-1009.93537902832,32.490000000000002,-0.056657487940123825
276.96465846254569,700.5054876019268,-1009.93537902832,32.490000000000002,-0.056588408640658679
276.97763185223835,700.56304340186898,-1008.48841667175,32.25,-0.056716699360248896
276.9905993880493,700.24693379402345,-1007.78198242188,32.280000000000001,-0.056956650481212179
277.00356749610745,700.27783513896293,-1006.71577453613,32.32,-0.057005228267377403
277.01654037874567,700.53566246380183,-1006.71577453613,32.119999999999997,-0.056843249540576561
277.0295131123728,700.52761586584529,-1006.99782371521,32.5,-0.056546843713758156
277.04247958958155,700.18976927070162,-1005.29766082764,32.5,-0.056284917518435035
277.05544392267899,700.07398726342512,-1005.29766082764,32.119999999999997,-0.056249673167908569
277.06841448011488,700.41010153633306,-1003.36527824402,32.560000000000002,-0.0564302845547896
277.08138008601975,700.14271886302424,-1003.36170196533,32.159999999999997,-0.05659739486871438
277.09433957313462,699.81230420435793,-1002.36010551453,32.539999999999999,-0.056702395279471997
277.10730066522967,699.89897313269921,-1001.76978111267,32.229999999999997,-0.056637087836647143
277.1202691696173,700.29923693080923,-1001.76978111267,32.229999999999997,-0.056460924032194479
277.13323947249131,700.39635519772685,-1001.68776512146,32.32,-0.056218162385232931
277.14620993265675,700.40484893363259,-1002.86197662354,32.32,-0.056048983500729531
277.15918341961969,700.56829599907348,-1002.15172767639,32.140000000000001,-0.05604720053561553
277.17215986198022,700.72788746768595,-1002.15172767639,32.420000000000002,-0.056200923605124777
277.18513282947288,700.54024460415064,-1000.0648498535199,32.090000000000003,-0.05632258951683565
277.19810092407783,700.27710866689063,-1000.079870224,32.090000000000003,-0.056293453606810442
277.21106255530486,699.92808626109831,-999.67050552368198,32.170000000000002,-0.056063058889854168
277.22402360807655,699.89684967124276,-998.995542526245,32.170000000000002,-0.055823955270483304
277.23697811882465,699.54358039749764,-998.995542526245,32.579999999999998,-0.055678892465532231
277.24992921782831,699.35934619619354,-997.76458740234398,32.210000000000001,-0.055669892785206003
277.2628854763592,699.63796066788768,-996.72794342041004,32.450000000000003,-0.055801923283125332
277.27585088151233,700.1318782698113,-998.49271774292004,32.450000000000003,-0.055989200870184108
277.2888177229716,700.209438800768,-999.33910369873001,32.259999999999998,-0.056091245884494378
277.30178642190117,700.30974219666621,-995.38660049438499,32.259999999999998,-0.056098505026066947
277.31475994818771,700.57041947152186,-993.92747879028298,32.119999999999997,-0.056014870189645127
277.32773540334574,700.67457853569636,-993.92747879028298,32.119999999999997,-0.055931487844686351
277.34070807798895,700.52443073136862,-992.38085746765103,32.409999999999997,-0.055893269470857668
277.35367427580002,700.17468179854393,-994.44580078125,32.409999999999997,-0.055910181252999243
277.36663982375683,700.13958966682014,-993.70312690734897,32.119999999999997,-0.055902806214762082
277.37961071232962,700.42798293229873,-994.12298202514603,32.530000000000001,-0.055902280534618105
277.39257908012354,700.29186087214828,-994.12298202514603,32.549999999999997,-0.055862605158460504
277.40553654626791,699.70317179466213,-992.42448806762695,32.549999999999997,-0.055844214640878215
277.41849075899387,699.52748720158445,-992.16747283935501,32.210000000000001,-0.055856265955740447
277.4314465746283,699.61404425887645,-992.16747283935501,32.210000000000001,-0.056004952639302705
277.44439581719519,699.25909861216007,-993.10636520385697,32.369999999999997,-0.056160812576026467
277.45734010926543,698.9917717946837,-992.68341064453102,32.259999999999998,-0.056295293486347465
277.47029399602843,699.50988520019791,-992.06352233886696,32.189999999999998,-0.056283381871319288
277.48325368389504,699.82314479757076,-992.23113059997604,32.32,-0.056215832009916485
277.49620785108897,699.52502847322808,-991.71161651611305,32.119999999999997,-0.056133289924961458
277.5091588921432,699.35621692854158,-990.33880233764603,32.119999999999997,-0.056133787665077553
277.52210793292352,699.24820213563464,-990.28706550598099,32.469999999999999,-0.056273855475362254
277.53505468058148,699.12437353040161,-990.28706550598099,32.090000000000003,-0.056472398961339564
277.54799438537037,698.74405860197714,-991.49012565612804,32.159999999999997,-0.05662450463431775
277.56092660025553,698.33960379724306,-990.89598655700695,32.159999999999997,-0.056720673002371956
277.57386161531849,698.49081340099906,-990.89598655700695,32.560000000000002,-0.056716125044487621
277.58680089169872,698.72092453186303,-993.80040168762196,32.560000000000002,-0.056658757642691765
277.59973493818643,698.43851033566114,-992.331981658936,32.420000000000002,-0.056673022401329695
277.6126697059309,698.47745820161333,-992.331981658936,32.420000000000002,-0.056848018947812037
277.62561111917893,698.83631539442285,-990.54050445556595,32.210000000000001,-0.057122364846837484
277.6385565743679,699.05458020282242,-990.73672294616699,32.359999999999999,-0.057239149593847592
277.6514991052037,698.89666513466136,-991.73259735107399,32.25,-0.057082609790711565
277.66444472285548,699.06335319590744,-993.16334724426304,32.25,-0.056704018885361793
277.67739868722839,699.51407613537413,-993.16334724426304,32.240000000000002,-0.056411977857290942
277.69035861620495,699.83616473555253,-992.82503128051803,32.299999999999997,-0.056267555595900721
277.70331289929629,699.53128693158806,-991.32347106933605,32.32,-0.056326532115218354
277.71626012089382,699.14996626841616,-990.73982238769497,32.32,-0.056496129060785522
277.72920668642593,699.11453873239248,-990.11111259460404,32.159999999999997,-0.056670853453870219
277.74215198535927,699.04614239969339,-990.11111259460404,32.159999999999997,-0.056745572429133445
277.7550881883754,698.55496287124117,-991.40858650207497,32.140000000000001,-0.056599552432332542
277.76801996864327,698.31613446572487,-994.71068382263195,32.140000000000001,-0.056306952610217932
277.78095871210127,698.69214673081979,-994.71068382263195,32.399999999999999,-0.056199263781215605
277.79390097699263,698.88230413457609,-997.71285057067905,32.140000000000001,-0.056313361144551821
277.80684324809255,698.88263939597994,-997.16091156005905,32.490000000000002,-0.05657833897349495
277.81979299046913,699.28608833406258,-996.00315093994095,32.490000000000002,-0.0568649534960078
277.83275117166301,699.74178447065844,-996.05083465576195,32.100000000000001,-0.057003851978875197
277.84571499770738,700.04660639680606,-996.05083465576195,32.509999999999998,-0.056960556863305721
277.85867366008512,699.76776839735749,-995.38397789001499,32.549999999999997,-0.056782681495003436
277.87163319273094,699.81476287225826,-997.969150543213,32.549999999999997,-0.056517582592877584
277.8845988969419,700.14802739300524,-997.969150543213,32.090000000000003,-0.056444984963925582
277.89755931951981,699.86281920704323,-998.36540222168003,32.090000000000003,-0.056495684095791365
277.91050949030495,699.30922239868084,-998.21996688842796,32.119999999999997,-0.05668843061588804
277.92345751076914,699.1931050640485,-997.25317955017101,32.119999999999997,-0.056782215833096741
277.93641269724452,699.58006967249344,-997.72477149963402,32.140000000000001,-0.056669679988474934
277.9493693521037,699.65936239378198,-999.67026710510197,32.140000000000001,-0.056392734662615872
277.96232611665295,699.66528566218608,-999.67026710510197,32.520000000000003,-0.056172979787858623
277.9752894501309,700.02000780862807,-1001.43504142761,32.520000000000003,-0.05613304778083511
277.98825721359879,700.25922726542876,-1001.6815662384,32.140000000000001,-0.056264513274741267
278.00123250008517,700.6654702647196,-1001.88207626343,32.549999999999997,-0.056389252552064395
278.01420305027773,700.40971039711246,-1002.86817550659,32.57,-0.05645100130767481
278.02717198307278,700.32237093497145,-1003.32808494568,32.57,-0.056408789628668916
278.04014424172601,700.50196727199807,-1003.32808494568,32.159999999999997,-0.056363868837864442
278.05311644242846,700.49883793289814,-1002.78782844543,32.159999999999997,-0.056276729123412063
278.06608446563337,700.27325306456623,-1002.78782844543,32.189999999999998,-0.056316001962258951
278.07905313869264,700.3083452017861,-1006.19769096375,32.189999999999998,-0.056463129196553781
278.09202450844941,700.45396686449385,-1006.19769096375,32.560000000000002,-0.05667372192733567
278.10499281105058,700.28834046527595,-1004.53329086304,32.189999999999998,-0.05671117868655811
278.11795908647281,700.17887279967215,-1005.14364242554,32.530000000000001,-0.056521973261798919
278.1309345747444,700.67636666430099,-1004.61649894714,32.530000000000001,-0.056202002903303273
278.14391870879518,701.1432387434495,-1004.61649894714,32.210000000000001,-0.056018586167145661
278.15690915824683,701.48427039062983,-1004.93144989014,32.490000000000002,-0.056014990226730357
278.16990019857036,701.51617747031707,-1005.10907173157,32.469999999999999,-0.056171576595324256
278.18289546813457,701.74455646580907,-1004.49013710022,32.469999999999999,-0.056367847654470081
278.19589570164692,702.01260966742166,-1003.9439201355,32.210000000000001,-0.056472271680833651
278.20889130234696,701.76243780131892,-1004.22072410583,32.210000000000001,-0.05639612674688009
278.22188001746923,701.39061660330424,-1005.46002388,32.229999999999997,-0.056122827033252908
278.23486970013215,701.44286379632149,-1007.09676742554,32.229999999999997,-0.055818895085030851
278.24785872672965,701.40743626579376,-1007.43126869202,32.240000000000002,-0.055688566838602377
278.26084456923957,701.2354955358951,-1007.43126869202,32.240000000000002,-0.055799051705540288
278.2738242350099,700.90195159858501,-1006.61110877991,32.380000000000003,-0.056043253796812187
278.28680564131975,700.99594072975447,-1006.47521018982,32.380000000000003,-0.05616883229865223
278.29979153660486,701.23834539797588,-1009.10782814026,32.240000000000002,-0.056063284476776172
278.31277485212473,701.09903807144485,-1009.10782814026,32.240000000000002,-0.055842168835641338
278.32575568722336,700.96509532858352,-1009.23156738281,32.159999999999997,-0.055651010738291241
278.33874324543586,701.32814347305725,-1005.95235824585,32.159999999999997,-0.055669585449784689
278.35173429817792,701.5168480700687,-1005.95235824585,32.390000000000001,-0.05588116952078525
278.3647209737037,701.28047839290878,-1006.31546974182,32.390000000000001,-0.056233886215646761
278.37769613601239,700.65876466841041,-1008.45336914063,32.469999999999999,-0.056513566523274626
278.39066526438643,700.33293219955704,-1008.50987434387,32.469999999999999,-0.056555034178431662
278.40363333312223,700.27571173246656,-1008.50987434387,32.090000000000003,-0.056364269306135271
278.41659645136059,700.00838487102237,-1007.31515884399,32.539999999999999,-0.056096637207519826
278.42955916706046,699.98664779578826,-1007.6637268066401,32.090000000000003,-0.056065307515348189
278.44253176409387,700.52023980168838,-1006.34956359863,32.090000000000003,-0.0563635449447299
278.45551001942835,700.82578806250854,-1006.34956359863,32.539999999999999,-0.056815045989240899
278.46848499443826,700.64865053627807,-1004.07719612122,32.140000000000001,-0.057199312788204587
278.48145418696919,700.33639666815679,-1006.14857673645,32.210000000000001,-0.057259452425173669
278.49442737487408,700.5521468648875,-1008.3222389221201,32.210000000000001,-0.057083278273078963
278.50740079043584,700.56444033629305,-1008.3222389221201,32.520000000000003,-0.056757798624835619
278.52036498693957,700.06661119926832,-1007.47394561768,32.520000000000003,-0.056566598100412736
278.5333271117679,699.95474073258902,-1004.7972202301,32.210000000000001,-0.056645486296874603
278.54629555096182,700.29571646897682,-1005.1052570343001,32.280000000000001,-0.056964543957801088
278.55925807211975,699.97614252993128,-1004.28867340088,32.280000000000001,-0.057286819856722675
278.57221310233945,699.57163186386845,-1004.28867340088,32.189999999999998,-0.057328690050411746
278.58516594395059,699.45344700055648,-1003.46302986145,32.380000000000003,-0.057032592594501476
278.59812092863825,699.56917313551219,-1004.13179397583,32.380000000000003,-0.056668397866171741
278.61107929195805,699.7516192686677,-1003.20196151733,32.119999999999997,-0.056436327802978109
278.6240329314025,699.49653000081219,-1001.42860412598,32.520000000000003,-0.056473370641455634
278.63699132059145,699.75301620309176,-1000.97608566284,32.560000000000002,-0.056679951440307207
278.64995542706674,700.06174966434037,-1001.04928016663,32.560000000000002,-0.056985372469576467
278.662921149905,700.14903326515275,-1000.30040740967,32.210000000000001,-0.057123179236871005
278.67588003993825,699.78006179731483,-1000.30040740967,32.210000000000001,-0.057019879006223476
278.68883868886422,699.76704200222912,-999.85790252685501,32.259999999999998,-0.056702012403179888
278.70180611395182,700.24095473024272,-1000.0724792480499,32.259999999999998,-0.056426030479750727
278.7147729812815,700.21083580114396,-1000.0724792480499,32.189999999999998,-0.056430787469490054
278.72773419030869,699.90528746887594,-999.919652938843,32.390000000000001,-0.056686204754616207
278.74069298824452,699.77508853423376,-999.919652938843,32.119999999999997,-0.057080362198465254
278.75365456669743,699.92523645947335,-998.69441986083996,32.119999999999997,-0.057350901059335636
278.7666164711124,699.94283840590003,-999.65238571167004,32.509999999999998,-0.05725505761827436
278.77957020886294,699.50183853079329,-999.65238571167004,32.140000000000001,-0.056966226547866226
278.79252725901728,699.68070833529168,-999.00031089782703,32.210000000000001,-0.05666595573216867
278.80549081290746,700.03191006936493,-997.35164642333996,32.210000000000001,-0.056489619115407057
278.81845647158769,700.14556873060087,-998.54063987731899,32.299999999999997,-0.056546308721560738
278.8314128667111,699.64533666609248,-998.54063987731899,32.299999999999997,-0.056687947362002625
278.84436217964571,699.26289846857173,-996.61421775817905,32.140000000000001,-0.056728794136652959
278.85731262982722,699.32430979939045,-995.77665328979504,32.140000000000001,-0.056628621079173123
278.87025764936419,699.03105499898379,-996.16885185241699,32.460000000000001,-0.056318163665178202
278.88319777738758,698.76691326102423,-996.16885185241699,32.140000000000001,-0.056055453088482199
278.89613527287162,698.62475613836443,-995.42307853698696,32.539999999999999,-0.056016588996508312
278.90908294357405,699.17421793333529,-994.529247283936,32.539999999999999,-0.056278500706007858
278.92203239310135,699.27027447227272,-994.529247283936,32.159999999999997,-0.056649060506213662
278.93497345658636,698.81742819226156,-992.76113510131802,32.560000000000002,-0.05690729866436945
278.94792141806789,699.18992000101991,-992.96760559081997,32.539999999999999,-0.05693019781678111
278.96087696879255,699.59973913111185,-991.99032783508301,32.539999999999999,-0.056669750353438263
278.97383277821854,699.61370900296856,-993.258237838745,32.189999999999998,-0.056355665954473458
278.98678986873091,699.68288766906869,-994.06433105468705,32.189999999999998,-0.056162807676809721
278.99975673502479,700.21077986836724,-993.826866149902,32.439999999999998,-0.05617829246569013
279.01272641494813,700.36271586175576,-993.93582344055199,32.240000000000002,-0.056384596973064305
279.0256908266914,700.07823413687402,-992.56658554077103,32.299999999999997,-0.05654213122237059
279.0386478582185,699.67970246314405,-992.56658554077103,32.310000000000002,-0.056453568653449249
279.05160551269881,699.71334193651512,-991.014003753662,32.140000000000001,-0.056157254924705968
279.06456594148403,699.86315440249518,-992.83218383789097,32.140000000000001,-0.055722228975028557
279.07752428514323,699.75055759564748,-992.78187751769997,32.399999999999999,-0.055446888631155961
279.09047642515804,699.41556080212854,-992.49529838562,32.140000000000001,-0.055429542229932051
279.10343002010501,699.49412713378456,-992.49529838562,32.119999999999997,-0.055629400949873238
279.1163896758938,699.82141259624677,-992.87843704223599,32.119999999999997,-0.055838086538747694
279.12934171760247,699.41025226665136,-993.12925338745094,32.590000000000003,-0.055842686237386703
279.14228951765438,699.18120280331163,-992.34080314636196,32.590000000000003,-0.055556802285332628
279.15525016064453,699.87472146778009,-992.41662025451706,32.479999999999997,-0.055194326365494518
279.16821870435433,700.30136033180975,-992.44070053100597,32.479999999999997,-0.054955337610354753
279.1811853243654,700.19748059626227,-992.44070053100597,32.229999999999997,-0.05501164744240214
279.19415061879516,700.12589920603057,-991.92810058593705,32.280000000000001,-0.05529646347808348
279.20711556242588,700.10695606010063,-992.44689941406205,32.32,-0.055598027796770436
279.2200780639223,699.97508080744706,-993.55697631835903,32.32,-0.05577368454823934
279.23302810535682,699.30223746275237,-993.51763725280796,32.119999999999997,-0.055705456890685477
279.24597152612222,698.94472133204636,-993.51763725280796,32.490000000000002,-0.055391053772152705
279.25891748112105,699.08156993571708,-993.81780624389603,32.579999999999998,-0.055174990038987709
279.27187184906671,699.53586906644091,-993.71147155761696,32.579999999999998,-0.055170600405654975
279.28482420949513,699.42746313431337,-993.72053146362305,32.159999999999997,-0.05543644747001477
279.29777618601105,699.40673185977892,-993.72053146362305,32.159999999999997,-0.055783801815024653
279.31073894103343,699.9887712077807,-995.57065963745094,32.189999999999998,-0.055975972984382109
279.3237024690543,700.03051312944501,-996.02699279785202,32.189999999999998,-0.055996333766228708
279.33665338075809,699.34923200360527,-995.82839012145996,32.530000000000001,-0.055892598918025511
279.34960218767287,699.23557339732929,-993.72935295105003,32.210000000000001,-0.055742083737749769
279.3625574579666,699.58459586357765,-995.36848068237305,32.380000000000003,-0.055782517624597579
279.37550974078522,699.42327220463324,-998.89707565307594,32.380000000000003,-0.055977711454197672
279.3884547344519,699.02965799860772,-999.15266036987305,32.210000000000001,-0.056251195362855569
279.40139822040987,698.94824173342283,-998.89874458313,32.299999999999997,-0.056457373623887551
279.41434539647537,699.14750753456383,-998.19040298461903,32.210000000000001,-0.056454174013256211
279.42729557346905,699.30955766008469,-997.63536453247104,32.210000000000001,-0.056244427751022584
279.44024511509514,699.27524780680187,-998.54946136474598,32.399999999999999,-0.056029855169980228
279.4531960392161,699.34990253190892,-997.32518196106003,32.399999999999999,-0.055986230984961638
279.46615671531981,699.87650960188091,-994.96746063232399,32.479999999999997,-0.0562664286946402
279.47912189902593,700.11992013125791,-994.96746063232399,32.479999999999997,-0.05667937712586904
279.49208447192223,699.97893639877941,-995.56136131286598,32.57,-0.057005644258179965
279.50504677887659,699.96457553609412,-996.80066108703602,32.57,-0.057041128683487562
279.51801549125923,700.31046866324243,-996.25468254089401,32.210000000000001,-0.056871794578246822
279.53098733391977,700.47950366973168,-995.60618400573696,32.210000000000001,-0.056645743961700683
279.54395193399631,700.08840413033511,-995.25642395019497,32.520000000000003,-0.056545806841227557
279.55691414988763,699.95965813434157,-996.05321884155296,32.210000000000001,-0.056610285408602419
279.56987963885928,700.13640446639158,-998.09455871581997,32.259999999999998,-0.056747942128217307
279.58284451212353,700.10315626964086,-997.99251556396496,32.259999999999998,-0.056861932906433488
279.59580783835679,700.01961659795961,-998.79693984985295,32.229999999999997,-0.056908913990741078
279.60877300964444,700.11924953150617,-999.00531768798805,32.229999999999997,-0.056808458433341098
279.6217390770716,700.16764106723895,-999.00531768798805,32.140000000000001,-0.056673611203525209
279.63470850450238,700.34908126229482,-1000.736951828,32.140000000000001,-0.056576322142347889
279.64767092114568,699.97049873854633,-1001.2891292572,32.159999999999997,-0.056620465798660612
279.66063607277158,700.11818779802991,-1001.2891292572,32.159999999999997,-0.056840682195514573
279.67360227058265,700.17468179854393,-1000.74577331543,32.57,-0.057057670006629611
279.68656735184317,700.11438806802607,-999.84526634216297,32.57,-0.057105065013107005
279.6995246876038,699.69613107434907,-999.495029449463,32.509999999999998,-0.056998869404758304
279.71247857540004,699.50994099557454,-999.495029449463,32.509999999999998,-0.056783613851962754
279.725436951137,699.75228979697135,-998.02637100219704,32.329999999999998,-0.05667007631693579
279.73839143601606,699.54218346856953,-997.658729553223,32.329999999999998,-0.05668684219303969
279.75134373745931,699.42427793388481,-997.68042564392101,32.280000000000001,-0.056732772952139042
279.7643063103568,699.97893646473153,-997.02286720275902,32.280000000000001,-0.056842367888681529
279.77727773806305,700.45709613764188,-996.86145782470703,32.170000000000002,-0.056884793771989441
279.79025530525433,700.78862833065693,-996.11234664917004,32.390000000000001,-0.05681726978116753
279.80323072109007,700.67245512919999,-996.11234664917004,32.479999999999997,-0.056715240288065884
279.81621076973835,700.92262700629487,-997.17378616332996,32.479999999999997,-0.05660376201125876
279.82919133785686,700.95067840121771,-997.17378616332996,32.090000000000003,-0.056705116811820055
279.8421692289408,700.80611853244227,-996.390342712402,32.090000000000003,-0.056994650511743086
279.85514037724931,700.44200865998812,-996.46830558776901,32.530000000000001,-0.057218181382238158
279.86811190843588,700.46268407319405,-997.62201309204102,32.07,-0.057190638034769502
279.88108796170991,700.70687679857224,-999.18198585510197,32.100000000000001,-0.057018670356768976
279.89406117548521,700.55354386526369,-997.44606018066395,32.100000000000001,-0.056819052745161976
279.90703379838885,700.5216367965686,-997.64633178710903,32.560000000000002,-0.056841635248775765
279.92001150217288,700.79600433985377,-997.64633178710903,32.560000000000002,-0.056962421576817253
279.93299761166173,701.24991239730912,-999.02486801147495,32.539999999999999,-0.057109047968708394
279.94597804318641,700.94330233156484,-999.03559684753395,32.539999999999999,-0.057307412433323345
279.9589511990136,700.55041466905959,-996.92869186401401,32.490000000000002,-0.057361792359546443
279.97192784316053,700.73878393321934,-995.18752098083496,32.490000000000002,-0.057163258186436798
279.98490683217028,700.86540652821247,-995.18752098083496,32.189999999999998,-0.056713600125277083
279.99788281404318,700.7030211357918,-998.9013671875,32.189999999999998,-0.056202177786076987
280.01085239669499,700.35746319859936,-998.33035469055199,32.310000000000002,-0.05595810918293951
280.02383022362221,700.80265406933836,-998.33035469055199,32.310000000000002,-0.056065607609180827
280.03681250640864,701.04327046605908,-996.01435661315895,32.450000000000003,-0.056327933237491509
280.04979614789255,701.11664013328743,-993.13497543334995,32.450000000000003,-0.056579212347500261
280.06277182967284,700.68681613478134,-993.13497543334995,32.140000000000001,-0.056702251441761747
280.07574974766175,700.80757139964282,-993.752002716064,32.140000000000001,-0.056740606409676445
280.08873164136423,701.02225993434536,-993.669033050537,32.210000000000001,-0.056669278484106612
280.10171131230862,700.90223099866023,-994.14825439453102,32.210000000000001,-0.056558260693502276
280.11469118607533,700.91318340246619,-994.84181404113804,32.25,-0.05655045931529383
280.12767469613959,701.10954346920585,-994.84181404113804,32.25,-0.056727846256551237
280.14066373618886,701.40816266092202,-995.21923065185501,32.189999999999998,-0.056932723769748249
280.15364160140376,700.80472160351394,-994.31800842285202,32.189999999999998,-0.057021820296703295
280.16660856600487,700.21608845880451,-994.118690490723,32.100000000000001,-0.056886026221763628
280.17957334820619,700.09823887338428,-995.19991874694801,32.100000000000001,-0.056742014777100502
280.1925342188531,699.88701493368967,-995.19991874694801,32.210000000000001,-0.056666176145116987
280.2054837791037,699.27625353055737,-994.71282958984398,32.210000000000001,-0.05669645758061137
280.21843184510004,699.19556380339691,-993.10612678527798,32.520000000000003,-0.056778721303929566
280.23138490712461,699.46534932724546,-993.54910850524902,32.520000000000003,-0.056875452605633953
280.24433932681114,699.53866307268902,-994.55904960632301,32.329999999999998,-0.056932721701115484
280.25728593787414,699.1169974002928,-993.46947669982899,32.329999999999998,-0.056963490528982148
280.27022984603212,698.97104053114117,-993.621826171875,32.210000000000001,-0.056885441558054972
280.28317551542472,699.06614720215566,-993.621826171875,32.210000000000001,-0.056854416098711724
280.29612423127776,699.23065606152875,-992.97165870666504,32.329999999999998,-0.05691411180668237
280.30907038702713,699.09241046847387,-992.72108078002896,32.329999999999998,-0.057080044514078783
280.3220155234963,699.03736933516041,-991.87016487121605,32.5,-0.05719198431318618
280.33497137224566,699.61583246442513,-991.87016487121605,32.5,-0.057147501243548074
280.34793261335176,699.90701973065597,-994.29941177368198,32.549999999999997,-0.05701335974868979
280.36088154340746,699.24222300590179,-993.25871467590298,32.549999999999997,-0.056893477836358411
280.37383174730621,699.31101053278132,-993.25871467590298,32.189999999999998,-0.056886516717034159
280.38678848598522,699.66388866730608,-991.98532104492199,32.189999999999998,-0.057112234126153204
280.39974407499886,699.60180673673574,-990.65923690795898,32.32,-0.057401007247872816
280.41269332998274,699.25976912947169,-990.20957946777298,32.310000000000002,-0.057592586509693837
280.4256400910927,699.12509993652202,-991.51325225830101,32.479999999999997,-0.057653009683596559
280.43858455080129,699.00082426478798,-991.51325225830101,32.479999999999997,-0.057469145912183585
280.45153213664929,699.16963579298658,-991.75930023193405,32.119999999999997,-0.057197129354310865
280.46447474612972,698.90091194215813,-993.14188957214401,32.119999999999997,-0.056980569950680314
280.47742047347168,699.06927646431166,-993.14188957214401,32.189999999999998,-0.056948596611642463
280.4903725927901,699.4144431963316,-992.96927452087402,32.189999999999998,-0.057202886997034748
280.50332408294946,699.38046860445263,-992.54536628723099,32.210000000000001,-0.057420673676364019
280.51627203822096,699.18958466267202,-991.23954772949196,32.210000000000001,-0.057551274075986592
280.52921623922845,698.98685440392308,-992.56086349487305,32.369999999999997,-0.057480894028381142
280.54216298688641,699.12437353040161,-992.56086349487305,32.369999999999997,-0.057265371498400747
280.55510783050619,699.02155546787446,-993.882656097412,32.229999999999997,-0.056989271607129785
280.56805296076675,699.0370340682606,-995.23043632507301,32.259999999999998,-0.056840276552557613
280.58100424913948,699.3695721279272,-995.96214294433605,32.329999999999998,-0.05688519424036205
280.5939639825371,699.82560347096705,-994.95315551757801,32.140000000000001,-0.057143410667034482
280.60692227445548,699.74776359489533,-994.46725845336903,32.420000000000002,-0.057344362139460238
280.61987514814575,699.45517927332833,-995.94783782958996,32.420000000000002,-0.057294473258734005
280.63282838505188,699.47479293107403,-996.63686752319302,32.520000000000003,-0.057054929848851563
280.64578021980003,699.39907640104275,-996.63686752319302,32.520000000000003,-0.056752880207035762
280.65874298103205,699.98910652964048,-996.20342254638695,32.549999999999997,-0.056597879156967068
280.671704436342,699.91858673548495,-995.29790878295898,32.549999999999997,-0.056642654040919643
280.68466985494689,700.13260466493978,-994.57812309265103,32.170000000000002,-0.056797590933857077
280.69763435671729,700.083095600354,-994.83108520507801,32.170000000000002,-0.057021013150192229
280.71059455163828,699.85052573563769,-996.62947654724098,32.189999999999998,-0.057056397200247411
280.72354498940251,699.32363926559071,-995.93138694763195,32.189999999999998,-0.056887731577475842
280.73648831289637,698.93946866888984,-995.93138694763195,32.460000000000001,-0.056547414924280281
280.74943663241976,699.20925426418648,-996.40369415283203,32.210000000000001,-0.0563019483035999
280.76238742719136,699.34291766742854,-997.80869483947697,32.329999999999998,-0.05629314730524751
280.7753405409556,699.46814326754156,-999.59588050842297,32.329999999999998,-0.056472827369536495
280.78829686467901,699.6414810637682,-1000.88715553284,32.259999999999998,-0.05664968242291963
280.801260742463,700.04940033710227,-1000.88715553284,32.259999999999998,-0.056740884772941723
280.81422395900739,700.01369339550752,-1000.93936920166,32.140000000000001,-0.056629505836307305
280.8271824775469,699.76000113352404,-998.88873100280796,32.140000000000001,-0.056449474973833839
280.84014413464445,699.92948326697035,-1000.11134147644,32.409999999999997,-0.056219609040326912
280.85311258729138,700.29644293555316,-1000.11134147644,32.409999999999997,-0.056007938045326687
280.86608263043092,700.38232953598947,-1002.65550613403,32.530000000000001,-0.055934398745835258
280.87904959503214,700.21608846430047,-1001.61600112915,32.530000000000001,-0.05595660354601107
280.89201474044938,700.11785253112998,-1000.6046295166,32.549999999999997,-0.055945054110260684
280.9049807106037,700.16238833263446,-1000.76723098755,32.549999999999997,-0.055798542581684651
280.91794778592839,700.22206753357716,-1000.76723098755,32.210000000000001,-0.055466471239359973
280.93091102834319,700.01509040137944,-1001.98602676392,32.210000000000001,-0.055181026044162654
280.94388954962346,700.84014913404178,-1001.98602676392,32.189999999999998,-0.055056788648394042
280.95687998562227,701.48354393504542,-1002.7325153350801,32.189999999999998,-0.05516532912022365
280.96986758936663,701.33060219591766,-1003.11279296875,32.240000000000002,-0.055410596024562921
280.98284769699745,700.92581206382749,-1005.21111488342,32.240000000000002,-0.055537558056392065
280.99582215150252,700.62054327453063,-1005.21111488342,32.310000000000002,-0.0554929052794806
281.00879077282229,700.30555126698596,-1006.65473937988,32.310000000000002,-0.055293724354163812
281.0217541187173,700.02067833143576,-1007.15184211731,32.280000000000001,-0.055018776199247436
281.03471656743835,699.97223093437424,-1008.33058357239,32.210000000000001,-0.054961866181264994
281.047681914642,700.12874899666349,-1008.33058357239,32.119999999999997,-0.055138021706911934
281.06065546058886,700.57148113355015,-1008.57496261597,32.119999999999997,-0.055531672097879001
281.07362588039751,700.40266966580748,-1010.27989387512,32.509999999999998,-0.055952957935407638
281.08659099994446,700.11645553624987,-1009.4056129455601,32.509999999999998,-0.056108098684394384
281.09955228037296,699.90914313715234,-1009.4056129455601,32.119999999999997,-0.056027137777849255
281.11251239043952,699.8459435952891,-1007.67087936401,32.57,-0.055892116700441148
281.12547209900254,699.82426240336758,-1008.868932724,32.479999999999997,-0.055722998868542303
281.13843691949262,700.10030646252005,-1007.39073753357,32.479999999999997,-0.055707687926541669
281.15140859969011,700.47073066565474,-1007.69567489624,32.229999999999997,-0.055763861165011926
281.16438271684814,700.6023265347211,-1007.69567489624,32.229999999999997,-0.055909224061047633
281.17735220843707,700.35254580234277,-1007.83061981201,32.280000000000001,-0.056054487617012427
281.19031552846167,700.01928132556372,-1006.59346580505,32.280000000000001,-0.056029545763585258
281.20328212260375,700.19608367283013,-1005.17988204956,32.140000000000001,-0.055909725940668377
281.2162475153396,700.13120773601167,-1004.74882125854,32.399999999999999,-0.055773952562539461
281.229211647684,700.06314659876443,-1005.70702552795,32.100000000000001,-0.055740100020909608
281.24217733844324,700.14730099787687,-1008.7628364563,32.100000000000001,-0.055926322109193578
281.25514980509013,700.51319893298353,-1008.7628364563,32.119999999999997,-0.056193751386126985
281.26812136939014,700.4644722017988,-1008.93688201904,32.119999999999997,-0.056401940269049065
281.28108856164704,700.22838186975389,-1008.69750976563,32.210000000000001,-0.056538031331971557
281.29405586980255,700.23464039956195,-1009.13572311401,32.210000000000001,-0.056529734283501117
281.3070283757728,700.51532239443975,-1009.13572311401,32.469999999999999,-0.056547757444778593
281.32000327213825,700.64440373427715,-1007.31492042542,32.469999999999999,-0.056593065254229594
281.33297181584811,700.30136033180975,-1007.31492042542,32.280000000000001,-0.056745595195085853
281.34593983905182,700.27325299861434,-1006.8221092224099,32.280000000000001,-0.056957032323747679
281.35891101323091,700.44340567135623,-1006.8221092224099,32.259999999999998,-0.05710372701288538
281.37187836070859,700.23676379506628,-1007.15279579163,32.229999999999997,-0.057094379638494265
281.38484360339748,700.12310519978246,-1006.22010231018,32.380000000000003,-0.057009250546440876
281.39781186150122,700.28593760374417,-1005.16605377197,32.380000000000003,-0.056880784944178718
281.41079171457289,700.91206586811722,-1004.69183921814,32.100000000000001,-0.05689978496086906
281.42377402322967,701.04466746643527,-1003.67069244385,32.5,-0.056957031289583966
281.43675441646786,700.94123486334092,-1004.1668415069601,32.579999999999998,-0.057065503464777678
281.44973314574196,700.85138080052309,-1003.46899032593,32.579999999999998,-0.057125540656945584
281.4627144227012,700.98895579932218,-1002.1376609802199,32.210000000000001,-0.057117466090158005
281.47569462036046,700.93067359875545,-1002.1376609802199,32.210000000000001,-0.057076293353435024
281.4886632220198,700.30448960495767,-1002.85744667053,32.25,-0.056997624535655975
281.50163148529879,700.28621706427543,-1002.89344787598,32.25,-0.056899506598723344
281.51460741543087,700.70022713503954,-1002.89344787598,32.32,-0.057027487911816811
281.52758380605064,700.72509346693369,-1003.32689285278,32.32,-0.057171771508554473
281.54055417411854,700.39987566505533,-1002.82335281372,32.119999999999997,-0.057390582643427078
281.55352236703078,700.28241726282374,-1001.02257728577,32.119999999999997,-0.05747822113378772
281.56649547732599,700.54795594070333,-1002.68959999084,32.119999999999997,-0.057442533886899863
281.57946503307289,700.35601033139869,-1002.68959999084,32.119999999999997,-0.057380409497807344
281.59242786570616,699.99296219791677,-1001.88231468201,32.159999999999997,-0.057361015222001356
281.60539015920614,699.96384899806981,-998.890161514282,32.159999999999997,-0.057397492021996663
281.61835625353837,700.16909393993569,-998.890161514282,32.359999999999999,-0.057479846809226277
281.63132045004073,700.06661112782024,-999.04775619506802,32.359999999999999,-0.057498193862722292
281.64428494663701,700.08281620027878,-999.10259246826195,32.189999999999998,-0.057452551812901813
281.65724948772964,700.0852190013544,-1000.62799453735,32.189999999999998,-0.057320704476561929
281.67022132418276,700.47916846878377,-998.75807762145996,32.140000000000001,-0.057229261017696764
281.68319640267276,700.65423846083854,-997.95365333557095,32.140000000000001,-0.057207108992744671
281.69617379394685,700.77912879954749,-997.95365333557095,32.450000000000003,-0.057261784870751328
281.70914969096549,700.69843900643514,-998.793125152588,32.450000000000003,-0.057336843261477276
281.72213093481116,700.98716766522159,-999.56846237182594,32.140000000000001,-0.057426720029079226
281.7351103791346,700.88999346552737,-1000.21195411682,32.619999999999997,-0.057414801170528586
281.74808602987036,700.68513973432994,-996.55246734619095,32.549999999999997,-0.057350808961362278
281.7610619072284,700.69737733341469,-995.19705772399902,32.549999999999997,-0.057184700336315987
281.77404003217788,700.81874727074739,-996.61827087402298,32.210000000000001,-0.05695026367887053
281.78701455911857,700.62445479863959,-996.61827087402298,32.210000000000001,-0.05672279020948387
281.7999824653902,700.26693866793357,-998.98767471313499,32.259999999999998,-0.056563714105127991
281.81294759114576,700.11679079765372,-996.60706520080601,32.259999999999998,-0.056514761720662159
281.82591388002101,700.17959926624849,-995.05305290222202,32.359999999999999,-0.056599238887959605
281.83887885055549,700.1084088613494,-995.05305290222202,32.359999999999999,-0.056724977782475122
281.85183523222838,699.64461033691612,-995.09143829345703,32.119999999999997,-0.056724948808385307
281.86479102199263,699.61264726949241,-996.73986434936501,32.119999999999997,-0.056650064264640913
281.87774974956301,699.77128879873396,-996.96612358093296,32.140000000000001,-0.056511565214862856
281.89070424685923,699.54285399687319,-996.96612358093296,32.140000000000001,-0.056486266355215586
281.90365642516178,699.41762833630423,-996.70791625976597,32.549999999999997,-0.056513885242639034
281.91661122151606,699.55900313105917,-995.93925476074196,32.159999999999997,-0.056612350874959673
281.92956522624576,699.51625540319924,-994.78816986083996,32.539999999999999,-0.056765848356732693
281.94251563710509,699.32218640388589,-994.91095542907703,32.539999999999999,-0.056893037010970669
281.95546229370007,699.11945612864906,-994.93241310119595,32.329999999999998,-0.05693910643502792
281.96841052215922,699.20433679648193,-992.97142028808605,32.329999999999998,-0.05690862838517468
281.98136324683833,699.44713266987583,-993.01266670227005,32.159999999999997,-0.056822296852211303
281.99431350144192,699.31374859526079,-993.01266670227005,32.159999999999997,-0.056775572398871405
282.00726340007407,699.29452613719161,-993.25847625732399,32.32,-0.056729581620109874
282.0202215616074,699.74072279763823,-992.71202087402298,32.32,-0.056743737723264777
282.03318140572964,699.83158260069968,-992.71202087402298,32.420000000000002,-0.056799306637618452
282.04613487753574,699.48747753070802,-993.29495429992699,32.420000000000002,-0.056854035290645269
282.05908298906297,699.19802247129712,-993.79420280456497,32.520000000000003,-0.056907426978937296
282.07203303670747,699.30257280110015,-993.15357208251896,32.520000000000003,-0.05693266375232519
282.08497922557035,699.0941985970785,-993.15357208251896,32.159999999999997,-0.056904253238276185
282.09791817081475,698.70304319635329,-992.28000640869095,32.159999999999997,-0.05695392688074024
282.11086204585934,698.96925240803262,-991.87588691711403,32.189999999999998,-0.057074663539306049
282.12381004769753,699.19209926334906,-993.20173263549805,32.189999999999998,-0.057306899171489734
282.13676071208391,699.33587686467547,-993.20173263549805,32.469999999999999,-0.057456469576801117
282.14970912266909,699.21417159998703,-994.43340301513695,32.240000000000002,-0.057523068453982605
282.16265008784814,698.81211966777641,-993.93534660339401,32.240000000000002,-0.057552130891973335
282.17559663475441,699.11353293718889,-993.61300468444801,32.240000000000002,-0.057560204425309652
282.18854830600361,699.39024745869312,-994.63772773742699,32.159999999999997,-0.057559153065632362
282.20149415648643,699.07592607288416,-994.63772773742699,32.159999999999997,-0.057606260395366149
282.21444123528028,699.14225486591135,-994.23766136169399,32.140000000000001,-0.057704049265190557
282.22739859173709,699.69724866915396,-994.54498291015602,32.140000000000001,-0.057886463279018405
282.24035287482832,699.53128692609232,-994.20166015625,32.560000000000002,-0.057990953532265556
282.25330797644938,699.57548753764081,-994.20166015625,32.560000000000002,-0.058011269817388821
282.26626312463702,699.57800213282167,-993.62039566040005,32.420000000000002,-0.05792501485996885
282.27922065597409,699.70669220153457,-993.10398101806595,32.420000000000002,-0.05780820217303264
282.29217942183215,699.77335633290966,-992.92969703674305,32.240000000000002,-0.057722379764128452
282.30513549823701,699.62812586438247,-992.92969703674305,32.240000000000002,-0.057634873728959861
282.31809185403955,699.64321333654016,-992.56515502929699,32.329999999999998,-0.057542701769490015
282.33105076269999,699.78106766396638,-996.12069129943802,32.329999999999998,-0.05750915759998964
282.34400735857537,699.65617727029735,-996.22726440429699,32.490000000000002,-0.057446730012334225
282.35695878354198,699.37694819758008,-994.91858482360794,32.490000000000002,-0.057379131514907013
282.36990857145054,699.28854706241884,-994.91858482360794,32.57,-0.057296149639440401
282.38287054623208,699.94663820185565,-998.099327087402,32.57,-0.057250416527031618
282.39583177388511,699.90629326407952,-998.22402000427201,32.189999999999998,-0.057357408934045784
282.40878660335318,699.56079127615158,-997.82919883728005,32.189999999999998,-0.057593035615108638
282.42174160149386,699.56989959659245,-997.82919883728005,32.390000000000001,-0.0578130729908038
282.43469589079382,699.53162219848809,-997.03264236450195,32.259999999999998,-0.057989150905725845
282.44765212966297,699.63689893441153,-997.56860733032204,32.170000000000002,-0.058095429298874908
282.4606085309963,699.64567199894441,-998.33202362060501,32.399999999999999,-0.05816046355424017
282.47356601680383,699.70423360508221,-998.09575080871605,32.119999999999997,-0.058276873702746118
282.48653128639751,700.12455806148705,-998.63195419311501,32.119999999999997,-0.05838078343239992
282.49949916679878,700.26554166755761,-998.63195419311501,32.43,-0.058498870995674204
282.51246539668887,700.17641406581993,-997.74169921875,32.100000000000001,-0.058616397694745297
282.52543069111852,700.1258992005346,-997.86281585693405,32.159999999999997,-0.058638943980543264
282.53840175560737,700.43748239745605,-999.99046325683605,32.159999999999997,-0.058609928107297961
282.55137351445057,700.47497753360756,-999.99046325683605,32.549999999999997,-0.058503403431433919
282.5643424596642,700.32304153472319,-999.60207939147904,32.549999999999997,-0.058381156996129696
282.57731795414452,700.67670193669687,-998.97837638855003,32.5,-0.058372664368380123
282.59030217304814,701.14782079586223,-1001.04665756226,32.5,-0.058407597243064623
282.60328339826793,700.9861618700179,-1000.51212310791,32.210000000000001,-0.058397710737887451
282.61625546858517,700.49179713014507,-1000.51212310791,32.369999999999997,-0.058344387345111763
282.629229637484,700.60512053547313,-1002.05898284912,32.259999999999998,-0.058202889436937418
282.64220672969998,700.76297966536185,-1005.21564483643,32.259999999999998,-0.058156934876907714
282.65517969719258,700.54024459865468,-1005.21564483643,32.359999999999999,-0.058154045707445728
282.66814678493455,700.22273806737701,-1004.90355491638,32.359999999999999,-0.058220797735510456
282.6811164586494,700.36238060035191,-1005.24663925171,32.43,-0.058368925625334279
282.69408780150127,700.45251400278903,-1004.9221515655501,32.43,-0.058460216969210138
282.70705751453823,700.36450399585624,-1005.24806976318,32.100000000000001,-0.058538060014233909
282.72002075591854,700.01503453455484,-1005.24806976318,32.100000000000001,-0.058475153313419057
282.73299092944319,700.38937033324635,-1006.01363182068,32.159999999999997,-0.058324882347123755
282.74596766465191,700.74370126901999,-1005.34152984619,32.159999999999997,-0.058192237175817355
282.75894808996912,700.94296713061692,-1005.34152984619,32.210000000000001,-0.05813394155809349
282.7719242601753,700.71319113474874,-1003.48138809204,32.210000000000001,-0.058148169061291437
282.78490392491233,700.9018957977122,-1003.48138809204,32.479999999999997,-0.058230180293248356
282.79788638361606,701.05277000266449,-1003.22723388672,32.479999999999997,-0.05825119920900608
282.81086328749876,700.75280966640469,-1003.81278991699,32.210000000000001,-0.058241936688760529
282.82383392978886,700.41468366568972,-1003.45373153687,32.32,-0.05812616501385956
282.83681186640371,700.80857720034248,-1003.67641448975,32.100000000000001,-0.058029506147583267
282.84979437684814,701.05556399792056,-1004.1973590850801,32.100000000000001,-0.057981929017048815
282.86277598494451,701.00683720627978,-1004.1973590850801,32.469999999999999,-0.057980304376384642
282.87575290848764,700.75387132843298,-1006.21724128723,32.469999999999999,-0.058028729010547064
282.8887311700322,700.82612340635239,-1007.8139305114699,32.590000000000003,-0.058078994561158233
282.90170848990499,700.77527313127121,-1006.34360313416,32.590000000000003,-0.058138879636911944
282.91468073613959,700.50129666675036,-1005.47480583191,32.439999999999998,-0.058175334706441671
282.92764389369995,700.01050826103074,-1005.47480583191,32.439999999999998,-0.058106812129843081
282.94061089658885,700.21815599847628,-1006.0794353485099,32.25,-0.058035261721776164
282.9535756984518,700.09930060136446,-1006.04820251465,32.25,-0.057996295184695762
282.96653259959498,699.67266173183907,-1006.04820251465,32.380000000000003,-0.058000473718965627
282.97948360857043,699.35448467225774,-1004.239320755,32.380000000000003,-0.058069084253422262
282.99244410875815,699.86701013672337,-1003.12447547913,32.07,-0.058171409700037688
283.00540125721847,699.68601685977671,-1003.2000541687,32.520000000000003,-0.058219756723475222
283.01835800210614,699.66422393420589,-1003.8058757781999,32.140000000000001,-0.058219588051078019
283.03131876927279,699.88142699813739,-1003.8058757781999,32.140000000000001,-0.05820399564169252
283.04428655240253,700.2602890044011,-1003.60918045044,32.189999999999998,-0.058225677865436837
283.05725654380245,700.37953559569337,-1000.5328655242899,32.189999999999998,-0.058376638012335176
283.07022424311248,700.25576274186903,-1000.5328655242899,32.439999999999998,-0.058533604152389153
283.08319043368147,700.17429072527534,-1000.06198883057,32.25,-0.058726361021349205
283.09616297897418,700.51744580643231,-1000.05698204041,32.170000000000002,-0.058913905588035498
283.10913404967289,700.43781773030787,-1002.05230712891,32.170000000000002,-0.059011211204788715
283.12209589406791,699.9395973331508,-1002.03394889832,32.159999999999997,-0.059062996878864335
283.13505301045058,699.6842846639488,-1001.99818611145,32.159999999999997,-0.059063451157540379
283.14801403735311,699.8954527368187,-1001.99818611145,32.189999999999998,-0.059114167881079552
283.16097267903331,699.76665073110462,-1002.09736824036,32.189999999999998,-0.059163337572236768
283.1739330954025,699.86248393464723,-1003.02600860596,32.450000000000003,-0.05911965026638797
283.18689322512967,699.84700526830932,-1004.39047813416,32.450000000000003,-0.059052374627626247
283.19986278191237,700.3560662641753,-1002.1376609802199,32.240000000000002,-0.058980444446267259
283.21283652240243,700.58198646535902,-998.59642982482899,32.240000000000002,-0.058895934166393139
283.22580069303456,700.06521413294024,-998.59642982482899,32.369999999999997,-0.058820294215467465
283.23876134326912,699.87511266745662,-1000.18119812012,32.159999999999997,-0.058752617074067641
283.25172177205428,699.86315439699911,-1000.42748451233,32.450000000000003,-0.058740625778155135
283.264681356442,699.81755693896241,-998.28386306762695,32.450000000000003,-0.058839688491985898
283.27763469165438,699.4801014665511,-998.28386306762695,32.549999999999997,-0.058997461779263384
283.29058696722842,699.42288099946074,-997.20072746276901,32.549999999999997,-0.05921787789327268
283.30354447993943,699.70568639533917,-996.88220024108898,32.409999999999997,-0.059327525603410439
283.31649986095681,699.59057493835041,-996.75154685974098,32.409999999999997,-0.059460522605741924
283.32945187679633,699.40885533222729,-996.75154685974098,32.259999999999998,-0.059530140004272078
283.34240284644949,699.35236127125722,-995.89204788207996,32.259999999999998,-0.059485220247325984
283.35536310656181,699.85404606556631,-996.29139900207497,32.229999999999997,-0.05941271057480714
283.3683292267641,700.17049092382365,-998.95071983337402,32.329999999999998,-0.059395095126951396
283.38129223531359,700.00246167406624,-999.93586540222202,32.479999999999997,-0.059451397715578107
283.39426029059632,700.27498526589011,-997.83921241760197,32.479999999999997,-0.059606875810173474
283.40723242610738,700.49531759747367,-996.83284759521496,32.140000000000001,-0.05967423319824873
283.42020009230373,700.25397460227248,-998.945713043213,32.140000000000001,-0.059638633909626038
283.43315626598024,699.63337853303494,-997.91741371154797,32.170000000000002,-0.059540747767142146
283.44610967880362,699.48429246218336,-997.91741371154797,32.170000000000002,-0.05942635445161526
283.45906624880985,699.65478033587328,-996.15120887756302,32.229999999999997,-0.05936599647083951
283.47202224760372,699.62393486875033,-997.85757064819302,32.229999999999997,-0.059335325947658724
283.48497541310871,699.47093726829371,-998.13747406005905,32.369999999999997,-0.059292350584599592
283.49792764418646,699.42047819838501,-997.68829345703102,32.369999999999997,-0.059250284813361601
283.51088186829509,699.52810186855947,-997.68829345703102,32.240000000000002,-0.059199650876047678
283.52383691817533,699.5726935313927,-996.44446372985794,32.240000000000002,-0.059202313423202611
283.5367945736902,699.71339780333972,-996.44446372985794,32.329999999999998,-0.059138766180150015
283.54975501592844,699.86388086357556,-996.45495414733898,32.140000000000001,-0.059085465554344518
283.56272391560992,700.32058280087085,-997.27082252502396,32.439999999999998,-0.059096362027816575
283.57569348584445,700.35679266479951,-999.93872642517101,32.439999999999998,-0.059123770851460422
283.58866159286788,700.27777926664237,-997.87211418151901,32.539999999999999,-0.059148878272859862
283.60162836292602,700.20558313798756,-998.29673767089798,32.539999999999999,-0.059211959855939543
283.61459219000375,700.04666219767876,-999.20988082885697,32.579999999999998,-0.059179394608652805
283.62754825916545,699.62773473065795,-998.45910072326706,32.579999999999998,-0.059093725349308755
283.64049855412719,699.31592793453399,-999.80783462524403,32.210000000000001,-0.058967580812141603
283.65345496787768,699.64634252724818,-999.80783462524403,32.210000000000001,-0.058806483736625136
283.66641473439023,699.8273916765155,-1000.38719177246,32.210000000000001,-0.058674807143147212
283.67937414286052,699.80805739686116,-1000.86998939514,32.210000000000001,-0.05858778332647898
283.69233179216553,699.71306247048801,-1000.86998939514,32.43,-0.058538227651551394
283.70529028483577,699.75860419360401,-1001.17659568787,32.240000000000002,-0.058492197551668672
283.71824755643826,699.69266653430122,-1000.87189674377,32.240000000000002,-0.058366659408268649
283.73119961780867,699.41131400012773,-1000.16951560974,32.240000000000002,-0.058190984030555531
283.74415030185554,699.33693853219972,-1000.04744529724,32.140000000000001,-0.058077047061421451
283.75710464393092,699.5344720715608,-1000.04744529724,32.140000000000001,-0.058044719819774188
283.7700587521407,699.52184332775948,-1003.15046310425,32.140000000000001,-0.057996149277640303
283.78300633695437,699.1695799371538,-1005.91135025024,32.140000000000001,-0.057931248512241469
283.79594889469513,698.89811800186203,-1005.99312782288,32.520000000000003,-0.057891830802029504
283.80889544677416,699.11381226581614,-1005.27381896973,32.520000000000003,-0.057938382443060453
283.82184336375798,699.18751712849621,-1003.18837165833,32.560000000000002,-0.058008594851923521
283.83478589459384,698.89666513466136,-1000.51665306091,32.560000000000002,-0.058067386141741388
283.84772765967523,698.85531439618546,-999.59611892700195,32.590000000000003,-0.058054333138204219
283.86067375747655,699.08928127226989,-1000.84662437439,32.590000000000003,-0.05797269029651228
283.87362735863337,699.49446246663649,-1002.46071815491,32.159999999999997,-0.057979939091257031
283.88658196665313,699.54883306615011,-1002.48408317566,32.159999999999997,-0.057957097887025001
283.89954238923082,699.86281919605119,-1002.18486785889,32.210000000000001,-0.057948788420753086
283.91251388109379,700.46056060074557,-1004.38261032104,32.210000000000001,-0.057990691727629502
283.92548593278519,700.4907913349416,-1004.38261032104,32.229999999999997,-0.058074310007152324
283.93845226719145,700.18205793964489,-1003.24296951294,32.229999999999997,-0.058270898750379288
283.9514172698062,700.11014119457718,-1001.79958343506,32.359999999999999,-0.058424581463076955
283.96437902417404,699.93473586417474,-1002.3128986358601,32.359999999999999,-0.058496309858037179
283.97733664036679,699.71127440783539,-1003.02743911743,32.25,-0.058528025531740066
283.99028961132848,699.46043193098888,-1004.79745864868,32.280000000000001,-0.058461470115387965
284.00323970450256,699.30503140304859,-1005.5193901062,32.159999999999997,-0.05837720094344092
284.01619719651853,699.70456886099021,-1005.24401664734,32.159999999999997,-0.058281136055471167
284.029162205342,700.11047646697318,-1004.32252883911,32.329999999999998,-0.058223433378938566
284.04212602621118,700.04632693627491,-1004.46510314941,32.329999999999998,-0.058278285173068434
284.05509007991236,700.05889986271563,-1006.01625442505,32.119999999999997,-0.058386259609265599
284.06806016858269,700.38478819839372,-1006.01625442505,32.409999999999997,-0.05850236448955811
284.08102992715061,700.36696266925264,-1006.33573532104,32.490000000000002,-0.058564662725632183
284.09399402017414,700.061023269212,-1004.63891029358,32.490000000000002,-0.058546864117011224
284.1069594770666,700.13467219361962,-1004.63891029358,32.140000000000001,-0.058596981688473722
284.1199237842938,700.07259026854524,-1003.75723838806,32.140000000000001,-0.058638824977723526
284.13288971616169,700.16032086441066,-1003.04460525513,32.549999999999997,-0.058665529100573488
284.14585060026047,699.88774133431411,-1002.80594825745,32.140000000000001,-0.058751139375436856
284.15880772906041,699.68495519774842,-1000.43654441833,32.560000000000002,-0.058894768977259142
284.17176880045923,699.89785553789443,-999.26877021789505,32.170000000000002,-0.05904661595022976
284.18473052274811,699.93300359689874,-999.26877021789505,32.549999999999997,-0.059087550681007919
284.19769095774319,699.86348973534689,-1001.43599510193,32.549999999999997,-0.058941538963114527
284.21065909788024,700.27956740074285,-1000.54621696472,32.520000000000003,-0.058851595968120111
284.22363554748398,700.72827860141035,-1000.15044212341,32.520000000000003,-0.058868030706956342
284.23661354929266,700.81209766767086,-1000.15044212341,32.369999999999997,-0.058946451172573418
284.24958403532713,700.4062458625607,-1000.87380409241,32.369999999999997,-0.059051637848012289
284.26255769096298,700.57740433600225,-1001.6622543335,32.25,-0.059162676333798937
284.27553415298519,700.7289492011621,-1001.23620033264,32.25,-0.059281466529132569
284.28850623054689,700.4921883298216,-1000.85496902466,32.280000000000001,-0.059408277480746792
284.30146981030742,700.03330706974111,-1000.83875656128,32.280000000000001,-0.059481495991426832
284.31443175921856,699.94524120147969,-1000.83875656128,32.170000000000002,-0.05951285051757297
284.32739652175934,700.09717720036406,-1000.65684318542,32.369999999999997,-0.0595254771832762
284.34036136811852,700.10170339694412,-1001.13344192505,32.140000000000001,-0.059571547640479387
284.35332669566054,700.1276872686833,-1001.29961967468,32.140000000000001,-0.059579961622424356
284.36629985148761,700.55041466356363,-1000.03480911255,32.119999999999997,-0.059554881106583746
284.37928014641852,700.93592626740792,-998.71277809143101,32.119999999999997,-0.059458736537424332
284.39226270860257,701.05835793821677,-997.52902984619095,32.079999999999998,-0.059312723783535221
284.40524350437897,700.96297192758311,-997.89357185363804,32.079999999999998,-0.05919151525584132
284.41822669675793,701.09238846287235,-997.078895568848,32.549999999999997,-0.059094831553860298
284.43121390417161,701.30920033811935,-994.96674537658703,32.549999999999997,-0.059069050475509109
284.4442011447,701.31098853267576,-994.72117424011196,32.509999999999998,-0.059178670246840322
284.45717797097291,700.74861873672444,-995.16224861144997,32.509999999999998,-0.05935255852074902
284.47015721350863,700.87909692854601,-995.16224861144997,32.159999999999997,-0.059442026539544196
284.48313544297412,700.8243911390764,-995.64433097839401,32.560000000000002,-0.059430150108066342
284.49611365277786,700.82332940010429,-996.66404724121105,32.140000000000001,-0.059310630377760763
284.50908473589385,700.43848826410772,-997.96962738037098,32.140000000000001,-0.05911734782977629
284.5220619067556,700.76722653331467,-997.98703193664505,32.590000000000003,-0.059054372832529095
284.53504029868395,700.83316413216141,-997.98703193664505,32.159999999999997,-0.059088507873875526
284.54801757302596,700.77281446886695,-996.26851081848099,32.189999999999998,-0.059247840609911548
284.56099091615062,700.56052872974408,-995.572328567505,32.189999999999998,-0.059375414210601066
284.57395769241737,700.20591840488737,-995.70918083190895,32.539999999999999,-0.059346301066222941
284.58692045364938,699.98910652964048,-995.70918083190895,32.539999999999999,-0.059065906744322855
284.59987317832844,699.44713266987583,-995.95975875854504,32.409999999999997,-0.058658715958362341
284.61282043200373,699.15169846424408,-995.43952941894497,32.409999999999997,-0.058260471041712177
284.62577272103084,699.42360746603708,-995.43952941894497,32.310000000000002,-0.058042024158719466
284.63873358546914,699.88667966678986,-996.37866020202603,32.310000000000002,-0.057963078013976189
284.65169025274565,699.66003293307767,-995.25642395019497,32.240000000000002,-0.05800356777955664
284.6646396836469,699.26926866607698,-991.61124229431096,32.240000000000002,-0.058029277456847009
284.67759361594074,699.51234386809813,-991.61124229431096,32.240000000000002,-0.058001821032665574
284.69055078302836,699.68702273192423,-990.52095413207996,32.310000000000002,-0.057938875009304634
284.70350720402229,699.64673367196463,-991.28770828247104,32.420000000000002,-0.057792034413213254
284.71646695087401,699.82632999250336,-991.00327491760197,32.420000000000002,-0.057662182176842408
284.72943638451363,700.34941654018667,-991.00327491760197,32.100000000000001,-0.057705463840548463
284.7424124046741,700.70508866447142,-992.06638336181595,32.100000000000001,-0.057808305653015313
284.75538144819382,700.3283500647043,-991.26148223876896,32.140000000000001,-0.057980194686737895
284.76833823861352,699.66668266256227,-989.60089683532703,32.140000000000001,-0.057945873381422652
284.78128636359384,699.19874893787346,-989.33339118957497,32.170000000000002,-0.057779672658708342
284.79423394219754,699.16924459880613,-989.33339118957497,32.170000000000002,-0.057571267502444366
284.80717182262964,698.64554333468345,-990.98992347717297,32.509999999999998,-0.057353247992568863
284.82011063748763,698.69600233314429,-990.86570739746105,32.509999999999998,-0.057181844280652011
284.83305917742342,699.22115653041931,-990.72074890136696,32.399999999999999,-0.057195095966366578
284.84601414969381,699.56850260171257,-990.72074890136696,32.399999999999999,-0.057237075847768618
284.85896265755065,699.21942426863939,-990.67759513855003,32.229999999999997,-0.057232693457551227
284.87190974255429,699.14259019876329,-990.08464813232399,32.229999999999997,-0.057063776379210542
284.88485712040614,699.15840400009733,-989.81928825378395,32.390000000000001,-0.056789456349137547
284.89780674585069,699.27977400338182,-989.56131935119595,32.390000000000001,-0.056623414986563439
284.91075038806423,698.9566795310559,-989.96043205261196,32.460000000000001,-0.056596145861125192
284.92369429622232,698.97104053663713,-989.96043205261196,32.460000000000001,-0.056628151279288455
284.93663990663219,699.062962133631,-990.87977409362804,32.549999999999997,-0.056696057113154764
284.94958409418649,698.98612793185077,-992.23279953002896,32.549999999999997,-0.056631279488350082
284.96252137029376,698.61290979391606,-991.66727066040005,32.189999999999998,-0.056584484668723747
284.97545891234438,698.62727073354529,-989.413022994995,32.189999999999998,-0.056477689908298372
284.98840517881854,699.09838960370269,-990.90313911438,32.210000000000001,-0.056337290960542456
285.00135871478273,699.4909420652599,-991.69349670410202,32.210000000000001,-0.056271468185622786
285.01431370567906,699.569508402412,-991.69349670410202,32.210000000000001,-0.056264851655938496
285.0272746415186,699.89053533506615,-992.45333671569801,32.210000000000001,-0.056372306619518427
285.0402382347321,700.03403353082149,-993.08824539184604,32.25,-0.056506642658067249
285.05319769597776,699.8109072644379,-992.79117584228504,32.25,-0.05648102714768833
285.06615187455441,699.5256431402031,-992.91729927063,32.140000000000001,-0.056336386543305673
285.07910539809995,699.4902714600122,-994.03500556945801,32.140000000000001,-0.056155551637830071
285.09205948664936,699.52078166573131,-993.43800544738804,32.100000000000001,-0.056058178759317123
285.10501980471116,699.85717533871423,-993.81494522094704,32.100000000000001,-0.056155041481032057
285.11797266598393,699.45450872853678,-993.81494522094704,32.509999999999998,-0.056359782400855492
285.13092126490363,699.22434166489609,-992.89107322692905,32.509999999999998,-0.056572917641503531
285.14386237909383,698.82016627122903,-992.89107322692905,32.579999999999998,-0.056677398581781238
285.15680391030992,698.84268566887226,-994.50826644897495,32.579999999999998,-0.056521200263860247
285.16974130231483,698.61916826326808,-996.93059921264603,32.460000000000001,-0.056257849144722955
285.18268825796792,699.13560526833101,-993.46685409545898,32.460000000000001,-0.056060723339851591
285.19564996059637,699.93194193487068,-995.44620513916004,32.229999999999997,-0.05604916769626913
285.20861946460246,700.35321633064632,-995.44620513916004,32.229999999999997,-0.056173405092343073
285.22159218477657,700.52688939926895,-997.43747711181595,32.280000000000001,-0.056293985495397159
285.2345643792716,700.49850273195023,-998.77595901489303,32.280000000000001,-0.056343213137482008
285.24754379151608,700.88826120374733,-998.77595901489303,32.189999999999998,-0.056255908890035289
285.26051659550996,700.5314156672971,-996.55556678771995,32.350000000000001,-0.056077255349820644
285.27347977273217,700.01157000000296,-999.93658065795898,32.119999999999997,-0.055841030553083947
285.28644479500747,700.11120286759751,-1001.4009475708,32.119999999999997,-0.055607991913486726
285.29941716438384,700.50794632478687,-1001.29437446594,32.119999999999997,-0.055555805770733165
285.31238896875794,700.47743620150789,-1001.29437446594,32.119999999999997,-0.055652001044855078
285.3253556477531,700.2006657362349,-1000.50759315491,32.170000000000002,-0.055773664887017189
285.33832216324936,700.19183679938135,-1002.0561218261701,32.170000000000002,-0.055829115833223725
285.35129273310253,700.41077207013279,-1002.0561218261701,32.579999999999998,-0.055733220650389999
285.36426543465063,700.52588359856941,-1001.58023834229,32.579999999999998,-0.055518925396515435
285.37723219125678,700.20485673186715,-1003.14593315125,32.380000000000003,-0.055385773173751943
285.39020668508266,700.6226665985871,-1003.14593315125,32.380000000000003,-0.055352307648529504
285.40318664887661,700.91804487144202,-1004.91952896118,32.259999999999998,-0.05542984025258748
285.4161579265359,700.44899360141255,-1005.40447235107,32.210000000000001,-0.055546631207734995
285.4291220195592,700.06102325822008,-1006.72149658203,32.350000000000001,-0.055529000237143959
285.44208943947291,700.24067534115943,-1006.76131248474,32.350000000000001,-0.055394164389846276
285.45505911939637,700.36271586725172,-1006.1149597167999,32.460000000000001,-0.055185313232388872
285.46802465389999,700.13886319474784,-1006.1149597167999,32.460000000000001,-0.054959324705867896
285.48098676630985,699.95407013283727,-1005.99837303162,32.530000000000001,-0.054858995393792333
285.49395091107289,700.06381720401214,-1008.63695144653,32.530000000000001,-0.054758519140904703
285.50691996080127,700.32868533160411,-1009.04083251953,32.159999999999997,-0.054707707215170806
285.51988694506429,700.21715020327269,-1009.04083251953,32.159999999999997,-0.054611663024215371
285.53284997844816,700.00380273067356,-1008.24069976807,32.210000000000001,-0.054404044316125034
285.5458169823716,700.21821186530087,-1008.31866264343,32.210000000000001,-0.054168712554615799
285.55879317844938,700.71458820107694,-1008.31866264343,32.25,-0.053914745028397888
285.57176941902219,700.71699093070458,-1008.84580612183,32.25,-0.053801386513104836
285.58474141897403,700.48799740014147,-1009.76991653442,32.259999999999998,-0.053838601127997376
285.59771180049387,700.40060207117574,-1010.53142547607,32.259999999999998,-0.053901270858863135
285.61068278012959,700.43290032855543,-1012.43114471436,32.140000000000001,-0.053992450443543484
285.62364665791364,700.04940033710227,-1014.01686668396,32.140000000000001,-0.053980974479522242
285.63660344315923,699.66640326248694,-1014.14561271667,32.119999999999997,-0.05387238433811517
285.64956222143462,699.77402687220547,-1014.26553726196,32.119999999999997,-0.053721866052600285
285.662524314184,699.95300846531313,-1015.46955108643,32.490000000000002,-0.053630653354936143
285.67549073861727,700.1869193976288,-1015.46955108643,32.490000000000002,-0.053670422898208753
285.68846110771972,700.39993153187993,-1015.54131507874,32.530000000000001,-0.053904238674740396
285.70143939513332,700.82752033528038,-1013.78464698792,32.530000000000001,-0.054148319695272243
285.71442037924317,700.97314193203624,-1014.07599449158,32.560000000000002,-0.054352517343074759
285.72739592546424,700.67949593744902,-1014.07599449158,32.560000000000002,-0.054316583814184374
285.74036344885798,700.24626326022371,-1013.46445083618,32.189999999999998,-0.054114209487798534
285.75332972428026,700.17887280516811,-1011.74664497375,32.189999999999998,-0.053862726522249368
285.76629727975313,700.24799553299556,-1010.54906845093,32.210000000000001,-0.053667760350036037
285.77925891098016,699.92808626109831,-1010.48231124878,32.210000000000001,-0.053569799702168179
285.79222652543706,700.25118067296819,-1011.69896125793,32.240000000000002,-0.053539932187011592
285.8052026304519,700.70967079932427,-1012.51125335693,32.240000000000002,-0.053549400633771213
285.81818475698401,701.03483273437803,-1009.35316085815,32.329999999999998,-0.053571931395917892
285.83116604015191,700.98929106622199,-1009.35316085815,32.329999999999998,-0.053534442557773607
285.84414667967292,700.9545341354459,-1007.39550590515,32.259999999999998,-0.053502093585864316
285.85713227589883,701.22219619783812,-1009.9627971649199,32.170000000000002,-0.053477048252759812
285.87011776243696,701.21627306133803,-1009.9627971649199,32.140000000000001,-0.053499586259955614
285.88309588117778,700.81841200384758,-1011.55090332031,32.140000000000001,-0.05354107564568001
285.89607025807152,700.61635226241037,-1012.56513595581,32.469999999999999,-0.053567759072533437
285.90904843476045,700.82154120005157,-1011.68370246887,32.469999999999999,-0.053581310849434419
285.92202163611853,700.55287333696003,-1011.68370246887,32.140000000000001,-0.053623917822533895
285.93498289067662,699.90774613677615,-1011.3046169281,32.560000000000002,-0.053559275757549742
285.94793525110504,699.42746313431337,-1011.26909255981,32.409999999999997,-0.053545586349956362
285.96089436776049,699.79229939639981,-1010.24127006531,32.409999999999997,-0.053639906561499813
285.97385639428279,699.94943220260791,-1007.56549835205,32.229999999999997,-0.053708721986780145
285.98681725872098,699.8866796612939,-1007.56549835205,32.229999999999997,-0.053771597643956413
285.9997829567223,700.14769207114534,-1007.81202316284,32.359999999999999,-0.053742747339192279
286.01275700868894,700.59880619929652,-1009.75203514099,32.359999999999999,-0.053609346763859707
286.02573771960988,700.95838973227444,-1009.00554656982,32.079999999999998,-0.053517557679765973
286.03871418887536,700.72934033488673,-1009.00554656982,32.509999999999998,-0.053513392598377299
286.05169212549129,700.80857726079842,-1005.9666633606,32.140000000000001,-0.053667604095236757
286.0646754348025,701.09870280454504,-1002.84814834595,32.140000000000001,-0.053871193279418056
286.07765210481978,700.74018093359541,-1004.723072052,32.189999999999998,-0.053972338015690853
286.09062279264077,700.41714233358994,-1004.723072052,32.189999999999998,-0.053955015414684851
286.10359143258768,700.30655713363751,-1005.70178031921,32.229999999999997,-0.053864817858678617
286.11656488747286,700.56656379774938,-1004.92644309998,32.229999999999997,-0.053812962853701608
286.12953880284448,700.5914300691876,-1004.92644309998,32.299999999999997,-0.053852595803397088
286.14251004221478,700.44692599578889,-1003.40533256531,32.299999999999997,-0.053964822241725705
286.15548606237655,700.7050887359195,-1002.89821624756,32.229999999999997,-0.054165061770445784
286.16846894328029,701.07556880038283,-1003.1063556671101,32.229999999999997,-0.054421615270209008
286.18145415041971,701.2011855287243,-1002.46095657349,32.140000000000001,-0.054532638232547927
286.19443393208883,700.90821013388904,-1001.31797790527,32.140000000000001,-0.054538071982747932
286.20740845799509,700.62439893731096,-1001.56402587891,32.509999999999998,-0.054417718202000906
286.22038338126413,700.64585653002985,-1001.66487693787,32.509999999999998,-0.054340425671095621
286.23335110540989,700.25710386992444,-1001.66487693787,32.579999999999998,-0.054335478278798838
286.24630900099874,699.72636179755295,-1002.02131271362,32.579999999999998,-0.054365126415577933
286.25926676620253,699.71932100579181,-999.04322624206497,32.520000000000003,-0.054403612804520961
286.27222935876057,699.97999813225567,-998.624086380005,32.520000000000003,-0.054531499949481643
286.28518874136171,699.80666046243709,-998.624086380005,32.240000000000002,-0.054562886556585193
286.29813992004438,699.36364886501906,-999.11379814147904,32.240000000000002,-0.054537454206259051
286.31109239740493,699.4337774704901,-1000.04744529724,32.280000000000001,-0.054389268366830709
286.32405435252474,699.94557646837961,-999.43900108337402,32.280000000000001,-0.054349215286726246
286.33701776361352,700.02419879326817,-997.57122993469204,32.329999999999998,-0.054401310367400389
286.34998181731356,700.0588998022597,-997.57122993469204,32.329999999999998,-0.054474751361493504
286.36295139375682,700.3571279371954,-996.787548065186,32.159999999999997,-0.054459251049674244
286.37592103435804,700.36059246625132,-999.31335449218705,32.159999999999997,-0.054341639495948696
286.38888411430867,700.0063173313506,-999.31335449218705,32.439999999999998,-0.054169103709510079
286.40183700041609,699.4558498016321,-999.87649917602505,32.119999999999997,-0.054010262504943861
286.41478480667655,699.18153806471548,-996.88386917114303,32.170000000000002,-0.053860758327533828
286.42773180165187,699.13772866933141,-998.41475486755405,32.170000000000002,-0.0537914120478305
286.44067021397279,698.67426532935815,-998.41475486755405,32.530000000000001,-0.053745250527733678
286.45359995360985,698.20594039949697,-998.23522567749001,32.530000000000001,-0.053810445177809967
286.4665336430902,698.41923193931927,-998.33226203918503,32.450000000000003,-0.053796189733159257
286.47947637571241,698.90756160019464,-994.598388671875,32.450000000000003,-0.053745379878297236
286.49241326790752,698.59217853586949,-997.39170074462902,32.240000000000002,-0.053624272760426576
286.50535018597157,698.59357545930163,-998.79717826843296,32.420000000000002,-0.053556332777478989
286.51829554285433,699.04927166734535,-998.79717826843296,32.240000000000002,-0.0535016092982223
286.53124650009011,699.35169073196153,-997.39670753479004,32.240000000000002,-0.053562037647014706
286.5441960541321,699.27591826915352,-996.65832519531205,32.350000000000001,-0.053585691170001268
286.55714052729269,699.00155067090827,-995.29099464416504,32.350000000000001,-0.053648268803606111
286.57008932075559,699.23484699670485,-994.13037300109897,32.140000000000001,-0.053673592499467002
286.58303777687286,699.21663033383936,-995.24235725402798,32.469999999999999,-0.053635379299713785
286.59598433619624,699.11420345999659,-994.37165260314896,32.119999999999997,-0.053564256264153426
286.6089276338198,698.93807167400985,-994.37165260314896,32.119999999999997,-0.053600093555667597
286.62187663527783,699.24607873463412,-992.83671379089401,32.210000000000001,-0.053649346032744731
286.63483308835191,699.64846599969667,-993.99542808532703,32.210000000000001,-0.053624913303885649
286.64778453297907,699.37800986510433,-995.49531936645496,32.240000000000002,-0.053450716658967029
286.66073602313827,699.38046859895667,-994.39024925231899,32.240000000000002,-0.053220658252234328
286.67369486039757,699.77721200118606,-993.58582496643101,32.369999999999997,-0.053017476780558757
286.68665463311856,699.82772693242339,-994.978427886963,32.369999999999997,-0.052875329016464787
286.69961376943576,699.79336112987596,-995.27978897094704,32.32,-0.052773280897729591
286.71257330208147,699.81476286676229,-995.27978897094704,32.32,-0.052776905810402709
286.72553714778644,700.04766806982627,-994.46940422058105,32.240000000000002,-0.05282365199532775
286.73849848616419,699.91227239930834,-995.70226669311501,32.240000000000002,-0.052920445385123513
286.75145377611972,699.5856575970538,-996.62256240844704,32.359999999999999,-0.052923264188706173
286.76440213496545,699.21137767068285,-998.30722808837902,32.359999999999999,-0.052918648968349656
286.77734970115193,699.16857407050225,-998.30722808837902,32.479999999999997,-0.053010471165834287
286.79029664956056,699.13521406315851,-997.43127822875999,32.479999999999997,-0.053187422454456311
286.80323672480864,698.76406339894345,-998.57187271118198,32.509999999999998,-0.05336906760852702
286.81617686524942,698.76758380031993,-1000.6775856018101,32.509999999999998,-0.053459918125284916
286.82912537310744,699.21942433459139,-1000.6775856018101,32.079999999999998,-0.053381774988362281
286.84207952063957,699.52396673425596,-999.69863891601597,32.079999999999998,-0.05333475251155273
286.85503549252974,699.62248206750166,-999.83596801757801,32.140000000000001,-0.053327272956726512
286.86799916335303,700.03822446050174,-999.15385246276901,32.140000000000001,-0.053327408516038149
286.88096812201854,700.32376793534763,-999.21727180481003,32.189999999999998,-0.053348422256397292
286.89394144030865,700.55918766764057,-999.21727180481003,32.189999999999998,-0.053405898311640623
286.90690748910987,700.1666352665394,-999.09901618957497,32.560000000000002,-0.053425846207822023
286.91986722250738,699.82560346547098,-997.96509742736805,32.560000000000002,-0.053383068491351687
286.93282964018528,699.97055460537092,-998.78883361816395,32.210000000000001,-0.053181958695188547
286.94579258975074,699.9992765340935,-1000.31185150146,32.450000000000003,-0.052977608930666505
286.9587545324531,699.94490592908392,-1000.98729133606,32.399999999999999,-0.052886246186035157
286.97171944400492,700.10522379832071,-1001.5678405761701,32.399999999999999,-0.053016117048955556
286.98469131978032,700.48129186978417,-1001.22237205505,32.210000000000001,-0.053253032060255452
286.99766537795426,700.59914139474836,-1003.49497795105,32.210000000000001,-0.053425241882178766
287.01063211489867,700.20379499839089,-1004.97174263,32.259999999999998,-0.053511172946565981
287.02359960621482,700.24453106989165,-1004.88615036011,32.259999999999998,-0.053510435132788303
287.03657007155311,700.4051282677558,-1004.88615036011,32.369999999999997,-0.053529267509006051
287.04954235090128,700.50308480085096,-1004.82082366943,32.369999999999997,-0.05355326665711941
287.06251393382712,700.46547799700227,-1004.82082366943,32.090000000000003,-0.053704896320039969
287.07548568646178,700.47464227220371,-1004.86326217651,32.090000000000003,-0.054004552463775335
287.08846515665442,700.89139039995143,-1004.78935241699,32.119999999999997,-0.054334305847363713
287.10144008509877,700.64613599605718,-1004.14609909058,32.119999999999997,-0.054465057328727876
287.11440457445065,700.08242500060237,-1004.14609909058,32.57,-0.054428879585551711
287.12737124723708,700.20033046933509,-1004.85897064209,32.159999999999997,-0.05429094967705235
287.14034389600988,700.52303373099267,-1003.27229499817,32.560000000000002,-0.054261674069839318
287.15331836396666,700.62126966416304,-1004.5509338378901,32.560000000000002,-0.054268918724570535
287.16629218827529,700.58651266743516,-1006.4380168914799,32.359999999999999,-0.054284320730177256
287.17927768102089,701.21660826228572,-1006.4380168914799,32.359999999999999,-0.05429496264182327
287.19226868926671,701.51444527448916,-1007.03692436218,32.210000000000001,-0.054324614918615899
287.20525993758639,701.52740926320644,-1003.6990642547599,32.210000000000001,-0.054342604966298919
287.21824398781723,701.13871246442932,-1004.78386878967,32.350000000000001,-0.054284665320224336
287.23122667935183,701.06534286864905,-1007.48157501221,32.350000000000001,-0.054119335901763009
287.24420649413457,700.90999826798952,-1007.48157501221,32.479999999999997,-0.054047689255505654
287.25718035155683,700.58830080153564,-1010.64801216125,32.479999999999997,-0.054085671694770292
287.27014226218029,699.94317366730388,-1011.3613605499301,32.140000000000001,-0.054177589093126539
287.28310337911103,699.90031426075461,-1009.85741615295,32.579999999999998,-0.054250524068908491
287.29606799884817,700.08946580335532,-1009.83738899231,32.189999999999998,-0.054232665441134247
287.3090279340334,699.83650000245234,-1011.305809021,32.189999999999998,-0.054117753688273394
287.32198643291116,699.75893940004789,-1011.28792762756,32.530000000000001,-0.05409352274306508
287.33495375555435,700.23542273296289,-1011.28792762756,32.240000000000002,-0.054120779451312509
287.3479273201271,700.57248692875362,-1007.94720649719,32.280000000000001,-0.054220578943027016
287.36090123549877,700.5914300691876,-1007.68733024597,32.280000000000001,-0.054349479160707502
287.37386572485184,700.08242506655438,-1008.89444351196,32.189999999999998,-0.054372645293866234
287.38683204683952,700.18138733439719,-1008.89444351196,32.189999999999998,-0.054181893872415482
287.3997984516123,700.18585773010466,-1008.78572463989,32.119999999999997,-0.053933893019249786
287.412760992431,699.97720420844746,-1007.37071037292,32.119999999999997,-0.053688398458846862
287.42572099280864,699.84002039283689,-1006.3579082489,32.140000000000001,-0.053631219391484589
287.43868926953945,700.28694346489988,-1006.3579082489,32.140000000000001,-0.053720450442366216
287.45165756593212,700.28800520387199,-1006.55174255371,32.469999999999999,-0.05383266757006628
287.46462508208282,700.24587213749123,-1006.50858879089,32.469999999999999,-0.053844359806716979
287.47759183868766,700.20485666041918,-1005.30004501343,32.140000000000001,-0.053714392706623912
287.49056461784568,700.53007453374551,-1004.19330596924,32.530000000000001,-0.053489865320613381
287.50354186631733,700.77141746849077,-1004.19330596924,32.549999999999997,-0.053279027342196222
287.51651769814447,700.69491866551459,-1006.0486793518101,32.549999999999997,-0.053075489898362485
287.52948884024443,700.44167339858427,-1007.7383518219,32.210000000000001,-0.053047389827314828
287.54246530226544,700.7289491352102,-1007.10606575012,32.210000000000001,-0.053151679328326928
287.55543919797526,700.59036833021548,-1006.02769851685,32.189999999999998,-0.0532631255262122
287.56840036768023,699.90316406787542,-1004.1983127594,32.189999999999998,-0.053194459113124697
287.58135278709261,699.43064826879015,-1004.4481754303,32.240000000000002,-0.05291855894053573
287.59431065577661,699.72490893584813,-1005.53226470947,32.240000000000002,-0.052694124687578267
287.60727024016296,699.81755686201836,-1005.53226470947,32.280000000000001,-0.052611803014859106
287.62022809746423,699.72429426887311,-1005.22255897522,32.280000000000001,-0.052687764789065228
287.6331849654926,699.67087353178647,-1003.7879943847699,32.189999999999998,-0.05287539006856045
287.64614588891482,699.88986480126641,-1001.8680095672599,32.189999999999998,-0.053053408239696828
287.65911220365928,700.18099620067267,-1001.07860565186,32.140000000000001,-0.053146041722179391
287.67207467928523,699.97368380157491,-999.60350990295399,32.140000000000001,-0.053022354841139929
287.68503672546791,699.9504938646362,-999.72748756408703,32.359999999999999,-0.052841828307895577
287.69800689278395,700.38903506634665,-999.72748756408703,32.359999999999999,-0.052744273302882901
287.71098474558033,700.80405100376242,-999.70531463623001,32.469999999999999,-0.05282891500327646
287.7239560946407,700.45284925869692,-999.78041648864701,32.469999999999999,-0.053083743485596427
287.73691995379886,700.04839454189869,-999.50981140136696,32.119999999999997,-0.053299147014792637
287.74988045398516,699.86701005977943,-998.83437156677201,32.479999999999997,-0.053445142176092364
287.7628409417556,699.86633960292374,-998.94547462463402,32.119999999999997,-0.05340211300354402
287.77579286032227,699.40360260311888,-997.72357940673805,32.119999999999997,-0.053205256246220495
287.78874162170615,699.23311472942896,-998.66437911987305,32.140000000000001,-0.05306123341914095
287.80170034824192,699.77123293190925,-998.66437911987305,32.140000000000001,-0.052988279817827222
287.81466236958892,699.94915273658069,-998.86751174926803,32.539999999999999,-0.053037560233812682
287.82762187533098,699.8133100710096,-996.63209915161099,32.210000000000001,-0.053162612020937923
287.84057968709993,699.72183552402896,-995.21112442016602,32.399999999999999,-0.053164851333869619
287.85353692558891,699.69087840569659,-995.80335617065396,32.399999999999999,-0.053089320037816301
287.86649352870865,699.6565684644778,-996.77228927612305,32.159999999999997,-0.052891783415505392
287.87944505715558,699.38253613313248,-995.53656578063999,32.159999999999997,-0.052690010310541442
287.89239526726294,699.31134579968136,-994.43554878234897,32.119999999999997,-0.052675930782929939
287.90535400104193,699.77162406563377,-994.43554878234897,32.119999999999997,-0.052855698805891194
287.91831539115924,699.91506633410847,-994.60887908935501,32.530000000000001,-0.053096377393193658
287.93126883606163,699.48602472945936,-994.71211433410599,32.530000000000001,-0.053285105774545725
287.94422298980254,699.52430200665185,-994.95935440063499,32.609999999999999,-0.053307575483477185
287.95718545818528,699.9732926678505,-993.630409240723,32.609999999999999,-0.053252612965129745
287.97014900586669,700.03157479696915,-993.630409240723,32.5,-0.053162352285647078
287.98311426821732,700.12416693325872,-994.47441101074196,32.5,-0.05308621149119816
287.99608439000122,700.38657633249431,-996.21891975402798,32.210000000000001,-0.053078297318205604
288.00906087789264,700.73034613558616,-996.901035308838,32.210000000000001,-0.053246398973570384
288.02203762655432,700.74442773010026,-995.68057060241699,32.240000000000002,-0.053425238777244956
288.03500601400987,700.29292260012858,-994.088172912598,32.240000000000002,-0.053488848109813823
288.04797603748767,700.38126780251321,-995.38445472717297,32.359999999999999,-0.053406069055622139
288.0609450354753,700.32589133085196,-995.38445472717297,32.359999999999999,-0.053255712198167778
288.07390695230862,699.94350900015581,-994.97604370117199,32.140000000000001,-0.053158037157494759
288.08686023578019,699.47730746579896,-994.71449851989701,32.140000000000001,-0.053201513364178908
288.09981242029261,699.41796366915617,-993.64066123962402,32.119999999999997,-0.053285045756613775
288.11276469586676,699.42288100495671,-993.64066123962402,32.119999999999997,-0.053408315612686955
288.12571397672104,699.26116612984788,-996.49667739868198,32.189999999999998,-0.053416776159988015
288.13865465732965,698.7967528669916,-995.34702301025402,32.189999999999998,-0.053326782460539984
288.15159960442963,699.02714339793079,-995.34702301025402,32.5,-0.053155056925546243
288.16455568807777,699.62851699810699,-995.58663368225098,32.5,-0.053040987500711227
288.17751166617654,699.62281733440136,-995.30243873596203,32.25,-0.053095875514488924
288.19046537805792,699.50044159636923,-995.74041366577103,32.25,-0.053319069039884259
288.20342737870874,699.9480351417759,-996.010303497314,32.170000000000002,-0.05359925019164604
288.21638739253945,699.84074685941323,-996.50573730468705,32.170000000000002,-0.053745094272323726
288.22934103922722,699.49692114003267,-997.90620803832996,32.420000000000002,-0.053733864592137019
288.24228788415553,699.129626127606,-996.61278724670399,32.420000000000002,-0.053619525084470904
288.25523337142346,699.05631247009842,-996.61278724670399,32.100000000000001,-0.053517071323389412
288.26818194343826,699.2228887976953,-995.68104743957497,32.530000000000001,-0.053470508299127813
288.28112901602344,699.14191959901154,-997.64537811279297,32.560000000000002,-0.05349545222128952
288.29407123538391,698.87984546667576,-996.70219421386696,32.560000000000002,-0.053550746912900335
288.30701789197775,699.11945606819302,-994.97723579406704,32.189999999999998,-0.053572089720774825
288.31997520911239,699.69512526815345,-994.99249458313,32.189999999999998,-0.053500660384262197
288.33293222097905,699.67864080111576,-994.99249458313,32.240000000000002,-0.053254582195026774
288.34588563380123,699.48429239623135,-995.67651748657204,32.240000000000002,-0.052983028193109162
288.35884833604939,699.98592140065978,-995.67651748657204,32.240000000000002,-0.052802990087316801
288.37181174713703,700.02419873281235,-995.644092559814,32.240000000000002,-0.052817869516899131
288.38476907772349,699.69585166877789,-996.70386314392101,32.259999999999998,-0.052908894916430749
288.39772513446661,699.62706413090643,-998.10123443603504,32.259999999999998,-0.052993030596477593
288.41068071002718,699.6010802701594,-998.10123443603504,32.32,-0.052936958769051912
288.4236336685716,699.45976139718914,-999.31311607360794,32.189999999999998,-0.052725803106553615
288.43658267002974,699.2460787401302,-999.83453750610295,32.119999999999997,-0.052584367286674212
288.44952907930622,699.10610092926333,-999.05514717102005,32.119999999999997,-0.052493564370148564
288.46247858160871,699.27312433435338,-999.05514717102005,32.439999999999998,-0.052585143388630698
288.47543275397663,699.52530786780733,-998.80480766296398,32.439999999999998,-0.052797230373517481
288.48838892765303,699.63337852753898,-998.637914657593,32.490000000000002,-0.052950549870025641
288.5013416130098,699.44500926337935,-998.50749969482399,32.490000000000002,-0.052985548972713278
288.51430289964691,699.90947840405215,-998.50749969482399,32.170000000000002,-0.052939882087798734
288.52727192350608,700.32728839718004,-998.60024452209495,32.57,-0.052773709306028302
288.54023645838885,700.0848836685027,-997.22003936767601,32.189999999999998,-0.052674712819691778
288.55320472891111,700.28660820349603,-1000.19407272339,32.189999999999998,-0.052723704526093026
288.56617733836168,700.52091032999215,-999.50170516967796,32.259999999999998,-0.052838893606630549
288.57914773333459,700.40132853775208,-999.50170516967796,32.259999999999998,-0.052926387224506558
288.5921113979482,700.03788913314588,-998.47221374511696,32.359999999999999,-0.052993404161123372
288.6050676626877,699.63829593478749,-1000.7133483886701,32.25,-0.052921928257626205
288.61802251078154,699.56179706585931,-1002.2010803222699,32.229999999999997,-0.052824812009470284
288.63098440174451,699.94211199977963,-1002.2010803222699,32.229999999999997,-0.052782180201480296
288.64394336835431,699.78419693161845,-1003.57723236084,32.119999999999997,-0.052850031190268786
288.65690817021613,700.09930053541245,-1002.84504890442,32.119999999999997,-0.053095378808943647
288.66987733687773,700.33499972823677,-1003.2205581665,32.090000000000003,-0.053432011562644523
288.68284970625444,700.50794634127499,-1003.2205581665,32.090000000000003,-0.05361384815638795
288.69581703407039,700.23570206159025,-1001.7671585083,32.509999999999998,-0.053648234655237277
288.70878022474568,700.01229646657919,-1001.97768211365,32.509999999999998,-0.05360916567366103
288.72174557091478,700.12869312983867,-1001.94358825684,32.549999999999997,-0.053576024041674913
288.73471403597904,700.29711346935289,-1000.1232624054001,32.549999999999997,-0.053659995188930977
288.74767799240863,700.05364719955912,-999.61400032043503,32.520000000000003,-0.053775751342521549
288.7606403314407,699.96630773192214,-1000.72574615479,32.520000000000003,-0.053878323071648401
288.7736120323346,700.47184827145168,-1000.34022331238,32.210000000000001,-0.053962596381471647
288.78658850780738,700.72967553033845,-999.65643882751499,32.210000000000001,-0.053979559904367889
288.79956560002478,700.76297973680971,-999.75228309631302,32.240000000000002,-0.053989680276697677
288.81254722674691,701.00784299598752,-998.14891815185501,32.240000000000002,-0.053971729551866077
288.82553351215176,701.25941186246644,-998.14891815185501,32.350000000000001,-0.054095397806661324
288.83852223969132,701.39128713710386,-998.47435951232899,32.350000000000001,-0.054295436582230357
288.8515050947247,701.07417180000664,-998.56209754943802,32.159999999999997,-0.054416680293576367
288.8644880335778,701.07869806803478,-1000.0267028808599,32.159999999999997,-0.054383445530776293
288.87746719850503,700.87490607031373,-1000.0267028808599,32.439999999999998,-0.054235125167930255
288.89044621441974,700.86685939541314,-1002.56013870239,32.119999999999997,-0.054080788460622538
288.90341906497906,700.53393020202202,-1003.2436847686801,32.159999999999997,-0.054148357981924383
288.9163896544938,700.41183379811287,-1001.01470947266,32.159999999999997,-0.054310980355794999
288.92936612272473,700.72928446806191,-999.42111968994095,32.560000000000002,-0.054548045413655002
288.94234293554445,700.74789226465214,-999.42111968994095,32.560000000000002,-0.054798782286315434
288.95531005639998,700.2245262014776,-999.70316886901901,32.420000000000002,-0.054917199950861667
288.96827849559509,700.29571653492883,-1000.18668174744,32.420000000000002,-0.054777935147074505
288.98125022132348,700.47318933355496,-999.89271163940396,32.259999999999998,-0.054506253864447421
288.99422326746043,700.54449139515941,-1000.74672698975,32.240000000000002,-0.054231450581303228
289.00719422640128,700.43178280519851,-1000.49924850464,32.359999999999999,-0.054162598939123077
289.02016946114571,700.66267619801545,-998.33583831787098,32.359999999999999,-0.054331207647573397
289.03314390323203,700.61987266378696,-997.66612052917503,32.450000000000003,-0.054551494410917355
289.04611238795803,700.29817520282904,-997.09486961364701,32.450000000000003,-0.054678652020906091
289.05907779931982,700.13221353671133,-995.267152786255,32.530000000000001,-0.054776668547710149
289.0720416719297,700.04912093153109,-993.60585212707497,32.530000000000001,-0.054786728901599101
289.08500846061486,700.20658899914315,-993.60585212707497,32.140000000000001,-0.054802387538682405
289.09797593226921,700.2434693364155,-997.62701988220203,32.140000000000001,-0.054878492115111949
289.11094294860993,700.21888239910061,-997.62701988220203,32.140000000000001,-0.054991524666907467
289.12391272580493,700.36796853040823,-997.54571914672795,32.140000000000001,-0.055246625302930417
289.13688720721353,700.62199606478748,-997.97391891479504,32.539999999999999,-0.055471896711466698
289.14985307285309,700.15674453575366,-997.92647361755405,32.210000000000001,-0.055448746101043257
289.16281187803338,699.77547973391006,-995.72157859802201,32.439999999999998,-0.055228684924315971
289.17576902649506,699.6860169312248,-996.39201164245605,32.439999999999998,-0.054957765258025357
289.18872761643581,699.76385680180056,-995.21207809448197,32.329999999999998,-0.054836479118792338
289.20168223790864,699.54955953272645,-995.21207809448197,32.329999999999998,-0.054851537570551251
289.21463194096305,699.28396493855814,-994.09580230712902,32.189999999999998,-0.054910208822978548
289.227577721079,699.07212626044043,-995.57137489318802,32.189999999999998,-0.054966717336898001
289.2405240848247,699.10364226685897,-994.44150924682594,32.399999999999999,-0.054995646285532974
289.25346095735807,698.59111680239323,-994.44150924682594,32.399999999999999,-0.054903688530059815
289.26639695341362,698.54378700013672,-993.69573593139603,32.560000000000002,-0.054715384418621373
289.27933728839753,698.7780891321288,-994.55451965331997,32.560000000000002,-0.054522366779494319
289.29228728430127,699.29977880034812,-993.57104301452603,32.549999999999997,-0.054478317292128611
289.30523906627411,699.39622653346601,-993.57104301452603,32.549999999999997,-0.054519286171072059
289.31819452593709,699.59482180080727,-992.94090270996105,32.210000000000001,-0.054557059581026135
289.33115433073709,699.82945919969927,-994.29774284362804,32.210000000000001,-0.054486190072008542
289.34412069101353,700.18345492902904,-993.29352378845203,32.240000000000002,-0.054333195504528864
289.35708276410128,699.95194673733295,-993.29352378845203,32.240000000000002,-0.054205166590185365
289.37004036063087,699.71021259741519,-991.93310737609897,32.280000000000001,-0.054136363581790511
289.38299921030733,699.77788252948994,-991.982460021973,32.310000000000002,-0.05412933106120188
289.39595748877412,699.74703720526293,-993.01362037658703,32.159999999999997,-0.054207055105034353
289.40890866745679,699.36364886501906,-993.49260330200195,32.159999999999997,-0.054227890860739307
289.42185272462717,698.97908720054579,-993.49260330200195,32.090000000000003,-0.054185781628061258
289.43479744510489,699.01490579884603,-992.54965782165505,32.090000000000003,-0.05396588498483719
289.44774493368146,699.16438313532603,-991.91164970397904,32.119999999999997,-0.053670301826450918
289.46069354501861,699.2250122041919,-991.74308776855503,32.119999999999997,-0.05348899712149776
289.47364767909875,699.52324032813556,-991.74308776855503,32.57,-0.05341304362569025
289.48660546396297,699.7203826678201,-990.933656692505,32.57,-0.053517096157872805
289.49956443781616,699.78458807083894,-990.14687538146995,32.229999999999997,-0.053583361829052094
289.51252013134444,699.60745052812069,-990.38290977478005,32.439999999999998,-0.053540316099401193
289.52547137418514,699.36711339957094,-991.59288406372104,32.210000000000001,-0.053415873812096448
289.5384231044186,699.39343260416183,-991.55831336975098,32.210000000000001,-0.053228803185511903
289.55137427585805,699.36325773129454,-991.55831336975098,32.32,-0.053073276454892127
289.56432518031858,699.34884086988063,-992.814540863037,32.32,-0.053041702549452494
289.5772741828111,699.24613459596287,-994.60935592651401,32.140000000000001,-0.053142504766041203
289.59022306112848,699.23942913705366,-994.26746368408203,32.460000000000001,-0.053343514187460819
289.6031759731062,699.45724679651221,-994.26746368408203,32.520000000000003,-0.05352693196012303
289.61612523429881,699.26010440186758,-994.37999725341797,32.520000000000003,-0.053553561575757025
289.62907755643954,699.42539560013768,-996.06275558471702,32.170000000000002,-0.053447046213574864
289.64203665964328,699.79157300127133,-997.61366844177201,32.170000000000002,-0.053349994123160861
289.65500197373331,700.1269608625629,-997.80821800231899,32.57,-0.053325956687275813
289.66797123145682,700.33991706953327,-997.80821800231899,32.210000000000001,-0.053455479855724214
289.68094160676793,700.40026679877985,-996.96302413940396,32.539999999999999,-0.053623252443878978
289.69391817330495,700.73459299804301,-996.52266502380405,32.210000000000001,-0.053768466329859196
289.70689010081975,700.48408579908835,-997.03359603881802,32.420000000000002,-0.053766381201669128
289.71985296656669,699.99475033751332,-998.82268905639603,32.420000000000002,-0.053694130231600523
289.73281294003954,699.83856753113218,-1000.39339065552,32.280000000000001,-0.053583447717463158
289.74577574680256,699.99156520303677,-998.01397323608398,32.280000000000001,-0.053587496901474789
289.75873460372344,699.77827372916636,-999.02749061584495,32.159999999999997,-0.053688179081385373
289.77168704176177,699.43165406948958,-1001.55138969421,32.159999999999997,-0.05376291254369351
289.78463619326544,699.25418119941537,-1001.55138969421,32.369999999999997,-0.053711480771413071
289.79759227587903,699.62846113128239,-1002.42853164673,32.369999999999997,-0.053523398106883106
289.81055440691603,699.95507599948883,-1002.14171409607,32.469999999999999,-0.053305405501955769
289.82352104658889,700.19854233523449,-1001.18088722229,32.469999999999999,-0.053254781911876777
289.83649259122723,700.46341046832242,-1001.24144554138,32.539999999999999,-0.053352393830091147
289.84947364052971,700.97666233341261,-1001.24144554138,32.539999999999999,-0.053511059118635927
289.86245458531727,700.97101853103572,-1002.45451927185,32.189999999999998,-0.053623267966207158
289.87542572017406,700.44128226485986,-1004.84466552734,32.189999999999998,-0.053678560587963879
289.88839383444071,700.27817040036678,-1005.80549240112,32.189999999999998,-0.053551795168661584
289.90136263788526,700.31538600453916,-1004.81748580933,32.189999999999998,-0.053337792761127864
289.91432830277409,700.14590399750068,-1005.74040412903,32.210000000000001,-0.053071450028032735
289.92729403285557,700.14942439887727,-1006.08992576599,32.210000000000001,-0.052966524122557312
289.94026421258889,700.38970560014639,-1005.8057308197,32.460000000000001,-0.053111637631758447
289.95324105231367,700.74934513734877,-1004.71925735474,32.460000000000001,-0.053430127187605501
289.96621375282598,700.52582766579269,-1003.80182266235,32.380000000000003,-0.053679685418963188
289.9791791579791,700.1318782698113,-1003.85761260986,32.380000000000003,-0.053751125104033869
289.99214382324823,700.09192453171158,-1003.85761260986,32.229999999999997,-0.053602973413177921
290.00510992999756,700.16976446274339,-1007.76958465576,32.229999999999997,-0.053393650386388866
290.01807688735443,700.2156972701199,-1008.47887992859,32.329999999999998,-0.053174197673384577
290.03104060370862,700.04068312840195,-1008.47887992859,32.329999999999998,-0.053188292722611809
290.04400717922346,700.19507780068261,-1009.57345962524,32.119999999999997,-0.05341756054034312
290.05697581917036,700.30655713363751,-1008.2435607910199,32.479999999999997,-0.053704380988250484
290.06993997117661,700.06420833773677,-1008.48627090454,32.549999999999997,-0.053924100679559175
290.08289540393469,699.59336893360648,-1007.8866481781,32.549999999999997,-0.053912645412654024
290.09585122681364,699.61443546404894,-1006.70385360718,32.189999999999998,-0.053777528098582141
290.10880786822099,699.65863599865361,-1007.0915222167999,32.189999999999998,-0.053702992283880577
290.12176677688143,699.78106766396638,-1007.0915222167999,32.25,-0.053663664600362981
290.13472955156533,699.98983293026481,-1007.1601867675799,32.25,-0.053720320057333605
290.14769999827769,700.40412246705614,-1007.12943077087,32.240000000000002,-0.053780959504679995
290.16067406990499,700.59986787231674,-1007.6689720153799,32.240000000000002,-0.053788897477890452
290.17364996692351,700.69843900093906,-1006.65283203125,32.240000000000002,-0.053732862902444313
290.18662340835556,700.56583733117304,-1006.07061386108,32.240000000000002,-0.053552416049473618
290.19959910358767,700.68754253540556,-1006.07061386108,32.119999999999997,-0.053381682890592481
290.2125773330531,700.82439113358043,-1005.6877136230499,32.119999999999997,-0.053327142570981458
290.22554983902342,700.51532239443975,-1006.39700889587,32.420000000000002,-0.053347009751402372
290.23852213078885,700.5037553346508,-1007.99131393433,32.079999999999998,-0.053404968024738951
290.25149383168275,700.47184827145168,-1009.65976715088,32.469999999999999,-0.0534497625707279
290.26446522627401,700.45530792659736,-1010.30421257019,32.469999999999999,-0.053416382934934309
290.27743536771976,700.38763807146654,-1010.30421257019,32.57,-0.053400860891733466
290.29040365686802,700.28761400419546,-1008.25548171997,32.57,-0.053366471287848549
290.30337470790619,700.43675606278373,-1008.70037078857,32.549999999999997,-0.053380608766082346
290.31634657126295,700.48062126453647,-1009.5648765564,32.549999999999997,-0.053451382036909502
290.32931512014687,700.30163973188496,-1009.2511177063,32.210000000000001,-0.053565947130785177
290.34227706284946,699.94490594007584,-1009.2511177063,32.210000000000001,-0.053616992921432578
290.35524368286173,700.19748066221428,-1008.22806358337,32.210000000000001,-0.053598033264708925
290.36821027079372,700.19574832898627,-1007.57789611816,32.210000000000001,-0.053424227775600582
290.38117114764941,699.88735020608544,-1006.02531433105,32.25,-0.053248315428345475
290.39413597538277,700.10069760174065,-1006.02531433105,32.25,-0.053126729196704706
290.40710833854939,700.50761099743113,-1006.30521774292,32.259999999999998,-0.053162463008337983
290.42008110425559,700.52934813312118,-1005.1894187927199,32.259999999999998,-0.053195917150533324
290.43305523383094,700.60299706852072,-1004.18448448181,32.210000000000001,-0.053260490918881583
290.44602898052966,700.58232173225883,-1003.72982025146,32.210000000000001,-0.053258380955597449
290.45900773050005,700.85249840082383,-1003.72982025146,32.170000000000002,-0.05320964174096459
290.47198863596543,700.96889513003532,-1003.64422798157,32.170000000000002,-0.053116789915387812
290.48496118746669,700.51778106783615,-1004.69541549683,32.390000000000001,-0.053127650170636934
290.49793279729761,700.46693086969901,-1004.65941429138,32.390000000000001,-0.053182663395473548
290.51090892818274,700.71106779970023,-1004.0829181671101,32.460000000000001,-0.053355353366653792
290.52388418879758,700.66407319839152,-1007.06171989441,32.460000000000001,-0.053492974903532567
290.53685665544577,700.51319900443139,-1006.47139549255,32.539999999999999,-0.053605087515661357
290.54982507497903,700.2946547959566,-1003.76629829407,32.539999999999999,-0.053666130535907061
290.56280171912596,700.73878393321934,-1003.76629829407,32.140000000000001,-0.053744785901822696
290.57577725913825,700.67916066505325,-1002.19321250916,32.140000000000001,-0.053811608296173874
290.58874831017533,700.43675600232768,-1001.87397003174,32.159999999999997,-0.053860279214272611
290.60171677524073,700.29711352980883,-1001.54662132263,32.159999999999997,-0.053863867910656574
290.61469280160992,700.70542393686742,-1001.85894966125,32.590000000000003,-0.05390251055388999
290.6276697448148,700.75493306190913,-1000.98776817322,32.189999999999998,-0.053877780834707192
290.64064815640495,700.83422587113364,-1000.98776817322,32.469999999999999,-0.053870528936860632
290.65362850307531,700.93872019671198,-1000.72026252747,32.469999999999999,-0.05391474916617231
290.66661145538149,701.07942453461123,-1001.13129615784,32.420000000000002,-0.054031396285339796
290.67959201108272,700.95000786741787,-998.56519699096702,32.420000000000002,-0.054165092814593252
290.69256657010123,700.62618699996358,-996.60420417785599,32.369999999999997,-0.054315172342131832
290.70554002395062,700.56650786497289,-996.60420417785599,32.369999999999997,-0.054375633803500918
290.71851234158765,700.50515240097877,-998.18944931030296,32.259999999999998,-0.05438785275659664
290.73148396383584,700.46760140349863,-1000.14901161194,32.259999999999998,-0.054241964179806285
290.74445057142964,700.19681006246265,-1000.14901161194,32.259999999999998,-0.054142693471541124
290.75741359239635,700.0031322023699,-1000.07390975952,32.259999999999998,-0.054151650724285683
290.77038174598647,700.28029386731919,-997.96032905578602,32.210000000000001,-0.054348298452400433
290.7833480669396,700.18133146757248,-997.28965759277298,32.32,-0.054500365836487367
290.79631112101976,700.00492033097441,-997.77746200561501,32.140000000000001,-0.054580183285687194
290.80927271913333,699.92629813249357,-997.77746200561501,32.140000000000001,-0.054500881168175079
290.8222341609914,699.91786033486062,-996.82497978210404,32.439999999999998,-0.054406670646278368
290.83518937333588,699.58146660142165,-997.27511405944801,32.100000000000001,-0.05433942294774808
290.84813882389869,699.27033039405717,-997.27511405944801,32.170000000000002,-0.054347215013699525
290.8610859740939,699.14611053968383,-997.001171112061,32.170000000000002,-0.05438724015286011
290.87403130510614,699.04787466147332,-997.445106506348,32.5,-0.054461991207146961
290.88697204262837,698.79982620186706,-997.19572067260697,32.5,-0.05454899639634965
290.89990819493954,698.55222480326574,-994.41242218017601,32.390000000000001,-0.054691514621478692
290.9128463992642,698.66303353097283,-994.41242218017601,32.390000000000001,-0.054826529489120958
290.92578986556174,698.94718006589858,-991.54710769653298,32.25,-0.054906791903620265
290.93873066206794,698.8030113363435,-991.40310287475597,32.25,-0.054885394249853739
290.9516684969679,698.64308459533527,-993.55411529541004,32.350000000000001,-0.054784172938749987
290.9646147117025,699.09559566890255,-994.42696571350098,32.350000000000001,-0.054703736678388674
290.97757468517415,699.83856747067614,-993.66879463195801,32.520000000000003,-0.054713334474083414
290.9905371090606,699.97088986677477,-992.65003204345703,32.520000000000003,-0.054827641902522345
291.00349885618522,699.93434473045033,-992.65003204345703,32.549999999999997,-0.054974381087060264
291.01646750337534,700.30694826736203,-992.78831481933605,32.549999999999997,-0.055016876301269571
291.02943214898272,700.09086279823555,-993.54052543640103,32.210000000000001,-0.054966940854576575
291.04238755587039,699.59197193323052,-990.72217941284202,32.210000000000001,-0.054830150264324994
291.05533070448405,698.93002513650924,-990.72217941284202,32.259999999999998,-0.054665762516911985
291.06827580783948,699.03558119556385,-990.03815650939896,32.259999999999998,-0.054590501305420001
291.08122405596055,699.20539853545404,-995.13459205627396,32.229999999999997,-0.054531041532522292
291.09416354758031,698.73254746946873,-995.10002136230503,32.229999999999997,-0.054579166074276972
291.10710249903337,698.7033784632531,-995.10002136230503,32.229999999999997,-0.054704366872271926
291.12004612779504,698.95595313043168,-992.61999130249001,32.229999999999997,-0.054885123131942916
291.13298756070503,698.83737713889116,-991.72759056091297,32.119999999999997,-0.054939128458949417
291.14592983904816,698.88303052970446,-995.19586563110295,32.119999999999997,-0.054824245679058824
291.15887186283078,698.86928426254622,-996.568202972412,32.119999999999997,-0.054600311236784001
291.17182393765313,699.41204040624791,-996.568202972412,32.119999999999997,-0.054385924919099785
291.18478490557169,699.89226760234214,-995.40019035339401,32.520000000000003,-0.054348572674634409
291.19774339203218,699.75826886624805,-992.39897727966297,32.520000000000003,-0.054416027334147819
291.21069868302226,699.58571346387839,-992.42448806762695,32.5,-0.054522531314117099
291.22365446657773,699.61231199709664,-992.42448806762695,32.5,-0.054596503161615434
291.2366048194877,699.31905713623382,-993.30139160156205,32.329999999999998,-0.054570412676563942
291.24954891701486,698.9812664683709,-992.52891540527298,32.329999999999998,-0.054454415414842749
291.26249332498395,698.99803032998773,-992.12431907653797,32.310000000000002,-0.054258681419885768
291.27544573715181,699.43025706361766,-992.12431907653797,32.310000000000002,-0.054118309376772679
291.28840577064324,699.84180853792941,-993.70741844177201,32.159999999999997,-0.054050602226101543
291.30136479623582,699.78738200014323,-994.34161186218296,32.409999999999997,-0.054132761432830689
291.3143229836395,699.7421197980143,-993.21603775024403,32.560000000000002,-0.054183739962430796
291.32728940186422,700.18658413622484,-993.21603775024403,32.560000000000002,-0.054266167183154725
291.34025864096174,700.33891126333788,-993.37077140808105,32.189999999999998,-0.054244294555631623
291.35322550104695,700.21044460146743,-993.03960800170898,32.189999999999998,-0.054099930242828144
291.36618528722096,699.82845339899973,-994.37761306762695,32.259999999999998,-0.053920077366840881
291.37915234909269,700.2213410724969,-994.37761306762695,32.259999999999998,-0.053913126595565783
291.39211941096551,700.22134113295283,-996.34885787963901,32.369999999999997,-0.054000472236430459
291.40507889808032,699.81230419886197,-996.98042869567905,32.259999999999998,-0.05416389451227191
291.41803043273575,699.38287139453632,-1000.04005432129,32.210000000000001,-0.054270665471766934
291.43098684752096,699.64639839956885,-1000.03480911255,32.210000000000001,-0.054349375680928388
291.44394472965791,699.72563539692851,-998.50940704345703,32.119999999999997,-0.054405329541835377
291.45690422919012,699.81297473815766,-998.71039390563999,32.119999999999997,-0.054465080093051843
291.46986817941121,700.05331193815528,-998.71039390563999,32.119999999999997,-0.054556857795136256
291.48284038632232,700.49917319979795,-999.95660781860295,32.119999999999997,-0.054736687904153335
291.49581499087282,700.62864572831995,-1001.62172317505,32.539999999999999,-0.054921346405700788
291.50878606157164,700.43781773580395,-1000.36120414734,32.539999999999999,-0.054991578475582462
291.52175598156919,700.37567986696092,-998.71611595153797,32.539999999999999,-0.054840048153038147
291.53473431451482,700.82997906363676,-998.71611595153797,32.539999999999999,-0.054668180851714925
291.54771676080128,701.05209946886475,-999.17840957641602,32.390000000000001,-0.054543090777225092
291.56069541867407,700.84752513224669,-999.68314170837402,32.390000000000001,-0.054506413223976959
291.57367363468643,700.8236646670041,-999.68314170837402,32.25,-0.054598039843302006
291.58665687363202,701.09490306354928,-1001.3632774353,32.25,-0.054777837875941676
291.59963260818643,700.68966593640607,-1002.03037261963,32.259999999999998,-0.054900929745325108
291.61259968972098,700.22240286642909,-1003.12995910645,32.329999999999998,-0.054886874018949289
291.62556724519391,700.24799553849175,-1004.96459007263,32.43,-0.054732392438851613
291.63854203807779,700.63881572727689,-1004.96459007263,32.43,-0.054608114683726977
291.6515146082063,700.51878693998367,-1005.09977340698,32.119999999999997,-0.054655371027180259
291.66448688755435,700.50308479535499,-1006.67142868042,32.119999999999997,-0.054887911925236489
291.67745941215065,700.51632820063537,-1007.22908973694,32.159999999999997,-0.055199739419596217
291.69043172978638,700.5051523295308,-1006.78253173828,32.159999999999997,-0.055487639166394521
291.70340188468526,700.38836453804288,-1006.78253173828,32.210000000000001,-0.055733813594125714
291.71636439239012,699.97541606335494,-1005.74398040771,32.210000000000001,-0.055810737734053574
291.72933010901852,700.14869793230093,-1004.70232963562,32.479999999999997,-0.055734548303376687
291.7423010431234,700.43044166615107,-1004.70232963562,32.479999999999997,-0.055622421205322549
291.75526808533465,700.22027940497276,-1006.31499290466,32.259999999999998,-0.055620228458561162
291.7682337574667,700.14629513122532,-1004.7459602356,32.259999999999998,-0.055698221549636141
291.78120244294439,700.30901579604188,-1005.02181053162,32.100000000000001,-0.055743101984341487
291.79417448842725,700.49045607353776,-1005.15651702881,32.100000000000001,-0.055719258057169034
291.80714628555677,700.47704499633539,-1005.15651702881,32.509999999999998,-0.055693908490727251
291.82011343228277,700.22592320185367,-1003.4704208374,32.509999999999998,-0.055664914348659979
291.83308501520872,700.46547800249823,-1002.43377685547,32.539999999999999,-0.055706908718735369
291.84605830762973,700.55779073321651,-1002.43377685547,32.539999999999999,-0.05580702279163275
291.85902651295936,700.28308780211944,-1003.3097267150901,32.32,-0.055885705062292991
291.87198809865436,699.92562752724609,-1007.13872909546,32.32,-0.055938573140295142
291.88495196402096,700.04872979780657,-1008.97765159607,32.299999999999997,-0.055945022031847723
291.89791660962845,700.0908628037314,-1008.97765159607,32.299999999999997,-0.055854518173362559
291.91087889588516,699.9634578643454,-1008.57639312744,32.450000000000003,-0.055836756817128248
291.92384202136788,700.00877606520282,-1004.49061393738,32.450000000000003,-0.055853446117790521
291.9368084395926,700.18658413622484,-1004.49061393738,32.560000000000002,-0.05602539206552902
291.94977327974328,700.10136813554027,-1003.42106819153,32.560000000000002,-0.056204980032149972
291.96273509930364,699.93825626005537,-1003.42106819153,32.189999999999998,-0.056280461656590272
291.97569299489271,699.72636180854488,-1005.82385063171,32.189999999999998,-0.056138196959632437
291.9886565094605,700.02978666286867,-1006.41655921936,32.310000000000002,-0.055970286743431491
292.00162514319879,700.30622186673759,-1006.43730163574,32.310000000000002,-0.055812441019708142
292.01458996368763,700.10030639656816,-1006.43730163574,32.5,-0.05571766963350646
292.02755308296179,700.00844080379886,-1004.45461273193,32.5,-0.05571809183468554
292.04052238621608,700.34237573193775,-1004.0237903595,32.140000000000001,-0.055829723261052788
292.05349183227412,700.35008713444245,-1003.33690643311,32.140000000000001,-0.056039146664010261
292.06645647684689,700.09080693141073,-1003.33690643311,32.229999999999997,-0.056199847409844544
292.07942107071483,700.08806886893126,-1002.47025489807,32.229999999999997,-0.05611457241083747
292.09239395335305,700.53566246380183,-1002.71010398865,32.280000000000001,-0.055931219830996901
292.10537151330004,700.78823713647637,-1004.58765029907,32.280000000000001,-0.055687081895940252
292.11834506545671,700.57181646090589,-1005.37467002869,32.189999999999998,-0.055574136268653283
292.13131837650241,700.55879646796416,-1002.28977203369,32.189999999999998,-0.055598748019383609
292.14429497511856,700.73632527081497,-1001.75523757935,32.119999999999997,-0.055713148580468504
292.15726761768269,700.52269846409263,-1001.75523757935,32.119999999999997,-0.055787299448616753
292.17023484201849,700.23011413153392,-1002.01749801636,32.119999999999997,-0.055741283834354047
292.18319388106414,699.78810846671945,-1003.1430721283,32.119999999999997,-0.055541992187058797
292.19615155520495,699.71440360403938,-1003.1430721283,32.57,-0.055334797748882086
292.20911300430737,699.91825152904107,-1001.96433067322,32.57,-0.055161134029258339
292.22206570208027,699.44567973672304,-1001.9793510437,32.530000000000001,-0.055120037868180538
292.23501254080122,699.12929093215428,-1002.59923934937,32.530000000000001,-0.055202331601177157
292.24796842266295,699.61762053257371,-1000.57983398438,32.380000000000003,-0.05527237844084662
292.26092512926294,699.66215640003009,-1000.57983398438,32.380000000000003,-0.055398319122778684
292.2738843100766,699.79576393644754,-998.60954284668003,32.229999999999997,-0.055422966057568232
292.28684546736412,699.90249352857984,-998.88348579406704,32.229999999999997,-0.055435591688089959
292.29981157411356,700.16976446823946,-999.89295005798294,32.329999999999998,-0.055456938636486867
292.31277870738643,700.22519673527722,-999.92847442626896,32.329999999999998,-0.055537147240275635
292.32574405459019,700.12874900215934,-999.01652336120605,32.450000000000003,-0.055677763496147836
292.3387108950148,700.20938292844721,-999.44591522216797,32.450000000000003,-0.055780561846665737
292.35168380352349,700.53705946967398,-1000.88095664978,32.140000000000001,-0.055836622292489216
292.36465901239882,700.66127926908734,-1000.88095664978,32.140000000000001,-0.055853827959715358
292.37763022589996,700.4455290613646,-999.85289573669399,32.159999999999997,-0.055808364930850125
292.39059984683956,700.35953073827113,-997.80154228210404,32.159999999999997,-0.055832639335462939
292.40357113174326,700.44938480108908,-996.94108963012695,32.240000000000002,-0.055820440046133818
292.41653940847402,700.2869434594038,-997.38383293151901,32.240000000000002,-0.055815207047965304
292.42950048090745,699.89791140471903,-997.38383293151901,32.359999999999999,-0.055747784467373739
292.44245824610982,699.71932092884799,-998.02041053771995,32.359999999999999,-0.055619890076753269
292.45542623723588,700.27152080828228,-997.14565277099598,32.259999999999998,-0.05551194461678325
292.46839431218035,700.27604699936637,-996.91033363342297,32.259999999999998,-0.055438113502264907
292.48135806785683,700.04280652940236,-997.41744995117199,32.329999999999998,-0.055402794645642031
292.49432468062463,700.19708946253786,-997.10440635681096,32.140000000000001,-0.055501761121485915
292.5072889692259,700.07158446784558,-996.72937393188499,32.509999999999998,-0.05557912505375736
292.52024583828893,699.67092940410703,-996.72937393188499,32.509999999999998,-0.055598610390930323
292.5331964250654,699.33168592949926,-996.92606925964401,32.119999999999997,-0.05553746595933471
292.54614888897407,699.43305106986577,-998.15249443054199,32.560000000000002,-0.05551750978699381
292.55910022908648,699.37236606822341,-997.05982208251896,32.539999999999999,-0.055508499758414868
292.5720523494395,699.4144990631562,-997.05982208251896,32.539999999999999,-0.055556847816423227
292.58500193556176,699.27765060238141,-998.96574020385697,32.240000000000002,-0.055631914486769123
292.59795293211965,699.35381412746597,-999.01580810546898,32.240000000000002,-0.055842166766601462
292.61090741699752,699.54218340261764,-998.11005592346203,32.25,-0.05611776581139763
292.62386286941728,699.59443066708286,-998.11005592346203,32.25,-0.056280087059205668
292.63681203333823,699.25485173321522,-996.75607681274403,32.280000000000001,-0.056232523379109743
292.64976627089879,699.5288282691838,-1000.92816352844,32.280000000000001,-0.056065562076665347
292.66272094411107,699.55235346203062,-1000.4608631134,32.189999999999998,-0.055785629277065533
292.67566908875312,699.19981067134972,-998.09813499450695,32.189999999999998,-0.055648868697001259
292.6886157443123,699.11940019587246,-998.09813499450695,32.159999999999997,-0.055680687849160151
292.70156656495431,699.34431466780461,-999.53389167785599,32.159999999999997,-0.055773920483210497
292.71451246821243,699.07877594046101,-999.53389167785599,32.119999999999997,-0.05580473587734925
292.72745314778518,698.79669692871892,-999.08304214477505,32.119999999999997,-0.055774252654132987
292.7403914566259,698.66867739930183,-999.55010414123501,32.509999999999998,-0.055674343473891295
292.75333251286662,698.81703699808099,-1000.20003318787,32.509999999999998,-0.055602914135546661
292.76627575875193,698.9352778051616,-1001.5287399292,32.549999999999997,-0.055516575359875059
292.77921893944324,698.93175733233716,-1002.49910354614,32.549999999999997,-0.055510218565176274
292.7921605803482,698.84860886582828,-1002.49910354614,32.210000000000001,-0.055580776598148363
292.80511318085064,699.44042713402257,-1002.30360031128,32.490000000000002,-0.055797829602593926
292.81807199223948,699.77581499531391,-1000.7643699646,32.229999999999997,-0.055999803459385822
292.83102631465425,699.53341039854058,-999.65071678161598,32.229999999999997,-0.056052281417166297
292.84398466452103,699.75089280758732,-1002.42900848389,32.25,-0.056094789048973519
292.85694991445428,700.12349639396302,-1002.3384094238299,32.25,-0.056114189534240029
292.86991743060497,700.24587213749123,-1000.49686431885,32.350000000000001,-0.056234259779987202
292.88288053021608,700.00737899887486,-1000.49686431885,32.350000000000001,-0.056380507431935761
292.89584199173584,699.91892206833688,-998.299598693848,32.090000000000003,-0.056432496962773138
292.90880661768273,700.08980113071118,-997.85661697387695,32.090000000000003,-0.056377764170648784
292.9217721728815,700.13998073459265,-998.74591827392601,32.140000000000001,-0.05621952211642902
292.93473534286051,700.01117886627844,-999.67503547668503,32.140000000000001,-0.056022517383519051
292.94769424531228,699.78073239706669,-1000.74768066406,32.140000000000001,-0.055807834077241346
292.96065766881725,700.02486926661197,-1002.7449131012,32.140000000000001,-0.055753994319123125
292.97362191809503,700.06946100089317,-1003.07440757751,32.57,-0.055895859581973843
292.98658141141971,699.81263953171378,-1003.07440757751,32.57,-0.056064568666694355
292.9995389758717,699.70848040708313,-1001.93452835083,32.530000000000001,-0.056146859294553604
293.0124966820913,699.71613586032333,-1002.85506248474,32.530000000000001,-0.056068694426249385
293.02545313516418,699.64846593374455,-1002.85506248474,32.439999999999998,-0.055787021087081695
293.03840283200981,699.28362966616226,-1004.41288948059,32.439999999999998,-0.055514936231758863
293.05134614929506,698.93913340199003,-1005.88583946228,32.25,-0.055387094616056773
293.06429628800254,699.30749020285282,-1004.2827129364,32.25,-0.055411165166452281
293.07725516458402,699.77933540218658,-1005.22780418396,32.350000000000001,-0.055595518401007633
293.09020997439018,699.5597295316835,-1005.22780418396,32.350000000000001,-0.055847470131056419
293.10316399153703,699.5169259315029,-1003.85594367981,32.159999999999997,-0.056037525127974566
293.11612179502833,699.72138852897569,-998.64554405212402,32.5,-0.056121144443289542
293.12908317893709,699.91473107270463,-1000.12922286987,32.159999999999997,-0.055984212084978252
293.1420435104518,699.85790179429864,-1001.06406211853,32.159999999999997,-0.055792499332681919
293.15500404996175,699.86913353772377,-1001.06406211853,32.530000000000001,-0.055643490825737447
293.16797162509624,700.24905726097586,-1001.76954269409,32.189999999999998,-0.055661193198101748
293.18094498891844,700.56164640149291,-1001.27983093262,32.259999999999998,-0.055727683421428656
293.19391971040125,700.63496006999264,-1001.27983093262,32.259999999999998,-0.055734427232229516
293.20689073453326,700.43530312963105,-1000.96797943115,32.259999999999998,-0.055679051826181325
293.21986549533949,700.63708353694494,-999.234437942505,32.259999999999998,-0.055603943765369028
293.23284545913333,700.91804486594617,-999.32813644409202,32.140000000000001,-0.055610649287278636
293.24582468200862,700.87803526651771,-999.32813644409202,32.140000000000001,-0.055686938058535335
293.25880656950125,701.02192460149354,-1000.58674812317,32.439999999999998,-0.055765137075208387
293.27179275039134,701.2537680655854,-1004.34017181396,32.119999999999997,-0.055845701652274884
293.28477817173581,701.21275259950539,-1003.94606590271,32.560000000000002,-0.055829198616700978
293.29775726526174,700.87105040203733,-1003.94606590271,32.560000000000002,-0.055840063012676071
293.31073461721371,700.77700540404317,-1001.06000900269,32.560000000000002,-0.055833344037579939
293.32370786410257,700.55533199936428,-1000.22459030151,32.560000000000002,-0.05586677644849547
293.33667972642473,700.48056539771187,-1000.22459030151,32.210000000000001,-0.055948109882672889
293.34964588594937,700.17261433032024,-1000.22101402283,32.560000000000002,-0.055987363060297626
293.36261474734323,700.31851526669516,-1001.31773948669,32.170000000000002,-0.055985061658154991
293.37558966957903,700.64580073465333,-1001.22427940369,32.170000000000002,-0.055878850527987002
293.38856685906671,700.7682323340141,-1000.37431716919,32.229999999999997,-0.055722687393616348
293.40154137255445,700.62372833755921,-998.97527694702103,32.229999999999997,-0.055596286224361947
293.41451779007906,700.72654632863851,-998.58617782592796,32.259999999999998,-0.055557619779994627
293.42750097624935,701.09205319597254,-999.17268753051803,32.259999999999998,-0.055682631209188739
293.44048676701851,701.23270153514306,-998.48127365112305,32.140000000000001,-0.055852072933407902
293.45346673081366,700.91804493739414,-998.48127365112305,32.140000000000001,-0.056037061537550413
293.46644399273703,700.77214386361925,-996.85525894165005,32.140000000000001,-0.056158244194968759
293.47941903811369,700.65245033772987,-998.31581115722702,32.140000000000001,-0.056084175076541162
293.4923892385433,700.39082320044713,-1000.49901008606,32.159999999999997,-0.055906857467202919
293.50535793022954,700.30935105744572,-1000.49901008606,32.159999999999997,-0.055789889560445373
293.51832679886792,700.31890647186765,-1002.68054008484,32.560000000000002,-0.055876611213833978
293.53129506214577,700.2862170038195,-1001.89733505249,32.560000000000002,-0.056220471030592682
293.54426311225552,700.27470592627094,-995.42546272277798,32.590000000000003,-0.056556490146495081
293.55722483350996,699.9329477410663,-995.42546272277798,32.590000000000003,-0.056690546786902468
293.57018252731234,699.71546532652349,-995.92661857605003,32.549999999999997,-0.056625277632256422
293.5831386947803,699.6330432716311,-996.54126167297397,32.549999999999997,-0.0563775168532612
293.5960919130593,699.47378706442248,-995.42593955993596,32.229999999999997,-0.056112138554215242
293.60904409757035,699.41796359770808,-995.42593955993596,32.229999999999997,-0.055859724266277576
293.62200183690368,699.71792399991989,-995.28527259826706,32.439999999999998,-0.055756782077642314
293.63496727517042,700.13366640391212,-996.04344367981003,32.229999999999997,-0.055832445827361007
293.64792841797032,699.90171119517868,-995.74828147888195,32.280000000000001,-0.055914375309291948
293.66088378036176,699.58956913765087,-993.65854263305698,32.280000000000001,-0.05596018189261566
293.67383786891116,699.52078166573131,-993.26801300048805,32.229999999999997,-0.055761471805113025
293.68679513430368,699.69233119595333,-995.96405029296898,32.229999999999997,-0.055541463402591675
293.69974662342844,699.38041273762803,-995.96405029296898,32.159999999999997,-0.055476778911348952
293.71270065402837,699.51765239807924,-995.652675628662,32.159999999999997,-0.055521337522366744
293.72566155675423,699.88874719546948,-993.96300315856899,32.119999999999997,-0.055681900639137069
293.73862919708154,700.25257767334438,-995.31865119934105,32.119999999999997,-0.055831683179405268
293.75159271785799,700.03012192976848,-995.30816078186001,32.530000000000001,-0.055927473844937493
293.76455139265312,699.76843893665318,-993.23058128356899,32.530000000000001,-0.055908699416085152
293.77750745664071,699.62745533058285,-993.23058128356899,32.57,-0.055776253963664313
293.79046357857658,699.63058453777887,-993.31951141357399,32.57,-0.055598017448517723
293.80341773128401,699.52424620028307,-993.82495880126896,32.5,-0.05545678755494883
293.81636737638883,699.28083565991415,-993.82495880126896,32.5,-0.055381793321761255
293.82931709910497,699.28502667203429,-992.57016181945801,32.25,-0.05531827608787819
293.8422717205766,699.54955946677455,-989.53771591186501,32.25,-0.05515119578251227
293.85522301515795,699.36990739482712,-990.3564453125,32.280000000000001,-0.05492018742684153
293.86816972970121,699.12258533584509,-990.3564453125,32.280000000000001,-0.054694154403190108
293.88112265616672,699.45802913540911,-990.80824851989701,32.170000000000002,-0.054559577256612445
293.89407626974076,699.49513300043611,-990.94653129577603,32.399999999999999,-0.054557031640692928
293.90703297634076,699.66215640003009,-991.26362800598099,32.119999999999997,-0.054626897390774379
293.91998844221229,699.59515706221111,-991.26362800598099,32.119999999999997,-0.054634921252192339
293.93294098476537,699.4372978663705,-990.93937873840298,32.530000000000001,-0.054566009590350018
293.94589110381111,699.30642846937656,-991.50037765502896,32.159999999999997,-0.05433072439501109
293.9588437239741,699.44148880154683,-990.49830436706497,32.210000000000001,-0.054073632798014866
293.97179644761849,699.44707679755516,-990.49830436706497,32.210000000000001,-0.053905744312483059
293.98475645420501,699.84035567072874,-990.92292785644497,32.439999999999998,-0.053902215634947043
293.99772238607164,700.16032079845877,-991.59240722656205,32.439999999999998,-0.054037884497606457
294.01069011021849,700.25710393038048,-991.59240722656205,32.229999999999997,-0.054230330925498942
294.0236555546939,700.1340016708117,-991.25194549560501,32.229999999999997,-0.054308850731797607
294.036616971716,699.91651919581318,-990.22412300109897,32.140000000000001,-0.054228613152901242
294.0495811485581,700.06554947128814,-991.54758453369095,32.140000000000001,-0.054004452086996259
294.06253692590496,699.61197673019672,-991.54758453369095,32.399999999999999,-0.053654209606789884
294.07549033251854,699.48395713482751,-991.19544029235794,32.399999999999999,-0.053387929995440959
294.08844933224196,699.78598506571905,-991.43624305725098,32.100000000000001,-0.05329421100491228
294.10140978689873,699.86455146332707,-991.74118041992199,32.520000000000003,-0.053307726565727659
294.1143690732618,699.80146360564925,-992.506504058838,32.57,-0.053383357201750123
294.12732307695683,699.51619953087845,-992.506504058838,32.57,-0.053353541426737539
294.14028166068891,699.76352153490052,-992.86317825317406,32.170000000000002,-0.053266195786890638
294.15323949108517,699.72284139617636,-993.31974983215298,32.170000000000002,-0.053123949716075244
294.16619422949015,699.55587386890318,-993.31974983215298,32.189999999999998,-0.052981461501133503
294.17915057804811,699.64282213136767,-994.770288467407,32.189999999999998,-0.052873943413975361
294.19211319647775,699.98139519858375,-995.88036537170399,32.420000000000002,-0.052795913070615513
294.20507803041852,700.10103280268845,-999.03297424316395,32.25,-0.052769132371407929
294.21803944019757,699.91612806758462,-997.97153472900402,32.259999999999998,-0.052765749601436263
294.23099882383326,699.80671632926158,-997.97153472900402,32.259999999999998,-0.052746342909253681
294.24396389681488,700.11394100702103,-996.87623977661099,32.350000000000001,-0.052711000252718236
294.25692947788394,700.14137772947265,-998.41833114624001,32.140000000000001,-0.052624365521904408
294.26989029679009,699.88422093293764,-999.18246269226097,32.159999999999997,-0.052548810425022525
294.28285018644448,699.83404133455201,-999.16052818298294,32.159999999999997,-0.052492526463352472
294.2958167029754,700.19189267170213,-999.16052818298294,32.57,-0.052451838014271515
294.30878562231857,700.32164452885104,-1000.29921531677,32.57,-0.052373319243459671
294.32174897545809,700.02106953660825,-998.90613555908203,32.520000000000003,-0.052306249531008472
294.33471198297161,700.0024057302976,-998.90613555908203,32.520000000000003,-0.052262890255559739
294.34767774616671,700.15121253297798,-997.54691123962402,32.229999999999997,-0.052259334672566674
294.36064216308273,700.07851346550137,-998.931884765625,32.310000000000002,-0.052185198291666894
294.37360026045803,699.73725826858231,-1002.02441215515,32.359999999999999,-0.052118740147974282
294.38655793459878,699.71440359854341,-1002.02441215515,32.359999999999999,-0.052032077477641471
294.39951570704568,699.71971213402048,-1003.3700466156,32.530000000000001,-0.052001085131587348
294.41247073105677,699.57129659696852,-1006.4072608947801,32.530000000000001,-0.052008918589633635
294.42542490342476,699.5253078733034,-1005.59854507446,32.57,-0.051980361135790347
294.43837959008891,699.55307986265495,-1005.59854507446,32.57,-0.051965561384853226
294.45134125960374,699.93015380077009,-1006.48212432861,32.189999999999998,-0.052050280694648565
294.46430300672836,699.93434473045033,-1005.13982772827,32.189999999999998,-0.052135412891330439
294.47725937598278,699.6439397371646,-1004.4541358947801,32.210000000000001,-0.052218603797634267
294.49021641992834,699.6803730628958,-1004.4541358947801,32.210000000000001,-0.052153690614230398
294.50317898661734,699.97860120332768,-1005.6848526001,32.329999999999998,-0.052052474477303885
294.51614173439634,699.9883800685601,-1006.32381439209,32.329999999999998,-0.051935597633236422
294.52910061097776,699.77933539669061,-1004.7085285186801,32.159999999999997,-0.05177436499871365
294.54206508066915,700.081363333078,-1006.00361824036,32.159999999999997,-0.051696593355056032
294.55503568984568,700.41289553158913,-1006.00361824036,32.119999999999997,-0.051691094412543277
294.56800311596913,700.24101066851517,-1005.67293167114,32.119999999999997,-0.051741840111088261
294.58097388657404,700.42161266334551,-1005.95641136169,32.090000000000003,-0.051804982745958274
294.59394713967157,700.55566726626409,-1005.95641136169,32.090000000000003,-0.051805731943475493
294.60692106849626,700.59215653576393,-1006.97898864746,32.560000000000002,-0.051786956480255879
294.61989451613709,700.56617260356904,-1007.04479217529,32.560000000000002,-0.051729226898978672
294.6328610585382,700.19328966108617,-1008.03184509277,32.530000000000001,-0.051723852132139786
294.6458275616173,700.19116627107769,-1009.30309295654,32.530000000000001,-0.051678707823249626
294.65879967125801,700.49392059709749,-1009.30309295654,32.25,-0.051695747921994606
294.67176628506041,700.19714532936246,-1010.84733009338,32.280000000000001,-0.051704945249316736
294.68473263291855,700.18278434026922,-1008.17775726318,32.32,-0.051804149730494763
294.69770247530619,700.37148893178471,-1008.17775726318,32.32,-0.051888911467057555
294.71067984691985,700.77806713751943,-1008.225440979,32.490000000000002,-0.051936443067722743
294.7236594019667,700.8959725293081,-1008.88276100159,32.490000000000002,-0.051862525029611847
294.73663392166293,700.62406359896306,-1009.6676349639901,32.560000000000002,-0.051733447858896428
294.74960785048768,700.59215653576393,-1009.6676349639901,32.560000000000002,-0.05159774484766462
294.76258090179869,700.54477079523463,-1008.14151763916,32.189999999999998,-0.051484885108686942
294.77555661669265,700.68860427437789,-1007.34353065491,32.189999999999998,-0.05139681717657632
294.7885288432654,700.50023492777825,-1007.20238685608,32.229999999999997,-0.051345745515348026
294.80150312909637,700.61143487164986,-1007.20238685608,32.229999999999997,-0.05135549025327972
294.81448146928523,700.83037019736116,-1005.58614730835,32.229999999999997,-0.051379347634147587
294.82745502764942,700.57215166734977,-1004.80175018311,32.229999999999997,-0.051315609986298437
294.84042089432478,700.15680046853026,-1004.90307807922,32.159999999999997,-0.051188524811636014
294.85339344582593,700.51778106234019,-1004.90307807922,32.159999999999997,-0.051000650143881332
294.86637125309142,700.80159233586198,-1006.8519115448,32.119999999999997,-0.050928337085314232
294.8793527049321,700.99839939765479,-1009.7279548645,32.119999999999997,-0.050882299740993057
294.89233179121351,700.87065919686484,-1009.49859619141,32.140000000000001,-0.050993991187429595
294.90531652338029,701.17553700632516,-1009.49859619141,32.140000000000001,-0.051185256905183003
294.91830168498882,701.19872686082408,-1007.79819488525,32.549999999999997,-0.051423639265741422
294.93127399538145,700.50476120130236,-1006.96110725403,32.549999999999997,-0.051550934505404773
294.94423551588397,699.92210713686154,-1006.60490989685,32.57,-0.051468621110880672
294.95719777730613,699.96211679674593,-1006.60490989685,32.57,-0.051261487727140516
294.97016146779021,700.0392861390178,-1007.70020484924,32.520000000000003,-0.051055531948198507
294.98312502789003,700.03224539122493,-1005.70845603943,32.520000000000003,-0.050941395263028648
294.9960890691728,700.05822926845985,-1003.84068489075,32.189999999999998,-0.050988504662718308
295.00906370580253,700.63037800658788,-1004.16040420532,32.189999999999998,-0.051029948517453884
295.02204605378279,701.04679093338768,-1004.16040420532,32.280000000000001,-0.05111514590665206
295.03502835002217,701.04399692713946,-1002.86936759949,32.280000000000001,-0.051126530808084998
295.04800852181239,700.92927666982735,-1001.22618675232,32.329999999999998,-0.051058174835250845
295.06099663881855,701.35831833493262,-1001.22618675232,32.329999999999998,-0.050944538994520228
295.07398771846425,701.51830086582152,-1000.7541179656999,32.119999999999997,-0.050823136956179953
295.08697026098764,701.05729626519656,-1002.10237503052,32.119999999999997,-0.050681546950642919
295.09994912685687,700.85875693612786,-1001.3213157653799,32.090000000000003,-0.05063426473976386
295.11292681718896,700.79527793373347,-1000.60033798218,32.090000000000003,-0.050609779233849059
295.12590263038891,700.69391279886304,-1000.60033798218,32.159999999999997,-0.050662374123882734
295.13886828182467,700.14517753092434,-1004.57167625427,32.159999999999997,-0.050656862763670277
295.15183515536296,700.21117106804377,-1003.43370437622,32.539999999999999,-0.050633127490861296
295.16480545306416,700.39607586360364,-1003.43370437622,32.539999999999999,-0.050581468062110085
295.17777691905678,700.45916360036961,-1001.69849395752,32.409999999999997,-0.050529468183732447
295.1907439488507,700.21960887117291,-1001.01518630981,32.409999999999997,-0.050476636323647898
295.20370856755312,700.08940993103477,-1001.01518630981,32.189999999999998,-0.05047486991502579
295.21667381127656,700.12316106660717,-1000.39601325989,32.189999999999998,-0.050498455141478236
295.22963656526423,699.98871533546003,-1000.35548210144,32.359999999999999,-0.050470348861173617
295.2425930183382,699.64846599420071,-1000.42510032654,32.359999999999999,-0.050391685217164701
295.25554567161481,699.44327693564742,-999.87649917602505,32.530000000000001,-0.050331098543718915
295.26850355996055,699.72597066932451,-999.23849105834995,32.530000000000001,-0.050366020037411884
295.28145688896421,699.47976619965129,-999.52220916748001,32.560000000000002,-0.050438794618177477
295.29440243418026,699.05944166630252,-999.42517280578602,32.560000000000002,-0.050526416550112439
295.30735041635677,699.1910375298728,-998.515844345093,32.210000000000001,-0.05059878962661149
295.32030389333829,699.48775700223132,-998.515844345093,32.210000000000001,-0.050705658893133269
295.33326058751976,699.66148580027846,-997.90358543395996,32.25,-0.050801579943596333
295.34621508481598,699.54285399687319,-997.32732772827103,32.25,-0.050847024345912019
295.35917207081229,699.67724380073969,-997.963428497314,32.329999999999998,-0.050833182822209777
295.37213589685672,700.04660639680606,-998.97480010986305,32.329999999999998,-0.050843783343592942
295.3851001916654,700.0719196687935,-998.97480010986305,32.140000000000001,-0.050895923954339908
295.39805413120365,699.51273506777466,-998.34871292114303,32.140000000000001,-0.050953718730576088
295.41100588730615,699.39482953308993,-995.83220481872604,32.119999999999997,-0.051013101925996618
295.42396164499257,699.61091506816854,-994.33898925781205,32.119999999999997,-0.051061650738479139
295.43690951644567,699.18505846609196,-995.04303932189896,32.509999999999998,-0.051007094896539935
295.44984896149879,698.73003286879191,-995.82028388977005,32.159999999999997,-0.050955092947697532
295.46279053100244,698.844753197552,-995.49126625061001,32.600000000000001,-0.050858695887380401
295.47574066970867,699.30749013690081,-995.49126625061001,32.600000000000001,-0.050801126699592893
295.4886853643174,699.01350886991793,-994.78173255920399,32.450000000000003,-0.050758313801404227
295.50162338030862,698.65286352651981,-995.14102935791004,32.450000000000003,-0.050738075127616522
295.51456678865674,698.94405079824662,-995.14102935791004,32.310000000000002,-0.050668494982592578
295.52751936949755,699.43936540604238,-995.56756019592297,32.310000000000002,-0.050644464790535311
295.5404695216568,699.3082165979813,-996.20699882507301,32.259999999999998,-0.050568720325768576
295.55341383235321,698.9927776063754,-997.97654151916504,32.259999999999998,-0.050557710023145137
295.56636143061854,699.1703063267862,-998.19874763488804,32.43,-0.050559961754387199
295.57931022511599,699.23490286352967,-998.19874763488804,32.43,-0.050619987563935126
295.59226341028136,699.471998930322,-997.28345870971702,32.119999999999997,-0.050672920834250026
295.60521055323335,699.14571940595931,-996.82402610778797,32.549999999999997,-0.050723416109252281
295.61816222551857,699.39030340246177,-995.79215049743596,32.170000000000002,-0.050788163725498096
295.6311166193334,699.53726600086497,-996.09589576721203,32.170000000000002,-0.050785643979345249
295.644068628963,699.40851999937547,-996.493101119995,32.189999999999998,-0.050634392018946657
295.65701917641735,699.32956253399493,-997.27296829223599,32.189999999999998,-0.050446306252230878
295.66997229018148,699.4681432620456,-998.37899208068802,32.259999999999998,-0.050270342164322877
295.68293344746911,699.9024935340758,-998.37899208068802,32.259999999999998,-0.050233011652155081
295.69589257033334,699.7926346687957,-998.13270568847702,32.299999999999997,-0.050178056375294544
295.70884856188513,699.62354379548174,-997.18594551086403,32.299999999999997,-0.050187444108023907
295.72180890685183,699.85862820041905,-996.76847457885697,32.210000000000001,-0.050121054259745855
295.73477259733585,700.0392861390178,-995.43595314025902,32.210000000000001,-0.050072594441829543
295.74772964749013,699.68070832979561,-995.43595314025902,32.159999999999997,-0.050039035785080704
295.76067827952346,699.22612979899657,-998.63052368164097,32.159999999999997,-0.050013571355323826
295.77363305621731,699.55794146903088,-999.14717674255405,32.329999999999998,-0.050100450301237651
295.78659235499759,699.8021341339529,-999.14717674255405,32.329999999999998,-0.050276089458488722
295.79954668362097,699.53374566544051,-999.03035163879395,32.460000000000001,-0.050328741263963195
295.81249361961238,699.13454353485463,-999.284267425537,32.460000000000001,-0.050286661005273188
295.82544887024443,699.58353413010138,-999.74870681762695,32.560000000000002,-0.050172596755327863
295.83841146280366,699.97999819820757,-999.74870681762695,32.560000000000002,-0.050059001271510604
295.85137745261977,700.16345007160669,-999.08304214477505,32.119999999999997,-0.049995154969705087
295.86434383255806,700.18451666800115,-1000.36644935608,32.119999999999997,-0.050021971887033827
295.87732064537647,700.74789219320417,-998.95548820495605,32.189999999999998,-0.050056371837441237
295.89030352628032,701.07556880587879,-998.95548820495605,32.189999999999998,-0.050181580914241915
295.90327931981977,700.69285113133867,-1000.34403800964,32.25,-0.050197024312655922
295.91624757068024,700.28554646452369,-1000.21386146545,32.25,-0.050134684683163892
295.92921919913709,700.46793667039844,-1000.21386146545,32.399999999999999,-0.049953514502035543
295.9421917247692,700.51638413341209,-1001.91068649292,32.399999999999999,-0.049819593421041572
295.95516025502593,700.30063386523329,-1002.77662277222,32.259999999999998,-0.049758287559858769
295.96812988941855,700.36025719935151,-1001.34563446045,32.359999999999999,-0.049840494369364607
295.9811064238765,700.73286073076702,-1002.06851959229,32.259999999999998,-0.049956171876438124
295.99408376237534,700.77627893746683,-1002.06851959229,32.259999999999998,-0.049971064759206985
296.00705135717163,700.25011899994797,-1002.55393981934,32.280000000000001,-0.049817712149613259
296.02001841904445,700.22134113295283,-1004.21380996704,32.280000000000001,-0.049677572937351734
296.03299160694939,700.5521468648875,-1005.19704818726,32.32,-0.049616147039389033
296.045966387416,700.63814519897312,-1005.45430183411,32.32,-0.049731663117994908
296.0589405045742,700.60232654021695,-1005.88822364807,32.140000000000001,-0.049927401253067195
296.07191395221486,700.56617259807308,-1007.05099105835,32.359999999999999,-0.050144011361863812
296.0848853343889,700.45463739829347,-1006.23154640198,32.119999999999997,-0.050289824397885145
296.09785323445192,700.26660340103376,-1006.23154640198,32.119999999999997,-0.050270049314725139
296.11080772553828,699.54251866402149,-1006.56628608704,32.380000000000003,-0.050064617146174786
296.12376087862594,699.47026673449398,-1005.43737411499,32.119999999999997,-0.049757012682910023
296.13671982557406,699.78313519814242,-1005.05542755127,32.140000000000001,-0.049625857628951886
296.14968517277782,700.12874900215934,-1005.05542755127,32.140000000000001,-0.049666645418714434
296.16265040925805,700.12276993288253,-1005.13029098511,32.469999999999999,-0.049812431549991161
296.17562464334935,700.60864093135365,-1005.49268722534,32.469999999999999,-0.049954810076303931
296.1886061469296,701.00119333245505,-1005.49268722534,32.509999999999998,-0.050014101175481329
296.20158376586056,700.79142227095303,-1004.80079650879,32.509999999999998,-0.04995400499842563
296.21455697342719,700.55320859836388,-1003.62706184387,32.560000000000002,-0.049884719773057085
296.22753060940249,700.57634266847799,-1006.41942024231,32.560000000000002,-0.049735061410396533
296.2405044275024,700.58617739503916,-1006.41942024231,32.229999999999997,-0.049767472470295428
296.25347485455427,700.40306079953189,-1008.9707374572801,32.229999999999997,-0.049958682309214415
296.26643434787781,699.81263947125785,-1008.27121734619,32.189999999999998,-0.050135605657808564
296.27938730642222,699.45976139718914,-1009.1767311096201,32.189999999999998,-0.050206165761143638
296.29234192065059,699.54916833304992,-1009.1767311096201,32.189999999999998,-0.050180900013564157
296.30529349566308,699.38505067335336,-1010.60247421265,32.189999999999998,-0.050105572574069036
296.31824343879134,699.2969289272753,-1009.79161262512,32.439999999999998,-0.050137494172250448
296.3312003989185,699.67584686631562,-1008.89301300049,32.439999999999998,-0.050201578479390108
296.34416954591853,700.33393800025658,-1008.16345214844,32.329999999999998,-0.050341719761403954
296.35714272140621,700.55147633658385,-1008.64243507385,32.329999999999998,-0.05043040133121126
296.37011416152967,700.45776666594554,-1008.64243507385,32.25,-0.050512066938652053
296.38308313364814,700.32449439642789,-1004.8763751983601,32.25,-0.050433265666088072
296.39604950013211,700.1837901354728,-1006.49499893188,32.299999999999997,-0.050268961737028474
296.40901626294698,700.20519200426304,-1006.49499893188,32.299999999999997,-0.050145874006946131
296.42197732296302,699.89724086542333,-1009.0754032135,32.369999999999997,-0.050076259713960465
296.4349374920136,699.84912872976577,-1007.15970993042,32.369999999999997,-0.050174565986548007
296.44790065578269,700.01084353342662,-1004.50921058655,32.450000000000003,-0.050380137851675527
296.46086134430499,699.87718020163243,-1004.50921058655,32.450000000000003,-0.050517352711840734
296.47381700471857,699.60566233356406,-1005.40995597839,32.119999999999997,-0.050572174497513514
296.4867770961593,699.8449378000854,-1004.79388237,32.119999999999997,-0.050405283562271551
296.49974710721972,700.38059726321751,-1005.07664680481,32.119999999999997,-0.050267758261649441
296.51271921686049,700.49392060259356,-1007.1425437927199,32.119999999999997,-0.05016711644038243
296.52568896818525,700.36657153552801,-1007.67588615417,32.140000000000001,-0.050264192331116113
296.53866629530125,700.77566426499561,-1004.51755523682,32.140000000000001,-0.050373621698159655
296.5516438873284,700.78996946420818,-1004.51755523682,32.57,-0.050417434217306489
296.56461131965921,700.24134586396713,-1004.61769104004,32.57,-0.050327118692135339
296.57756857160126,699.69160487227305,-1004.61769104004,32.560000000000002,-0.050148754898213063
296.59052908524075,699.86773653185185,-1002.50244140625,32.560000000000002,-0.049930150723611129
296.60348891694571,699.83091206690005,-1002.79068946838,32.520000000000003,-0.049825109955634835
296.61644554489999,699.65790953207727,-1002.79068946838,32.520000000000003,-0.049842426345857206
296.62939737964814,699.39907640104275,-1001.45983695984,32.229999999999997,-0.049954526540082742
296.6423544111766,699.67970253459214,-999.39107894897495,32.229999999999997,-0.050103423288544155
296.65531470957779,699.85611366569401,-999.39107894897495,32.299999999999997,-0.050202361825683273
296.66827323536052,699.76039226724856,-996.67263031005905,32.299999999999997,-0.05010129573348486
296.68123329368768,699.84314966598481,-995.78738212585404,32.259999999999998,-0.049934036408690367
296.69420604697535,700.52867753336955,-998.14462661743198,32.32,-0.049753488144267985
296.70718745328526,700.99594073525054,-997.58243560791004,32.140000000000001,-0.049693491310132988
296.7201682356087,700.96224546650262,-997.58243560791004,32.140000000000001,-0.049754240446617234
296.73314384702229,700.68301633332953,-997.99489974975597,32.119999999999997,-0.049854494217109559
296.7461178337951,700.59528573196792,-998.77524375915505,32.119999999999997,-0.049885565207950511
296.75908975510123,700.48375053218854,-999.093055725098,32.170000000000002,-0.049831338433221323
296.77205331520128,700.03224540221686,-999.093055725098,32.170000000000002,-0.049583342754232873
296.78501343251116,699.84633473450947,-998.90184402465798,32.579999999999998,-0.049403569557094379
296.79798217076433,700.31186566911458,-997.67994880676304,32.579999999999998,-0.0493735685531927
296.81095266921608,700.40691639636032,-996.07372283935501,32.460000000000001,-0.049479773474001953
296.82391873664318,700.16764106174298,-996.07372283935501,32.460000000000001,-0.049613230965080662
296.83688429184195,700.13998073459265,-998.09694290161099,32.329999999999998,-0.049568396060855245
296.8498504503321,700.17255846899161,-996.20699882507301,32.329999999999998,-0.049433388437040773
296.86281795406541,700.24520159819554,-994.31133270263695,32.259999999999998,-0.049292098524318602
296.87578473033216,700.20591840488737,-993.04676055908203,32.259999999999998,-0.049138430299072951
296.88875068186053,700.16138253193492,-993.25656890869095,32.32,-0.049141684753560767
296.9017259611025,700.66507906504307,-995.09906768798805,32.32,-0.04927773235534854
296.91470107270618,700.65602660043498,-993.93463134765602,32.369999999999997,-0.049482008649057448
296.92766869337157,700.25151592887619,-993.93463134765602,32.369999999999997,-0.049665718235525243
296.94062813495543,699.80984553096164,-990.70358276367199,32.140000000000001,-0.049637149397433529
296.95359210380246,700.05431773885493,-990.68522453308105,32.140000000000001,-0.049506825291425693
296.9665524425605,699.85829293351924,-991.46127700805698,32.140000000000001,-0.049283771464439519
296.97951052544818,699.73647593518137,-993.04509162902798,32.140000000000001,-0.049153596369097843
296.99247649042962,700.16210899851137,-993.04509162902798,32.229999999999997,-0.049105483210573814
297.005445754363,700.3402524023852,-995.33510208129906,32.229999999999997,-0.049207100851970428
297.01841478442964,700.32762359812796,-994.61483955383301,32.460000000000001,-0.049324242604589973
297.03137234163819,699.70808926236668,-994.61483955383301,32.460000000000001,-0.049361012255099021
297.04432860016789,699.63796060193579,-995.21207809448197,32.359999999999999,-0.049210824071772089
297.05728072052221,699.41449913460417,-996.26612663268997,32.359999999999999,-0.048934289564065009
297.07023282742341,699.41377266253198,-995.15056610107399,32.259999999999998,-0.048675175963271144
297.08317735956791,699.00473580538494,-995.15056610107399,32.259999999999998,-0.048582998828809829
297.0961188183482,698.83877413377115,-994.58646774292004,32.280000000000001,-0.048643651729139196
297.10906224014815,698.94477719887095,-994.99750137329102,32.280000000000001,-0.048797043660057667
297.12200063901611,698.67353886827766,-996.99068069457996,32.359999999999999,-0.048916998007918919
297.13493111957285,698.24595006487732,-996.99068069457996,32.359999999999999,-0.048936665471795163
297.14786255421734,698.29747080231016,-996.23155593872104,32.159999999999997,-0.048825607324277473
297.16080398091844,698.83704186099919,-996.68431282043503,32.43,-0.048724289776408164
297.17374731786543,698.9401951354663,-996.72150611877396,32.090000000000003,-0.048632761463295655
297.18669277926301,699.05491546972235,-996.01650238037098,32.090000000000003,-0.048757431407885389
297.19964524317163,699.43305106436969,-996.79064750671398,32.159999999999997,-0.049029919836514647
297.21260783572961,699.97999813225567,-997.24149703979504,32.159999999999997,-0.049306837220513836
297.22556730318388,699.81124253133771,-996.96588516235295,32.189999999999998,-0.049442579555818392
297.23852302258268,699.60884753399273,-996.94585800170898,32.189999999999998,-0.049380029862648535
297.25147590869011,699.4558498016321,-996.94585800170898,32.520000000000003,-0.049323866971006096
297.26442947052476,699.49233907113205,-996.82855606079102,32.520000000000003,-0.04927022382673784
297.27738249426056,699.46328173261372,-996.67501449584995,32.210000000000001,-0.049202128623460024
297.29033725750122,699.55721499695858,-997.62129783630405,32.350000000000001,-0.049251527008101509
297.30329304830116,699.61270319677317,-999.33910369873001,32.240000000000002,-0.049335229107097291
297.31625656286911,700.02978666836452,-997.59817123413097,32.240000000000002,-0.049382817621065944
297.32921896709388,699.96982813879458,-999.47071075439396,32.32,-0.049366766793805097
297.34217659570248,699.71194486469108,-999.47071075439396,32.32,-0.04927687346838814
297.35513728525922,699.87723606296106,-999.40228462219204,32.399999999999999,-0.049177719694106399
297.36809824075937,699.89159700808636,-997.34735488891602,32.399999999999999,-0.049250996153271401
297.38105588178638,699.71261545894686,-997.92647361755405,32.5,-0.049294638964330652
297.39400507261354,699.25630466636778,-998.88658523559604,32.5,-0.049361934264518077
297.4069575044432,699.43131880258977,-999.86481666564896,32.119999999999997,-0.049374886892090387
297.41990858481972,699.35834032954199,-1002.54678726196,32.119999999999997,-0.049328736753595767
297.43285750142348,699.24149660527746,-1002.35438346863,32.189999999999998,-0.049315962111390096
297.44580666638029,699.25490766599171,-1003.12757492065,32.189999999999998,-0.049325061133212139
297.45876080667028,699.52357566098749,-1003.12757492065,32.210000000000001,-0.049428654214271631
297.47171870846665,699.72669700399683,-1000.90312957764,32.210000000000001,-0.049666347395550113
297.48467569446422,699.6772438666917,-997.61962890625,32.420000000000002,-0.049850989340198562
297.49762802177781,699.425674934261,-997.61962890625,32.420000000000002,-0.049871129707671956
297.51058428651731,699.63829593478749,-998.12126159668003,32.229999999999997,-0.049700663528214777
297.52355168677042,700.23961366813921,-999.15528297424305,32.25,-0.049483162454350131
297.53651826125059,700.19502192836205,-997.84255027770996,32.189999999999998,-0.049397772591417297
297.54948187929881,700.03537460391692,-997.84255027770996,32.189999999999998,-0.04948871520574144
297.56245293654456,700.43709126922761,-998.21782112121605,32.390000000000001,-0.049692373722452568
297.5754232342457,700.39607586360364,-1000.04029273987,32.390000000000001,-0.049829810029729804
297.58838589096297,699.98346273275956,-1000.48804283142,32.450000000000003,-0.049941668079930779
297.60134397488525,699.73653180200608,-998.91018867492699,32.450000000000003,-0.049959686067132782
297.61430716555924,700.01229639513133,-998.91018867492699,32.560000000000002,-0.049920868541227431
297.62727303844321,700.15713573543007,-1000.67377090454,32.560000000000002,-0.04985355254616302
297.64023908000001,700.16624406686276,-1003.00908088684,32.189999999999998,-0.049894196497909986
297.65320439409015,700.12696086805886,-1004.19878959656,32.189999999999998,-0.049948948952070707
297.66617233968395,700.26906206343801,-1004.09650802612,32.210000000000001,-0.050133234923848545
297.67914431273084,700.48654453294068,-1002.73966789246,32.210000000000001,-0.050300174495725582
297.69211514335558,700.42485373609475,-1002.04515457153,32.229999999999997,-0.050344601687547043
297.70508357530616,700.29532532975622,-1002.45308876038,32.229999999999997,-0.050280347673134017
297.71805495748163,700.45463747523752,-1004.27746772766,32.229999999999997,-0.05019188651658036
297.73103132947398,700.72408758929021,-1004.00519371033,32.229999999999997,-0.05020028083587829
297.74400359433571,700.50230253340192,-1001.26504898071,32.140000000000001,-0.050256954919602012
297.75697369749383,700.38557053729085,-1001.26504898071,32.140000000000001,-0.050353041539665792
297.76994507242466,700.45424626456906,-1000.6344318389901,32.090000000000003,-0.050437324163578039
297.78291915750378,700.60059427294107,-1001.37281417847,32.090000000000003,-0.050387356637759631
297.79589267654563,700.57002826085341,-1001.37281417847,32.530000000000001,-0.050336823074578568
297.80887117195431,700.8387520677137,-1001.48677825928,32.530000000000001,-0.050243321391250165
297.82186062799502,701.43062619723651,-1000.35309791565,32.579999999999998,-0.050267649606878857
297.83485453265433,701.67085160312899,-1000.18501281738,32.579999999999998,-0.050472362588302865
297.84784584616671,701.53092967007888,-1000.91004371643,32.509999999999998,-0.050664761414639985
297.86083350165063,701.33339613071769,-1000.84137916565,32.509999999999998,-0.050677063150602282
297.8738169930877,701.10853760255429,-1000.84137916565,32.259999999999998,-0.05060356110359928
297.88679711313705,700.92648266357924,-1002.07424163818,32.259999999999998,-0.050471953839903202
297.89976891130237,700.477100929112,-999.67789649963402,32.299999999999997,-0.050411317497287063
297.91273425126303,700.12835787393101,-999.67789649963402,32.299999999999997,-0.050536084713925622
297.92570150871228,700.23190226013844,-999.80854988098099,32.159999999999997,-0.050649106916145326
297.9386669076568,700.1315430029116,-1001.4126300811801,32.329999999999998,-0.050735795456753698
297.95162556899879,699.76771247007684,-1002.04539299011,32.119999999999997,-0.050866792184735346
297.96458084032719,699.58465173040224,-998.74210357666004,32.119999999999997,-0.050781666197106883
297.97753833234322,699.70456886648617,-998.74210357666004,32.079999999999998,-0.050639333203207813
297.99050019743578,699.94071499940355,-998.03900718688999,32.079999999999998,-0.050399114067740856
298.00345974249996,699.81543346651404,-1000.19121170044,32.509999999999998,-0.050237460268848941
298.01642378999139,700.05856453535966,-999.20320510864303,32.159999999999997,-0.050260435996295108
298.02939226230006,700.29750466902931,-997.32494354248001,32.57,-0.050439129893931997
298.04235988917407,700.25185119577588,-996.17505073547397,32.57,-0.050590994456947563
298.05532169528277,699.93752987042296,-995.90158462524403,32.539999999999999,-0.050695883109629226
298.06828413158649,699.9715604005745,-995.90158462524403,32.539999999999999,-0.050728060304309278
298.08124943946791,700.12662559566309,-996.99568748474098,32.5,-0.050733269501852779
298.0942163585371,700.2136297359441,-996.51384353637695,32.5,-0.050763559216967111
298.10718106209384,700.09399206588739,-996.51384353637695,32.229999999999997,-0.05092691733577908
298.12014466772467,700.03470406462111,-995.08953094482399,32.229999999999997,-0.051138966033606612
298.13311169027412,700.21921767149649,-993.26038360595703,32.259999999999998,-0.051349905422152342
298.14607145057772,699.82705639312769,-996.99378013610794,32.259999999999998,-0.051345962823566085
298.15902612999872,699.55268873442651,-996.99378013610794,32.280000000000001,-0.051151280187675723
298.17198327225066,699.68568160386883,-996.26183509826706,32.280000000000001,-0.050918240513507677
298.18494820346422,700.10628553179697,-996.013402938843,32.159999999999997,-0.05082274166208637
298.19791083431107,699.98206573238349,-995.25976181030296,32.159999999999997,-0.050798200278049592
298.21086807383455,699.69093426702534,-994.90451812744095,32.140000000000001,-0.050839346109519068
298.22382392879132,699.61616766537293,-995.01514434814396,32.140000000000001,-0.050863265576340987
298.23677638649139,699.43271580296584,-995.01514434814396,32.159999999999997,-0.050869119457357087
298.24972479707657,699.21417159998703,-993.62683296203602,32.159999999999997,-0.050854749149493061
298.26266684776425,698.87073713524308,-994.41170692443802,32.57,-0.050769897385218116
298.27560865734188,698.85771719176523,-994.41170692443802,32.57,-0.050631327967830514
298.28855881570985,699.30855187037707,-995.97787857055698,32.170000000000002,-0.050607976606800463
298.30151162420736,699.45165886645589,-996.12760543823197,32.549999999999997,-0.050687020023287233
298.31446263318281,699.35448467225774,-995.00107765197697,32.329999999999998,-0.050812292222648346
298.32741907383826,699.64779539444896,-992.25687980651901,32.329999999999998,-0.050776196229091047
298.34038154946421,699.97368380157491,-992.25687980651901,32.280000000000001,-0.050698106901148739
298.35334605744322,700.08343086725392,-993.40748786926304,32.280000000000001,-0.050576620010087781
298.36631024152848,700.06594060501254,-993.13020706176803,32.409999999999997,-0.050496299647408836
298.3792790646358,700.31644779297528,-992.52295494079601,32.409999999999997,-0.050510556126732151
298.39224771079137,700.30689240053732,-993.58677864074696,32.119999999999997,-0.050614657294328451
298.40521083006416,700.008440732351,-992.257118225098,32.539999999999999,-0.050710381733180654
298.41816280658031,699.40673187077084,-992.92659759521496,32.159999999999997,-0.050782306740260623
298.43111022375558,699.16052746704975,-992.65503883361805,32.159999999999997,-0.050674658268578761
298.44405649022957,699.09838959271076,-992.32721328735295,32.210000000000001,-0.050459157468453281
298.45700723946914,699.34045893907228,-993.16143989563,32.210000000000001,-0.050360289298109491
298.46995540894568,699.20115173345312,-993.15476417541504,32.229999999999997,-0.050325226038595933
298.48290549591241,699.30469620210056,-993.15476417541504,32.229999999999997,-0.050412947312332042
298.49586724407163,699.93440059727493,-993.92890930175804,32.490000000000002,-0.050596484086490881
298.50882315801238,699.61935279984971,-993.92890930175804,32.490000000000002,-0.050695061476276802
298.52177511486786,699.40567019775062,-993.32213401794399,32.210000000000001,-0.050798566597748028
298.53472941141104,699.5320133322125,-992.21992492675804,32.350000000000001,-0.050778515221991068
298.54768670267526,699.69372826777749,-992.00439453125,32.170000000000002,-0.050606477177195214
298.56064741706666,699.87857713605649,-992.64502525329601,32.170000000000002,-0.0504841303656208
298.57361005515679,699.98245686610801,-993.04723739624001,32.399999999999999,-0.050489854894750233
298.58657938428269,700.34377279826572,-991.16873741149902,32.399999999999999,-0.050624730065611773
298.59954870099017,700.34310220401005,-991.16873741149902,32.490000000000002,-0.050779793204077182
298.61251225488024,700.03191006386908,-994.61460113525402,32.490000000000002,-0.050809316129186689
298.6254743403864,699.9526173315885,-994.50182914733898,32.57,-0.050698650173271437
298.6384408175951,700.18976927070162,-994.50182914733898,32.57,-0.050526577980004962
298.65141208180131,700.44826713483621,-995.20134925842297,32.170000000000002,-0.050345295005212058
298.66438318457904,700.43954999758387,-993.95561218261696,32.170000000000002,-0.050268959667988604
298.67735478820128,700.4665956027992,-994.04430389404297,32.210000000000001,-0.050248110460216683
298.69033045135433,700.68581026263382,-994.31490898132301,32.210000000000001,-0.05036735907118655
298.70330311978893,700.52409546996478,-994.31490898132301,32.259999999999998,-0.050407924378859131
298.71626927206916,700.17222313064372,-993.78371238708496,32.259999999999998,-0.050271820897015602
298.72922653021857,699.69194006772489,-994.65823173522904,32.240000000000002,-0.050094217682518073
298.74218690726548,699.86036053364683,-996.50526046752896,32.240000000000002,-0.049975724477406377
298.75514695317412,699.84247906623318,-996.95158004760697,32.119999999999997,-0.04999545299307296
298.76810323757405,699.63935759681578,-996.57440185546898,32.119999999999997,-0.050112254296066076
298.78105629959873,699.46534933274131,-997.89094924926803,32.509999999999998,-0.050133967564670305
298.79401345426794,699.68635213766856,-998.95048141479504,32.119999999999997,-0.050114930295898648
298.80697338945305,699.83649999695638,-998.96097183227505,32.600000000000001,-0.049984763479057358
298.81992960866171,699.63583726688728,-998.14510345458996,32.600000000000001,-0.04979212354469139
298.83288823171608,699.76564493590092,-999.85837936401401,32.530000000000001,-0.049628458089033219
298.84585162935184,700.02347233218791,-999.85837936401401,32.530000000000001,-0.049626308803813669
298.85881569650502,700.05962626883604,-999.33385848999001,32.43,-0.049728177901898957
298.87177461240867,699.78145879769102,-999.72772598266602,32.43,-0.049897902127564925
298.8847301227766,699.59755986878281,-999.72772598266602,32.280000000000001,-0.049936815889523388
298.89768688836045,699.66534152901079,-1001.5575885772701,32.280000000000001,-0.049916383706412416
298.91064435450625,699.70317187160617,-1001.7967224121099,32.259999999999998,-0.049776874690171474
298.92359815744942,699.50535893216988,-1002.16865539551,32.310000000000002,-0.04965105301034671
298.93655353225807,699.59023966595453,-1003.74174118042,32.359999999999999,-0.0495255459099746
298.94951590957777,699.96837526609795,-1004.86087799072,32.359999999999999,-0.049416680509727175
298.96247950899874,700.0343687317694,-1004.86087799072,32.090000000000003,-0.049443399118706044
298.97543906751616,699.81615993858622,-1003.0937194824201,32.090000000000003,-0.049578729603119785
298.98839856084078,699.81263953171378,-1004.15110588074,32.119999999999997,-0.049630259681714542
299.0013619853803,700.02492513343668,-1007.83705711365,32.119999999999997,-0.049680524195210435
299.01432003618885,699.73474366240953,-1007.83705711365,32.119999999999997,-0.049632124394818962
299.02727860129505,699.76251573420086,-1008.32438468933,32.119999999999997,-0.049618017962971744
299.04024029668028,699.93155080114605,-1007.62224197388,32.509999999999998,-0.049749366525235372
299.05320343458027,700.00944659900256,-1007.62224197388,32.509999999999998,-0.049875954994250737
299.06616843719507,700.11014120007326,-1008.6376667022701,32.119999999999997,-0.050052520301952175
299.0791265666482,699.73899046990618,-1008.89897346497,32.560000000000002,-0.050199832767171652
299.09208791123461,699.91260766620826,-1008.14747810364,32.579999999999998,-0.05024189853749364
299.10505506417036,700.22625852920942,-1005.8124065399199,32.579999999999998,-0.050279295279191241
299.11801976151736,700.09365673853154,-1004.44269180298,32.159999999999997,-0.050215749069284582
299.13098884332476,700.3304175988801,-1005.55109977722,32.159999999999997,-0.050117276194662823
299.14396118683084,700.50654932990687,-1005.78022003174,32.159999999999997,-0.050007145230741436
299.15694415258901,701.08015094073164,-1005.27858734131,32.159999999999997,-0.049955832461993178
299.16992958635063,701.21342312780928,-1005.03468513489,32.560000000000002,-0.049955351277554752
299.18291396150988,701.15625859899137,-1004.46915626526,32.189999999999998,-0.049926737943859267
299.19589943459505,701.21554660025754,-1005.7158470153799,32.539999999999999,-0.049845745993980894
299.20888324475192,701.12574847021631,-1005.7158470153799,32.539999999999999,-0.049797121642866683
299.22186215615068,700.86121553258022,-1005.68819046021,32.460000000000001,-0.049758769777646691
299.23483165394936,700.35288112969863,-1005.77878952026,32.460000000000001,-0.049768504169361225
299.24780124280994,700.35779847099514,-1005.77878952026,32.380000000000003,-0.049860136996925458
299.26077083891477,700.35818965967974,-1006.29019737244,32.380000000000003,-0.049908861724716966
299.27373623682348,700.13148707013488,-1006.12688064575,32.240000000000002,-0.050005020780412392
299.28669739411112,699.9024935340758,-1006.30235671997,32.240000000000002,-0.050047988900050841
299.29966707403457,700.36271586725172,-1004.82869148254,32.259999999999998,-0.050025215992454714
299.3126407162186,700.57667793537792,-1004.82869148254,32.259999999999998,-0.050089553826544259
299.32561328117163,700.51850746296441,-1004.5280456542999,32.299999999999997,-0.050158681760507147
299.33858167483584,700.29325786702839,-1003.96323204041,32.280000000000001,-0.050180136329714478
299.35155368720496,700.48866793394109,-1004.14299964905,32.229999999999997,-0.050154666726899909
299.36453166935189,700.81103593419471,-1004.14299964905,32.229999999999997,-0.050073643731754505
299.37750422706176,700.51811633473596,-1002.86650657654,32.310000000000002,-0.049956350896680921
299.39047375176546,700.3543339968993,-1003.10063362122,32.159999999999997,-0.049870977592377318
299.40344708868139,700.56019346284427,-1004.46462631226,32.119999999999997,-0.049847670726340373
299.41642209577037,700.65038280355395,-1003.30185890198,32.119999999999997,-0.049899208048254026
299.42939378321108,700.47112179937915,-1003.30185890198,32.43,-0.050056641919967011
299.4423656662309,700.48168306946081,-1003.06701660156,32.43,-0.05018057612083672
299.45534442758401,700.85311306779886,-1002.19488143921,32.549999999999997,-0.050246931818913931
299.46832817254813,701.12222806334375,-1003.11779975891,32.549999999999997,-0.050228500946148509
299.48131243698265,701.15027946376256,-1003.11779975891,32.140000000000001,-0.05025157704854176
299.4942962926703,701.12820713262056,-1003.17740440369,32.57,-0.050299054838292848
299.50728402680011,701.33764300966266,-1003.59702110291,32.159999999999997,-0.050442863463004146
299.5202743396581,701.47689433196888,-1003.59702110291,32.159999999999997,-0.050648427051056162
299.53325929948022,701.18783039529069,-1003.25846672058,32.57,-0.050777056150113388
299.54623821088035,700.86121560402819,-1001.43456459045,32.189999999999998,-0.050897206076337777
299.55921310724455,700.64440366832514,-1002.4986267089801,32.159999999999997,-0.050900772006463993
299.57218270955809,700.35852493207551,-1002.11119651794,32.159999999999997,-0.050740709735048913
299.58514473608028,699.94943219711195,-1002.11119651794,32.5,-0.050594194068189567
299.59809920854082,699.54151286881779,-1000.39315223694,32.5,-0.050446913680670606
299.61105941587891,699.85119625844538,-999.85885620117199,32.329999999999998,-0.050468144731894031
299.62402307428397,700.03755387174203,-999.85885620117199,32.329999999999998,-0.050559127702826195
299.63698929796675,700.17607887036809,-999.86004829406704,32.210000000000001,-0.050659549112671558
299.64995621703582,700.21362973044813,-997.53546714782703,32.210000000000001,-0.050783799960812469
299.66292852742845,700.50476120130236,-997.99633026123001,32.280000000000001,-0.050871867893431975
299.6759010789296,700.51778106234019,-997.99633026123001,32.280000000000001,-0.050850122545600562
299.68887227897909,700.4448026717323,-997.32756614685104,32.380000000000003,-0.050798778733010169
299.70183798318891,700.14802733254919,-996.89769744873001,32.380000000000003,-0.0506457148318811
299.71480490846801,700.21396506879603,-997.20501899719204,32.450000000000003,-0.05062069019497669
299.72777084033584,700.16032086441066,-997.41935729980503,32.450000000000003,-0.050619734037799465
299.74073327042959,699.97122506222672,-997.41935729980503,32.119999999999997,-0.050656263612509606
299.75369123121118,699.72988220442539,-996.41108512878395,32.119999999999997,-0.050726796811100067
299.76664956762602,699.75016640146691,-993.51692199706997,32.100000000000001,-0.050728219664958371
299.77960613763213,699.65478033037721,-993.51692199706997,32.100000000000001,-0.050665766208045172
299.79255676372969,699.33380927004373,-993.87383460998501,32.100000000000001,-0.050551268374606127
299.80550884476179,699.41237573360377,-996.25086784362804,32.100000000000001,-0.050351891873674191
299.81846894240988,699.84527299553736,-995.97215652465798,32.560000000000002,-0.050340575268775375
299.83142687007773,699.72809406482884,-994.83871459960903,32.560000000000002,-0.050418954342704721
299.84437979550853,699.45797326308843,-992.59877204894997,32.549999999999997,-0.050527702810393614
299.85732985660496,699.30329920722068,-992.59877204894997,32.549999999999997,-0.050650853663850609
299.87027782532971,699.19031113474443,-992.362022399902,32.579999999999998,-0.050669569108629381
299.88321943415559,698.8468765985524,-993.185997009277,32.579999999999998,-0.050596093965556761
299.89615327264693,698.42727853177985,-993.730068206787,32.170000000000002,-0.050570336687830585
299.90909343895805,698.768980800696,-995.72420120239303,32.170000000000002,-0.05055786420890454
299.92203927081482,699.07492026668854,-994.91286277770996,32.210000000000001,-0.050632026459774548
299.93498187926059,698.90085606983757,-994.91286277770996,32.210000000000001,-0.050751496519484893
299.94792257228642,698.79742339529525,-994.925975799561,32.399999999999999,-0.050853460819256013
299.96086958588762,699.13873446453488,-993.76654624938999,32.280000000000001,-0.050940958575517101
299.9738263835506,699.66707380178275,-992.06829071044899,32.280000000000001,-0.0509666589395327
299.98678031584444,699.51234386809813,-992.00153350830101,32.280000000000001,-0.050859155340335464
299.99973183187404,699.38186559933274,-992.49267578125,32.210000000000001,-0.05079902398105255
300.012688017968,699.63404907233064,-993.76082420349098,32.210000000000001,-0.050761667597896749
300.02564776481859,699.8263299320472,-993.02387237548805,32.140000000000001,-0.050775062085529406
300.03860469286673,699.67411459903963,-993.02387237548805,32.140000000000001,-0.050798964996673648
300.05155207692712,699.15873926150118,-993.15977096557594,32.43,-0.050793961725033553
300.06450331976794,699.36711340506702,-994.068384170532,32.43,-0.050898345393873105
300.07745707718027,699.50290026426956,-992.91658401489303,32.549999999999997,-0.05095939462317222
300.09040625351975,699.25552233296696,-992.91658401489303,32.549999999999997,-0.05099901515567689
300.10335407944194,699.18259979819175,-992.93136596679699,32.159999999999997,-0.050929661632858218
300.11630383527159,699.28681480063892,-993.63207817077603,32.549999999999997,-0.050799038468504566
300.12925553859873,699.39197966551308,-992.85984039306595,32.170000000000002,-0.050764323935692947
300.14220232557904,699.12649693689809,-992.85984039306595,32.170000000000002,-0.05071362894394247
300.15514744238772,699.03630766763615,-992.97761917114303,32.229999999999997,-0.050706358419648136
300.16809693123702,699.27239786228108,-995.40138244628895,32.229999999999997,-0.050763139086965239
300.1810568467605,699.83543826897608,-995.40138244628895,32.259999999999998,-0.050860353641333698
300.19401456643334,699.71686233239564,-992.87438392639206,32.259999999999998,-0.05096358661022149
300.2069644971445,699.29625840446761,-992.87438392639206,32.170000000000002,-0.051008236284438256
300.21992275698278,699.74603126716329,-992.10953712463402,32.170000000000002,-0.050988795441749508
300.23288386149505,699.8996436610031,-993.09277534484897,32.119999999999997,-0.050964739380027352
300.24584013865189,699.63896646858734,-994.69399452209495,32.119999999999997,-0.050917834870856049
300.25879457179013,699.53938946781739,-996.16098403930698,32.140000000000001,-0.050887945625132103
300.27175845060867,700.04945619843102,-994.34733390808105,32.140000000000001,-0.050934641103567962
300.28472944266298,700.43357093380314,-993.607997894287,32.549999999999997,-0.050959532252948615
300.29769899220122,700.35567506449866,-993.607997894287,32.549999999999997,-0.051032182657124336
300.31066276133089,700.04353300147488,-994.40860748291004,32.549999999999997,-0.050997463985825851
300.32362923853947,700.18976926520554,-995.12124061584495,32.549999999999997,-0.050921699860447638
300.33659690370126,700.25391873544766,-995.994091033936,32.450000000000003,-0.050816613559243405
300.34956205636303,700.11824373630247,-995.994091033936,32.450000000000003,-0.050665596499957589
300.36252245927903,699.86175746257504,-996.40607833862305,32.210000000000001,-0.050628768900963579
300.37548694138763,700.08203386687785,-997.83158302307095,32.210000000000001,-0.050745888923524662
300.38845623222477,700.34170520363409,-997.27034568786598,32.259999999999998,-0.050893550117685184
300.4014166030617,699.86002519529904,-997.27034568786598,32.259999999999998,-0.051163971009695983
300.41437471181979,699.73787293555733,-997.63560295105003,32.210000000000001,-0.051339928888652353
300.42733555038768,699.88528266641367,-997.93505668640103,32.329999999999998,-0.051401772846661052
300.44029918188886,700.03610106499718,-999.81832504272495,32.159999999999997,-0.05137320297481273
300.45326373643337,700.08594540197885,-999.81832504272495,32.159999999999997,-0.05133004962526741
300.46623452773588,700.42273033509434,-1000.92077255249,32.140000000000001,-0.051472421942730336
300.4792102560815,700.68933066401019,-1000.70858001709,32.140000000000001,-0.051794242527387277
300.49218491858028,700.63177493551598,-998.98886680603005,32.079999999999998,-0.052056575400238191
300.50515351403089,700.30415433256189,-998.98886680603005,32.079999999999998,-0.052241762685845655
300.51811880225068,700.12556386768279,-998.26431274414097,32.490000000000002,-0.052165899217546739
300.53109396456057,700.65876473436253,-1000.42700767517,32.490000000000002,-0.052003015039548961
300.5440697187766,700.69072766438626,-1000.60272216797,32.520000000000003,-0.051828317550496432
300.5570470458926,700.77566426499561,-1001.46675109863,32.520000000000003,-0.051733396118548873
300.57002250105188,700.67457860164848,-1001.46675109863,32.560000000000002,-0.051708016544769558
300.58300189984328,700.88753473717099,-1003.05342674255,32.560000000000002,-0.051774422948216388
300.59598015517781,700.82578806250854,-1002.67362594604,32.170000000000002,-0.051806325919746474
300.60894754197903,700.23888726751477,-1001.9135475158701,32.170000000000002,-0.051806237962906204
300.62191360940488,700.16764099579086,-1004.33540344238,32.159999999999997,-0.051692429307831078
300.63488828535691,700.63250140758828,-1004.9731731414799,32.159999999999997,-0.051638107332840938
300.64785836160985,700.38411765909814,-1005.57470321655,32.189999999999998,-0.051695191197703161
300.66082704812345,700.30907173431433,-1005.57470321655,32.189999999999998,-0.051819114014324444
300.67379344047782,700.18518713584888,-1005.6369304656999,32.57,-0.051973180637681499
300.68675880009874,700.12941953046311,-1005.61618804932,32.57,-0.052083969736633574
300.69971898881124,699.85019047423384,-1005.00965118408,32.530000000000001,-0.052149438609147392
300.71267564988023,699.65969772663391,-1005.00965118408,32.530000000000001,-0.052123621313183932
300.72563214848395,699.65092460164499,-1005.26762008667,32.520000000000003,-0.051999489465928986
300.73859214886181,699.84002040382893,-1004.48441505432,32.520000000000003,-0.051911213538773308
300.75155464311484,699.97468966273061,-1004.06455993652,32.210000000000001,-0.051922326286706816
300.76451608600746,699.91791620168533,-1004.06455993652,32.210000000000001,-0.05197471628530613
300.77747837950744,699.96384899806981,-1004.11772727966,32.5,-0.051999290783242696
300.79044827363589,700.37428293803282,-1002.08449363708,32.210000000000001,-0.051973295501810818
300.80341914254814,700.42692125927852,-1003.72219085693,32.210000000000001,-0.051861689943988903
300.8163907068469,700.46447213584668,-1003.72219085693,32.210000000000001,-0.051743403697824771
300.82936276474817,700.49112666779331,-1003.96823883057,32.329999999999998,-0.051656959372112843
300.84233626412839,700.56896653287311,-1002.8669834137,32.329999999999998,-0.051657200480345243
300.85530589231234,700.35992193245147,-1004.48203086853,32.259999999999998,-0.051732276463355244
300.86826912748273,700.01469920170291,-1004.48203086853,32.259999999999998,-0.051754691326699999
300.8812298491186,699.87896833573313,-1007.00354576111,32.159999999999997,-0.051831170502549706
300.89418994055802,699.84493772863755,-1007.807970047,32.159999999999997,-0.051788247913900076
300.90715073256047,699.88276813168875,-1005.73658943176,32.399999999999999,-0.051823139397303951
300.92011173980114,699.89439099784659,-1005.19514083862,32.399999999999999,-0.051893617751121938
300.93307600253212,700.07018747296536,-1005.19514083862,32.490000000000002,-0.051975482040027686
300.94604236280736,700.18345486307692,-1004.38547134399,32.490000000000002,-0.052095234600268832
300.95900350560748,699.90171120617083,-1003.68976593018,32.579999999999998,-0.052101056401345311
300.97195757449515,699.51971993225504,-1003.69215011597,32.579999999999998,-0.052007603354957313
300.98492094005178,700.02174005941595,-1002.99167633057,32.159999999999997,-0.052004332343672265
300.99789338807284,700.51219313777983,-1003.87716293335,32.159999999999997,-0.051925570393756143
301.01086231465928,700.32203566807163,-1003.47399711609,32.25,-0.051875724974164629
301.02382841416539,700.16937332901887,-1003.47399711609,32.25,-0.051912068285414843
301.03679834761601,700.37640633353715,-1002.44998931885,32.409999999999997,-0.052015361272947036
301.04976696272723,700.30521600558211,-1001.36542320251,32.240000000000002,-0.052143990372106035
301.0627309129469,700.05331186121123,-1003.3757686615,32.280000000000001,-0.052187823586740512
301.07568877542224,699.72457366894844,-1003.3757686615,32.280000000000001,-0.052062960135168403
301.08865239450495,700.03543046524555,-1002.99406051636,32.159999999999997,-0.052079388664849451
301.10162501119879,700.52130146921263,-1002.49552726746,32.159999999999997,-0.05216910400276243
301.11459204616659,700.2198882602562,-1002.49552726746,32.119999999999997,-0.05240956010848382
301.12755737991847,700.12802260153501,-1001.09648704529,32.119999999999997,-0.052594335543404029
301.14052687875073,700.35293694156326,-1000.85163116455,32.539999999999999,-0.052671712925605109
301.15348956133704,699.98485966168755,-1000.3597736358601,32.539999999999999,-0.05258293408395253
301.16645175756668,699.95859640086542,-999.00174140930199,32.590000000000003,-0.052373891488552628
301.179412862079,699.89964366649906,-999.79066848754906,32.590000000000003,-0.052121428565913668
301.1923769230234,700.05929099644004,-999.79066848754906,32.479999999999997,-0.051973259283384331
301.20534720727159,700.39534940252327,-999.06039237976097,32.479999999999997,-0.051932650514475251
301.21831273556552,700.13852787288783,-999.06039237976097,32.25,-0.05209079840056223
301.23126989747897,699.68674332635305,-999.19223785400402,32.25,-0.052246363418851929
301.24423093059016,699.89578800371851,-999.34744834899902,32.259999999999998,-0.052299684741061073
301.25719781033712,700.21150633494369,-996.41489982605003,32.259999999999998,-0.05224888213002684
301.27016344935561,700.14450699712472,-995.49770355224598,32.329999999999998,-0.052118300356546701
301.28313370773338,700.39395240214719,-996.45113945007301,32.329999999999998,-0.05203055942128311
301.29611096862345,700.77208806274655,-996.45113945007301,32.170000000000002,-0.052097007218453228
301.30908908115549,700.81807673145181,-997.77698516845703,32.170000000000002,-0.05225508266839967
301.32206171750988,700.52236313673689,-997.25151062011696,32.140000000000001,-0.052491668610861124
301.33503198209758,700.39428773499901,-997.63035774231003,32.140000000000001,-0.052588251936470168
301.34800422833217,700.50129666675036,-997.63035774231003,32.119999999999997,-0.052535607376044811
301.36097833824698,700.60193540099658,-998.177051544189,32.119999999999997,-0.052385333304917479
301.37395608756299,700.79846306271418,-998.44241142272904,32.539999999999999,-0.052195615652895509
301.38692959418762,700.56935773254963,-999.128818511963,32.539999999999999,-0.052143728567571761
301.39990729072838,700.79561320063328,-999.42111968994095,32.520000000000003,-0.052239781038350704
301.41288457748772,700.77348500266658,-999.54009056091297,32.520000000000003,-0.052345230553607111
301.42585050935554,700.16032086441066,-998.321533203125,32.579999999999998,-0.052432116741414944
301.43880700796052,699.65092466759688,-998.321533203125,32.579999999999998,-0.052425415358399313
301.45176227825431,699.58459586357765,-996.47760391235295,32.189999999999998,-0.05230843710420327
301.46471476906669,699.43450387111443,-998.15845489501896,32.189999999999998,-0.052161354363578438
301.47765890488148,698.98333399705075,-998.15845489501896,32.210000000000001,-0.052033493087366649
301.49060576222837,699.13029673285371,-999.49908256530796,32.210000000000001,-0.052080601453299701
301.50355368542222,699.18785246684411,-1000.73170661926,32.509999999999998,-0.052290378759171911
301.51650213532963,699.21629500098743,-1001.19829177856,32.25,-0.052548040531610551
301.52944992192971,699.18047640268719,-999.41492080688499,32.390000000000001,-0.052744521656571536
301.54239976157777,699.29134099721909,-996.93250656127896,32.390000000000001,-0.052791930114708785
301.55534960846921,699.29173213643946,-996.93250656127896,32.259999999999998,-0.052736416045127597
301.56829878480858,699.25552232747077,-996.80304527282703,32.259999999999998,-0.052690792621551331
301.58124679285686,699.19243460719281,-997.27606773376499,32.159999999999997,-0.05258633341285876
301.59419417691726,699.15873926150118,-997.27606773376499,32.159999999999997,-0.052582084511284682
301.60714579021732,699.38711820203321,-997.47180938720703,32.390000000000001,-0.052649706808217359
301.62009776052469,699.40639659837507,-997.62964248657204,32.390000000000001,-0.052660018618693204
301.63304756085063,699.28921760171454,-997.75671958923294,32.539999999999999,-0.052629687512501799
301.64600083811359,699.47697219889915,-997.75671958923294,32.539999999999999,-0.052500993219503383
301.65895845327157,699.71121853001875,-997.37691879272495,32.159999999999997,-0.052416450861521635
301.67191440032587,699.62114093395007,-997.262001037598,32.539999999999999,-0.052411544860810809
301.684864707705,699.31659847382957,-998.69656562805199,32.210000000000001,-0.052338554005990877
301.69781943265804,699.55514746278277,-1000.5123615264901,32.210000000000001,-0.05227635097200975
301.71077367642715,699.52916353058765,-1000.5123615264901,32.299999999999997,-0.052203859927058234
301.72372455605188,699.34749973632927,-997.30086326599098,32.299999999999997,-0.05212549016681077
301.73667802682354,699.48742166937939,-997.30086326599098,32.399999999999999,-0.052033785937473279
301.74962975705682,699.39343259866587,-997.46513366699196,32.399999999999999,-0.051921984801797105
301.76258272180996,699.46009666958503,-1000.11134147644,32.100000000000001,-0.05184167685590186
301.77552993719746,699.14963092457231,-1001.28197669983,32.100000000000001,-0.051854106907348013
301.78847187095187,698.8644227386103,-1001.29270553589,32.189999999999998,-0.051878354407826892
301.80141643517538,699.00646806716497,-1001.29270553589,32.189999999999998,-0.05190707639629296
301.81436960068021,699.47093726279763,-1002.28595733643,32.229999999999997,-0.051826969203039877
301.82732453362837,699.56637920071205,-1003.178358078,32.229999999999997,-0.051750724928302946
301.84027209360625,699.16823880360243,-1003.178358078,32.43,-0.051744556468139524
301.85322523944939,699.4698755293216,-1001.9166469574,32.43,-0.051783955552310829
301.86618144003097,699.63483140573169,-1000.96607208252,32.229999999999997,-0.051940403257880609
301.87913450205428,699.46534926129334,-1001.3899803161599,32.259999999999998,-0.052044007719219201
301.89208495844576,699.32464513773823,-1001.3899803161599,32.140000000000001,-0.052030425932741577
301.9050418854593,699.67405873221514,-1000.73647499084,32.140000000000001,-0.052012502112247463
301.91800415308887,699.96245199769373,-1002.26020812988,32.420000000000002,-0.051927080169782112
301.93096561564323,699.91897793516148,-1001.6288757324201,32.420000000000002,-0.051924253089123948
301.94391905433577,699.48568939660743,-1003.23748588562,32.490000000000002,-0.052022618344767284
301.95686988118644,699.34464993470453,-1003.23748588562,32.490000000000002,-0.052184756431402995
301.96982460613822,699.55514739683076,-1002.74658203125,32.560000000000002,-0.052392953592113024
301.98277834388898,699.50183854178533,-1001.11126899719,32.560000000000002,-0.05250980663596258
301.99572934665554,699.35414939436578,-1001.66368484497,32.170000000000002,-0.052456202812510185
302.00868446793834,699.57654927111696,-1003.06725502014,32.170000000000002,-0.052371764969285493
302.02164656689638,699.95334373221294,-1004.56762313843,32.189999999999998,-0.052292712240236391
302.0346064306791,699.83264426822404,-1005.74898719788,32.189999999999998,-0.052325418218060457
302.04756075930254,699.53374566544051,-1005.09595870972,32.189999999999998,-0.052434731688439408
302.06052208422841,699.91154599868401,-1005.36322593689,32.189999999999998,-0.05260443418435224
302.07348997808145,700.26626806268587,-1005.36322593689,32.399999999999999,-0.052820268190378147
302.08646018471973,700.39115846734717,-1003.12209129333,32.399999999999999,-0.05296674970856332
302.09942948694078,700.34231993656101,-1002.3891925811801,32.259999999999998,-0.053012079248683459
302.11240350061843,700.59673859367274,-1002.3891925811801,32.259999999999998,-0.052982827441281216
302.12538219781362,700.84964853874305,-1004.46629524231,32.299999999999997,-0.052896903620518236
302.13836251240622,700.93698800088407,-1005.79762458801,32.140000000000001,-0.052937655192057849
302.15134048834449,700.8107006672949,-1005.22422790527,32.460000000000001,-0.053060892969412736
302.16432221958138,701.01348679286843,-1002.07495689392,32.460000000000001,-0.053225772247379545
302.17731046593826,701.36530327086086,-999.81451034545898,32.549999999999997,-0.053383168867214767
302.19029465276299,701.14608853408231,-1002.92205810547,32.549999999999997,-0.053364928396905015
302.2032759680099,700.99102333349788,-1002.92205810547,32.509999999999998,-0.053215573230771814
302.2162560104494,700.92229173389899,-1001.10411643982,32.509999999999998,-0.053106268039300367
302.22924085954816,701.18185133150973,-1000.25987625122,32.210000000000001,-0.053033620739040679
302.24222262286429,701.01521907113636,-1004.239320755,32.210000000000001,-0.053057129390153279
302.25519833775803,700.68860426338586,-1004.8205852508499,32.280000000000001,-0.053162012868963028
302.26817986720988,701.00259039878301,-1004.8205852508499,32.280000000000001,-0.053320403934764948
302.28116407369629,701.14715026755857,-1003.7472248077401,32.43,-0.053528326874157005
302.29414102931855,700.75560360120471,-1002.66695022583,32.43,-0.053660770257436194
302.3071084233618,700.23927833528728,-1003.23987007141,32.119999999999997,-0.053646188849695069
302.3200738543851,700.13327525919544,-1004.19878959656,32.119999999999997,-0.053585471792030895
302.33304036367275,700.19150153248154,-1004.17733192444,32.159999999999997,-0.053586098882710549
302.34600222255676,699.94037973799971,-1003.24559211731,32.159999999999997,-0.053644520748710393
302.35896390448892,699.93082433456971,-1002.25806236267,32.210000000000001,-0.053621880296815194
302.37192708895424,700.01196112823152,-1002.25806236267,32.210000000000001,-0.053524467059149775
302.38488848528141,699.91540166696041,-1003.05008888245,32.469999999999999,-0.053488632871348085
302.39784709591851,699.7649744021013,-1000.55456161499,32.469999999999999,-0.053486138996386795
302.4108077068297,699.87298920600028,-1000.52571296692,32.32,-0.05359301757455491
302.42377474904083,700.22027939947668,-1000.57148933411,32.32,-0.053718229755678734
302.43674908040242,700.61389352855815,-999.81093406677201,32.210000000000001,-0.053784346414359863
302.44972336623465,700.61143493760176,-999.81093406677201,32.210000000000001,-0.053868857729517251
302.46269735300746,700.59528573196792,-999.63045120239303,32.329999999999998,-0.05391987765039799
302.47567343215189,700.7082737989482,-998.72756004333496,32.329999999999998,-0.053894786784778
302.48864521686426,700.47637446803162,-997.77865409851097,32.369999999999997,-0.0538441114541479
302.50160797809502,699.98910646368836,-1000.51856040955,32.369999999999997,-0.05378625665997977
302.51456653595801,699.76212460047645,-998.57187271118198,32.439999999999998,-0.053825284250886063
302.52752877771854,699.96105506876563,-998.57187271118198,32.439999999999998,-0.053958268835416066
302.54049405972967,700.12522860078286,-997.29490280151401,32.119999999999997,-0.054077697503642233
302.55345832866919,700.07052273436932,-997.27511405944801,32.119999999999997,-0.054120927428120288
302.56642131652222,700.00134406277334,-997.916698455811,32.159999999999997,-0.054061958151103782
302.57938244793951,699.90109653369962,-999.11427497863804,32.159999999999997,-0.053916056122450012
302.59233740675802,699.56777620108812,-998.95930290222202,32.159999999999997,-0.053744870754950491
302.60528903868527,699.38812406868476,-994.20213699340798,32.159999999999997,-0.053577147838205177
302.61824139290371,699.42712779596559,-993.68190765380905,32.520000000000003,-0.053450883262629686
302.63120104248276,699.82107726889092,-993.68190765380905,32.520000000000003,-0.053401232385609149
302.64416049648514,699.81051613071338,-993.77799034118596,32.390000000000001,-0.053307716217067841
302.65711578023092,699.58532226969794,-995.44906616210903,32.390000000000001,-0.053220004256810061
302.67007272069623,699.67478512734351,-994.74883079528797,32.280000000000001,-0.053096230451160263
302.68303340300861,699.87684486878049,-994.75359916687,32.280000000000001,-0.053016850723533925
302.6959969900135,700.03369826392156,-994.48037147521995,32.299999999999997,-0.05302243452039581
302.70895560582466,699.76525380217652,-993.10302734375,32.299999999999997,-0.05304442097656141
302.72191688004449,699.90880787025253,-992.06423759460404,32.420000000000002,-0.053035370591374448
302.73488685178273,700.37847386771318,-992.06423759460404,32.420000000000002,-0.053009452918631905
302.74785661656057,700.36729800210446,-992.09618568420399,32.590000000000003,-0.052920128736529203
302.76081484949378,699.74457839446666,-992.29240417480503,32.590000000000003,-0.052779039574820746
302.7737725112172,699.71373306474356,-991.67203903198197,32.189999999999998,-0.052603683951144641
302.7867303022914,699.720718006168,-992.645263671875,32.189999999999998,-0.052468439357279295
302.79969125158271,699.89126173019451,-992.645263671875,32.210000000000001,-0.052433750695659226
302.81264934792347,699.73720240175771,-992.18988418579102,32.210000000000001,-0.052452870748417028
302.82560344888884,699.52145212808296,-990.44823646545399,32.25,-0.052484256317794638
302.83855793376785,699.54218346856953,-989.28332328796398,32.25,-0.052448886756718147
302.85151158769884,699.49731227375719,-990.44990539550804,32.299999999999997,-0.0522510831548815
302.86445724363944,699.06542079053929,-993.14880371093705,32.299999999999997,-0.052078976812330195
302.87740421170992,699.13627580762659,-992.18821525573696,32.159999999999997,-0.051917905608819502
302.8903596579197,699.59409532873497,-991.81938171386696,32.159999999999997,-0.051950887879647634
302.90331931991727,699.82174786864255,-991.136074066162,32.090000000000003,-0.052075844465188814
302.91627314873085,699.50675593254584,-990.65232276916504,32.090000000000003,-0.05211114883476678
302.92922841281489,699.58426053622179,-991.78385734558105,32.509999999999998,-0.052084521286849553
302.94218817932722,699.82739166552358,-991.78385734558105,32.509999999999998,-0.051992574913080375
302.95514465206179,699.64952766722092,-992.07711219787598,32.57,-0.051900771342654181
302.96809946807775,699.56006486453521,-990.48352241516102,32.57,-0.05186523000465379
302.98106116967028,699.931885996598,-990.48352241516102,32.490000000000002,-0.051860043571230696
302.99402659448521,700.13294000328767,-990.86046218872104,32.490000000000002,-0.051949859286126311
303.00699349389265,700.21256800246795,-991.68610572814896,32.229999999999997,-0.052015668608571902
303.01995759415928,700.06141439744056,-990.37051200866699,32.229999999999997,-0.051971809524170756
303.03292332424081,700.14942440437335,-989.51888084411598,32.240000000000002,-0.051858920810696145
303.04589193831725,700.30516012776536,-990.45825004577603,32.240000000000002,-0.051666605803221327
303.05885664911727,700.09438319961203,-992.57493019104004,32.359999999999999,-0.051472734452125336
303.07182174175927,700.11500266904932,-993.01314353942905,32.359999999999999,-0.051396423950199499
303.08479093532594,700.33645260093351,-992.25926399231003,32.140000000000001,-0.0513460073198823
303.09776297977413,700.49040020121708,-992.25926399231003,32.140000000000001,-0.051386200098090591
303.1107261632049,700.01190526140681,-991.96696281433105,32.119999999999997,-0.051405881013830257
303.12367951704442,699.48110733320266,-991.94526672363304,32.119999999999997,-0.051341971589260751
303.13663706804317,699.70775393501094,-992.39444732666004,32.159999999999997,-0.051272620136092621
303.14959453522346,699.70322773293481,-993.77942085266102,32.159999999999997,-0.051171249813406705
303.16255218349374,699.71300659816723,-993.77942085266102,32.579999999999998,-0.051087746395672318
303.17551147606662,699.80179893300499,-995.35131454467796,32.579999999999998,-0.051106721576454378
303.1884788359618,700.23743433985817,-996.33479118347202,32.460000000000001,-0.051157987779744764
303.20144750281366,700.30801000083818,-996.38271331787098,32.460000000000001,-0.05118499613460889
303.21441203148885,700.08454846205871,-996.27256393432594,32.189999999999998,-0.051127819137813155
303.22737127128528,699.7989490049722,-997.04980850219704,32.189999999999998,-0.051020342442240976
303.24033603382588,700.0971771948681,-996.63019180297795,32.32,-0.050912102062819112
303.25330455063079,700.29990746460908,-996.63019180297795,32.32,-0.050842149389755772
303.26626862399269,700.05996154123181,-996.55818939208996,32.409999999999997,-0.050788708030563172
303.27923052116421,699.94244726118347,-998.67415428161598,32.409999999999997,-0.050734683043148744
303.29219825876299,700.25783033650089,-998.67415428161598,32.460000000000001,-0.05068758813101288
303.30516115037904,699.99614726644165,-999.50075149536099,32.460000000000001,-0.050682837350021617
303.31811391955432,699.44953546545548,-999.66502189636196,32.119999999999997,-0.050663940815349501
303.33106103042718,699.14398713318735,-997.48873710632301,32.119999999999997,-0.05063360246410898
303.34401212425684,699.3590668016144,-998.84915351867699,32.170000000000002,-0.050621999220803161
303.3569618666333,699.28608832856662,-998.84915351867699,32.170000000000002,-0.050528159157193532
303.3699074377198,699.06083867217455,-1001.2652873992899,32.5,-0.050490497507758067
303.38285519224075,699.17874412991523,-1002.41684913635,32.240000000000002,-0.050480248819639098
303.39581119103582,699.62393493470233,-1003.15761566162,32.399999999999999,-0.050437005443806519
303.40876771550984,699.65232159652498,-1005.47361373901,32.399999999999999,-0.050450781773771117
303.42171798356662,699.31447506733332,-1004.99439239502,32.259999999999998,-0.05045654148655266
303.43467070824573,699.44713266987583,-1002.42567062378,32.259999999999998,-0.050465763649681299
303.44763115669269,699.86421613597133,-1001.8355846405,32.140000000000001,-0.050560158366608723
303.46058833723214,699.68774913254867,-1003.48830223083,32.140000000000001,-0.050539805863058965
303.47354293904328,699.5484977992503,-1004.02164459229,32.490000000000002,-0.050463314271138003
303.48649721592716,699.53095173064037,-1004.31871414185,32.490000000000002,-0.05032061599211133
303.49945673512099,699.81403646613785,-1004.69660758972,32.560000000000002,-0.050109902189876931
303.51242030246425,700.03263653594126,-1003.71265411377,32.560000000000002,-0.049929890988116732
303.52537997791359,699.82247426377091,-1003.5488605499301,32.469999999999999,-0.049771301241460522
303.53834486980367,700.10416206484445,-1003.5488605499301,32.469999999999999,-0.049707111384585868
303.55131484878518,700.37886500143759,-1004.1542053222699,32.229999999999997,-0.049699138228028635
303.56428482052348,700.37847386771318,-1005.70750236511,32.229999999999997,-0.049649835046396099
303.57725272058644,700.26660340103376,-1006.84380531311,32.280000000000001,-0.049546492389388228
303.59022173099254,700.3265619306037,-1007.28559494019,32.280000000000001,-0.04938089288748513
303.6031954652729,700.58165113800305,-1007.28559494019,32.159999999999997,-0.049269219031805984
303.61617128468276,700.69424813171486,-1007.2212219238299,32.450000000000003,-0.049262643895743211
303.62914320598901,700.4837505376845,-1007.84397125244,32.100000000000001,-0.049329451802947698
303.6421120932531,700.31991226157515,-1008.6731910705601,32.100000000000001,-0.049354585094012027
303.6550801361185,700.27431473209049,-1010.47492027283,32.159999999999997,-0.049358925057360191
303.66804481380501,700.09259507100728,-1010.47492027283,32.159999999999997,-0.049216569296898049
303.68100253347774,699.71686232689967,-1011.5699768066401,32.259999999999998,-0.049100783136682397
303.69396423610493,699.93194186891867,-1011.5699768066401,32.259999999999998,-0.049041283005853559
303.70693342863706,700.3363967341088,-1010.91074943542,32.259999999999998,-0.049060435137940318
303.71990735125189,700.591821202912,-1010.78581809998,32.259999999999998,-0.04917987104887471
303.73287881724571,700.4591636663215,-1010.51354408264,32.119999999999997,-0.049247061833592641
303.74585071268149,700.48235353181246,-1009.38367843628,32.119999999999997,-0.049214937413423865
303.75882881900492,700.81774146455177,-1006.81519508362,32.189999999999998,-0.049125824329875147
303.77180884074812,700.92117413359813,-1005.79762458801,32.189999999999998,-0.048973583097992435
303.78478508856546,700.71738213587696,-1006.1073303222699,32.57,-0.04883542139433189
303.79776503994196,700.91737433214644,-1005.97715377808,32.57,-0.048746896078916746
303.8107492391851,701.14675912833798,-1006.57629966736,32.490000000000002,-0.048792286673066336
303.82373100974445,701.01561020486088,-1006.57629966736,32.490000000000002,-0.048886126734436854
303.83670748521854,700.72967560178654,-1006.81591033936,32.259999999999998,-0.04899126787949757
303.84968327151358,700.69245993166226,-1004.61077690125,32.259999999999998,-0.048979630486499802
303.86266435289497,700.97839459519253,-1005.3648948669399,32.329999999999998,-0.048964235723906645
303.87564682401728,701.05344060241623,-1007.26008415222,32.329999999999998,-0.048892647028169811
303.88862831518031,701.00052280415116,-1007.26008415222,32.140000000000001,-0.048921499401159606
303.90161856905434,701.47370919749244,-1007.155418396,32.390000000000001,-0.04897294462520168
303.91461079836671,701.58038286783983,-1006.40606880188,32.530000000000001,-0.049075650878560445
303.92759433533587,701.11099633640652,-1006.74676895142,32.530000000000001,-0.049104118305811142
303.94056950488891,700.65915586259098,-1007.1222782135,32.159999999999997,-0.04899287389381575
303.95354419429265,700.63322780271665,-1007.86399841309,32.159999999999997,-0.048924567591576838
303.96652144897286,700.77175272989462,-1006.01768493652,32.189999999999998,-0.048898556786799004
303.97949732633083,700.69737733341469,-1006.01768493652,32.189999999999998,-0.048914084003769974
303.99246973502966,700.51006973677943,-1006.3948631286599,32.210000000000001,-0.048966710972623721
304.00544574898151,700.70475339757184,-1007.68709182739,32.210000000000001,-0.048895454447402266
304.01842249039993,700.74403659637574,-1007.9026222229,32.240000000000002,-0.048817633133861858
304.03139758855065,700.65530013935449,-1007.9026222229,32.240000000000002,-0.048723667859600417
304.04436719086425,700.35852493207551,-1005.13863563538,32.140000000000001,-0.048645245325147017
304.05734412682597,700.75454193368068,-1004.4238567352299,32.140000000000001,-0.04866132823194038
304.07032633200248,701.03907953088299,-1004.4238567352299,32.159999999999997,-0.048812432214411637
304.0833046980618,700.83176720323331,-1004.82082366943,32.159999999999997,-0.048970258276709283
304.09627993280742,700.66267626396746,-1004.21047210693,32.600000000000001,-0.049153451497325654
304.10925444629504,700.62372833206325,-1002.5532245636,32.600000000000001,-0.049158897664920029
304.12222750381483,700.54510606763051,-1003.65447998047,32.57,-0.049068926729694179
304.13519527452712,700.25961846510529,-1004.63604927063,32.57,-0.048914492751050087
304.14815497584704,699.82387127513903,-1004.63604927063,32.439999999999998,-0.048847459256923596
304.16111623661357,699.90808139268404,-1003.1166076660199,32.439999999999998,-0.04892238208752369
304.17407696445804,699.87930360263294,-1002.2280216217,32.229999999999997,-0.049114453917013787
304.18703310502099,699.63159039893446,-1002.2280216217,32.229999999999997,-0.04931769644190457
304.19998463450247,699.38259199995707,-1002.69460678101,32.259999999999998,-0.04943527488244278
304.21293622193213,699.38572120165702,-1001.82032585144,32.259999999999998,-0.049333053951093296
304.22588907596167,699.45411759481215,-1001.83701515198,32.259999999999998,-0.049131013866603603
304.23883946715927,699.32112467040986,-1001.83701515198,32.259999999999998,-0.048885439625214577
304.25179118497527,699.39276206486602,-1001.89638137817,32.210000000000001,-0.048788042946280169
304.26474975525554,699.7627951342763,-1001.34229660034,32.210000000000001,-0.048915344394488039
304.2777089433124,699.79615507017218,-1000.95081329346,32.189999999999998,-0.049136386563283063
304.29065989433957,699.3513554650616,-999.45640563964798,32.189999999999998,-0.04934181562740849
304.30360384181978,698.97316393214157,-998.52204322814896,32.140000000000001,-0.049438317202686231
304.31655106341736,699.14996626841616,-998.51250648498501,32.140000000000001,-0.049332820086281572
304.32950183852711,699.34185592845643,-996.89769744873001,32.450000000000003,-0.049145297250976855
304.34245749894069,699.60566233356406,-996.34718894958496,32.450000000000003,-0.048943381341550372
304.35541585605188,699.75128400176766,-997.49612808227505,32.450000000000003,-0.048844828787774512
304.36838619204082,700.39814340327541,-996.72460556030296,32.450000000000003,-0.048853222073722946
304.38135805436298,700.48056539771187,-996.74034118652298,32.520000000000003,-0.048928771995816925
304.39431973112102,699.93054493449449,-996.74034118652298,32.520000000000003,-0.048980054756006315
304.40727897712719,699.79928433232806,-995.14746665954601,32.119999999999997,-0.048923210964093224
304.42023517046545,699.63444026651121,-995.93663215637196,32.119999999999997,-0.048746051680426145
304.43318753089386,699.42746313431337,-995.93663215637196,32.140000000000001,-0.048530609864781339
304.44613297262964,699.05385373075012,-998.01778793334995,32.140000000000001,-0.048350661785581575
304.45907566592962,698.90543819919424,-998.43931198120094,32.189999999999998,-0.048294615828533227
304.472023453563,699.18053220355989,-996.50645256042503,32.189999999999998,-0.048357574267965414
304.48497160337905,699.20009006592886,-997.20287322998001,32.530000000000001,-0.048361718654985994
304.49791215980986,698.79004726518644,-997.20287322998001,32.530000000000001,-0.048301691809849466
304.51085443815435,698.88303060115243,-997.20239639282204,32.43,-0.048192005811227567
304.52380324506913,699.23557339732929,-997.42197990417503,32.43,-0.048095386268006246
304.53675613117656,699.4558498016321,-997.42197990417503,32.280000000000001,-0.048113235582505715
304.54970919320135,699.46534933823739,-998.28052520751896,32.280000000000001,-0.048166464806232615
304.56266377535184,699.54743612623008,-998.53110313415505,32.280000000000001,-0.048247114237750015
304.57562241082348,699.76631546970077,-998.19731712341297,32.280000000000001,-0.048341204722357936
304.58857751347898,699.57554339896944,-996.24419212341297,32.359999999999999,-0.04832782679091184
304.6015264104222,699.24043493225724,-996.24419212341297,32.359999999999999,-0.048236074960120758
304.61447559400625,699.25591353813945,-994.77481842041004,32.43,-0.048100437141099919
304.62742826694443,699.4443386636276,-995.17369270324696,32.43,-0.047973988370391941
304.64037562513448,699.157342261125,-996.42562866210903,32.100000000000001,-0.047876255378384178
304.65332185849502,699.09660146960209,-996.63376808166504,32.100000000000001,-0.047782594336951124
304.66627307546668,699.36571647064284,-996.86574935913097,32.140000000000001,-0.047647145887647138
304.67923225731494,699.79581980327214,-996.98638916015602,32.140000000000001,-0.047573557950808185
304.69219156954813,699.80286059503328,-997.02501296997104,32.189999999999998,-0.04736984562501495
304.70514835375928,699.66634740115842,-997.02501296997104,32.189999999999998,-0.047259158972187167
304.71810985459996,699.9210453978892,-997.61080741882301,32.420000000000002,-0.047117901136961952
304.73107804647782,700.28236140149511,-999.15504455566395,32.420000000000002,-0.047100932440804467
304.74404198428027,700.05264133290757,-999.21846389770496,32.229999999999997,-0.047188842048159922
304.75699562993339,699.49686526771211,-999.08471107482899,32.229999999999997,-0.047261849459268195
304.76994671755313,699.35873146876258,-1001.31273269653,32.100000000000001,-0.04730187252908357
304.78289955813091,699.45339119968367,-1003.77058982849,32.100000000000001,-0.047380445111827291
304.79584826156548,699.22998546727297,-1002.4619102478,32.479999999999997,-0.047395452857402362
304.80879289098027,699.00998839709337,-1002.4619102478,32.479999999999997,-0.047469250857206699
304.82174615479136,699.47624579827482,-1000.50592422485,32.119999999999997,-0.047445316901202537
304.83470970143827,700.03151893564052,-1002.69269943237,32.57,-0.047453794007234609
304.84767569849879,700.16384126578714,-1003.18622589111,32.439999999999998,-0.047483077893660477
304.86064779468768,700.49319420196912,-1003.18622589111,32.439999999999998,-0.047542768427657429
304.87362484137174,700.76052093700548,-1002.90179252625,32.189999999999998,-0.047561308989662487
304.88660977532459,701.18643345537066,-999.83263015747104,32.189999999999998,-0.047580696021538915
304.89958915445561,700.88647307514293,-1000.76508522034,32.32,-0.047469134959524324
304.91256019204076,700.43602959620739,-1000.31495094299,32.32,-0.047370019472607175
304.92553497250736,700.63814519897312,-1000.31495094299,32.460000000000001,-0.047198874462224559
304.93851125240371,700.71911440315296,-1002.44307518005,32.460000000000001,-0.047099804505685558
304.95148431716672,700.54549720135515,-1002.44307518005,32.159999999999997,-0.047075387296610212
304.9644498847839,700.14065132884832,-1002.80332565308,32.159999999999997,-0.04712352011778128
304.97742413853587,700.60970260437387,-1002.7813911438,32.210000000000001,-0.047227445368745485
304.99039776209378,700.57567212918218,-1002.86555290222,32.210000000000001,-0.047358987438703926
305.00336269330614,700.10628546584485,-1002.86555290222,32.240000000000002,-0.047428863536020313
305.01632667560489,700.05504413398319,-1005.19204139709,32.240000000000002,-0.047484882588832947
305.02929322421602,700.19362499943395,-1005.19204139709,32.189999999999998,-0.047483956441843028
305.04226239708515,700.33533493468065,-1006.0946941375699,32.189999999999998,-0.04756653991818046
305.05523344812349,700.43675606827969,-1007.51662254333,32.079999999999998,-0.047629124795307759
305.06820414111866,700.41742173916134,-1007.91597366333,32.079999999999998,-0.047751868971542301
305.08117563401606,700.4606164620742,-1007.98392295837,32.140000000000001,-0.047913634528001278
305.09414448920251,700.31818006574713,-1006.74295425415,32.140000000000001,-0.048052729624413301
305.10710300774201,699.76000113352404,-1006.25038146973,32.57,-0.048086940206935866
305.1200545372235,699.38259199995707,-1006.25038146973,32.57,-0.048067390711410314
305.13301119104818,699.65930653245334,-1005.35488128662,32.420000000000002,-0.047934110172043416
305.14596874204818,699.70775400096284,-1006.36625289917,32.420000000000002,-0.047865010177090626
305.15892533895925,699.65623319757799,-1006.36625289917,32.25,-0.047812809547190381
305.17188627376299,699.89047940228954,-1005.99241256714,32.25,-0.047765784999916065
305.18485604474944,700.36763326900439,-1005.65409660339,32.359999999999999,-0.047784425938394867
305.19783081797289,700.63775406524871,-1004.2254924774199,32.359999999999999,-0.047830197338778913
305.21080252507534,700.47218353285552,-1003.95894050598,32.43,-0.047937946187239858
305.22377280932346,700.3953493970273,-1003.95894050598,32.43,-0.048010996025319136
305.23674345057896,700.41462779886513,-1004.30631637573,32.140000000000001,-0.047992118116891233
305.24971612522222,700.52443073686459,-1007.7440738678,32.549999999999997,-0.047966807874115086
305.26267576238388,699.82040672959511,-1009.54532623291,32.189999999999998,-0.047897950021863755
305.27562944115073,699.49865340730867,-1009.55414772034,32.189999999999998,-0.047798323341643974
305.28858358143953,699.52357559503548,-1008.6121559143101,32.210000000000001,-0.047797142631403132
305.30154266601608,699.79056713461978,-1007.19881057739,32.210000000000001,-0.047786405516035725
305.31449609849994,699.48535412970762,-1007.09867477417,32.280000000000001,-0.047883507277859186
305.32744979071975,699.49937986838893,-1007.09867477417,32.280000000000001,-0.047983970078679841
305.34041327217409,700.02799853426404,-1008.00156593323,32.189999999999998,-0.047997662591003479
305.35337895051481,700.14663039812513,-1006.02674484253,32.189999999999998,-0.047958482884700775
305.3663414199321,699.97334853467521,-1006.02674484253,32.119999999999997,-0.047828168091051705
305.37930412218026,699.98592140065978,-1007.54642486572,32.119999999999997,-0.047642346472158127
305.39227274350003,700.30555126698596,-1007.54642486572,32.170000000000002,-0.047507370925026396
305.40524531466298,700.5188428013123,-1008.24475288391,32.170000000000002,-0.047440634420002285
305.41821477313835,700.35075766824207,-1006.82830810547,32.5,-0.047521910940265567
305.43118645437033,700.47078652698337,-1003.5514831542999,32.5,-0.047638518735258525
305.44415806420125,700.46693086969901,-1002.54678726196,32.420000000000002,-0.047733765095115004
305.45712623641731,700.28129966801885,-1005.19108772278,32.420000000000002,-0.047672101193141268
305.47008700358407,699.88142700363335,-1005.99908828735,32.259999999999998,-0.047505383068986926
305.48304811430495,699.89997892790291,-1006.26873970032,32.259999999999998,-0.047305816163869099
305.49601641690623,700.28834047077191,-1005.2959918975801,32.299999999999997,-0.047205306797183468
305.50899153471852,700.65636186183895,-1004.19068336487,32.299999999999997,-0.04716819048738391
305.52196552149132,700.59528573196792,-1002.88796424866,32.329999999999998,-0.047262963942218357
305.53494007430129,700.62585173855973,-1002.88796424866,32.329999999999998,-0.047338270685208052
305.54792055135806,700.94576106541706,-1001.93119049072,32.469999999999999,-0.047371305731972346
305.560891485463,700.43044166615107,-1000.24437904358,32.469999999999999,-0.047261525566846103
305.57385407802099,699.97999813225567,-1000.24437904358,32.119999999999997,-0.047071319486863251
305.58681729974074,700.01397286703059,-1001.85966491699,32.119999999999997,-0.046836480291699976
305.59977739118017,699.84493772863755,-1001.85871124268,32.100000000000001,-0.046716695651010311
305.61273607218396,699.76877420355299,-1003.26585769653,32.100000000000001,-0.046726425901897101
305.62569155150862,699.59588353428353,-1000.92577934265,32.189999999999998,-0.046873938085493241
305.63864828397783,699.66355333445415,-997.72167205810501,32.189999999999998,-0.047006442520664542
305.65160745237415,699.79509340264792,-998.46744537353504,32.590000000000003,-0.047123529430140053
305.66456870693338,699.90774619723231,-1000.2913475036599,32.590000000000003,-0.047087804932290436
305.67753209835928,700.02313699933609,-1000.68926811218,32.509999999999998,-0.047007949194199358
305.6905043373506,700.50090553302596,-1000.19121170044,32.509999999999998,-0.046968792254561506
305.70349029782727,701.24186573889642,-999.583959579468,32.350000000000001,-0.047050980436296463
305.71647650458766,701.25516506046552,-1000.27513504028,32.350000000000001,-0.047086308606601221
305.72945760562965,700.97945626821274,-999.33147430419899,32.25,-0.047142347320636005
305.74243979114573,701.03801786885469,-996.00934982299805,32.25,-0.047143982308636895
305.75542040479627,700.95313712957397,-996.00934982299805,32.259999999999998,-0.047170280788224557
305.76839359994574,700.55253807006,-994.26984786987305,32.280000000000001,-0.047040968719653256
305.78135976464444,700.17289373039546,-993.56269836425804,32.329999999999998,-0.0468187955103984
305.79432947043705,700.36411280167579,-995.2392578125,32.329999999999998,-0.046636289399004306
305.80729570136288,700.17646999310057,-999.30500984191895,32.159999999999997,-0.046589783288758624
305.82026246417774,700.20519200426304,-996.74296379089401,32.159999999999997,-0.046599045809716619
305.83322518608645,699.98698306818403,-995.29576301574696,32.100000000000001,-0.046646176940380757
305.84618838297041,700.01263173347922,-995.29576301574696,32.100000000000001,-0.046607700901318883
305.85915458078148,700.17468179854393,-995.71037292480503,32.490000000000002,-0.046503829458419001
305.87211876486788,700.0659406654687,-998.01445007324196,32.140000000000001,-0.046403392528891682
305.88508335770001,700.08801293615454,-998.01445007324196,32.549999999999997,-0.046360780381004288
305.89804807470875,700.0947184720078,-996.78301811218296,32.549999999999997,-0.046452319041657066
305.91101484373212,700.20552726017092,-996.01960182189896,32.509999999999998,-0.046673063188101993
305.92396866012837,699.50608539874611,-996.45566940307594,32.509999999999998,-0.046778427851350168
305.93691468652713,699.0854255325454,-996.68121337890602,32.350000000000001,-0.046853119921054572
305.94986313540119,699.21623920011473,-996.68121337890602,32.350000000000001,-0.046819593343125805
305.96281486563328,699.39343253271375,-995.97811698913597,32.280000000000001,-0.046792868524177529
305.97576443933826,699.27698006858179,-995.68247795105003,32.280000000000001,-0.046818637186152132
305.98871726749627,699.45272053398014,-997.32708930969204,32.399999999999999,-0.04682427479118012
306.00167866382344,699.91540166696041,-996.88959121704102,32.399999999999999,-0.046842252421366998
306.01464402344448,700.12941953595907,-996.88959121704102,32.520000000000003,-0.046877269115422684
306.02760646699255,699.97195159475507,-995.24617195129395,32.520000000000003,-0.046908615364493325
306.04056566850124,699.79688147079662,-992.892026901245,32.159999999999997,-0.046933199175195776
306.05352573924569,699.84382019978466,-992.892026901245,32.159999999999997,-0.046872150980671046
306.06648269316423,699.67551159941581,-993.308544158936,32.159999999999997,-0.046806896312153914
306.07943085022225,699.20048113370137,-994.80271339416504,32.159999999999997,-0.046750530600152551
306.09237503156913,698.98579273090286,-995.65410614013695,32.539999999999999,-0.04668088526312119
306.1053176141445,698.8994590694615,-994.90976333618198,32.240000000000002,-0.046691280892357558
306.11826367365802,699.08721373259812,-994.90976333618198,32.390000000000001,-0.046691742414963169
306.13120811473948,698.99981839813631,-993.96729469299305,32.390000000000001,-0.046708019863411512
306.14415154171485,698.94505667039425,-994.69685554504395,32.310000000000002,-0.046705848847828163
306.15710544813834,699.51094686772217,-996.17624282836903,32.310000000000002,-0.046682306047328946
306.17006185671488,699.64606313266893,-996.49190902709995,32.229999999999997,-0.046716753599800612
306.18301708147777,699.58213719567732,-994.32015419006302,32.229999999999997,-0.046791423939751872
306.19597534752592,699.74636660001522,-995.99528312683105,32.399999999999999,-0.046887575751823063
306.2089372374532,699.94205607249899,-995.99528312683105,32.399999999999999,-0.046979388636032925
306.22189564009511,699.75374266417202,-997.51925468444801,32.520000000000003,-0.046972998728045022
306.23484644728393,699.3435881957322,-996.16551399231003,32.520000000000003,-0.046884246790831724
306.24779626830627,699.29033520751148,-995.79358100891102,32.57,-0.046780007995291022
306.26074632836668,699.30324326345203,-995.79358100891102,32.57,-0.046763096210706782
306.27369375175067,699.16086273394956,-998.79956245422397,32.229999999999997,-0.046681773124578524
306.28663443753339,698.79703226706681,-998.10290336608898,32.229999999999997,-0.046578373553249404
306.29957330516675,698.69885220072103,-998.10290336608898,32.280000000000001,-0.046457649311670852
306.31252074717656,699.16186852915325,-999.42612648010197,32.280000000000001,-0.046307361788476546
306.3254732379902,699.43450393706644,-1000.28085708618,32.280000000000001,-0.046210486649061917
306.3384232204408,699.29905233377178,-999.33028221130405,32.280000000000001,-0.046157455071720255
306.35137682780612,699.49479772804034,-998.04377555847202,32.170000000000002,-0.046106791123099469
306.36433648359508,699.82141260174285,-998.04377555847202,32.170000000000002,-0.046113975759898736
306.37729118267646,699.55375039645469,-1000.9574890136701,32.369999999999997,-0.046114443490438188
306.39023594868644,699.01736453819433,-1002.69460678101,32.119999999999997,-0.04610489432944475
306.40318367733698,699.17734712953927,-1002.69460678101,32.140000000000001,-0.046105683883875315
306.41612894315682,699.04435427108888,-1002.65836715698,32.140000000000001,-0.046157738607737885
306.4290742358815,699.04580713279358,-1002.76112556458,32.560000000000002,-0.046271175766392877
306.44201581780248,698.84542373135173,-1003.28040122986,32.560000000000002,-0.046384590159400794
306.45496189697775,699.08827546607415,-1002.89702415466,32.479999999999997,-0.046497221208659997
306.46791356201857,699.38991220278535,-1002.0892620086699,32.479999999999997,-0.046667573559474679
306.48086848151365,699.56565273413571,-1002.0892620086699,32.229999999999997,-0.046789044927495013
306.49382629224823,699.72177966819618,-1001.7421245575,32.310000000000002,-0.046804945709213543
306.50679163324321,700.12841372976345,-1002.69079208374,32.299999999999997,-0.046722010398187026
306.5197690959198,700.7829845337759,-1004.52423095703,32.299999999999997,-0.046667290023762374
306.53274594806174,700.75001566565265,-1003.97706031799,32.380000000000003,-0.046698041260566314
306.54571784970614,700.48268879871227,-1002.24637985229,32.380000000000003,-0.046794920538060697
306.55869299338889,700.65775886771087,-1002.73489952087,32.329999999999998,-0.046839721292899497
306.57166960442231,700.73699580461482,-1002.73489952087,32.329999999999998,-0.046807534785250002
306.58464263710738,700.5437649945352,-1003.9913654327401,32.170000000000002,-0.046815523463321192
306.5976129865482,700.39886980389974,-1004.2812824249301,32.170000000000002,-0.046872126145169876
306.61058689571109,700.59109479679182,-1003.28469276428,32.119999999999997,-0.046939916080946699
306.62356382546295,700.75420660082875,-1003.28469276428,32.119999999999997,-0.047062610585873556
306.63653778015674,700.59355346469204,-1006.55794143677,32.100000000000001,-0.047135726651650632
306.64950748595072,700.36411287312376,-1005.87606430054,32.100000000000001,-0.0471674619855579
306.66247994018153,700.51252846513569,-1005.87606430054,32.409999999999997,-0.047200353195527942
306.67545755186785,700.79103106028458,-1006.46901130676,32.409999999999997,-0.047114433512844715
306.68844082289269,701.0966353418172,-1005.63097000122,32.469999999999999,-0.047077842884715802
306.70142135893332,700.94894619439765,-1004.90498542786,32.469999999999999,-0.047090149795262458
306.71440640257413,701.19235660286267,-1003.43227386475,32.469999999999999,-0.047176450282958811
306.72739901476422,701.60105826455788,-1003.43227386475,32.469999999999999,-0.047378026776108355
306.74038231165923,701.09803233120135,-1003.49712371826,32.140000000000001,-0.04751102791916581
306.75335363588397,700.45150813613759,-1001.63817405701,32.140000000000001,-0.047519152155937966
306.76631965157037,700.1648470664868,-1001.67608261108,32.119999999999997,-0.047465809103263236
306.77928762303463,700.27045906931005,-1001.67608261108,32.119999999999997,-0.047391623051564663
306.79225249526422,700.1031003973203,-1003.18241119385,32.159999999999997,-0.047374016916169472
306.80521987585558,700.23855193466284,-1003.16691398621,32.159999999999997,-0.047391860021513757
306.8181953506753,700.67564026367666,-1002.97403335571,32.579999999999998,-0.047555176748230885
306.83117255361606,700.76895880059044,-1002.97403335571,32.579999999999998,-0.047901438342995303
306.84415171854204,700.87490600436161,-1002.56037712097,32.450000000000003,-0.048293583094998378
306.85713113699501,700.88859645965522,-1001.96313858032,32.450000000000003,-0.048513733263950989
306.87011067859009,700.89524613417984,-1003.52334976196,32.229999999999997,-0.04853300853693724
306.88308793327036,700.77175273539069,-1005.35750389099,32.280000000000001,-0.048501214219261742
306.8960583147902,700.40060207117574,-1004.44793701172,32.310000000000002,-0.048553071295110627
306.90902161515424,700.01821965803958,-1002.56562232971,32.310000000000002,-0.048672697610129143
306.92197873774444,699.68461987039257,-1002.56562232971,32.460000000000001,-0.048807436185378
306.93493541744073,699.66070359878142,-1002.92229652405,32.460000000000001,-0.048844585609586232
306.94788300949625,699.16997099943035,-1002.97331809998,32.520000000000003,-0.048868707898191963
306.96082550825304,698.89493286738548,-1000.68688392639,32.520000000000003,-0.048797379972011466
306.97377641374817,699.34889673670546,-999.67408180236805,32.159999999999997,-0.048675785461157861
306.98673195723086,699.59934806333933,-999.67408180236805,32.159999999999997,-0.048519601631808441
306.99969038574204,699.75513960409216,-1001.42645835876,32.189999999999998,-0.048375271466966692
307.01265532316421,700.10662079869678,-1001.9824504852299,32.189999999999998,-0.048392766879162094
307.02562095597403,700.14417173022491,-1001.9824504852299,32.229999999999997,-0.048531321808995907
307.03858933618517,700.29253140045205,-1001.0058879852299,32.229999999999997,-0.048693327440134243
307.05155557952844,700.17714053789211,-998.61884117126499,32.32,-0.048877252265373101
307.06452171214818,700.17116146311946,-999.106884002686,32.32,-0.049031226793097689
307.07748854015432,700.20871233419166,-997.53403663635197,32.210000000000001,-0.049145160656178397
307.09045291981727,700.07650179815016,-997.53403663635197,32.210000000000001,-0.049162098309206197
307.10341142490489,699.75927473289971,-998.05474281311001,32.140000000000001,-0.049163689836784805
307.11637015868399,699.77162407112974,-997.79915809631302,32.140000000000001,-0.049144722934910248
307.12933285472354,699.98558613375997,-997.28822708129906,32.560000000000002,-0.04922024284844536
307.14229671388028,700.04839446495475,-997.46870994567905,32.560000000000002,-0.049214531770263345
307.15525491473579,699.74284619863863,-995.96214294433605,32.539999999999999,-0.049231912319754309
307.16821597371603,699.89718493264684,-994.97365951538097,32.539999999999999,-0.049241589794908489
307.18118575194694,700.3680244686808,-994.52686309814396,32.450000000000003,-0.049195194409898155
307.1941531832432,700.24128999714253,-994.52686309814396,32.450000000000003,-0.049039582825132808
307.20711146274323,699.74709300063955,-995.400428771973,32.240000000000002,-0.048823773653081409
307.2200702089408,699.77229467088159,-995.61715126037598,32.240000000000002,-0.048544141981783286
307.23303175531362,699.92350413174154,-995.61715126037598,32.299999999999997,-0.048377364873555373
307.24599467900867,699.99787953371742,-996.20413780212402,32.299999999999997,-0.048348925386637889
307.25894807217031,699.48323072870721,-996.20413780212402,32.390000000000001,-0.048419836287241447
307.27189603468651,699.18997587334059,-993.89839172363304,32.390000000000001,-0.048549941016398458
307.28484363295183,699.1703063267862,-992.46168136596702,32.159999999999997,-0.048711197450732026
307.29779565499882,699.40919053867117,-992.46168136596702,32.159999999999997,-0.048680238218679471
307.31074594271723,699.31553679531339,-992.96140670776401,32.579999999999998,-0.048566491653222396
307.32370324743334,699.6944546684017,-994.95697021484398,32.159999999999997,-0.048340403785307386
307.33667210882714,700.31851526669516,-995.74732780456497,32.210000000000001,-0.048248416019138034
307.34965157902099,700.89139046590344,-995.74732780456497,32.210000000000001,-0.048292011229863256
307.36262478658762,700.55320859836388,-996.51885032653797,32.280000000000001,-0.048423304946540173
307.37559528503959,700.40691640735236,-993.22104454040505,32.280000000000001,-0.048593547608522331
307.38856617361364,700.42798299825074,-993.22104454040505,32.140000000000001,-0.0487365201115132
307.40152588735066,699.82454179794684,-990.44060707092297,32.140000000000001,-0.048758850122544384
307.41447382399633,699.18857886746855,-989.38775062561001,32.159999999999997,-0.04862825179226702
307.42742340390862,699.27731526403363,-994.37189102172795,32.159999999999997,-0.048421847943600591
307.44037597854083,699.43903013914246,-994.37189102172795,32.579999999999998,-0.048230592574812339
307.45332871563699,699.44780319268352,-994.32229995727505,32.579999999999998,-0.048137148841902677
307.4662831808543,699.54112173509338,-993.77679824829102,32.359999999999999,-0.048131263918265769
307.4792428759655,699.82353600274325,-992.62499809265103,32.359999999999999,-0.048154078217346082
307.49220458480244,699.93227719627453,-993.33524703979504,32.140000000000001,-0.048102211828425973
307.50516661856796,699.94982333633243,-993.59655380249001,32.140000000000001,-0.04795360792884986
307.51812700182228,699.86069573459486,-993.39485168456997,32.469999999999999,-0.047826236114151995
307.53109238110494,700.13048126393937,-994.08984184265103,32.469999999999999,-0.047755995764853933
307.54406525753461,700.53532720239798,-995.71990966796898,32.560000000000002,-0.047717140987477931
307.5570322542136,700.21782066562434,-995.71990966796898,32.560000000000002,-0.04771356160355452
307.56998963654081,699.69864566953004,-996.421337127686,32.5,-0.047761723399833179
307.58294890945183,699.80073719403288,-994.91763114929199,32.5,-0.047798280914774748
307.59590935789879,699.86421613597133,-994.91763114929199,32.210000000000001,-0.047825788043715137
307.60886775950615,699.75368679734743,-993.82066726684604,32.210000000000001,-0.047831969956149085
307.62182455095927,699.66673846893093,-993.82066726684604,32.380000000000003,-0.047801086264153102
307.63478881265559,700.0701316006448,-992.47860908508301,32.380000000000003,-0.047846320602587408
307.64775948599015,700.41636006614112,-993.88694763183605,32.450000000000003,-0.047842143103091934
307.66073479213702,700.66653193224386,-995.37706375122104,32.450000000000003,-0.047801359453037581
307.6737108650716,700.70793846609638,-994.87662315368596,32.119999999999997,-0.0477533797825462
307.6866885812741,700.79667493410955,-994.243383407593,32.119999999999997,-0.047710144685010454
307.69966492636297,700.72263479903347,-995.08595466613804,32.100000000000001,-0.047681380269878712
307.71263311824077,700.28236140149511,-995.08595466613804,32.100000000000001,-0.04762820175172499
307.72559296960623,699.83197373442431,-998.20375442504906,32.579999999999998,-0.047578752661204995
307.73854609682343,699.46886972862194,-997.941493988037,32.170000000000002,-0.047590472838392461
307.75149465021121,699.22188294203568,-997.941493988037,32.530000000000001,-0.047701135691205897
307.76443538773339,698.79982619637099,-998.740196228027,32.530000000000001,-0.047780010434277688
307.77737259243963,698.6090541366317,-999.62091445922795,32.420000000000002,-0.047793410097512479
307.79031745572104,699.02261719585465,-1000.99539756775,32.420000000000002,-0.04774003703597355
307.80326871097907,699.36778393337067,-1000.15115737915,32.210000000000001,-0.047679058171943102
307.81622378672961,699.57409053176877,-1000.15115737915,32.210000000000001,-0.047708065765568457
307.82918255983088,699.77374746663429,-999.20797348022495,32.359999999999999,-0.047740435433881394
307.84215114803823,700.30376319883726,-1000.88429450989,32.359999999999999,-0.047773483934137551
307.85512089936299,700.36657153552801,-1001.94358825684,32.539999999999999,-0.047795457971891005
307.86808269926297,699.93719459802719,-1000.88047981262,32.539999999999999,-0.047852228291871392
307.88104220603947,699.81336593233823,-999.20868873596203,32.560000000000002,-0.047898239766425904
307.89400275175808,699.86946880462381,-998.80790710449196,32.560000000000002,-0.047955348466992849
307.90695808724445,699.58811626495401,-998.91996383667004,32.210000000000001,-0.047972210579353407
307.9199066602938,699.2229446645199,-998.91996383667004,32.210000000000001,-0.047963367153724679
307.93285782552471,699.36292246989069,-999.46832656860295,32.280000000000001,-0.047981758705674248
307.94581415545554,699.64181626471611,-1000.87022781372,32.280000000000001,-0.048015205602515133
307.95877761104083,700.02660160533594,-1001.95503234863,32.380000000000003,-0.048036415957843796
307.9717405223185,699.99720899442173,-1001.15013122559,32.380000000000003,-0.048072756164465533
307.98470517413455,700.09119806513525,-1001.15013122559,32.119999999999997,-0.048102287368482551
307.99767439253583,700.33779366853287,-1000.96583366394,32.119999999999997,-0.048114089294779984
308.01064351987543,700.3328763382284,-1002.20727920532,32.119999999999997,-0.048085483205319399
308.02361100498155,700.24419573154387,-1004.8623085022,32.119999999999997,-0.048040734189403266
308.03658135338759,700.39881392608311,-1005.99479675293,32.57,-0.048044446027500944
308.04955603554822,700.63283667448809,-1004.86469268799,32.159999999999997,-0.048118541016102322
308.06252878262723,700.52834226646974,-1004.50205802917,32.57,-0.048240237972164222
308.07549314780374,700.07571953070112,-1004.50205802917,32.57,-0.048394624350576058
308.08845207612598,699.78212940293872,-1003.2684803009,32.479999999999997,-0.048520607459886241
308.101404196479,699.4144990631562,-1002.74085998535,32.479999999999997,-0.048471809260874479
308.11435284092954,699.22680032730034,-1003.72123718262,32.399999999999999,-0.048240581526419135
308.12730412930244,699.36957213891924,-1003.50785255432,32.399999999999999,-0.047927675768349963
308.1402663834802,699.9617255970694,-1002.9385089874301,32.25,-0.047696395259179791
308.15324415142351,700.79946894035766,-1002.87318229675,32.25,-0.047592694560464985
308.16623197040616,701.34222506207527,-1002.77805328369,32.329999999999998,-0.047669113717059633
308.17921960622834,701.33233439724154,-1002.77805328369,32.329999999999998,-0.04785096169220171
308.19220450706791,701.18464533775796,-1002.14743614197,32.490000000000002,-0.047990344464848449
308.20518944722966,701.1867687332624,-999.85980987548805,32.490000000000002,-0.048049635564636511
308.21816586475427,700.72654632863851,-1000.50783157349,32.140000000000001,-0.047962773177250138
308.23113239991113,700.19289847240157,-1003.81255149841,32.140000000000001,-0.047799476111042724
308.24409730525434,700.10488853142078,-1005.84983825684,32.140000000000001,-0.047677632213252767
308.25706460720124,700.23430513266203,-1008.34989547729,32.140000000000001,-0.047727247906112311
308.27003006512967,700.13472813738815,-1008.34989547729,32.140000000000001,-0.047894545520612279
308.28299212476423,699.95122026526042,-1007.02905654907,32.140000000000001,-0.048135558350218002
308.29595531440498,700.0122405997547,-1006.27422332764,32.57,-0.048336713678896623
308.30892544239754,700.38691159939413,-1004.4481754303,32.57,-0.048401728272530843
308.32190093066913,700.67636666430099,-1004.71472740173,32.57,-0.048348972986971918
308.33488007593462,700.87384433683758,-1004.55379486084,32.57,-0.048286966564499871
308.34786478223094,701.17414000045301,-1004.55379486084,32.43,-0.048189701305779563
308.36085804427654,701.63615046223356,-1002.4197101593001,32.43,-0.048164945716422991
308.37384451180748,701.2692466714675,-1002.60186195374,32.259999999999998,-0.048074973747440533
308.38682598951857,700.99979639803098,-1004.21047210693,32.259999999999998,-0.047937683347524088
308.39980488125678,700.86015386505585,-1001.71875953674,32.310000000000002,-0.047824042331700234
308.41278777457779,701.07623933418245,-1000.81014633179,32.310000000000002,-0.047752037643735944
308.42576530244571,700.78650486920037,-999.925136566162,32.450000000000003,-0.047742644737745338
308.43873999805925,700.6335631300725,-999.925136566162,32.450000000000003,-0.047795211689176019
308.45171748660499,700.78438146819997,-1001.13868713379,32.100000000000001,-0.047883177175874793
308.46470059516543,701.08786226629218,-1000.71406364441,32.100000000000001,-0.047967542583366059
308.47767903883459,700.83595813291345,-1001.15728378296,32.140000000000001,-0.048045650538468584
308.49065432531972,700.66547019876771,-1001.15728378296,32.140000000000001,-0.048066118938682935
308.50363510143455,700.96191019960281,-1002.85148620605,32.189999999999998,-0.047994176339522472
308.51662189285804,701.28673686775687,-1001.6007423400901,32.189999999999998,-0.047923219906912319
308.52960531289375,701.10468192878193,-1001.6007423400901,32.549999999999997,-0.047891807431670548
308.54258248996422,700.76756180571044,-1002.14099884033,32.549999999999997,-0.047944425088165522
308.55555234476913,700.37215946558433,-1001.3599395752,32.25,-0.04795133136200485
308.56852214162598,700.36903026938046,-1001.2958049774199,32.5,-0.047984247406967176
308.5814831229963,699.8929939974704,-1001.96313858032,32.490000000000002,-0.047901897794220147
308.59443453554439,699.37627759782845,-1000.7107257843001,32.490000000000002,-0.04783193994636889
308.60738571940249,699.36392833654224,-1000.7107257843001,32.210000000000001,-0.047790922431401033
308.62033935988154,699.4965858676369,-998.152256011963,32.210000000000001,-0.047800808938511984
308.6332912981099,699.40466433109907,-998.709678649902,32.229999999999997,-0.04783581528380608
308.64624302109877,699.39304139898934,-1000.31423568726,32.229999999999997,-0.047940679100681227
308.65919812996304,699.57587867136544,-999.72200393676803,32.350000000000001,-0.047972318197924718
308.67215545330617,699.69546052955729,-998.68845939636196,32.229999999999997,-0.04792981263607337
308.68511269282965,699.69093426702534,-998.68845939636196,32.329999999999998,-0.047902729775621718
308.6980746479494,699.94557646837961,-997.12777137756302,32.329999999999998,-0.047920176551283819
308.7110403656136,700.14875386507754,-997.938632965088,32.229999999999997,-0.04806166618248444
308.72400473182341,700.07577533157382,-997.938632965088,32.229999999999997,-0.04825947185234318
308.73696132149138,699.65584206934932,-999.78446960449196,32.159999999999997,-0.04833601001226645
308.74991077101856,699.27027446677653,-998.934507369995,32.159999999999997,-0.048393841004486453
308.76285957069007,699.23518226360488,-997.58672714233398,32.420000000000002,-0.048446244455966965
308.7758108983852,699.37169553442368,-996.00648880004906,32.420000000000002,-0.048457003302105284
308.78876278487411,699.40187040179489,-994.66419219970703,32.490000000000002,-0.04845591572501929
308.80171415706417,699.37409826405133,-996.43230438232399,32.490000000000002,-0.048434281100082334
308.81467520362833,699.896514464799,-993.996620178223,32.600000000000001,-0.048513515956343602
308.8276352888592,699.8446024672337,-992.75326728820801,32.600000000000001,-0.048711985970082874
308.84058701184938,699.39304147043742,-992.870092391968,32.170000000000002,-0.048883988832346181
308.85353986587779,699.45411753435621,-993.52121353149403,32.170000000000002,-0.048832823004817096
308.8664927457765,699.45551452923621,-996.21748924255405,32.189999999999998,-0.048612368602425432
308.8794412805384,699.22087714133613,-997.42722511291504,32.189999999999998,-0.048355466375247826
308.89238715068399,699.07698786132039,-997.42722511291504,32.259999999999998,-0.04829966359679487
308.90533094190869,698.96472613450862,-994.74024772643997,32.259999999999998,-0.048430290900653157
308.91827816971488,699.15030153531598,-992.92421340942406,32.210000000000001,-0.048668541841811692
308.93122522263957,699.14085793148729,-995.06902694702103,32.210000000000001,-0.048855907387440958
308.94416770897783,698.89426226763362,-995.06902694702103,32.189999999999998,-0.04886302165673246
308.95711519031119,699.16399200160163,-994.37952041625999,32.189999999999998,-0.048722245006149224
308.97007527450739,699.84454659491303,-992.77567863464401,32.399999999999999,-0.04847898768831501
308.98304518208766,700.37500933316119,-992.33222007751499,32.100000000000001,-0.048320823245634359
308.99601474507773,700.3564014651231,-992.33222007751499,32.479999999999997,-0.048281672513726802
309.00898526319259,700.40797820128455,-994.68946456909202,32.479999999999997,-0.048373144948513781
309.02195713275808,700.48095653693247,-994.71449851989701,32.57,-0.04850343594102894
309.03491680820741,699.82247426377091,-991.12010002136196,32.57,-0.048570654664349858
309.04786849911858,699.39130920316143,-990.63444137573197,32.5,-0.048519666823510527
309.06081484320242,699.10258052788686,-990.63444137573197,32.5,-0.048361911127397544
309.07376439724567,699.27591833510553,-992.69437789917004,32.259999999999998,-0.048251370381625212
309.08670986485191,699.05525073662227,-995.81503868103005,32.259999999999998,-0.04821117449980622
309.09965423453207,698.99596272986003,-995.25666236877396,32.259999999999998,-0.04832637082406975
309.11260526937775,699.35588166713774,-995.25666236877396,32.259999999999998,-0.048611595605708088
309.12556259375435,699.69551633592596,-994.80533599853504,32.25,-0.048870839591229238
309.13851434985804,699.39482959904183,-994.93813514709495,32.25,-0.048856713498058091
309.15146455996546,699.31134579968136,-996.15597724914505,32.210000000000001,-0.048620681174343608
309.16441968745681,699.57688453252081,-996.15597724914505,32.210000000000001,-0.048285630634743011
309.17738465074825,700.10801773861681,-995.15223503112804,32.119999999999997,-0.048150182183199913
309.19034961507532,700.10807366040137,-997.71952629089401,32.119999999999997,-0.048229060032121518
309.20331016079382,699.86946879912784,-997.86186218261696,32.140000000000001,-0.048388008855666159
309.21626965411855,699.81263953720975,-997.86186218261696,32.140000000000001,-0.048588317715491186
309.22923282409755,700.01117886627844,-997.05505371093705,32.469999999999999,-0.048810408140454571
309.24218847209386,699.60499179976432,-997.05505371093705,32.469999999999999,-0.048919196964751478
309.25513813686052,699.28189739888637,-995.02778053283703,32.140000000000001,-0.048849586811372227
309.26809104262969,699.45691153510836,-994.82679367065396,32.539999999999999,-0.048622285119621911
309.28105163387897,699.8719274615321,-997.14350700378395,32.090000000000003,-0.048339804633841375
309.29401328373336,699.92909213874179,-997.98536300659202,32.57,-0.048166593123344911
309.30698276911357,700.35221052994689,-997.58386611938499,32.159999999999997,-0.048059639003491778
309.31995951053221,700.74403660736766,-997.58386611938499,32.159999999999997,-0.047983829346106961
309.33294454899874,701.19207719179553,-996.15788459777798,32.189999999999998,-0.047954370577721596
309.34592578560114,700.98677653149696,-998.26383590698197,32.189999999999998,-0.047931000590142006
309.35889861029011,700.53253320164595,-999.02200698852505,32.210000000000001,-0.047857895907086688
309.37186649069133,700.26554166755761,-999.02200698852505,32.210000000000001,-0.047803316264318912
309.38483336422962,700.21117106804377,-1000.2965927124,32.369999999999997,-0.047813024784536556
309.39779166856545,699.74843413419092,-1001.79839134216,32.369999999999997,-0.047846266792385753
309.41074294452102,699.36890159962354,-1004.23097610474,32.229999999999997,-0.047916988324900905
309.42370083907406,699.72630586477635,-1004.23097610474,32.229999999999997,-0.047983264342908012
309.43666161969264,699.88215340425779,-1005.29909133911,32.189999999999998,-0.048082936554625498
309.449620833621,699.79755213100418,-1003.2718181610099,32.189999999999998,-0.048220017924926056
309.46258221752953,699.9147310617127,-1001.10650062561,32.359999999999999,-0.048400340601510432
309.47555136452968,700.33393800575254,-1002.56085395813,32.359999999999999,-0.048587923455663096
309.4885249104766,700.57148113355015,-1004.41741943359,32.390000000000001,-0.048652500327520276
309.50149975510129,700.64160973352512,-1000.96964836121,32.390000000000001,-0.048720722811202231
309.51447527545184,700.67809893157698,-1000.71024894714,32.469999999999999,-0.048674537489869718
309.52745487499635,700.8983754018318,-1000.71024894714,32.469999999999999,-0.048571075830245669
309.5404316039963,700.74336599662399,-1001.0082721710201,32.100000000000001,-0.048469269855229702
309.5534017257803,700.38657633799028,-1002.60186195374,32.100000000000001,-0.04835457023620611
309.56636305794945,699.91193713240841,-1001.72400474548,32.189999999999998,-0.048335770972361483
309.57932544872227,699.96910173267429,-1001.72400474548,32.189999999999998,-0.048425486311190459
309.59228754664446,699.95328779943645,-1001.73139572144,32.189999999999998,-0.04848917635738248
309.60524455230251,699.67830553421607,-1003.00002098083,32.189999999999998,-0.048460267069358992
309.61819775092096,699.47272539689823,-1003.00002098083,32.490000000000002,-0.048395699510878361
309.6311569524309,699.79688153674851,-1005.25760650635,32.490000000000002,-0.048390946660847221
309.64411773822349,699.88243279883682,-1007.02357292175,32.399999999999999,-0.048494060626406384
309.6570775699285,699.83091207239602,-1006.4785480499301,32.399999999999999,-0.048725720908461521
309.67003572525317,699.74038753073842,-1005.4054260253901,32.329999999999998,-0.049012617933031848
309.68299933709267,700.03503933152115,-1005.4054260253901,32.329999999999998,-0.049206735566639258
309.69596710056049,700.25922726542876,-1004.73642349243,32.259999999999998,-0.049310792237512231
309.70892668494696,699.81755686751444,-1005.11074066162,32.259999999999998,-0.049367945433886513
309.72188747177529,699.88248873161353,-1003.22198867798,32.369999999999997,-0.049329741547204514
309.73484714722474,699.82247426926699,-1003.22198867798,32.369999999999997,-0.049315655810641387
309.74780424291112,699.68316706364794,-1004.1718482971201,32.530000000000001,-0.049258421900033295
309.76075774058648,699.48887447062805,-1005.55229187012,32.530000000000001,-0.049201026558514896
309.77371077674081,699.46395233236524,-1005.08046150208,32.159999999999997,-0.049180301526722182
309.786672381063,699.92663339939361,-1003.84092330933,32.159999999999997,-0.049198403332990047
309.79964125590982,700.31924172777542,-1002.3765563964801,32.579999999999998,-0.049247496450741196
309.81261337175937,700.49425587498934,-1003.79848480225,32.159999999999997,-0.049229254945249955
309.82558510473217,700.47358053323148,-1003.79848480225,32.189999999999998,-0.049241727425091995
309.83856554970993,700.94402879814118,-1003.93009185791,32.189999999999998,-0.049290488370902885
309.85154479224695,700.87909699999386,-1003.93009185791,32.399999999999999,-0.049351793196904199
309.86451991005924,700.65636186183895,-1002.2292137146,32.399999999999999,-0.049392880044096553
309.87749403342605,700.60266180711687,-1005.1639080047599,32.399999999999999,-0.049456190317912499
309.8904705471877,700.73174313046627,-1005.1639080047599,32.399999999999999,-0.049455254855612252
309.90344346293961,700.5374506033985,-1006.52551651001,32.210000000000001,-0.049481985883613931
309.91640966696059,700.17501713139586,-1003.65304946899,32.210000000000001,-0.049515248586543659
309.92937555950499,700.15819739745837,-1002.1147727966299,32.380000000000003,-0.049595054651800384
309.94234117886293,700.14344532960047,-1002.1147727966299,32.380000000000003,-0.049704091830803709
309.95530176390378,699.87159220562421,-1001.67179107666,32.530000000000001,-0.04968538362863139
309.96826021828633,699.75653665942821,-1000.40984153748,32.530000000000001,-0.049549964153213659
309.98122114791602,699.89020000221433,-1001.28984451294,32.579999999999998,-0.049399501746940307
309.9941903207864,700.33533500063277,-1001.28984451294,32.579999999999998,-0.049325930368323473
310.00715994172589,700.35953073277517,-1001.3325214386,32.159999999999997,-0.049289352156774699
310.02012882278154,700.31957700566738,-999.89652633667004,32.159999999999997,-0.049321603857449388
310.03309802255677,700.33678786233736,-999.89652633667004,32.210000000000001,-0.049378649434641687
310.0460726850568,700.63177500146787,-1000.7164478302,32.210000000000001,-0.049420119159754597
310.05904335218139,700.41602472779323,-999.84216690063499,32.25,-0.049488103637288179
310.07200750418889,700.06420840368867,-997.43914604187,32.25,-0.049388137542827018
310.08497382514196,700.18133146757248,-999.26161766052201,32.329999999999998,-0.049283802508892319
310.09794583130258,700.48833267253724,-1000.57744979858,32.329999999999998,-0.049237036663457578
310.11091436776792,700.30096912663726,-999.55368041992199,32.280000000000001,-0.049279756428796721
310.12388320950129,700.31745360466687,-998.19517135620094,32.280000000000001,-0.049349603553244629
310.13685647605195,700.55639373284043,-998.46529960632301,32.189999999999998,-0.04940828515382286
310.14983308087659,700.73666053221882,-998.46529960632301,32.189999999999998,-0.04941171552555345
310.16280953048022,700.72827859591439,-999.37462806701706,32.329999999999998,-0.049351958765080028
310.17578124379145,700.4725188052513,-998.51250648498501,32.329999999999998,-0.049154612546446125
310.18875026764943,700.32728833122815,-997.61605262756302,32.329999999999998,-0.048986847201304917
310.20172265668765,700.50900806375921,-997.21384048461903,32.329999999999998,-0.048835187529621939
310.21469036841609,700.2564333361247,-997.21384048461903,32.390000000000001,-0.048846488612090795
310.22765084894195,699.86594839775125,-997.77889251708996,32.390000000000001,-0.048956170470902727
310.24061288270747,699.94982333633243,-998.30102920532204,32.119999999999997,-0.049008899886287871
310.25357671599386,700.04699746457879,-997.92718887329102,32.119999999999997,-0.049008946450829746
310.26653757318888,699.88628853306523,-997.98727035522495,32.140000000000001,-0.04897735081573875
310.27949865907408,699.89863779984739,-995.65243721008301,32.140000000000001,-0.04894732497592879
310.29246350543326,700.10170339694412,-995.56827545166004,32.159999999999997,-0.048989204482180193
310.30543264001608,700.33326747195292,-995.56827545166004,32.159999999999997,-0.048981728031982454
310.31840039624075,700.25883613170436,-996.98615074157703,32.579999999999998,-0.049037246239745175
310.33136855603954,700.28062913421911,-997.35498428344704,32.579999999999998,-0.049049330668405423
310.3443337863099,700.12243460003083,-994.91667747497604,32.539999999999999,-0.049016073138838719
310.3573000948457,700.18066093377274,-994.91667747497604,32.539999999999999,-0.048940140339638408
310.37026222588275,699.95507599948883,-995.13435363769497,32.520000000000003,-0.048822143838647095
310.38322006869623,699.72351192997621,-995.40233612060501,32.520000000000003,-0.048792227688178542
310.3961766583642,699.65584206934932,-994.47131156921398,32.210000000000001,-0.048865413086078349
310.40913702299264,699.8596899338952,-994.47131156921398,32.210000000000001,-0.048955952128520955
310.4220958726691,699.77788252948994,-995.37992477417004,32.43,-0.049012119156920032
310.4350477715754,699.40254094109071,-994.81272697448696,32.25,-0.048879448118391407
310.44800256171982,699.55866779820724,-995.15056610107399,32.259999999999998,-0.048684038014838747
310.46095861846419,699.62706419685833,-994.78816986083996,32.259999999999998,-0.048519985543078493
310.47391339619139,699.55799726990358,-994.78816986083996,32.210000000000001,-0.048413830291337813
310.48686378842473,699.32118059769039,-994.90857124328602,32.210000000000001,-0.048484422473594732
310.49981829192967,699.54318926926919,-995.78237533569302,32.119999999999997,-0.048645291891622665
310.51276724785566,699.24362000078179,-995.78237533569302,32.119999999999997,-0.048777395858523129
310.52570953240865,698.88336586255627,-995.05448341369595,32.460000000000001,-0.048846418244583023
310.53865203737411,698.89526813428529,-995.47767639160202,32.119999999999997,-0.048758835634990588
310.55159637497525,698.99423046258403,-996.03033065795898,32.5,-0.048666547776209927
310.56453779546786,698.83670659959535,-997.19047546386696,32.5,-0.048612078858677507
310.57748567312967,699.18539373848785,-997.19047546386696,32.579999999999998,-0.048649897798500846
310.59043399265198,699.20925420373044,-998.09479713439896,32.579999999999998,-0.048837440294824154
310.60339127046421,699.69300186165708,-997.21026420593296,32.579999999999998,-0.049087333803157704
310.61635366123579,699.96910166672228,-996.51479721069302,32.579999999999998,-0.049246283661680282
310.6293128172149,699.79442286884807,-996.54674530029297,32.210000000000001,-0.049175100608798629
310.64227077799501,699.72988212748146,-996.73700332641602,32.210000000000001,-0.04901026996390468
310.6552342791112,700.02906027323615,-996.46711349487305,32.210000000000001,-0.048868414014125179
310.66819411702477,699.83124733379998,-996.46711349487305,32.210000000000001,-0.048842839896655332
310.68114986229261,699.61024446292083,-996.59276008606003,32.369999999999997,-0.048945691022600504
310.69410521744072,699.58917799843039,-998.07333946228005,32.280000000000001,-0.049091570286624975
310.70706024765929,699.5716318034124,-997.48563766479504,32.25,-0.049146264791181178
310.72000706050989,699.12789393177809,-997.48563766479504,32.25,-0.049114874046812099
310.73294596643092,698.70091973489673,-996.75440788268997,32.189999999999998,-0.048978346295869168
310.7458849054654,698.70270786350136,-996.609926223755,32.189999999999998,-0.048825842224270694
310.75882601965674,698.82016633168496,-996.609926223755,32.159999999999997,-0.048724463623695057
310.77177285216794,699.12895560479831,-999.40109252929699,32.159999999999997,-0.048723351210904327
310.78471867057164,699.0741938001122,-1000.8533000945999,32.359999999999999,-0.048818370947537756
310.79766899036912,699.31726906258939,-1001.83033943176,32.359999999999999,-0.04893968502700221
310.81062768482474,699.76950060417744,-1001.91736221313,32.390000000000001,-0.049066775374620536
310.82358428794447,699.6565684644778,-999.58562850952103,32.390000000000001,-0.049184733587433034
310.83653280821977,699.22009486839113,-998.54969978332497,32.490000000000002,-0.049342972536718988
310.8494783213568,699.05770939902652,-999.714136123657,32.490000000000002,-0.049474735019727524
310.86242915545068,699.34504106842894,-1001.62863731384,32.119999999999997,-0.049481563683554407
310.87538250929015,699.48110733320266,-1001.62863731384,32.119999999999997,-0.049518320917076197
310.88832988093338,699.15806873319741,-1001.74808502197,32.140000000000001,-0.049490590269337685
310.90128137730125,699.38080386585648,-1000.1962184906,32.140000000000001,-0.049388026819118337
310.91423738126923,699.62421426882554,-1002.25162506104,32.560000000000002,-0.049189136673138074
310.92719869377657,699.91087539893226,-1002.78806686401,32.159999999999997,-0.049018186205529994
310.94015826574696,699.8168863996666,-1002.78806686401,32.579999999999998,-0.049027969232963611
310.95312311831492,700.10203866934012,-1000.8683204650901,32.579999999999998,-0.049170940700772985
310.96609581986303,700.52588359856941,-999.30644035339401,32.560000000000002,-0.049378422813963076
310.97906814991615,700.5058228688265,-999.91559982299805,32.560000000000002,-0.049516718007081156
310.992035659858,700.24553685959938,-1000.77605247498,32.600000000000001,-0.049448608316961989
311.00500181938276,700.17261433581609,-1003.40747833252,32.600000000000001,-0.049357019985612198
311.01796929724566,700.24380459781946,-1003.89361381531,32.189999999999998,-0.049256524071604198
311.03093533259261,700.16590873401105,-1003.89361381531,32.189999999999998,-0.049260616715529219
311.04389867848772,700.02067833693172,-1003.62086296082,32.189999999999998,-0.049403925528641882
311.0568628294605,700.06415253136799,-1005.07807731628,32.189999999999998,-0.049518618939426294
311.06983198370375,700.33432913398121,-1005.33747673035,32.229999999999997,-0.049643512400676826
311.08280480735812,700.53247733482124,-1005.33747673035,32.229999999999997,-0.049661266512981569
311.0957738384605,700.32767953090467,-1004.802942276,32.43,-0.049603646620435107
311.10874786455554,700.59740913296832,-1003.63254547119,32.43,-0.049637858237528497
311.12172470945433,700.74962453192802,-1003.74412536621,32.280000000000001,-0.049725934448241284
311.13470499817652,700.93559100050811,-1003.74412536621,32.280000000000001,-0.049890460859492627
311.14767737479633,700.50833746950343,-1002.45904922485,32.310000000000002,-0.050025449858284221
311.16065644866046,700.8699886630651,-1000.59938430786,32.310000000000002,-0.050101254341390011
311.17363563945685,700.87630300473779,-1000.59938430786,32.280000000000001,-0.050075084177795083
311.18661223186422,700.73598999841909,-1000.11253356934,32.280000000000001,-0.049914719744219932
311.19958249024205,700.39395240214719,-1002.94637680054,32.240000000000002,-0.04971583477302758
311.21255460609137,700.49425586399741,-1003.2479763031,32.240000000000002,-0.049592316564283548
311.22553502519878,700.94263179776499,-1003.18217277527,32.299999999999997,-0.049686146278622688
311.23851543706303,700.94224066953655,-1002.27189064026,32.299999999999997,-0.049938386719985906
311.25149256135796,700.76471192714166,-1001.50847434998,32.240000000000002,-0.050162864433874535
311.26447071942232,700.82053547629607,-1004.62889671326,32.240000000000002,-0.050254936019313301
311.27744863741111,700.80757139414686,-1004.62889671326,32.159999999999997,-0.050163790583001786
311.29042585276915,700.76962933439029,-1007.03191757202,32.159999999999997,-0.050007737138074319
311.30339748847035,700.46832786457901,-1005.18774986267,32.140000000000001,-0.049998738492318916
311.31636943564689,700.48514753256472,-1003.64995002747,32.140000000000001,-0.050156180643753628
311.32934028489757,700.42585953679441,-1003.64995002747,32.579999999999998,-0.050433643369526049
311.34230712635673,700.20943879527181,-1003.04698944092,32.579999999999998,-0.050653454123626609
311.35526553520754,699.75407794206387,-1003.70526313782,32.609999999999999,-0.050678586380425446
311.36822241048031,699.67126473146288,-1001.51324272156,32.609999999999999,-0.050566146771246073
311.38117972761358,699.69512519670559,-1000.38385391235,32.390000000000001,-0.050354572012502513
311.39413844173208,699.77056239810952,-1000.38385391235,32.390000000000001,-0.050191081440025168
311.40710164378891,700.01291106760243,-1002.06351280212,32.240000000000002,-0.050161579209792639
311.42007372135066,700.49218833531756,-1004.4412612915,32.240000000000002,-0.050267016307552904
311.43305263275062,700.86121559853223,-1000.44536590576,32.229999999999997,-0.0504888387185215
311.44602923860998,700.73671640453961,-1000.44536590576,32.329999999999998,-0.050739117173917256
311.45900207571731,700.53320379590161,-995.98217010498001,32.359999999999999,-0.050892755389179152
311.47197095677285,700.31957700017131,-998.39663505554199,32.359999999999999,-0.050894496962808969
311.48493676446424,700.1536153340536,-998.39663505554199,32.119999999999997,-0.050749834627146509
311.49789702457656,699.85404606556631,-1001.63125991821,32.119999999999997,-0.05062602770749515
311.51085102206304,699.5158642694746,-1002.78997421265,32.43,-0.050661584568943277
311.52380874897904,699.71725346612004,-1002.42209434509,32.100000000000001,-0.050812936905001389
311.53676735237292,699.7645832683769,-1001.03998184204,32.530000000000001,-0.050967847928782825
311.54971779634576,699.32397453249052,-1000.93770027161,32.119999999999997,-0.051004880418702304
311.56266617381732,699.21238346588655,-1002.27189064026,32.549999999999997,-0.050916548611185546
311.57561651327541,699.31833073560961,-997.63703346252396,32.549999999999997,-0.050832274266384356
311.58857155073832,699.57202299759285,-997.63703346252396,32.600000000000001,-0.050754290487261045
311.60152621774205,699.55201820062666,-998.53682518005405,32.600000000000001,-0.050648359787871543
311.6144817219012,699.59722459638692,-999.57942962646496,32.560000000000002,-0.050512672298153691
311.62744319066422,699.91931320206129,-1000.09107589722,32.560000000000002,-0.050436425954173331
311.6404050091902,699.93820040422258,-998.62480163574196,32.210000000000001,-0.050395984823090621
311.65336254777162,699.70708339571513,-998.62480163574196,32.210000000000001,-0.050314215735463602
311.66631503134204,699.43411280334192,-996.51408195495605,32.25,-0.050271061352975897
311.67927107566794,699.62639359710658,-995.40615081787098,32.25,-0.050291314513910293
311.69223259617036,699.92210713136558,-995.79143524169899,32.259999999999998,-0.05037144240326169
311.7051914065247,699.77575913398528,-995.79143524169899,32.259999999999998,-0.050478867358588086
311.71815054284201,699.79336113537192,-997.04146385192905,32.229999999999997,-0.050474552229926875
311.73111921590254,700.30834526773799,-996.99449539184604,32.229999999999997,-0.050400983956447411
311.74409409364074,700.64339786212975,-995.79143524169899,32.159999999999997,-0.050356838230687706
311.75706643093827,700.50621406850303,-995.02325057983398,32.159999999999997,-0.050457841199206134
311.77004248317786,700.70682093724361,-995.02325057983398,32.140000000000001,-0.050605725910739897
311.78302309061979,700.95280186267416,-995.32914161682095,32.140000000000001,-0.050743916589711592
311.79600246974934,700.88647299819888,-995.61643600463901,32.390000000000001,-0.050761353016306757
311.80896818741354,700.14875386507754,-995.61643600463901,32.390000000000001,-0.050649290076503428
311.8219280377445,699.83191787309568,-994.23456192016602,32.450000000000003,-0.050420551043442799
311.83488664113838,699.7645832683769,-993.15977096557594,32.450000000000003,-0.050121582009235041
311.84784356194206,699.67372339936321,-993.15977096557594,32.100000000000001,-0.049873904013920618
311.86079564297415,699.41237573360377,-992.50864982605003,32.530000000000001,-0.04983504095916378
311.87374828279872,699.44255052403105,-993.51930618286099,32.119999999999997,-0.04993193679365894
311.88671162869394,700.0206783424278,-993.07107925415005,32.119999999999997,-0.050053620296839643
311.89967678031979,700.11818779802991,-991.03569984436001,32.520000000000003,-0.05004869877481842
311.91263936667031,699.97966292581179,-990.02981185913097,32.119999999999997,-0.049896456508161324
311.92560345348392,700.06068793636018,-990.47207832336403,32.159999999999997,-0.049631637003871576
311.93857142391357,700.27040320248545,-993.85118484497104,32.159999999999997,-0.049368605638567736
311.95154194927045,700.40836926905706,-994.19021606445301,32.560000000000002,-0.049204521087376739
311.96451220661356,700.39389652982663,-994.19021606445301,32.560000000000002,-0.049258098005473865
311.97748458323338,700.50833746950343,-994.14205551147495,32.189999999999998,-0.049489981804291573
311.99045308762101,700.29923693080923,-993.111610412598,32.549999999999997,-0.049740624509938776
312.00341183381727,699.77229459943362,-993.30043792724598,32.43,-0.049796185145181387
312.01636383620377,699.40812887114703,-995.30959129333496,32.43,-0.049637549866722135
312.02931702240494,699.47205486309861,-995.30959129333496,32.25,-0.049391836962817882
312.04227337820618,699.64321326509207,-995.38826942443802,32.25,-0.049254151267077634
312.05522769958645,699.53335453721195,-996.32501602172795,32.310000000000002,-0.049210739218440741
312.06818487391735,699.68741386564886,-996.32501602172795,32.310000000000002,-0.04917671800522791
312.08114532960752,699.86460726969574,-994.90165710449196,32.439999999999998,-0.049112115261466721
312.09410838886299,700.00519979700164,-996.23870849609398,32.439999999999998,-0.04902052796590909
312.10706631756545,699.72814993165355,-996.49167060852005,32.140000000000001,-0.048876787639360347
312.12001871628019,699.42953059704121,-996.49167060852005,32.140000000000001,-0.048693989713142899
312.13297638421227,699.7140683316436,-995.74542045593296,32.539999999999999,-0.04848678906713412
312.14593611140242,699.82526827001914,-998.41547012329102,32.189999999999998,-0.048345853057428459
312.15889068113461,699.54676553747026,-998.98982048034702,32.530000000000001,-0.048320039899544753
312.17184065013328,699.29832592765138,-998.98982048034702,32.210000000000001,-0.048340001247182456
312.18478943117788,699.23417640794526,-995.15962600707996,32.329999999999998,-0.048349470727800464
312.19773790695558,699.21769199586765,-995.90873718261696,32.329999999999998,-0.048295267753492729
312.21068314069629,699.04262199831692,-995.90873718261696,32.32,-0.048163223804218877
312.22362933576915,699.09453393542628,-997.59626388549805,32.140000000000001,-0.048037421786023375
312.23658636108894,699.6793672676921,-998.44193458557095,32.100000000000001,-0.047981793888817466
312.24955529388393,700.32237092947548,-996.51050567626896,32.100000000000001,-0.04810830992087807
312.26252284935811,700.24799560444364,-996.43778800964401,32.560000000000002,-0.04822875476502763
312.2754863897963,700.03118366324475,-996.43778800964401,32.560000000000002,-0.048228508482210872
312.28845320538517,700.20804180039181,-998.05045127868596,32.390000000000001,-0.048075131037115977
312.30141810969388,700.10483267009215,-997.08533287048294,32.390000000000001,-0.047868293606787821
312.31437537508771,699.6923312674013,-997.08533287048294,32.159999999999997,-0.047731768960575148
312.32732826843829,699.45624092986066,-995.46647071838402,32.159999999999997,-0.047698495909290928
312.34028803495062,699.82739166552358,-995.85962295532204,32.43,-0.047756417964608125
312.35324310449266,699.57375527036493,-999.33648109436001,32.43,-0.047837219511623716
312.36619705644694,699.51340553012642,-999.33648109436001,32.560000000000002,-0.0478668635078804
312.3791461551765,699.25133139779064,-1000.2121925354,32.560000000000002,-0.047794591841408149
312.39210006159999,699.51094686772217,-1000.67591667175,32.520000000000003,-0.047688906390875245
312.40506030205188,699.85298440353813,-1000.93507766724,32.520000000000003,-0.047595841395872605
312.41801802896794,699.71725346612004,-1002.42447853088,32.25,-0.04750772275788348
312.43097810074693,699.84387606660925,-1003.74031066895,32.25,-0.047473413869962601
312.44394617569139,700.27604699936637,-1003.74031066895,32.310000000000002,-0.047538806167340131
312.45692081232102,700.63037800109191,-1003.5591125488299,32.310000000000002,-0.047635570582944306
312.46988773759875,700.21396499734794,-1001.85894966125,32.420000000000002,-0.047732921730584563
312.48284686770745,699.79302586847211,-1001.85894966125,32.420000000000002,-0.047767576244446455
312.49581220766788,700.12835786293886,-1001.79862976074,32.119999999999997,-0.047678856385747891
312.50877923746054,700.21960880522101,-1000.66375732422,32.119999999999997,-0.047564668994495969
312.52174101149023,699.93579760314697,-1002.05397605896,32.119999999999997,-0.047495852534237701
312.53469995843835,699.78313519814242,-1002.05397605896,32.119999999999997,-0.047451533997288603
312.54766537083583,700.13226946399186,-1000.60081481934,32.229999999999997,-0.047489537133771104
312.56063572027654,700.39886979840389,-1003.6768913269,32.229999999999997,-0.047486879759470302
312.57360444507657,700.31113920253824,-1003.6768913269,32.509999999999998,-0.047535571372547797
312.58657370280002,700.33991706403742,-1002.76899337769,32.509999999999998,-0.047584460632926533
312.59954649437657,700.53074513349725,-999.63736534118596,32.25,-0.047601931210434982
312.61252407398513,700.78929886445655,-1002.69484519958,32.32,-0.047586806532097826
312.62549593734201,700.48062127003243,-1002.69484519958,32.229999999999997,-0.047551464909929654
312.63846190749751,700.16238839858647,-1006.14190101624,32.229999999999997,-0.047490197336416774
312.65143162674315,700.36483926275628,-1006.47521018982,32.329999999999998,-0.047441144575986083
312.66440165022226,700.38126787396129,-1007.08508491516,32.329999999999998,-0.047416368292261417
312.67736447043706,699.99229159816514,-1006.44636154175,32.380000000000003,-0.047416994347963141
312.69032662113449,699.95613766151712,-1004.59766387939,32.380000000000003,-0.047472522903469684
312.70329151302593,700.10416213629242,-1003.97944450378,32.390000000000001,-0.047556525095890992
312.71625844451239,700.21430026974394,-1004.05788421631,32.390000000000001,-0.047593951845333236
312.72922262239013,700.06560539856878,-1004.12535667419,32.140000000000001,-0.047538519527101128
312.74218510422463,699.97401906297887,-1004.12535667419,32.140000000000001,-0.047387765306513306
312.75515959805062,700.62266660408307,-1004.36663627625,32.140000000000001,-0.047174675596548761
312.76813949665313,700.91452453601755,-1004.40168380737,32.140000000000001,-0.046935726164056855
312.78111903928271,700.89530199550848,-1003.75843048096,32.159999999999997,-0.046751406043604851
312.79410388113712,701.1814601373294,-1004.85134124756,32.159999999999997,-0.046679254414014278
312.80709493491361,701.51690393139734,-1004.85134124756,32.560000000000002,-0.046776342722549435
312.8200823699853,701.32149386998071,-1004.58836555481,32.560000000000002,-0.046843157874192375
312.83306218476781,700.9099982569976,-1002.8138160705601,32.159999999999997,-0.046884750740713667
312.84604213510988,700.9173184708178,-1002.86793708801,32.57,-0.046861184139792997
312.85902660753953,701.16151120169184,-1004.68945503235,32.520000000000003,-0.04684138525651687
312.87200781206292,700.98504426422119,-1006.7880153656,32.520000000000003,-0.046795352051903889
312.88498581490614,700.81215353449556,-1006.38651847839,32.240000000000002,-0.046742261491099321
312.8979645245185,700.85031906704671,-1006.38651847839,32.240000000000002,-0.046814600418517087
312.91094774380372,701.09384140152099,-1005.58519363403,32.240000000000002,-0.046985913068659853
312.92392583667407,700.81701499797543,-1005.10144233704,32.240000000000002,-0.047105076825993047
312.93689843991609,700.5205750685883,-1005.09834289551,32.350000000000001,-0.047115234451014822
312.94987252396055,700.60053840062039,-1005.32031059265,32.259999999999998,-0.04701438773841523
312.96285055267293,700.81355046891963,-1005.47361373901,32.259999999999998,-0.046896782392827081
312.97582414311728,700.5738839950817,-1004.37951087952,32.259999999999998,-0.046761579191158358
312.98879227704447,700.27923206789103,-1004.71973419189,32.210000000000001,-0.046678503146337633
313.00176473748405,700.51286373753157,-1004.71973419189,32.210000000000001,-0.046628754999914493
313.01473836724944,700.57600733013021,-1004.1441917419399,32.189999999999998,-0.046639939148399936
313.02770724830498,700.31957700017131,-1003.32379341125,32.189999999999998,-0.04669825856797015
313.0406690864927,699.93926213769896,-1001.31249427795,32.380000000000003,-0.04667711547664033
313.05363377142345,700.09298625969177,-999.68266487121605,32.380000000000003,-0.046561169955368471
313.066605926595,700.49637926499793,-1000.27632713318,32.460000000000001,-0.046419250882010765
313.07957231274077,700.18485186894895,-1000.12731552124,32.460000000000001,-0.046222277192637592
313.0925379776296,700.14590399750068,-1000.57315826416,32.520000000000003,-0.046168331884580825
313.10550868407773,700.4181482002416,-1000.57315826416,32.520000000000003,-0.046207186662669271
313.11848463283712,700.70123300718728,-1001.33442878723,32.140000000000001,-0.046342562676952283
313.13145430655061,700.36238052890383,-1000.26226043701,32.140000000000001,-0.046451379440564627
313.14441630099378,699.94769992983595,-999.80759620666504,32.579999999999998,-0.046496777277626002
313.15737707436915,699.88176227053327,-1000.44298171997,32.140000000000001,-0.046373232164137357
313.17033439150254,699.69512520220155,-1000.44298171997,32.189999999999998,-0.046159059015471897
313.18328557639506,699.36398419787088,-1000.14162063599,32.189999999999998,-0.045975298723939816
313.19623308980624,699.1657242029255,-999.79829788207996,32.560000000000002,-0.045979058162167963
313.20918123444687,699.19981059440579,-1000.11205673218,32.560000000000002,-0.046099035275778071
313.22213699937663,699.61130620738902,-1001.4066696167,32.490000000000002,-0.046305925481533498
313.23508772171232,699.33900612683146,-999.50242042541504,32.490000000000002,-0.046372908271308147
313.24803183165682,698.98193700217064,-998.21686744689896,32.5,-0.046278716374739653
313.26098077516548,699.24294946698217,-998.21686744689896,32.5,-0.046073603960429865
313.27393417453584,699.48356600110299,-998.557567596436,32.210000000000001,-0.045844197479776222
313.28688254683334,699.21210406581133,-999.772548675537,32.210000000000001,-0.045630551046334449
313.29983428327535,699.39376786556568,-1000.5226135253901,32.210000000000001,-0.045575585422238975
313.31279021687777,699.62041453332574,-999.32098388671898,32.210000000000001,-0.045625651254778805
313.32574785893951,699.71267133126742,-997.74360656738304,32.539999999999999,-0.045822851566357251
313.33870137524326,699.48988040323172,-996.31452560424805,32.210000000000001,-0.045932861459233247
313.35164662140124,699.04329253211654,-996.31452560424805,32.549999999999997,-0.045967043067157112
313.36459930054821,699.44467393602338,-997.57337570190396,32.549999999999997,-0.04589935764613734
313.3775565266198,699.6902078664009,-999.23324584960903,32.170000000000002,-0.045820964086791531
313.39051241469019,699.61795579947352,-999.78828430175804,32.5,-0.045844916667004347
313.40346879015323,699.64427500406441,-998.57187271118198,32.450000000000003,-0.045979159573110759
313.41643150585435,699.98664786174027,-998.57187271118198,32.450000000000003,-0.046142122398236257
313.42939275937778,699.9076902644556,-997.408628463745,32.189999999999998,-0.046205722415596576
313.44234385320732,699.35906679611844,-997.97844886779797,32.189999999999998,-0.046032683717205501
313.45528945740745,699.06262680627515,-996.97136878967297,32.240000000000002,-0.045849210065301751
313.46823953092104,699.30396973552433,-996.97136878967297,32.240000000000002,-0.045697027816983718
313.48119435935428,699.56073539283909,-996.55055999755905,32.25,-0.045673401198131097
313.49414688224573,699.43623613839031,-997.64323234558105,32.25,-0.045707651102589078
313.50709628003335,699.2674805319765,-999.26877021789505,32.259999999999998,-0.045820499459252109
313.52004860217409,699.42539560013768,-998.92854690551803,32.259999999999998,-0.045909114802990064
313.53299903890371,699.32358339876612,-998.92854690551803,32.210000000000001,-0.045920491425617271
313.54594399324696,699.02753453715127,-996.06728553771995,32.210000000000001,-0.04578791662181865
313.55889130590742,699.15488366467275,-994.66371536254906,32.369999999999997,-0.045646719841335323
313.57185219000621,699.88774133431411,-995.35679817199696,32.119999999999997,-0.045576426718136658
313.58481612056556,700.05225020467913,-997.54762649536099,32.420000000000002,-0.045652175322408027
313.5977796868728,700.03258059217285,-999.08256530761696,32.420000000000002,-0.045727559674697729
313.6107474058457,700.25682453580123,-998.12340736389206,32.43,-0.045746495533646146
313.62371865763464,700.44759660103637,-998.12340736389206,32.43,-0.045757145724505004
313.63668575882969,700.22346453395323,-998.83890151977505,32.100000000000001,-0.045642275363637221
313.64964785054315,699.95295252704045,-999.31502342224098,32.490000000000002,-0.045484760776061971
313.66261091704195,700.00559093622212,-999.87030029296898,32.140000000000001,-0.045290250951869893
313.67557781644945,700.21256800246795,-1001.1248588562,32.140000000000001,-0.045206527121288968
313.68854614492102,700.28973746565191,-1000.3902912139901,32.119999999999997,-0.045270077469886046
313.70150378077403,699.71233606436761,-999.63593482971203,32.119999999999997,-0.045369790039025776
313.71445902519764,699.5831988741935,-999.75824356079102,32.57,-0.045406593837496546
313.72742090995064,699.94177666143185,-999.75824356079102,32.170000000000002,-0.045281729349521613
313.74038122801358,699.85717539917039,-999.64451789856003,32.560000000000002,-0.045124033673477913
313.75334000111485,699.77374746663429,-999.13024902343705,32.560000000000002,-0.045050875180831604
313.76630287203579,699.99502973209258,-998.80385398864701,32.189999999999998,-0.045043924409658286
313.77927286446914,700.37959140206203,-998.65651130676304,32.539999999999999,-0.045157250844095706
313.7922401405458,700.23290813778203,-999.20344352722202,32.469999999999999,-0.045264005246691726
313.80519623661229,699.62918759236265,-1002.14457511902,32.469999999999999,-0.045275844426291817
313.81815055178276,699.53301920436024,-1001.5830993652301,32.240000000000002,-0.045189510823677899
313.83110680410488,699.63762539549191,-1001.5830993652301,32.240000000000002,-0.045015092732868578
313.84406284739629,699.62633773577795,-1000.49066543579,32.280000000000001,-0.044899390390192112
313.85702239349507,699.81548933333863,-1003.02886962891,32.280000000000001,-0.044919373466972286
313.86998549207158,700.00732313205003,-1003.02886962891,32.280000000000001,-0.045003510182505965
313.8829540616519,700.30275733768167,-1004.35376167297,32.25,-0.045109127336810079
313.89591914808642,700.11466746260544,-1004.03571128845,32.210000000000001,-0.045033062084249731
313.90887584847667,699.66182107267434,-1004.03571128845,32.210000000000001,-0.044773261372605143
313.92183825166677,699.96977226647402,-1004.81367111206,32.329999999999998,-0.044385472104649965
313.93480884118276,700.41183386406499,-1005.3875446319601,32.119999999999997,-0.04404182752859611
313.94778462851235,700.69251579848685,-1005.56397438049,32.409999999999997,-0.043908569754265624
313.96075759600501,700.54024460415064,-1006.72721862793,32.100000000000001,-0.044005173775972989
313.97373184251234,700.60931139370541,-1006.80303573608,32.460000000000001,-0.044258122021231909
313.98670149035809,700.3609836714237,-1006.80303573608,32.460000000000001,-0.044501442461931884
313.99965877437779,699.693337062605,-1006.87599182129,32.509999999999998,-0.044504243673739383
314.01260512570497,699.10297166710745,-1008.54253768921,32.509999999999998,-0.044331240156761306
314.02555519300984,699.30363446312845,-1009.51862335205,32.520000000000003,-0.044062627064755014
314.03850859962353,699.48395714032347,-1009.51862335205,32.520000000000003,-0.044001536443462837
314.05146596228889,699.69758393055781,-1009.97519493103,32.079999999999998,-0.044116733801788308
314.06442442288034,699.75687193732017,-1008.95714759827,32.079999999999998,-0.04440209207420729
314.07738431874202,699.83437653000396,-1008.95714759827,32.560000000000002,-0.044691484006986616
314.09034941862836,700.11539386322966,-1008.39447975159,32.119999999999997,-0.044831852945267675
314.10331449885308,700.11433213524947,-1007.0354938507101,32.159999999999997,-0.044766007405006261
314.1162736941543,699.79654626435263,-1005.00440597534,32.159999999999997,-0.044620348554133667
314.12924180117784,700.27777927213833,-1005.4385662078899,32.549999999999997,-0.044405901183844902
314.14222164907414,700.91178640209012,-1005.4385662078899,32.549999999999997,-0.044379047015147291
314.15519328373949,700.46827192630656,-1005.74493408203,32.530000000000001,-0.044409609916398099
314.16815930046181,700.16490300475937,-1004.35709953308,32.530000000000001,-0.0445158593356609
314.18112711567039,700.26202126618102,-1005.6011676788301,32.5,-0.044510164815293886
314.19409541206176,700.28800513242402,-1005.6011676788301,32.5,-0.044329350606730822
314.20706019943833,700.09851833391554,-1004.67658042908,32.189999999999998,-0.044161372094199305
314.22002653384328,700.18205786819681,-1004.6808719635,32.189999999999998,-0.044041543991255365
314.23299592195315,700.34695793274238,-1006.3948631286599,32.240000000000002,-0.043971540613127733
314.24596739519006,700.45955479455017,-1006.3948631286599,32.240000000000002,-0.044091963727015265
314.25893752939129,700.38724686629394,-1007.01475143433,32.369999999999997,-0.04425337641523211
314.27190336398763,700.15506820125427,-1004.8561096191401,32.280000000000001,-0.044445861130489178
314.28487138719129,700.27325299861434,-1005.9916973114,32.280000000000001,-0.044558559440286784
314.29784263898142,700.44759666698849,-1005.9916973114,32.280000000000001,-0.04454682995033344
314.31080936350742,700.20312440413534,-1006.30497932434,32.280000000000001,-0.044491597347322893
314.3237724951988,700.00911133210275,-1006.73246383667,32.159999999999997,-0.044532851833766512
314.33673969987416,700.22905246950563,-1006.24322891235,32.090000000000003,-0.044621849019022192
314.34970511744444,700.13254879811518,-1006.24322891235,32.090000000000003,-0.044739066312410758
314.36266669693089,699.92529226584202,-1005.9962272644,32.490000000000002,-0.04475764619777612
314.37562855478023,699.94032386567915,-1005.61785697937,32.490000000000002,-0.044697044003121709
314.38859357084704,700.11086760619355,-1004.5952796936,32.539999999999999,-0.044589308607949067
314.40156345876551,700.37394759968493,-1005.1634311676,32.539999999999999,-0.044561211640512119
314.41453554150115,700.49246772440085,-1002.1603107452401,32.57,-0.044570848759058278
314.42750546253336,700.37573573928159,-1001.3587474823,32.57,-0.044673877871286093
314.4404750834741,700.35953079872706,-1001.3587474823,32.189999999999998,-0.044870651845030592
314.45344425737903,700.33539086745725,-1002.02941894531,32.189999999999998,-0.045030349865990672
314.46641155932474,700.23430506671002,-1002.33387947083,32.210000000000001,-0.045017855654563489
314.47938002439008,700.29711352980883,-1002.68507003784,32.210000000000001,-0.044885322244081038
314.49235434954318,700.6135582671543,-1002.29144096375,32.229999999999997,-0.044741633658083417
314.50532877196918,700.61881100175867,-1003.56030464172,32.229999999999997,-0.044708096733021493
314.51829524917787,700.18976927070162,-1003.69882583618,32.439999999999998,-0.044783961234771678
314.53125942705441,700.06560533261677,-1001.83510780334,32.439999999999998,-0.044911841137329461
314.54422545515803,700.16551759479046,-1000.24724006653,32.399999999999999,-0.044945933751908446
314.55718964648764,700.06633179919311,-1000.24724006653,32.399999999999999,-0.044874756907571312
314.57015223180241,699.97960699853115,-1001.30367279053,32.329999999999998,-0.044785629336265245
314.58311933920612,700.22379980085316,-1002.3663043975801,32.329999999999998,-0.044679482364042733
314.59609471054574,700.67005233911641,-999.43017959594704,32.25,-0.04464320631465403
314.60906941236669,700.6338983310203,-999.43017959594704,32.25,-0.044657809451639413
314.62203724723713,700.26308300515325,-999.78494644165005,32.229999999999997,-0.044775097113044636
314.63500470543954,700.24274293029509,-999.46784973144497,32.229999999999997,-0.044828557099397454
314.64797483343204,700.38691159389816,-999.43995475768997,32.210000000000001,-0.044778320523893883
314.66094102503581,700.17434660309209,-999.43995475768997,32.210000000000001,-0.044550642164803082
314.67390841183584,700.23888720156287,-999.05896186828602,32.450000000000003,-0.04436891836370644
314.68688106060864,700.52303373099267,-997.28703498840298,32.450000000000003,-0.044306953333532788
314.6998613814099,700.93732326778388,-996.14715576171898,32.409999999999997,-0.044315859881721945
314.71283948048887,700.81735026487547,-996.14715576171898,32.409999999999997,-0.044299410654721254
314.72581559895684,700.71039727139657,-996.65570259094204,32.240000000000002,-0.044325237265791489
314.73878886447164,700.55633780006394,-995.65720558166504,32.369999999999997,-0.044304708846525626
314.75176897831233,700.92614739667931,-996.48380279541004,32.229999999999997,-0.044313911348330341
314.76474783797289,700.85842166922794,-996.48380279541004,32.229999999999997,-0.044184731733831521
314.77771553003959,700.25537160264844,-997.22361564636196,32.259999999999998,-0.044007336513564838
314.79067948646792,700.05364712811115,-998.67177009582497,32.259999999999998,-0.043997783212863198
314.80363770698517,699.74390793211478,-998.67177009582497,32.259999999999998,-0.044061702986092528
314.81658735829882,699.28117093780588,-997.963428497314,32.259999999999998,-0.044079167353835123
314.82953094773836,698.95382973492701,-997.33781814575195,32.310000000000002,-0.04398956791329918
314.8424749604111,698.97668432802209,-999.02510643005405,32.310000000000002,-0.043848423906920023
314.85542486525179,699.29486139859546,-996.73080444335903,32.329999999999998,-0.043879804303647053
314.86837597770875,699.36007267376192,-996.73080444335903,32.329999999999998,-0.04395958243172568
314.88132596119385,699.29910819510042,-995.133876800537,32.25,-0.044002189403807387
314.8942740851395,699.1986930655529,-993.98875236511196,32.350000000000001,-0.044044948493422838
314.90722613409133,699.41064340037587,-994.61483955383301,32.25,-0.044114096089218548
314.92017780534081,699.39024746968516,-995.21279335021995,32.25,-0.044111200711720928
314.93312335780126,699.05983286597893,-993.63064765930199,32.229999999999997,-0.044017194046178862
314.94607211918515,699.23311472942896,-994.93169784545898,32.229999999999997,-0.043804188156094388
314.95902549889382,699.48250426762695,-994.93169784545898,32.240000000000002,-0.043697221618745119
314.97197463694562,699.25345479879115,-994.925498962402,32.240000000000002,-0.043734456929634187
314.98492228074196,699.17276500018261,-994.66085433959995,32.369999999999997,-0.043846808580853727
314.99787367362961,699.37521593580016,-993.06774139404297,32.369999999999997,-0.043887556012481586
315.01082837892102,699.55408573480258,-994.08364295959495,32.350000000000001,-0.043836648885977852
315.02378292278274,699.54536853159823,-995.09668350219704,32.350000000000001,-0.043715842895696438
315.03673746560986,699.54531266477363,-995.09668350219704,32.310000000000002,-0.043583887938851464
315.04969440607539,699.67478513833544,-994.99654769897495,32.310000000000002,-0.043449133841274426
315.0626541653445,699.82700053179917,-996.17171287536598,32.259999999999998,-0.043354581834468005
315.07560820836164,699.51832292638312,-996.17171287536598,32.259999999999998,-0.043294546711543529
315.08855823634445,699.30151107311997,-995.32938003540005,32.280000000000001,-0.043245583979435655
315.10150977824321,699.38326253375681,-995.63837051391602,32.280000000000001,-0.043185981404110972
315.11446310000258,699.47937500547073,-996.03080749511696,32.259999999999998,-0.043054984674500876
315.12741119290371,699.19701665960554,-996.03080749511696,32.259999999999998,-0.042923201495597578
315.14035392552591,698.90756160019464,-994.80891227722202,32.240000000000002,-0.042841881512774689
315.15330095154576,699.13940506978258,-996.10209465026901,32.240000000000002,-0.042857474957647017
315.16624560062223,699.01105013056974,-996.10209465026901,32.280000000000001,-0.042911343690160385
315.17918516260863,698.73634726542457,-996.71483039856003,32.240000000000002,-0.042938416202562883
315.19212683662727,698.85039700542484,-997.37524986267101,32.280000000000001,-0.043049324303113368
315.2050787427778,699.40293212977519,-995.39136886596702,32.189999999999998,-0.043154622738663745
315.218039956979,699.90556686345519,-995.39136886596702,32.350000000000001,-0.043217596701849
315.23100106252599,699.89969953881962,-995.26929855346702,32.350000000000001,-0.043282389847862306
315.24396570709888,700.09080693690692,-996.082544326782,32.140000000000001,-0.043299340953873069
315.25693209324442,700.18485185795691,-996.52600288391102,32.409999999999997,-0.043393051665290693
315.26989346473579,699.91406053340881,-997.85494804382301,32.479999999999997,-0.043452494880678733
315.28284553231487,699.4116492725235,-997.85494804382301,32.479999999999997,-0.043339941443772866
315.29579674307661,699.36538113229494,-997.70474433898903,32.119999999999997,-0.043167354952473515
315.30875305334695,699.64075459719186,-997.96605110168503,32.119999999999997,-0.04299559319986751
315.32171619745554,700.00978186590237,-997.96605110168503,32.119999999999997,-0.042969721058520899
315.33467247564818,699.63902240136395,-997.57814407348599,32.119999999999997,-0.043110488397152466
315.34762534209375,699.45478806265987,-997.25174903869595,32.530000000000001,-0.043254884786638685
315.36058156854563,699.63622840061169,-997.81727790832497,32.140000000000001,-0.043358720010603181
315.37353772877043,699.63265213790658,-1000.83518028259,32.490000000000002,-0.043404821513378725
315.38648836832101,699.33453573112411,-1000.9868144989,32.490000000000002,-0.043362756776813338
315.39944371622465,699.58878679875386,-1000.9868144989,32.549999999999997,-0.043312743719599006
315.41240937490375,700.14556867014494,-1000.60224533081,32.549999999999997,-0.043340683396648073
315.42537717148645,700.26101546548148,-1001.95741653442,32.159999999999997,-0.043559856712426924
315.43833891240251,699.93400946904649,-1002.2759437561,32.579999999999998,-0.043879256893444608
315.45130136836798,699.97262213405077,-1001.7716884613,32.189999999999998,-0.044108344655955173
315.46426600052229,700.0901363316591,-1001.4634132385301,32.189999999999998,-0.044215053526137485
315.47723141912837,700.13260473089167,-1000.9727478027301,32.189999999999998,-0.044171926048394386
315.49019840235553,700.2170942649999,-1001.27482414246,32.189999999999998,-0.044021398450418948
315.50316740034316,700.32589133085196,-1001.27482414246,32.210000000000001,-0.043852098492122155
315.51614327149264,700.69704207201085,-1002.28667259216,32.210000000000001,-0.043792098553562232
315.52912395654442,700.95699279785026,-1002.28667259216,32.469999999999999,-0.043884517831335665
315.54209706683952,700.54795593520737,-1000.67043304443,32.469999999999999,-0.044103975717397645
315.55507051448035,700.56617260356904,-1000.6015300750699,32.469999999999999,-0.044240035737292224
315.56804821826552,700.79600440030981,-1003.09324264526,32.469999999999999,-0.044178934767442002
315.58102809720612,700.91346279154936,-1002.7437210083,32.43,-0.044018168830007413
315.59399947938027,700.45463740378943,-1002.7437210083,32.43,-0.043917805370173681
315.60698100883099,701.00259033832697,-1002.43020057678,32.240000000000002,-0.043946612211869317
315.61996212332593,700.98018272929312,-1005.12719154358,32.240000000000002,-0.044087237781830511
315.63293848186788,700.72336126560981,-1006.66260719299,32.240000000000002,-0.044220089912898698
315.64590640055684,700.26760920173319,-1006.34980201721,32.240000000000002,-0.044285912687818368
315.65887064983451,700.06946099539709,-1006.34980201721,32.210000000000001,-0.044318729390368891
315.67183621745193,700.14065133984036,-1006.50072097778,32.210000000000001,-0.044316654610838647
315.684803259663,700.22027939947668,-1004.78148460388,32.420000000000002,-0.044294596752899783
315.69776701533959,700.04280653489843,-1004.78148460388,32.420000000000002,-0.04434494094656756
315.71072976311854,699.98838006306414,-1005.02824783325,32.350000000000001,-0.044515563381434677
315.72369820231353,700.29571652943264,-1007.33518600464,32.350000000000001,-0.044769493655469492
315.73666656389884,700.29152560524847,-1007.33518600464,32.240000000000002,-0.044993171468710402
315.74962744696302,699.88768546748929,-1004.62317466736,32.32,-0.045063190368962655
315.76258926031477,699.93792099315544,-1004.62317466736,32.259999999999998,-0.045021486778630902
315.77555475653099,700.13679567705992,-1004.98557090759,32.259999999999998,-0.044913225703924954
315.78852004475067,700.12556386218671,-1006.1559677124,32.280000000000001,-0.044824454105591272
315.80148421538399,700.06521419889236,-1005.14912605286,32.280000000000001,-0.04482014415192153
315.81445172532602,700.24553687059131,-1003.9737224578899,32.299999999999997,-0.044924953124940201
315.82742119104449,700.35114879647062,-1002.63953208923,32.299999999999997,-0.045083098940358862
315.84039080681111,700.35925139865185,-1003.49855422974,32.170000000000002,-0.045220859142093749
315.85335705015433,700.17714053239638,-1003.49855422974,32.170000000000002,-0.045143268588227696
315.86632661314439,700.3564014651231,-1003.746509552,32.140000000000001,-0.044972186700405516
315.87929434350002,700.25743920277625,-1003.8731098175,32.140000000000001,-0.044927431477980423
315.8922603726383,700.16557346711124,-1003.87859344482,32.399999999999999,-0.045022126286196035
315.90522262060858,699.96139039612149,-1003.87859344482,32.140000000000001,-0.045264081822540457
315.91818446603952,699.93965327142337,-1005.02729415894,32.439999999999998,-0.045418295388439792
315.93114877326661,700.07259026304916,-1004.41408157349,32.439999999999998,-0.045368608294519434
315.9441104241543,699.92914793411853,-1003.66115570068,32.100000000000001,-0.045297740855254155
315.95706479830875,699.53620433883668,-1003.66115570068,32.439999999999998,-0.045200988856637238
315.97002622050485,699.91679859039232,-1000.9903907775901,32.119999999999997,-0.045092257980825293
315.98298932011738,700.00737907581868,-1000.10895729065,32.479999999999997,-0.045005237269294431
315.99594563659753,699.64108993004379,-1003.3633708953899,32.100000000000001,-0.044935657125491822
316.0089021093321,699.64952766722092,-1003.3633708953899,32.100000000000001,-0.045037643156135634
316.02186731994198,700.12137293250657,-1002.07567214966,32.119999999999997,-0.045231264084910218
316.03483455669505,700.23078466533354,-999.44925308227505,32.119999999999997,-0.045322975556955948
316.04780020295806,700.14489820229721,-997.97368049621605,32.5,-0.045359033263962879
316.06076708891362,700.21184160184362,-997.97368049621605,32.079999999999998,-0.045357187175576005
316.07373767221975,700.41149853121306,-998.01826477050804,32.450000000000003,-0.04549616637267722
316.08670775468158,700.38445293698987,-995.72587013244595,32.450000000000003,-0.045572534824411134
316.09967532981602,700.24905726097586,-997.02954292297397,32.140000000000001,-0.045556541945940575
316.11263992989262,700.08840413583107,-997.47586250305199,32.469999999999999,-0.045496083589505305
316.1256089082197,700.32482966332782,-997.47586250305199,32.07,-0.045453917441691784
316.13858205059387,700.54968820248325,-995.85795402526901,32.509999999999998,-0.045494118498807579
316.15155074952344,700.30974219666621,-994.41862106323197,32.119999999999997,-0.045529037920407335
316.16451074369263,699.83968513692901,-994.34852600097702,32.119999999999997,-0.045577883720567348
316.17747464217285,700.05051793190717,-995.09406089782703,32.119999999999997,-0.045668603852801526
316.19043745514449,699.99190046993658,-994.04120445251499,32.119999999999997,-0.045692189079355745
316.20339075103448,699.47797806005474,-994.59171295166004,32.140000000000001,-0.045678513124439997
316.21634793778264,699.68808439944848,-994.59171295166004,32.140000000000001,-0.045582478244520219
316.22930715170986,699.79755207054814,-996.59132957458496,32.57,-0.045502300683861144
316.24226837315558,699.90595806862768,-997.00713157653797,32.57,-0.045517672681519662
316.25522033725309,699.40606126552314,-994.99893188476597,32.189999999999998,-0.045623364340088193
316.26817415364945,699.50608540424219,-994.15063858032204,32.560000000000002,-0.045785306849378545
316.28112925527046,699.57548753214485,-994.15063858032204,32.57,-0.045922466864262379
316.29408803354573,699.77402686670951,-995.72825431823696,32.57,-0.045969929132703063
316.30704698877167,699.78358219869142,-994.59600448608398,32.189999999999998,-0.045967947483579664
316.32000841096919,699.91679866733637,-994.59600448608398,32.189999999999998,-0.045947226592105817
316.33298414552348,700.68966593091011,-992.56849288940396,32.560000000000002,-0.046006867454286199
316.34596299276541,700.85775106398023,-991.73188209533703,32.210000000000001,-0.046091162495389248
316.35894160510742,700.84506646984232,-991.77742004394497,32.549999999999997,-0.046174719722409295
316.37192048442847,700.85948333675219,-991.68515205383301,32.210000000000001,-0.046243791778351986
316.38490048030241,700.91977719367799,-990.37623405456497,32.460000000000001,-0.046311130540386582
316.39787956761853,700.87071506918551,-989.62855339050304,32.460000000000001,-0.046291730056443187
316.4108539051889,700.61422880095392,-990.30113220214798,32.240000000000002,-0.046225921767855976
316.42382416977648,700.39428772950305,-990.30113220214798,32.409999999999997,-0.046147155678435213
316.43679116024697,700.2174854042205,-991.37687683105503,32.329999999999998,-0.046021361937824107
316.4497532850753,699.95474073258902,-991.25790596008301,32.329999999999998,-0.045970498273269315
316.46270987474185,699.6558419924055,-990.47708511352505,32.240000000000002,-0.045943017012772487
316.4756699206518,699.84247913768115,-991.09387397766102,32.240000000000002,-0.045889822972697697
316.4886311224347,699.90489627469549,-991.93429946899403,32.25,-0.045892770090644644
316.50159307134692,699.94524126193562,-991.93429946899403,32.25,-0.045841479052870865
316.51455134360373,699.74670186691503,-991.46747589111305,32.32,-0.045759102536702331
316.52751628826917,700.10701193242119,-991.22595787048294,32.25,-0.045759003195002965
316.54047981525434,700.03045720216426,-993.04318428039505,32.329999999999998,-0.045706105107220618
316.55343848384075,699.76810366425718,-992.47288703918503,32.329999999999998,-0.045643654754732352
316.56639493070497,699.64813066684474,-992.76685714721702,32.229999999999997,-0.045625502242891317
316.5793548720988,699.83683526935215,-992.76685714721702,32.229999999999997,-0.045558205908743724
316.59231823144682,700.02140479251614,-992.65098571777298,32.189999999999998,-0.045595748556784332
316.60527678930993,699.76212460597253,-996.51837348938,32.189999999999998,-0.045674003453818474
316.61822958538892,699.45098826670414,-995.79691886901901,32.299999999999997,-0.045738366121882527
316.63118269915435,699.46814333349346,-995.79691886901901,32.299999999999997,-0.045866665120380241
316.64413464979998,699.4053348648988,-996.41966819763195,32.409999999999997,-0.045849883721846396
316.65708279444073,699.19981059990175,-996.41966819763195,32.409999999999997,-0.045719493386614088
316.67002886533703,699.08782839957314,-997.11084365844704,32.140000000000001,-0.045504299922927705
316.68298279142226,699.51200860119832,-997.22003936767601,32.530000000000001,-0.045357059894154096
316.69594114232353,699.75094866891595,-996.72985076904297,32.189999999999998,-0.045388755905413504
316.70889606802837,699.56598806149145,-996.196508407593,32.189999999999998,-0.045397580704289127
316.72184661651613,699.3296183403636,-997.61891365051304,32.57,-0.045445446545018454
316.73479359079499,699.13661105803851,-998.129844665527,32.189999999999998,-0.04542679008400792
316.74773927260611,699.0668178019074,-997.10702896118198,32.210000000000001,-0.045365015458020165
316.76068153128887,698.88196886767628,-998.77595901489303,32.210000000000001,-0.045222704195808018
316.7736208532001,698.72338320525921,-998.77595901489303,32.530000000000001,-0.045041581615013697
316.7865654432938,699.00786506204486,-998.82817268371605,32.530000000000001,-0.044926579834644251
316.79951352895182,699.19662553137709,-999.54581260681096,32.439999999999998,-0.044943065278748327
316.81246436304565,699.34504106842894,-999.61638450622604,32.439999999999998,-0.045019882834573928
316.82541105896297,699.12157953514543,-999.97615814208996,32.280000000000001,-0.045106559991849871
316.83836660244441,699.59934799738744,-999.97615814208996,32.280000000000001,-0.045088593744282979
316.85132593951238,699.80420166812871,-1000.6537437439,32.299999999999997,-0.045014155200307125
316.86428542662844,699.81230427030994,-1001.20401382446,32.299999999999997,-0.044961408194469928
316.87724606340987,699.87438619538432,-1000.85496902466,32.189999999999998,-0.044889861924788096
316.89020924684075,700.01190526690289,-1000.86617469788,32.369999999999997,-0.044886073511757683
316.90317521699637,700.16238840408255,-1000.79870223999,32.450000000000003,-0.044937793993317002
316.91613396422713,699.77235046076225,-999.176025390625,32.450000000000003,-0.044933089779004939
316.92908995577898,699.6235438009777,-1000.9286403656,32.119999999999997,-0.044837368444882994
316.94205322406418,700.01648740175563,-1002.31623649597,32.119999999999997,-0.044600145064099844
316.9550243195975,700.43915879790745,-1002.31623649597,32.210000000000001,-0.044462446951372338
316.9679942665,700.37713273416159,-1000.95343589783,32.210000000000001,-0.044467601303939799
316.98096273777412,700.2974488022046,-1000.40912628174,32.539999999999999,-0.044575215627965264
316.99393435381364,700.46726613659882,-1001.81436538696,32.210000000000001,-0.044672563671587708
317.00690420965316,700.37221533240916,-1003.84044647217,32.469999999999999,-0.044710316384120367
317.01986538556679,699.90349933477535,-1003.42082977295,32.469999999999999,-0.044620282326741201
317.03282485922961,699.81157779274167,-1003.42082977295,32.210000000000001,-0.044591494110475555
317.0457918817803,700.2192177374485,-1002.0992755889901,32.329999999999998,-0.04460897917523246
317.05876290073826,700.43502372955584,-1001.91044807434,32.280000000000001,-0.044714698774134205
317.07173154792849,700.30694827285799,-1005.13505935669,32.259999999999998,-0.044976045480434802
317.08469951939264,700.27045906381409,-1004.60648536682,32.329999999999998,-0.045256162475472442
317.09766875021108,700.33846419683664,-1004.60648536682,32.329999999999998,-0.045470148323969818
317.11063886578756,700.3862411315464,-1002.4094581604,32.359999999999999,-0.04558175388352196
317.12360352381233,700.09153333753113,-1000.41961669922,32.359999999999999,-0.045456309906320949
317.13657274945808,700.3381848682094,-1000.76961517334,32.43,-0.045311209850001005
317.14955064778513,700.8065096606706,-1000.76961517334,32.43,-0.045187858243087624
317.16253283950994,701.03835314125047,-1001.12700462341,32.119999999999997,-0.045179441156819503
317.17551331656671,700.94576106541706,-1000.4539489746099,32.119999999999997,-0.045372570553717177
317.18849188441231,700.84266366327063,-999.84169006347702,32.119999999999997,-0.045615926178272821
317.20147610952472,701.14815606825812,-999.84169006347702,32.119999999999997,-0.045813558002676676
317.21445852269756,701.05031133476427,-999.18222427368198,32.090000000000003,-0.045823215817422921
317.2274347580975,700.71671159658138,-1002.99859046936,32.090000000000003,-0.045678587630434635
317.24041242876791,700.7942162002571,-1002.99859046936,32.469999999999999,-0.045615022794792646
317.25339696535684,701.16497580219561,-1003.49640846252,32.469999999999999,-0.045728476511669759
317.26637940439883,701.05170826918834,-1003.49020957947,32.140000000000001,-0.04591803583781702
317.27935406069025,700.63143973456795,-1004.93168830872,32.490000000000002,-0.046135100226103898
317.29232812610741,700.59953252847299,-1005.57160377502,32.119999999999997,-0.046229114134252416
317.30530568605559,700.78823720242838,-1005.57160377502,32.520000000000003,-0.046276582612560728
317.31828326669876,700.78935473128126,-1005.30910491943,32.159999999999997,-0.046267745395680071
317.33125709100733,700.58651266193897,-1001.9035339355499,32.159999999999997,-0.046151719159258399
317.34423083149755,700.58198647085499,-1002.50053405762,32.159999999999997,-0.046088247456465926
317.35720968391365,700.85803046955152,-1002.50053405762,32.159999999999997,-0.046098367828490389
317.37018523737783,700.67988706567746,-1002.29430198669,32.189999999999998,-0.046182051300733072
317.38315860740875,700.56198166839272,-1001.84464454651,32.189999999999998,-0.046238740905665418
317.39613290565688,700.61210539995352,-1001.84464454651,32.490000000000002,-0.046152692908821451
317.40911298017539,700.92402400117487,-1002.25567817688,32.490000000000002,-0.046029170561285221
317.42208855226664,700.68089292683305,-1001.93214416504,32.240000000000002,-0.04598940722655713
317.43506271495556,700.6047852026212,-1001.77764892578,32.420000000000002,-0.046009757658522568
317.44803884584076,700.71106779970023,-1002.26998329163,32.240000000000002,-0.046180352154684925
317.46101825187651,700.88792593135145,-1002.26998329163,32.280000000000001,-0.046383726100502259
317.47399335002723,700.65530013935449,-1001.61218643188,32.259999999999998,-0.046533590389167989
317.48696104830373,700.25570693000429,-998.77738952636696,32.259999999999998,-0.046616710929592492
317.49993168334942,700.41429246601319,-998.77738952636696,32.229999999999997,-0.04653831529835703
317.51290724923217,700.68055767092517,-999.22204017639206,32.280000000000001,-0.046427970131151394
317.52587757176786,700.39741692570692,-999.86219406127896,32.369999999999997,-0.046365019967776928
317.53884136573333,700.04487413502625,-1000.09775161743,32.369999999999997,-0.04643141188519663
317.55179942999496,699.73547012898575,-1000.09775161743,32.159999999999997,-0.04657421674995401
317.56476149687285,699.95161140448101,-998.84152412414505,32.159999999999997,-0.046613819689767515
317.57771666368643,699.57900793352132,-998.65055084228504,32.380000000000003,-0.046563876999348511
317.59066990680117,699.47512819797407,-997.45416641235295,32.140000000000001,-0.04649365424213095
317.603624528274,699.54955953272645,-997.45416641235295,32.460000000000001,-0.046365214511976352
317.61658342451727,699.78039713566272,-998.50487709045399,32.090000000000003,-0.046368789756191568
317.62953968925558,699.6382958688356,-998.50487709045399,32.509999999999998,-0.0463838989114881
317.64249472568406,699.57196713626422,-998.15917015075695,32.509999999999998,-0.046462320411981346
317.65544578639998,699.35727866201773,-995.30482292175304,32.140000000000001,-0.046546489206945756
317.66840655977529,699.8817622650372,-995.30482292175304,32.549999999999997,-0.046485892186163259
317.68137095806549,700.07750767029768,-994.03119087219204,32.579999999999998,-0.046341748287427653
317.69433692304568,700.16210893255925,-993.71767044067406,32.579999999999998,-0.046143012327613905
317.70730553091357,700.30482486636151,-992.75636672973599,32.210000000000001,-0.045986984752554881
317.72027243032227,700.21256806841996,-992.57278442382801,32.210000000000001,-0.045994623667215968
317.7332357172333,700.01749319695909,-992.57278442382801,32.5,-0.045997560437215541
317.74619497669255,699.8000107989044,-995.017528533936,32.210000000000001,-0.046019436170486684
317.75915149495813,699.6519863406171,-995.47195434570301,32.259999999999998,-0.04600772530596333
317.7721090594099,699.7084803960912,-995.47195434570301,32.259999999999998,-0.04595515111182441
317.78506488849752,699.61477073094886,-994.05694007873501,32.229999999999997,-0.045839318384420666
317.79801491027047,699.30117574026815,-995.19658088684105,32.229999999999997,-0.045719187085458267
317.81096836241602,699.4864158576878,-995.37348747253395,32.369999999999997,-0.045607766756932559
317.82392185284817,699.48848333690364,-995.37348747253395,32.189999999999998,-0.045591435498079001
317.83687199776415,699.30782546425667,-994.32706832885697,32.380000000000003,-0.045588606348075628
317.84982125895681,699.26010440186758,-993.41654777526901,32.140000000000001,-0.045573577904672022
317.86277717289875,699.6193528658016,-994.64702606201195,32.390000000000001,-0.045510468383701798
317.87573569868147,699.76039226724856,-995.82743644714401,32.390000000000001,-0.04535617720748468
317.88868855995435,699.45450873403252,-995.26882171630905,32.439999999999998,-0.045328739409242126
317.90163783356547,699.26077500161932,-993.66235733032204,32.439999999999998,-0.045394273474374032
317.91458472402599,699.13208486695441,-992.34318733215298,32.100000000000001,-0.045466895939946766
317.92752949003585,699.01736453269825,-992.34318733215298,32.509999999999998,-0.04553554993574168
317.9404734313074,698.97282866524176,-992.29335784912098,32.159999999999997,-0.04549156460438767
317.95342061979142,699.14817813431557,-991.71090126037598,32.159999999999997,-0.045436828708245509
317.96637311060374,699.43450386561847,-990.79298973083496,32.57,-0.045362081791631294
317.97934110172969,700.27152080278643,-990.67974090576195,32.189999999999998,-0.045312055283571323
317.99230677282594,700.14623919844871,-990.67974090576195,32.189999999999998,-0.045365320724808714
318.00527362049507,700.2097741336197,-990.79918861389206,32.189999999999998,-0.045564518206922734
318.01824542486787,700.47743613005991,-992.08283424377396,32.579999999999998,-0.04574134738880898
318.03120939474945,700.05437360567953,-992.15674400329601,32.579999999999998,-0.045820571895392646
318.04416899879755,699.81861859549463,-991.08242988586403,32.579999999999998,-0.045726032306387707
318.05712856352358,699.81649520548615,-992.04683303832996,32.579999999999998,-0.045658946037444609
318.07009393659746,700.13014599154337,-991.57071113586403,32.159999999999997,-0.045637901251411331
318.08305116887772,699.69054313330082,-991.57071113586403,32.530000000000001,-0.045644254941685183
318.09600240550992,699.36677813816709,-993.14641952514603,32.210000000000001,-0.045732371508802432
318.10895264148769,699.31274280005732,-994.00830268859897,32.210000000000001,-0.045839352533705503
318.12190570971978,699.46568453368934,-993.67094039917004,32.439999999999998,-0.045967438360741804
318.13485836299759,699.44327700159931,-993.67094039917004,32.210000000000001,-0.046034256616606116
318.14781035917525,699.40779359325506,-994.00854110717796,32.210000000000001,-0.045916937912172974
318.16076507067527,699.55442100170239,-996.82092666625999,32.210000000000001,-0.045818092508188711
318.17372744902963,699.96843113292255,-996.55508995056096,32.409999999999997,-0.045813331380471403
318.1866902557926,699.99156520303677,-996.55508995056096,32.409999999999997,-0.045917879582508848
318.19965137375681,699.90037006712328,-994.98033523559604,32.25,-0.046076143366787087
318.21261462859007,700.01576099563511,-993.743896484375,32.409999999999997,-0.046154820463982525
318.22558490559504,700.39495826879875,-995.05424499511696,32.229999999999997,-0.046224258839928992
318.23855200058028,700.22312920110141,-996.915102005005,32.369999999999997,-0.046229997856205102
318.25151498222471,700.00100880136949,-996.77729606628395,32.259999999999998,-0.046199772299646918
318.26447779623209,699.99195639721734,-998.11363220214798,32.259999999999998,-0.046190333862972825
318.27744286921239,700.11394093557294,-998.16250801086403,32.299999999999997,-0.046208216290354306
318.29040416309391,699.90986960372857,-998.16250801086403,32.280000000000001,-0.046231874988943003
318.30336509893328,699.89053532407411,-999.561548233032,32.310000000000002,-0.046237154553180053
318.31633128950125,700.17429067031549,-999.92752075195301,32.310000000000002,-0.046051636130101367
318.32930517279385,700.5896978019116,-1001.46985054016,32.140000000000001,-0.045906918950785983
318.34227610069024,700.43010640474722,-1001.12771987915,32.140000000000001,-0.045825966323148351
318.3552392768778,700.01151412768229,-1001.12771987915,32.100000000000001,-0.045889561167756311
318.36819931657777,699.84214379933326,-999.65405464172397,32.100000000000001,-0.046052781657707882
318.38115820557647,699.78000593049035,-1001.10793113708,32.43,-0.046140839241464011
318.39411373043208,699.59834220218374,-1002.42400169373,32.119999999999997,-0.046173145787012961
318.40706553206678,699.39728827243823,-1004.81677055359,32.490000000000002,-0.046258306958700646
318.42001845749758,699.45797326308843,-1004.77290153503,32.490000000000002,-0.046285415689529631
318.43297765797161,699.79682559847583,-1004.01043891907,32.539999999999999,-0.046358278227542606
318.445933175584,699.59795106845934,-1004.01043891907,32.539999999999999,-0.04639921088989156
318.45888363300992,699.32470099906686,-1004.16779518127,32.560000000000002,-0.046472801930748327
318.4718362273025,699.44009180117075,-1004.44555282593,32.560000000000002,-0.0466470172003845
318.48479183597658,699.60286839876392,-1006.1399936676,32.240000000000002,-0.046759370920542137
318.49774836045179,699.65232166247699,-1006.1399936676,32.240000000000002,-0.046708187501645002
318.51070556065309,699.68881087152079,-1005.38873672485,32.25,-0.046628175510077752
318.52366468351732,699.7926346687957,-1004.57262992859,32.25,-0.046493256878285046
318.53662698322717,699.96418433092174,-1004.23645973206,32.210000000000001,-0.046431503983068209
318.54959012216176,700.00950246582715,-1004.23645973206,32.369999999999997,-0.046341840384688561
318.56254993317037,699.8297944665992,-1005.31601905823,32.119999999999997,-0.046255219106247039
318.57551044060119,699.86740126495204,-1008.58974456787,32.119999999999997,-0.046186477152085181
318.58847905467786,700.3051601387574,-1007.66611099243,32.5,-0.046134139928811366
318.60144163481857,699.97932759845594,-1007.66611099243,32.119999999999997,-0.046023968606449951
318.61440173246797,699.84527306698521,-1007.39288330078,32.210000000000001,-0.045980046399895481
318.62736285560624,699.90064946719849,-1009.76514816284,32.210000000000001,-0.045908986486183107
318.64032370038268,699.88561792781752,-1010.46824455261,32.549999999999997,-0.046013416721498307
318.65327791310864,699.52748720158445,-1009.90271568298,32.549999999999997,-0.046133175492523083
318.6662330664692,699.57828147244106,-1009.90271568298,32.399999999999999,-0.046245912089176382
318.67919373636414,699.87617432398895,-1011.9354724884,32.399999999999999,-0.046313119430996877
318.69215961545683,700.15747100782585,-1012.13073730469,32.259999999999998,-0.046304231508746602
318.70512303896294,700.02486932706802,-1010.30421257019,32.229999999999997,-0.046336473896858958
318.71808689811979,700.04839447045072,-1010.30421257019,32.359999999999999,-0.04637501926865422
318.73105206319877,700.11891426460625,-1009.22131538391,32.359999999999999,-0.046394083441661599
318.74401708547407,700.11120286759751,-1008.81147384644,32.140000000000001,-0.046465140249015276
318.75698048310983,700.02347233218791,-1008.50224494934,32.509999999999998,-0.046431810284732915
318.76994689512594,700.18624886932503,-1007.86781311035,32.170000000000002,-0.046325470837961527
318.78292166834939,700.63775406524871,-1004.35137748718,32.549999999999997,-0.046194300262387654
318.79590399770245,701.04578506673602,-1003.9610862731899,32.189999999999998,-0.046086024699415459
318.80888353205444,700.89485500595117,-1004.46057319641,32.189999999999998,-0.046073860592415333
318.8218582669889,700.63568645962494,-1004.1036605835,32.25,-0.04614616433679166
318.8348337356,700.67530500227281,-1004.1036605835,32.25,-0.046247700228976514
318.84780809283217,700.61529053443019,-1003.32021713257,32.350000000000001,-0.046319374814040415
318.8607789224223,700.42479786927004,-1003.93176078796,32.259999999999998,-0.046241341365237859
318.87374740714819,700.29817519733308,-1005.91325759888,32.210000000000001,-0.04611712569912061
318.88671832780005,700.42971519957473,-1007.9407691955601,32.210000000000001,-0.046051085614965105
318.89968727404823,700.32309740154778,-1006.2735080719,32.329999999999998,-0.046059430265092689
318.91265467326667,700.23955779581854,-1006.2735080719,32.140000000000001,-0.046243672776550025
318.92561835754196,700.03895086662203,-1004.47058677673,32.460000000000001,-0.046402826490918356
318.93858775186055,700.34729320513827,-1004.10056114197,32.140000000000001,-0.046590656662560383
318.95155591786789,700.28096439562296,-1006.71410560608,32.539999999999999,-0.046697965719797299
318.96451923789255,700.0192813310598,-1006.71410560608,32.539999999999999,-0.046592557595414405
318.97748388970865,700.09119807063132,-1004.21333312988,32.140000000000001,-0.046468364695554897
318.99045729181847,700.56371393017264,-1004.08577919006,32.579999999999998,-0.046417462742414185
319.00343203296302,700.63602180346879,-1003.34191322327,32.159999999999997,-0.046424477671940093
319.0164017315123,700.36372166245542,-1003.34191322327,32.520000000000003,-0.046540695345184714
319.02937199713455,700.39434360182361,-1003.07059288025,32.229999999999997,-0.046722523660427749
319.04235336412091,700.99381726280217,-1001.27363204956,32.229999999999997,-0.04681495432092294
319.05533859609756,701.20252673921971,-1001.27363204956,32.359999999999999,-0.046907981029476992
319.06831952846676,700.97034793677994,-1001.66463851929,32.280000000000001,-0.04692705451565736
319.08129818013083,700.8471898598508,-1001.66463851929,32.399999999999999,-0.046934543383656581
319.09428467249751,701.2705877995229,-1001.35087966919,32.399999999999999,-0.047062861008398509
319.10726372773456,700.86898280190951,-1002.03990936279,32.119999999999997,-0.047173934678549717
319.12023846163578,700.6356306642482,-1001.77907943726,32.119999999999997,-0.04731312497664758
319.1332146504692,700.71419700689637,-999.51481819152798,32.119999999999997,-0.047376405241192215
319.1461967780358,701.03488859570666,-1002.45714187622,32.119999999999997,-0.04737764700373228
319.15917682668396,700.92262700079891,-1001.620054245,32.159999999999997,-0.047346299720803259
319.17215095005065,700.6026618016208,-1001.620054245,32.159999999999997,-0.047217915868567079
319.18511860279636,700.25324826759993,-1000.08988380432,32.579999999999998,-0.047147518231323807
319.19808780877901,700.33712306328528,-998.726367950439,32.579999999999998,-0.047114799832950263
319.21105779397038,700.37920033428952,-998.67892265319801,32.159999999999997,-0.04709761279329145
319.22401863253828,699.88528266641367,-998.67892265319801,32.560000000000002,-0.047132634661219051
319.23697752153709,699.7800059359862,-999.189853668213,32.539999999999999,-0.047090102194012426
319.24994012030498,699.98033346510749,-999.04417991638195,32.539999999999999,-0.047035186240919305
319.26289939321606,699.80073719952884,-999.04417991638195,32.170000000000002,-0.047063361852939536
319.27585406642845,699.55235346752659,-998.17609786987305,32.170000000000002,-0.047078472044333561
319.28881159776671,699.70669226748669,-997.91073799133301,32.210000000000001,-0.047210769520659071
319.30177158572593,699.83934979858122,-997.85971641540505,32.210000000000001,-0.047310990177862271
319.31473269023832,699.89964366649906,-997.68757820129395,32.210000000000001,-0.047350468941187683
319.32769420349763,699.92171600313691,-997.68757820129395,32.210000000000001,-0.04739060790949965
319.34065621760129,699.9487615973602,-997.63774871826195,32.439999999999998,-0.047325384285129987
319.3536196876729,700.0273838672889,-996.93918228149403,32.439999999999998,-0.047268992702751284
319.36658413770243,700.08030159410589,-995.60189247131302,32.210000000000001,-0.047255742052421772
319.37954339095307,699.79967553750055,-994.94004249572697,32.409999999999997,-0.047272330978035182
319.39250031175681,699.67372339936321,-994.94004249572697,32.229999999999997,-0.047381051504678418
319.40545978541985,699.8115778037336,-995.02587318420399,32.329999999999998,-0.047372296037721966
319.41841671967649,699.67444986044347,-995.44882774353005,32.25,-0.047251701147419417
319.43136998245313,699.47618993694618,-995.44882774353005,32.25,-0.047070605473099922
319.44432253845929,699.43802433294695,-994.48227882385197,32.310000000000002,-0.046916966223267201
319.45727330011607,699.34112946737594,-994.17591094970703,32.310000000000002,-0.046959261719914061
319.47022302904065,699.28536192794218,-994.54164505004906,32.210000000000001,-0.047028687678567931
319.48316819138023,699.03876633553659,-994.50492858886696,32.329999999999998,-0.047079884550142705
319.49611526396541,699.14191959901154,-995.43571472168003,32.170000000000002,-0.047133494582343172
319.50906492873202,699.28189739888637,-995.84460258483898,32.170000000000002,-0.047071679598933172
319.52201109793464,699.09313694054617,-995.84460258483898,32.329999999999998,-0.04698642012154184
319.53495373949386,698.9026441984422,-994.71378326416004,32.119999999999997,-0.04681054502677516
319.54790138329014,699.17276500018261,-995.35536766052201,32.140000000000001,-0.046682000780133286
319.56084777911479,699.105374528639,-996.96350097656205,32.140000000000001,-0.046716996778599557
319.5737909277284,698.93002513650924,-996.96350097656205,32.439999999999998,-0.046806999792340147
319.58673181529633,698.80792866664819,-996.46687507629395,32.439999999999998,-0.046854927721262631
319.59968110339508,699.26155733502026,-996.65355682373001,32.490000000000002,-0.046846799344985833
319.61263241039387,699.37057793412293,-996.89555168151901,32.490000000000002,-0.046688474507797707
319.62557759860368,699.04016333041648,-996.89555168151901,32.100000000000001,-0.046444235162612486
319.63851836303093,698.80127906906773,-996.51765823364303,32.539999999999999,-0.046223819048908522
319.65146454568526,699.09386333567465,-997.08557128906205,32.140000000000001,-0.046059028762251035
319.66441938757032,699.56146179346342,-996.72770500183105,32.140000000000001,-0.046085958472328332
319.67737122128403,699.39902053971412,-995.40877342224098,32.579999999999998,-0.046121949950925015
319.69031915792965,699.18857886197247,-995.40877342224098,32.079999999999998,-0.046085312754488454
319.70327395428399,699.55900313655502,-994.81153488159202,32.119999999999997,-0.045944475050893559
319.71622360559758,699.28117093230992,-996.54841423034702,32.119999999999997,-0.045686258623508683
319.7291683002062,699.01350886442196,-998.11029434204102,32.490000000000002,-0.045445046076035181
319.74210833613205,698.76193999794293,-998.11029434204102,32.490000000000002,-0.045308055769035377
319.75505352434197,699.04016333591267,-998.20685386657703,32.090000000000003,-0.045300605188909639
319.76800680781355,699.47730746579896,-997.591733932495,32.490000000000002,-0.045471486324496775
319.78095813550868,699.37169553442368,-998.87299537658703,32.530000000000001,-0.045663378097544796
319.79390833837283,699.31095466595673,-998.87299537658703,32.530000000000001,-0.045759597171782837
319.80686095232727,699.44115354014298,-999.36032295227005,32.140000000000001,-0.045753705004216369
319.81981767858889,699.66321812801027,-999.90916252136196,32.140000000000001,-0.045746393087928973
319.83277117523085,699.48881866425938,-999.90916252136196,32.579999999999998,-0.045802990595803963
319.84572712849393,699.62147620634596,-999.84216690063499,32.140000000000001,-0.045909989210853756
319.85869737341977,700.39322599602679,-999.64022636413597,32.229999999999997,-0.045992052181733342
319.87167217251357,700.63915106562467,-1001.26910209656,32.229999999999997,-0.046151256602489074
319.88464406794935,700.48235353181246,-1001.26910209656,32.5,-0.046258104136306162
319.89761368268023,700.35919546587513,-999.74250793456997,32.5,-0.046291340969163895
319.91058560398767,700.48375060363639,-998.23236465454102,32.170000000000002,-0.046272904922628331
319.92355521250988,700.35886019897532,-1000.04243850708,32.469999999999999,-0.046147717576802125
319.93652195048895,700.20385087071168,-1000.04243850708,32.210000000000001,-0.046079590295823786
319.94948997990133,700.27358826551415,-1001.16419792175,32.409999999999997,-0.046091460519164233
319.96246262867407,700.52303373099267,-1002.24328041077,32.229999999999997,-0.046174837690047543
319.97543905861733,700.72721693388621,-1002.53915786743,32.229999999999997,-0.046379175037277003
319.98840604287903,700.21715013182472,-1002.53915786743,32.439999999999998,-0.046544310947025727
320.00136645821237,699.86242800187074,-1004.30583953857,32.240000000000002,-0.046710756917273527
320.01432595153705,699.81263953171378,-1005.0392150878901,32.329999999999998,-0.046869491537941038
320.02728636790488,699.86248386319937,-1004.01520729065,32.259999999999998,-0.046919094811777765
320.04024749207775,699.90070533402331,-1005.32793998718,32.189999999999998,-0.047000167476704185
320.05321716579255,700.36238060035191,-1005.32793998718,32.189999999999998,-0.047123736390410731
320.06618996357776,700.53108040039717,-1006.36553764343,32.329999999999998,-0.047333410216707381
320.07916391827155,700.59355346469204,-1006.74295425415,32.140000000000001,-0.04753602668640533
320.0921306945383,700.20591840488737,-1005.83410263062,32.420000000000002,-0.04767756909120123
320.10509368342713,700.00139999554983,-1005.83410263062,32.100000000000001,-0.047848684093024979
320.11805708727042,700.02380753863179,-1005.14030456543,32.539999999999999,-0.047996493262364839
320.1310212848087,700.06666706609303,-1003.8871765136701,32.539999999999999,-0.048023055617562205
320.14398587143205,700.08767766375877,-1003.8871765136701,32.159999999999997,-0.047970714253969524
320.1569506463901,700.09784773416379,-1005.78165054321,32.57,-0.047837927316130083
320.16992055397037,700.37500933316119,-1005.7768821716299,32.390000000000001,-0.047778501692313659
320.18288894763469,700.29325787252446,-1003.75509262085,32.390000000000001,-0.047819989009608849
320.19585206587283,700.00838486003022,-1003.75509262085,32.259999999999998,-0.047882268618726263
320.20881723716042,700.11924953150617,-1004.3830871582001,32.259999999999998,-0.04803327015731234
320.22178751519999,700.39501413562346,-1004.3830871582001,32.210000000000001,-0.048134812256922156
320.23476028711491,700.52968340551706,-1005.54203987122,32.329999999999998,-0.04814488709775424
320.24773205940875,700.47570386827999,-1006.2997341156,32.159999999999997,-0.048120769981697308
320.26070225880375,700.39076732812657,-1007.075548172,32.329999999999998,-0.048061636172602465
320.2736741676926,700.48307999838869,-1007.54332542419,32.119999999999997,-0.04807503893954973
320.28664044311478,700.17887279967215,-1005.96308708191,32.119999999999997,-0.048154222054750992
320.29960059871229,699.84840226318931,-1006.2828063964801,32.420000000000002,-0.048324347783156842
320.31256271733213,699.95440547118517,-1005.0687789917,32.090000000000003,-0.048517223655038411
320.32552701835067,700.0722550016452,-1004.3785572052,32.079999999999998,-0.048668612208505241
320.3384893832519,699.96770466634621,-1005.2886009216299,32.079999999999998,-0.048763582275866538
320.35144593980613,699.65405392975288,-1005.779504776,32.479999999999997,-0.04876934405809507
320.36440650518517,699.8705304666521,-1005.779504776,32.479999999999997,-0.048676603990085353
320.37736701882596,699.8677366032997,-1006.4537525177,32.100000000000001,-0.04861809416785591
320.39032515448883,699.73932579726215,-1003.21769714355,32.520000000000003,-0.04859978643578642
320.40328588233211,699.87930353668094,-1003.2310485839801,32.119999999999997,-0.04862229236202481
320.41625249613452,700.19714532936246,-1003.2310485839801,32.530000000000001,-0.048667531873516807
320.42922835486661,700.69637153271526,-1004.14538383484,32.159999999999997,-0.048670970524562006
320.44220345922588,700.65563540075857,-1003.7779808044399,32.159999999999997,-0.048664350889740353
320.45517359342841,700.38724693774202,-1004.60863113403,32.530000000000001,-0.048686791625294434
320.46814428745932,700.41747766644187,-1003.62753868103,32.140000000000001,-0.048697470791260883
320.48111364245437,700.3451697326899,-1003.62753868103,32.159999999999997,-0.048755174502262529
320.49407750161112,700.04839446495475,-1002.60758399963,32.159999999999997,-0.048709146471012571
320.50703678694072,699.80140779928058,-1003.56769561768,32.509999999999998,-0.048569612618659795
320.52000253047407,700.1501507995016,-1003.44634056091,32.509999999999998,-0.048484481456955858
320.53296789630372,700.12975480285888,-1001.97815895081,32.57,-0.048449012553671116
320.54593162611116,700.04140960047437,-1000.67114830017,32.57,-0.048525063320102556
320.55889089177896,699.80034606030824,-1001.33061408997,32.159999999999997,-0.048580305236896763
320.57185598545561,700.11505854136988,-1002.28190422058,32.590000000000003,-0.048575074307564567
320.58482548325441,700.35288113519459,-1001.92403793335,32.159999999999997,-0.048414656064398424
320.59779049828643,700.11081172837703,-1000.6117820739699,32.159999999999997,-0.048138946294366915
320.6107512789049,699.8821533987616,-1000.6117820739699,32.539999999999999,-0.047876939383893972
320.62371847737165,700.22871720260571,-998.47459793090798,32.189999999999998,-0.047732159081611041
320.63669014515187,700.47006013185501,-997.21384048461903,32.560000000000002,-0.047672901095722767
320.64965634917161,700.17501706544385,-999.37176704406704,32.189999999999998,-0.047654531274544124
320.66261822047289,699.94105027179944,-998.51179122924805,32.539999999999999,-0.047701901444807897
320.67558808252227,700.37255066526086,-998.51179122924805,32.539999999999999,-0.047762459144265641
320.68856337521601,700.66580546017155,-996.34861946106003,32.420000000000002,-0.047819814126936908
320.70153095035067,700.24905727196779,-996.02603912353504,32.420000000000002,-0.047750931439489733
320.71449847374566,700.24626333167168,-997.56050109863304,32.25,-0.047660958435631118
320.72746914707903,700.41636000018912,-996.92320823669399,32.259999999999998,-0.047650829785004491
320.74044107562963,700.48414173186507,-996.22321128845203,32.299999999999997,-0.047701635501481425
320.75340954069509,700.29711353530479,-996.54054641723599,32.299999999999997,-0.047850063485036114
320.76637592684079,700.18485186894895,-994.978427886963,32.32,-0.047941427263729394
320.77934987532592,700.59321819779223,-994.978427886963,32.32,-0.047880761945903891
320.79231996399631,700.38478819839372,-993.75915527343705,32.189999999999998,-0.047720180203194677
320.80529028756791,700.39747286947568,-994.54379081726097,32.359999999999999,-0.047528736500888846
320.81825511426541,700.10064166346797,-995.42760848999001,32.119999999999997,-0.047357109271395206
320.8312177978865,699.98491553950419,-994.54784393310501,32.119999999999997,-0.047324490215433473
320.84417907107166,699.90875199793174,-994.20356750488304,32.090000000000003,-0.047309320005598607
320.85713594634444,699.67126473146288,-994.010448455811,32.090000000000003,-0.047253458242359637
320.8700908792926,699.56637920071205,-993.27683448791504,32.5,-0.047152487353577285
320.88305264711357,699.93546233075119,-994.21668052673294,32.159999999999997,-0.04702918231446266
320.89601618134321,700.03084840184079,-994.92621421813999,32.579999999999998,-0.046991797992093208
320.90897875424082,699.97893647022738,-992.98572540283203,32.579999999999998,-0.047042719605743626
320.92194357472965,700.10030639656816,-992.98572540283203,32.189999999999998,-0.047195130544492585
320.93491392313581,700.39881393157907,-995.68557739257801,32.560000000000002,-0.047394727459695946
320.94788390211721,700.37886499594163,-994.02284622192406,32.509999999999998,-0.047543914988104549
320.96084883333094,700.1062855427889,-994.02284622192406,32.509999999999998,-0.047652766935877895
320.97382061804325,700.47637446253566,-992.39134788513195,32.240000000000002,-0.047635535399088637
320.98679285186051,700.50062613295074,-992.90370941162098,32.240000000000002,-0.047612885634427553
320.99976417505059,700.45145226381692,-994.84157562255905,32.240000000000002,-0.047628887825562218
321.01273469316419,700.40797813533266,-995.769262313843,32.240000000000002,-0.047699908415100072
321.02570551033705,700.42412733547042,-994.95792388916004,32.25,-0.047906009067035599
321.0386763523432,700.42546833162191,-994.95792388916004,32.25,-0.04816343179916216
321.05164441487045,700.27537647106271,-993.99685859680199,32.310000000000002,-0.048172736747294713
321.0646050133642,699.87231866120862,-991.98150634765602,32.310000000000002,-0.047946841352096585
321.07756190829747,699.67232639898725,-992.83504486083996,32.210000000000001,-0.047584556870404526
321.09051971282344,699.72144440129648,-992.83504486083996,32.210000000000001,-0.047273221942390767
321.10347118953092,699.37974220382819,-993.40319633483898,32.329999999999998,-0.047178517820900379
321.11641733907169,699.09207520157406,-993.04938316345203,32.140000000000001,-0.047261463477533384
321.12936875058523,699.37622173100374,-994.14753913879395,32.390000000000001,-0.047472130714208131
321.14232206613707,699.47903979902685,-994.14753913879395,32.390000000000001,-0.047618568771971029
321.15526913872225,699.14191959901154,-995.21970748901401,32.390000000000001,-0.047568159385074506
321.16821207209625,698.91840219890344,-994.37761306762695,32.390000000000001,-0.047399952180178284
321.18116119048648,699.25239307081085,-995.21708488464401,32.329999999999998,-0.04718202269740427
321.19411290830249,699.39276206486602,-995.21708488464401,32.329999999999998,-0.047074148638393293
321.20706614520873,699.47479293657011,-997.214794158936,32.159999999999997,-0.047133420076653866
321.22001686857789,699.33906193320013,-997.40242958068802,32.159999999999997,-0.047300148547839586
321.23297007340494,699.47306066379804,-996.84691429138195,32.189999999999998,-0.04749525855786494
321.24592837153216,699.74809886729111,-996.84691429138195,32.189999999999998,-0.04762538915709396
321.25888753992848,699.79509340264792,-996.30093574523903,32.140000000000001,-0.047587829952459679
321.27183667798033,699.25345479879115,-996.88005447387695,32.140000000000001,-0.047443680879241487
321.28479110490986,699.5390541954215,-997.39837646484398,32.420000000000002,-0.047213457938802002
321.29774944856791,699.75055753519132,-997.68114089965798,32.420000000000002,-0.047069042920934237
321.31070664876916,699.68881086602482,-997.68114089965798,32.100000000000001,-0.046962963210166131
321.32366146478392,699.56006479858331,-996.82927131652798,32.469999999999999,-0.046979054394849229
321.3366162290593,699.55727086927914,-997.33138084411598,32.479999999999997,-0.04696424843526581
321.34957236962225,699.63159039893446,-999.52697753906205,32.479999999999997,-0.046874459626234356
321.36252260560002,699.31274280005732,-998.57139587402298,32.100000000000001,-0.046723529490032209
321.37546892484818,699.10123939983146,-998.64268302917503,32.100000000000001,-0.046619225500041425
321.38842383813579,699.56531753318768,-999.18699264526401,32.119999999999997,-0.046559557732709325
321.40138472120003,699.88768546748929,-999.18699264526401,32.119999999999997,-0.046554810056957212
321.41434147333092,699.66461506793053,-1001.06620788574,32.100000000000001,-0.046539896477886485
321.42729535388389,699.50954986185002,-1003.08418273926,32.100000000000001,-0.046409709998805268
321.44025512039622,699.82739166552358,-1002.6650428772,32.539999999999999,-0.046197986229191995
321.45321498418031,699.83264433967202,-1002.6650428772,32.539999999999999,-0.045981665866178863
321.46616895579626,699.51446726360257,-1002.24351882935,32.57,-0.045797088079170559
321.47912384321234,699.56392046685971,-999.45282936096203,32.57,-0.045820040006297046
321.49208399260237,699.84806706224151,-1001.38115882874,32.57,-0.045864598618332614
321.5050500093235,700.16490293880736,-1001.38115882874,32.57,-0.04585031626934441
321.51801627129259,700.17814633309581,-1002.01106071472,32.140000000000001,-0.045709293334519528
321.53097851305438,699.96105513471764,-1001.47771835327,32.140000000000001,-0.045448747567305034
321.5439497586346,700.44726133413667,-1001.56569480896,32.170000000000002,-0.045234253630540622
321.55692462291972,700.64267139555341,-1001.0972023010301,32.170000000000002,-0.045098228793687481
321.56989580330747,700.44374093825604,-1000.80585479736,32.210000000000001,-0.045084835340422097
321.58286630176059,700.4069164678084,-1002.0408630371099,32.210000000000001,-0.045186597854506898
321.5958403216469,700.59707386057255,-1002.0408630371099,32.579999999999998,-0.04526606553978773
321.60881645253096,700.71106773924441,-1001.86467170715,32.579999999999998,-0.045295005870839129
321.62178987533696,700.56483152497765,-1003.83353233337,32.549999999999997,-0.045169944770948003
321.63476047106047,700.41216907050887,-1005.1994323730499,32.549999999999997,-0.044991429894469914
321.64773584860876,700.67038760601622,-1005.1994323730499,32.560000000000002,-0.044952980759643761
321.66071627392597,700.94296713061692,-1004.61602210999,32.560000000000002,-0.045056791148921312
321.67369322954812,700.75560359570898,-1004.47177886963,32.229999999999997,-0.045166854850065191
321.68666906137406,700.69491859956247,-1004.47177886963,32.229999999999997,-0.045346873294024731
321.69964950635188,700.94402880363714,-1004.3351650238,32.210000000000001,-0.045396472430901259
321.71263031454572,700.96364246687881,-1004.065990448,32.210000000000001,-0.0453850792515786
321.72560852434941,700.82332940010429,-1003.5572052002,32.479999999999997,-0.045249214810352489
321.73858628608269,700.7991335965138,-1005.58686256409,32.229999999999997,-0.045070489867652129
321.75157016764081,701.1296041384926,-1003.24177742004,32.329999999999998,-0.045000898340720651
321.76455454900861,701.15659386039522,-1001.29985809326,32.329999999999998,-0.045064911245476381
321.77753298026056,700.83528760460979,-1000.50187110901,32.259999999999998,-0.045158848580422392
321.79051257359504,700.8980400634839,-1001.27935409546,32.259999999999998,-0.045185216391929225
321.80349474669384,701.03734733505507,-1002.44641304016,32.189999999999998,-0.045086423762761563
321.81647124079387,700.73068140248597,-1002.44641304016,32.189999999999998,-0.044946999599851968
321.82944365570125,700.51040499818328,-1002.73323059082,32.32,-0.044850602539127732
321.84241599920745,700.50654933540284,-1002.70175933838,32.32,-0.044896877888375944
321.85539384579499,700.80371572587046,-1002.70175933838,32.359999999999999,-0.045056531412918023
321.86837093801103,700.76297966536185,-1002.73728370667,32.359999999999999,-0.04522783578191418
321.8813424309098,700.46061653352228,-1003.42130661011,32.159999999999997,-0.045344841976646982
321.89431022024826,700.26062427679688,-1005.13362884521,32.43,-0.045404165155153338
321.90728339573587,700.55147633108788,-1005.02705574036,32.119999999999997,-0.045386648012695915
321.92025246409139,700.32969119825566,-1003.70454788208,32.119999999999997,-0.04538648140923681
321.93321360792595,699.90176706749946,-1004.21333312988,32.119999999999997,-0.045385179627950571
321.94616948978768,699.61762053257371,-1004.17375564575,32.119999999999997,-0.045434690804628169
321.95912855470374,699.78950546709564,-1004.32252883911,32.119999999999997,-0.045568438039658356
321.97208554690872,699.67757906763973,-1005.8505535125699,32.119999999999997,-0.045598775354597831
321.98503595155927,699.32185113149012,-1005.76996803284,32.539999999999999,-0.04558598001710807
321.99798695432594,699.35414939986174,-1003.74627113342,32.539999999999999,-0.045466326796836064
322.01094475885191,699.72144440129648,-1004.2126178741501,32.579999999999998,-0.045297400403795721
322.02390446017159,699.8238712641471,-1004.2126178741501,32.579999999999998,-0.04519801276348092
322.03686594135189,699.91998373586114,-1004.4732093811,32.210000000000001,-0.045165783828860419
322.04982879985556,699.99435919829295,-1004.21380996704,32.530000000000001,-0.045233587216500656
322.06279538778767,700.19574833448246,-1003.34787368774,32.229999999999997,-0.045407798347548184
322.07576300845437,700.25151600032416,-1002.82716751099,32.229999999999997,-0.045493523487253322
322.08872819319384,700.11997593213039,-1003.21412086487,32.240000000000002,-0.045561306178693473
322.10168962263458,699.91718980106089,-1001.97672843933,32.240000000000002,-0.045614520915477241
322.11465934084561,700.36478339593145,-1001.97672843933,32.280000000000001,-0.045757915617509859
322.12763167814188,700.50621399705506,-1000.47731399536,32.280000000000001,-0.045969727344777632
322.14059707087773,700.13120773601167,-999.44114685058605,32.210000000000001,-0.046099325020645551
322.15355958479137,699.97575133575083,-1000.12946128845,32.210000000000001,-0.046118084961231653
322.16652184621353,699.96211679674593,-1000.55456161499,32.140000000000001,-0.046044978209441791
322.17948288553333,699.89612327061855,-1000.55456161499,32.140000000000001,-0.045873754554272346
322.19244321704696,699.85790173384271,-997.66492843627896,32.140000000000001,-0.045821600489931745
322.20540386003705,699.87472146778009,-996.15263938903797,32.140000000000001,-0.045770512272007999
322.2183671738544,700.01894613560785,-996.26946449279797,32.399999999999999,-0.045763752941321623
322.23132963602717,699.97295732950272,-996.26946449279797,32.399999999999999,-0.045740132529995745
322.24428523849258,699.60253313186399,-996.77991867065396,32.119999999999997,-0.045616864743471326
322.25724482908896,699.81789220586222,-996.69122695922795,32.460000000000001,-0.045379735529904958
322.27020637546178,699.92350413174154,-996.52123451232899,32.57,-0.04518194538074595
322.28316874036426,699.96770473229822,-996.70934677124001,32.57,-0.045038366483173733
322.2961253952235,699.65936239927805,-996.67477607727005,32.210000000000001,-0.045122597366433086
322.30908496615808,699.81683046689,-996.07753753662098,32.210000000000001,-0.04528845039498073
322.32204776050378,699.99089466923704,-994.54927444457996,32.189999999999998,-0.0454241668597044
322.33500424565563,699.65019820102054,-994.54927444457996,32.189999999999998,-0.045352911369562654
322.34795383177658,699.27765053093344,-993.95132064819302,32.240000000000002,-0.04509706050053567
322.36090940837283,699.60113619743993,-995.99313735961903,32.240000000000002,-0.044710491266792309
322.37387312472708,700.04068312840195,-996.915102005005,32.450000000000003,-0.044398530282975045
322.38683891999995,700.15294473430185,-996.915102005005,32.450000000000003,-0.04429861489184795
322.39980475977035,700.15534760132948,-997.05505371093705,32.240000000000002,-0.044468976556242733
322.4127680994568,700.02034307003191,-995.85270881652798,32.32,-0.044685453175683593
322.42573115353832,700.0049204024225,-995.78452110290505,32.210000000000001,-0.044841126849252767
322.43868318179381,699.40952579457905,-995.78452110290505,32.210000000000001,-0.044674638450710846
322.45162838966553,699.04122507488478,-995.56589126586903,32.310000000000002,-0.044254314982466174
322.46457543638024,699.14052259313951,-997.95293807983398,32.310000000000002,-0.043782353815121654
322.47752922587034,699.50463246559343,-997.95293807983398,32.439999999999998,-0.043547051026277345
322.49048239137522,699.47093726279763,-998.28720092773403,32.439999999999998,-0.043530394840125525
322.50343249075922,699.30536673590041,-998.01778793334995,32.469999999999999,-0.043763470732109393
322.51638682662593,699.53413680466099,-997.24745750427201,32.469999999999999,-0.043896176954900792
322.52933848545808,699.38957693588543,-997.30229377746605,32.090000000000003,-0.043954876148068416
322.54228629171854,699.18153806471548,-997.30229377746605,32.090000000000003,-0.04371359012947644
322.5552334802012,699.1481780628676,-996.97780609130905,32.140000000000001,-0.043387364388039029
322.56819218190128,699.76989180385385,-997.36189842224098,32.140000000000001,-0.043158314914216157
322.58115923032227,700.2206147323285,-998.24285507202103,32.159999999999997,-0.043192086741103301
322.59412559680612,700.18379012997673,-998.24285507202103,32.159999999999997,-0.043393988162059992
322.60708939801481,700.04526526875065,-998.56162071228005,32.560000000000002,-0.043592821392803002
322.6200548880222,700.13646039916819,-998.490810394287,32.560000000000002,-0.043593770307068437
322.6330199806643,700.11500267454528,-998.490810394287,32.560000000000002,-0.043483429278349667
322.64598033908396,699.85935466149942,-997.21813201904297,32.560000000000002,-0.043253102857927508
322.65894244321487,699.95362306633604,-996.61588668823197,32.189999999999998,-0.042985546298757969
322.67191071373702,700.28660819799995,-999.69768524169899,32.509999999999998,-0.042827924092000744
322.68488577256551,700.65317673835409,-999.886512756348,32.189999999999998,-0.042886805409428977
322.69785404308772,700.28660819799995,-998.42143058776901,32.189999999999998,-0.042966642519545621
322.71081423179999,699.85019046324192,-998.06785583496105,32.259999999999998,-0.043053652883943326
322.72377602549005,699.93685926517526,-998.15392494201706,32.259999999999998,-0.042893744797066313
322.73673755841111,699.92277773661328,-998.63433837890602,32.310000000000002,-0.04269954541404359
322.74969699999502,699.80984553096164,-1000.12922286987,32.310000000000002,-0.042611800340903797
322.76265640225682,699.80772213545731,-1001.30724906921,32.159999999999997,-0.042672207992783671
322.77562202885798,700.1438364633251,-1003.02290916443,32.159999999999997,-0.042872279882964937
322.78858612808892,700.06135847015992,-1004.78053092957,32.140000000000001,-0.043130084457830557
322.80153873583458,699.44081826774709,-1003.2742023468001,32.140000000000001,-0.043286627364577286
322.81449272607773,699.51547313025424,-1001.74379348755,32.140000000000001,-0.043380095933598796
322.8274479518754,699.58219307349395,-1003.40366363525,32.140000000000001,-0.04324119641534635
322.84040960172842,699.92909206179786,-1004.11581993103,32.420000000000002,-0.04310008759343352
322.85337281827276,700.01369339550752,-1004.11581993103,32.420000000000002,-0.043096667568632535
322.86633623556918,700.02453400520812,-1003.89361381531,32.5,-0.043325627015048593
322.87930633148392,700.38517939807025,-1001.35278701782,32.5,-0.043678444085874964
322.89227659607161,700.39428773499901,-1001.16515159607,32.579999999999998,-0.043823642449527002
322.90523287322844,699.63896646858734,-1001.16515159607,32.579999999999998,-0.043701384630381465
322.91818590938277,699.46395233236524,-1003.38768959045,32.159999999999997,-0.043417132563633581
322.93114383704938,699.72809399887683,-1001.41143798828,32.159999999999997,-0.043097203597334557
322.94410609226304,699.96178153534208,-1002.02870368958,32.140000000000001,-0.042957789781965232
322.95706392265805,699.72284133022447,-1002.02870368958,32.140000000000001,-0.042926268650935094
322.97002076481732,699.66947660285837,-1004.38404083252,32.210000000000001,-0.043065253023231331
322.982977913279,699.6860169312248,-1006.61730766296,32.210000000000001,-0.043301857593972551
322.99593237849632,699.54112173509338,-1006.61730766296,32.439999999999998,-0.043434525530213576
323.00887865221358,699.09878073193113,-1006.16788864136,32.439999999999998,-0.043422796039446009
323.02182827041355,699.27938279820933,-1005.06258010864,32.409999999999997,-0.043302261166464746
323.03478490561241,699.65830073724976,-1007.2872638702401,32.409999999999997,-0.043264850973310849
323.04773982614319,699.56570866141635,-1009.41896438599,32.350000000000001,-0.043433513492166377
323.06069559624581,699.61158554151223,-1009.41896438599,32.350000000000001,-0.0436837433107235
323.0736518940987,699.64008405789616,-1010.15758514404,32.259999999999998,-0.043894016286654153
323.08661197829633,699.84454667185696,-1009.5591545105,32.259999999999998,-0.044036494154259177
323.09956852864076,699.65371859690106,-1008.61358642578,32.280000000000001,-0.043937643575690556
323.11252079179758,699.42221047115697,-1008.61358642578,32.280000000000001,-0.043789494989463086
323.12547521872591,699.5390541294696,-1006.5131187439,32.240000000000002,-0.043591961470864665
323.13844195567032,700.20379499839089,-1004.8999786377,32.310000000000002,-0.043545123189289381
323.15140796514811,700.16451179958699,-1005.69605827332,32.189999999999998,-0.043620855236051082
323.16437095300245,700.0013441342212,-1006.65235519409,32.189999999999998,-0.043665653922358889
323.17733840499511,700.24240760293924,-1006.65235519409,32.159999999999997,-0.043609053310058973
323.19031352280746,700.65636186733479,-1006.63661956787,32.159999999999997,-0.043386026388428076
323.20329046601233,700.75493306190913,-1006.00075721741,32.119999999999997,-0.043096177073260224
323.21626610950489,700.68474860060553,-1006.01100921631,32.119999999999997,-0.042981467105882139
323.2292425197864,700.72615520040995,-1006.69813156128,32.420000000000002,-0.042969112595306787
323.24222147671736,700.8636742719284,-1009.54151153564,32.420000000000002,-0.043132474853216286
323.25519402200985,700.51744579544027,-1010.8802318573,32.5,-0.043303171793772709
323.26815839442958,700.07611066442553,-1010.8802318573,32.5,-0.043357820767543652
323.28112121981854,699.99257100373632,-1010.94150543213,32.5,-0.04333682668647288
323.29408734622967,700.17082620171561,-1010.76817512512,32.5,-0.043273619893555604
323.30705175176297,700.07789879852635,-1010.5254650116,32.090000000000003,-0.043076844885952724
323.32001299907785,699.90735500305175,-1010.5254650116,32.090000000000003,-0.043094338227785141
323.33297526050001,699.96211679674593,-1010.46419143677,32.530000000000001,-0.043143942538940695
323.34593659163335,699.91188119963181,-1006.7584514617899,32.119999999999997,-0.043292361207286828
323.35890529780744,700.31013340183858,-1005.83839416504,32.119999999999997,-0.043339944547383574
323.37186840983708,700.00804959862637,-1005.83839416504,32.119999999999997,-0.043127878257882654
323.38483888241967,700.40551946193625,-1005.67173957825,32.539999999999999,-0.042772884997601013
323.39781594876678,700.76158274192971,-1006.53409957886,32.539999999999999,-0.04244309332674983
323.4107913066531,700.66932586154803,-1005.95831871033,32.549999999999997,-0.042195412227010481
323.42376748927779,700.71386173450048,-1005.95831871033,32.549999999999997,-0.04220227607367525
323.43674676492844,700.88088513409446,-1002.62689590454,32.560000000000002,-0.042352881282273797
323.44972380540491,700.7601857305616,-1003.22437286377,32.560000000000002,-0.04254642977480607
323.46269432351852,700.40797813533266,-1002.96568870544,32.189999999999998,-0.042557938852421769
323.47566372404447,700.34762840059,-1002.96568870544,32.189999999999998,-0.042375378930418914
323.48863864628021,700.64580072915737,-1003.34525108337,32.189999999999998,-0.042111420383147219
323.50161850659384,700.91245693588996,-1003.93962860107,32.189999999999998,-0.041942170096768774
323.51459648874066,700.81103592869874,-1003.85093688965,32.189999999999998,-0.041864751320539073
323.52757239921237,700.69916547301136,-1002.89130210876,32.189999999999998,-0.042009560598234928
323.54055745009759,701.19274780253932,-1002.89130210876,32.420000000000002,-0.042175915505487313
323.55354100672719,701.11205799843458,-1001.7483234405501,32.420000000000002,-0.04230314141312972
323.56651998952833,700.86507126131255,-1001.15489959717,32.399999999999999,-0.042285480432351377
323.57949351477896,700.57036353324918,-1001.43909454346,32.399999999999999,-0.042084330277951776
323.59247054283827,700.75951520225794,-1002.27618217468,32.280000000000001,-0.041893891369152919
323.60544301672962,700.51359013265994,-999.72105026245094,32.280000000000001,-0.041810712880548787
323.61840422472221,699.90523160205134,-998.97074699401901,32.259999999999998,-0.041840236841145122
323.63136575143341,699.92244240376135,-998.97074699401901,32.259999999999998,-0.041942499163368119
323.64433180644329,700.16697053343921,-999.79782104492199,32.299999999999997,-0.042043841547247489
323.65730081063947,700.32622659225581,-998.29220771789505,32.299999999999997,-0.042063308258379797
323.67026584636784,700.11192933417385,-998.16298484802201,32.329999999999998,-0.041962633322704106
323.68323255744201,700.20239800351089,-998.16298484802201,32.329999999999998,-0.041809738095906018
323.69620313350504,700.41110740298461,-998.63314628601097,32.140000000000001,-0.041772103350909827
323.70917735414326,700.60791446477742,-997.76482582092297,32.140000000000001,-0.041804916949137204
323.72214414386292,700.20664486047178,-998.49843978881802,32.100000000000001,-0.041902719271842803
323.73510951693714,700.13014600803149,-998.49843978881802,32.100000000000001,-0.04204277466605625
323.74808049553826,700.43284446173072,-999.14288520813,32.090000000000003,-0.042170582132168163
323.76105279351236,700.50409060155062,-998.57902526855503,32.090000000000003,-0.042275988185373849
323.77401341787657,699.87371566708066,-996.01674079894997,32.530000000000001,-0.042253379813520058
323.78696921488523,699.61303846916894,-996.01674079894997,32.530000000000001,-0.042275229676108528
323.79992504397165,699.61477066499685,-997.93267250061001,32.560000000000002,-0.042376488239497155
323.81287490328145,699.29240273069524,-997.42221832275402,32.560000000000002,-0.042461886380319717
323.82581735029873,698.89213893258534,-997.42221832275402,32.530000000000001,-0.042534004896621166
323.83875995253572,698.90052079744169,-997.12657928466797,32.530000000000001,-0.042521286134573032
323.85170690197896,699.13526993547907,-997.73120880126896,32.189999999999998,-0.042474190186848559
323.86465384417903,699.13487880175455,-995.79596519470203,32.189999999999998,-0.042413675949950422
323.87760176737282,699.18785246684411,-994.54164505004906,32.159999999999997,-0.042319106351775951
323.89055154182842,699.28782060133858,-993.63207817077603,32.159999999999997,-0.042306938104355186
323.9035067345124,699.58040493389728,-993.63207817077603,32.590000000000003,-0.042513256065322996
323.91646737129389,699.87438620088039,-995.14579772949196,32.210000000000001,-0.042690736138819255
323.92942026464442,699.45624092986066,-996.31404876708996,32.530000000000001,-0.042809343171352113
323.94236841549503,699.20014593275368,-996.95396423339798,32.530000000000001,-0.04277744640897721
323.95532534871603,699.67439393316295,-997.35426902770996,32.539999999999999,-0.042701106931943782
323.96827507143206,699.28502666653833,-996.18673324584995,32.539999999999999,-0.042674972986062897
323.98121882437033,698.96265866628471,-996.68049812316895,32.549999999999997,-0.04269282540529263
323.99417124999013,699.43098346973784,-996.68049812316895,32.549999999999997,-0.042668639991989131
324.00712916420616,699.72736766420451,-997.63464927673294,32.210000000000001,-0.042717752771064217
324.02008556553824,699.64567193299251,-997.64418601989701,32.210000000000001,-0.042799383194140457
324.03304133046794,699.61130620189294,-994.11106109619095,32.189999999999998,-0.042896219010805453
324.04600228493462,699.8915412017177,-994.11106109619095,32.189999999999998,-0.042833372329550992
324.05895510067535,699.45205000018029,-992.63215065002396,32.490000000000002,-0.042617296178279189
324.07190212048641,699.13906979738681,-994.87996101379395,32.210000000000001,-0.042350748554360371
324.08484404078763,698.86369626653789,-994.39406394958496,32.520000000000003,-0.042145150816616406
324.09778674753949,698.90616459981868,-994.39406394958496,32.520000000000003,-0.042031702274425424
324.11073867955923,699.40432906419926,-993.44420433044399,32.5,-0.042010124565132825
324.12369035080866,699.39024746968516,-996.12450599670399,32.5,-0.041977976344644369
324.13663425896794,698.97104060258926,-996.12760543823197,32.530000000000001,-0.042007383373903508
324.1495788242259,699.00652392849361,-995.36776542663597,32.530000000000001,-0.041976091969808907
324.16252561017041,699.12644100412149,-995.23544311523403,32.210000000000001,-0.041925395942368042
324.17546239164193,698.58619946109673,-995.70989608764603,32.210000000000001,-0.041853379871783773
324.18840003820736,698.63291453592228,-996.76489830017101,32.210000000000001,-0.041875184202263868
324.20135034558643,699.31659846833372,-996.76489830017101,32.210000000000001,-0.041902273272379595
324.21430663619634,699.63969293516368,-998.42047691345203,32.25,-0.041961916205228295
324.22726111383088,699.54179226339704,-999.28569793701195,32.25,-0.042046400614826861
324.24021392336294,699.45171473328048,-998.38829040527298,32.350000000000001,-0.042028047350852554
324.25316713439878,699.47339593619404,-997.11132049560501,32.350000000000001,-0.041945135840756383
324.26612350261854,699.64388386484381,-997.11132049560501,32.32,-0.041776617160425328
324.27907789022595,699.53693079991706,-997.99776077270496,32.32,-0.041539230280913324
324.29203110126178,699.47339593619404,-998.31581115722702,32.240000000000002,-0.041345677648672856
324.30499330369997,699.95893166226926,-999.15957450866699,32.240000000000002,-0.04120855799182193
324.31796327647282,700.37852973453766,-998.446226119995,32.329999999999998,-0.041090524237833305
324.33092590731849,699.98206566643148,-997.79796600341797,32.329999999999998,-0.041001442198432055
324.34388253010007,699.65763020345014,-998.97670745849598,32.409999999999997,-0.040907944655931401
324.3568471943334,700.09186859893498,-998.97670745849598,32.409999999999997,-0.040760630120348938
324.36981621819257,700.32728839718004,-998.851537704468,32.469999999999999,-0.040659500906506094
324.38278250706668,700.17959920029659,-1002.51793861389,32.469999999999999,-0.040610705812631702
324.3957514274457,700.32170046712372,-1001.9135475158701,32.119999999999997,-0.040590358484684078
324.40872631760124,700.64406840142533,-1001.9135475158701,32.119999999999997,-0.040610933469204247
324.42170098010007,700.63177493551598,-1005.64002990723,32.159999999999997,-0.040681320759009036
324.43466593097526,700.10734725977716,-1004.51397895813,32.159999999999997,-0.040734704170123787
324.44762819757034,699.9623961363651,-1004.51397895813,32.140000000000001,-0.040840556223301565
324.46059340818033,700.12137293800254,-1003.39365005493,32.140000000000001,-0.040962595699251106
324.47356529119992,700.48168305846878,-1002.0227432251,32.57,-0.041050236258855177
324.48653773197657,700.5118019381033,-1002.92921066284,32.57,-0.041092082650494348
324.49951776096424,700.92156533327466,-1003.54695320129,32.57,-0.041032803969118431
324.51249837461484,700.95313713506994,-1001.69229507446,32.57,-0.041006212639729471
324.52548213199628,701.12289859714338,-1001.41835212708,32.600000000000001,-0.040998606839171725
324.53846004998519,700.80757139964282,-1002.86602973938,32.600000000000001,-0.040963787792111933
324.55143227655799,700.50023493327433,-1003.5030841827401,32.170000000000002,-0.040927719737971852
324.56441013556423,700.80438633661413,-1003.5030841827401,32.170000000000002,-0.040896026831239149
324.57738800698644,700.80505679896589,-1003.54051589966,32.189999999999998,-0.040945650802395525
324.59036062368153,700.52130153516475,-1001.62553787231,32.189999999999998,-0.041083562084447113
324.60332862101473,700.27185599274219,-1002.3789405822801,32.140000000000001,-0.04120067693272917
324.61629656039997,700.26872680203417,-1002.3789405822801,32.140000000000001,-0.041340448789907204
324.62925914571485,699.97960700402712,-1005.58066368103,32.579999999999998,-0.041427257366786589
324.6422160282321,699.67165593113941,-1007.81607627869,32.579999999999998,-0.041524037305024276
324.65517586510987,699.83119140102326,-1007.59410858154,32.590000000000003,-0.041685462410839036
324.66813850940986,699.98279219895971,-1007.84516334534,32.590000000000003,-0.041867380754812
324.68110242134196,700.05124433253161,-1006.69145584106,32.600000000000001,-0.042063139585880815
324.69406383112101,699.91612806758462,-1005.80739974976,32.600000000000001,-0.0423406343909822
324.707021843642,699.73267613372968,-1005.3231716156,32.210000000000001,-0.042538875713883442
324.71998631954199,700.08169859997804,-1005.3231716156,32.210000000000001,-0.042716506868001734
324.73295260220743,700.17926393339678,-1005.63597679138,32.159999999999997,-0.042808018624317018
324.74591487604698,699.96278733604163,-1003.42583656311,32.159999999999997,-0.042875824081811356
324.75887430417902,699.80911913033731,-1001.9052028656,32.159999999999997,-0.043017059150982376
324.77183831959127,700.05683226258793,-1001.9052028656,32.159999999999997,-0.043147374979202263
324.78479750143947,699.79581980327214,-1002.1231174469,32.57,-0.043188619116477173
324.79775203805809,699.54497740336978,-1003.54671478271,32.57,-0.04323544394598549
324.81071140099749,699.80559872896072,-1003.54671478271,32.57,-0.043288939115481519
324.82367464962101,700.01542566827925,-1004.2965412139901,32.57,-0.043414800116834594
324.83663988610135,700.1227699383785,-1002.67577171326,32.560000000000002,-0.043531081949246021
324.84960720149996,700.2350315277904,-1003.43894958496,32.560000000000002,-0.04359856454797309
324.86257980474193,700.52057506309222,-1003.71742248535,32.140000000000001,-0.043598244794852081
324.87555315511116,700.56091994041253,-1003.71742248535,32.140000000000001,-0.043665475936076253
324.88851828086666,700.11679079765372,-1004.3773651123,32.159999999999997,-0.043730852710514939
324.9014776313889,699.80492820065706,-1005.5453777313199,32.159999999999997,-0.043830100653743688
324.91443510477779,699.70356299983462,-1005.14721870422,32.170000000000002,-0.043972566102733014
324.92739552735441,699.86281913559526,-1005.14721870422,32.170000000000002,-0.044117980739319843
324.94035348813577,699.72988219343347,-1003.85856628418,32.57,-0.044202511715699382
324.95330592617415,699.43165407498554,-1003.3226013183599,32.57,-0.044210944325109906
324.96626315224444,699.69020779495293,-1002.108335495,32.590000000000003,-0.044128275993303795
324.97922238583328,699.79861379852844,-1001.69157981873,32.590000000000003,-0.044074269632235361
324.99218133381731,699.78319113641487,-1001.69157981873,32.590000000000003,-0.044029700673168415
325.00513864474203,699.69478993530174,-999.84216690063499,32.590000000000003,-0.044033786074894089
325.01811094892469,700.50442586295446,-999.84216690063499,32.159999999999997,-0.044066024322687587
325.03108963266789,700.84892213262265,-999.49884414672795,32.159999999999997,-0.044138337380745796
325.04406365876429,700.59740920441641,-998.51298332214401,32.210000000000001,-0.044268689429122397
325.05703285853951,700.33678786233736,-996.16193771362305,32.210000000000001,-0.044378624815393099
325.07000896355305,700.70967073337226,-995.28121948242199,32.119999999999997,-0.044456238132972448
325.08298466602957,700.68793372958612,-996.13046646118198,32.119999999999997,-0.044472177202462673
325.09595467709016,700.38059727420955,-998.04997444152798,32.560000000000002,-0.044433139264117898
325.10892412935675,700.35042239584629,-998.34704399108898,32.560000000000002,-0.044454814244645098
325.1218942904643,700.38869980494269,-997.71642684936501,32.579999999999998,-0.044525477828166397
325.1348687708383,700.62194019796266,-997.71642684936501,32.579999999999998,-0.044619152322277082
325.14783203291364,700.01615206890369,-998.22521209716797,32.560000000000002,-0.044588620463545302
325.16079302049383,699.89332933032233,-998.47698211669899,32.560000000000002,-0.044559250689827926
325.17375356621233,699.86946879912784,-998.47698211669899,32.189999999999998,-0.044487110442246666
325.18671757438153,700.05644113435926,-998.38423728942905,32.189999999999998,-0.044395717688344015
325.1996829733248,700.13154293695959,-997.09510803222702,32.210000000000001,-0.044363634659659416
325.21264622815801,700.01576099563511,-995.308399200439,32.210000000000001,-0.044298897394007199
325.22561788351976,700.46938953210326,-995.46074867248501,32.189999999999998,-0.044184390247700482
325.23858721885438,700.3441080706616,-995.46074867248501,32.189999999999998,-0.044122548360258328
325.25155090933833,700.03928613352195,-995.43929100036598,32.530000000000001,-0.043981049416291822
325.26450950652344,699.7642479959809,-993.51859092712402,32.530000000000001,-0.043869074433430542
325.27746942204686,699.83543826348011,-992.28739738464401,32.549999999999997,-0.043771493558854756
325.29043345712103,700.05789400705601,-993.50905418395996,32.549999999999997,-0.043649030848987309
325.30340047967155,700.21921772645646,-995.034217834473,32.549999999999997,-0.043632569205508245
325.31637037379869,700.37428286658474,-995.01371383667004,32.549999999999997,-0.043619984967692031
325.32934087225192,700.40691647330436,-992.66934394836403,32.210000000000001,-0.043600461342849138
325.34231364519997,700.52973919539784,-991.58453941345203,32.210000000000001,-0.043584134221871774
325.35528679378274,700.55002346938318,-993.04008483886696,32.229999999999997,-0.043489057569695767
325.36825829289018,700.46095180042209,-992.58565902709995,32.229999999999997,-0.043482269263087577
325.38123428718023,700.70369166409546,-994.52805519104004,32.189999999999998,-0.043548204832078913
325.39421098410247,700.74163380079608,-995.23138999938999,32.189999999999998,-0.043674857458327318
325.40717475219748,700.0434771291541,-995.23138999938999,32.600000000000001,-0.043746001190393111
325.42013440177658,699.82107727438688,-993.26825141906704,32.600000000000001,-0.043705821864557119
325.43309303104076,699.76598026325678,-994.803428649902,32.579999999999998,-0.043536882019755141
325.44604805505065,699.57129653651259,-994.803428649902,32.579999999999998,-0.043334664983553629
325.459001844542,699.50463253154544,-994.93622779846203,32.140000000000001,-0.043209081308961235
325.47196197427041,699.84700533426121,-994.25721168518101,32.600000000000001,-0.043177093483387358
325.48492404011358,699.95155553216046,-993.02744865417503,32.119999999999997,-0.043252737571476789
325.49788461273704,699.8709216663284,-993.02744865417503,32.119999999999997,-0.043353542891981532
325.51083966261859,699.57269360284056,-993.29710006713901,32.57,-0.043385374463468573
325.52379002173706,699.3193923976379,-993.38912963867199,32.140000000000001,-0.043277985725957993
325.53674354528391,699.49027153146017,-992.56563186645496,32.189999999999998,-0.043150375907859764
325.5496956190716,699.41198453392735,-992.42091178893997,32.189999999999998,-0.043029362956493442
325.56265021467414,699.54816253784645,-993.43299865722702,32.549999999999997,-0.043062332811046766
325.57561154684328,699.91193713240841,-994.26722526550304,32.549999999999997,-0.043169178276129316
325.58857751078892,700.16205306573465,-993.59393119812,32.539999999999999,-0.043356427922854879
325.60153805029881,699.86913353222792,-993.59393119812,32.539999999999999,-0.043602793787714353
325.61448961082471,699.38426840040836,-993.31068992614701,32.140000000000001,-0.043793325829668057
325.62744204989764,699.43170993631429,-991.38641357421898,32.530000000000001,-0.043914160794548185
325.64039459865927,699.43763312777435,-992.57540702819801,32.159999999999997,-0.043948771845239799
325.65335102586295,699.64706899932048,-992.57540702819801,32.159999999999997,-0.044007042629803379
325.66630752446787,699.65092466759688,-993.07560920715298,32.170000000000002,-0.044144258523826967
325.67926940197788,699.94138553869936,-993.24655532836903,32.170000000000002,-0.044339575494835443
325.69223125982592,699.94032379423106,-994.02117729187,32.140000000000001,-0.044554318817823763
325.7051900318927,699.77369160530566,-994.02117729187,32.140000000000001,-0.044616778484604581
325.71813579855677,699.07139985981598,-995.00203132629395,32.57,-0.044537654352662666
325.73108137688763,699.06122986635501,-994.63081359863304,32.57,-0.044372595019475117
325.74403020346296,699.23663507034951,-993.61157417297397,32.560000000000002,-0.044310780034945568
325.75697904245675,699.23730566460529,-995.713710784912,32.560000000000002,-0.044295077935709762
325.76992863478768,699.27798586928134,-995.713710784912,32.560000000000002,-0.044337293753609633
325.78287737030121,699.23171772905289,-996.65260314941395,32.560000000000002,-0.044443863961174938
325.79583168650612,699.53307506568876,-997.92408943176304,32.170000000000002,-0.044494407870980274
325.80878238400618,699.33766500427203,-998.85058403015103,32.170000000000002,-0.044495064971134798
325.82173052140371,699.19941946617735,-998.90208244323696,32.159999999999997,-0.044418898306613872
325.83468648087654,699.62181153370193,-999.33910369873001,32.159999999999997,-0.044268159609473785
325.84764923486415,699.98871532996395,-999.52721595764206,32.189999999999998,-0.04423921513810352
325.86060971021607,699.86566900317212,-999.52721595764206,32.189999999999998,-0.04435492679395299
325.87356651408771,699.66740906868256,-999.37963485717796,32.560000000000002,-0.044513570350607302
325.88652895039144,699.9715604005745,-998.65579605102505,32.560000000000002,-0.044634930996242064
325.8994880991259,699.79403166367558,-999.77946281433105,32.560000000000002,-0.044695336577860727
325.91244169407418,699.49412720523264,-999.82786178588901,32.560000000000002,-0.044597218641029869
325.92539771149501,699.62494072440984,-998.77333641052201,32.590000000000003,-0.04445735054596673
325.93836107705187,700.0217400704081,-998.73185157775902,32.590000000000003,-0.044207316305874524
325.95133349920366,700.5107961978598,-998.50344657897904,32.159999999999997,-0.044132300342526694
325.96430650498269,700.54231206687837,-998.50344657897904,32.159999999999997,-0.044246544646573197
325.97727389178402,700.23888727301073,-998.17872047424305,32.57,-0.044441838852952373
325.99024231752594,700.2949900628563,-998.48699569702103,32.159999999999997,-0.044545803425851994
326.00321381042346,700.46061646757039,-999.76754188537598,32.189999999999998,-0.044471366951424909
326.01617874163702,700.10628553179697,-1000.84447860718,32.189999999999998,-0.04434116702098917
326.02914288640005,700.06381720401214,-1000.2834796905501,32.57,-0.044288132339019022
326.04211470319149,700.47810673530762,-1002.94089317322,32.57,-0.044323319775427791
326.05508954885062,700.64166559485375,-1004.76622581482,32.539999999999999,-0.044396991530518376
326.06805859858019,700.32868539755623,-1004.76622581482,32.539999999999999,-0.044536281170112046
326.08102601745929,700.24061946883876,-1005.70392608643,32.530000000000001,-0.044717442037253183
326.09399878316424,700.52934806716917,-1002.0256042480499,32.530000000000001,-0.044752237283179064
326.10697271198887,700.59215653026797,-1002.15697288513,32.259999999999998,-0.044655761577769772
326.11994717994435,700.62126959821103,-1002.09546089172,32.259999999999998,-0.044378440619344608
326.13292250471864,700.66753780988734,-1002.09546089172,32.490000000000002,-0.044092002014583409
326.14590755560374,701.19274779704324,-1000.68116188049,32.170000000000002,-0.043919811853678693
326.15890200042833,701.70002052690461,-1000.8914470672599,32.210000000000001,-0.043868578762252544
326.17189427527279,701.58284160169217,-1001.10363960266,32.210000000000001,-0.043838896477817052
326.18488464607901,701.48002353366894,-1001.80053710938,32.579999999999998,-0.043891045367878634
326.19787455639874,701.45515726772692,-1002.1018981933599,32.579999999999998,-0.043896717122700345
326.21086060793829,701.24678313515301,-1001.71685218811,32.560000000000002,-0.043863912837238853
326.22383764220615,700.75985046366179,-1001.71685218811,32.560000000000002,-0.043751599473994568
326.23681116745678,700.57036353324918,-1002.91442871094,32.509999999999998,-0.0436615933556255
326.2497883703976,700.76895880608652,-1006.4101219177199,32.509999999999998,-0.043687163334506708
326.26276435847905,700.70335639719565,-1007.18402862549,32.210000000000001,-0.043826266709012011
326.27573462306674,700.39428773499901,-1007.18402862549,32.210000000000001,-0.043987893602650437
326.28870599903212,700.45430213139366,-1006.54077529907,32.57,-0.044108387083027958
326.30167991440379,700.5914300691876,-1004.34875488281,32.189999999999998,-0.04414198506272999
326.31465197851236,700.49146186324526,-1004.9602985382101,32.189999999999998,-0.044076836978213345
326.3276200669099,700.27677346594271,-1004.9602985382101,32.189999999999998,-0.043961696533802011
326.34058449106919,700.07890460472174,-1004.92715835571,32.549999999999997,-0.043928890178079313
326.35355814049632,700.57706906360636,-1002.854347229,32.549999999999997,-0.043999354044241719
326.36653200412843,700.58863613438746,-1001.39808654785,32.579999999999998,-0.044080760951369612
326.37950108076177,700.33013819880478,-1001.39808654785,32.579999999999998,-0.044019247094734634
326.39246751864692,700.18764579825313,-1000.92148780823,32.609999999999999,-0.043844704825808781
326.40543762077033,700.38551466497006,-1000.29587745667,32.609999999999999,-0.043713389378259165
326.41840584576175,700.28414953559559,-998.99363517761196,32.170000000000002,-0.043645659461737402
326.43136637802712,699.86874233255139,-998.99363517761196,32.170000000000002,-0.043679285380042419
326.44432661227034,699.85264913114213,-998.318910598755,32.189999999999998,-0.043766592732219396
326.45729147208272,700.10242986901642,-999.54128265380905,32.189999999999998,-0.043919378270592078
326.47025626670126,700.09890940168805,-1000.12302398682,32.140000000000001,-0.04403857100323641
326.48321854054069,699.96278733054555,-999.42922592163097,32.140000000000001,-0.044092378681720341
326.49618067157775,699.95507599948883,-999.42922592163097,32.560000000000002,-0.044062895079665799
326.50914640890244,700.14981553260179,-999.85837936401401,32.560000000000002,-0.044081944765322935
326.5221115149975,700.11572913562566,-1000.78749656677,32.469999999999999,-0.044245956879457399
326.53507434762957,699.99296213196487,-999.43423271179199,32.469999999999999,-0.044514648615538076
326.54803263230491,699.74737246666677,-998.24476242065396,32.420000000000002,-0.044807458503773184
326.56099135987404,699.77128873278207,-999.43923950195301,32.420000000000002,-0.044969366862964467
326.5739471827531,699.6144354695449,-999.43923950195301,32.159999999999997,-0.04491479963901595
326.58689796407162,699.3421912008522,-1000.49161911011,32.159999999999997,-0.044738598581565966
326.59984712178522,699.2545165322673,-1000.10275840759,32.369999999999997,-0.044567898536177514
326.61280402292834,699.67266173183907,-998.759984970093,32.119999999999997,-0.044555480902329282
326.62576319856794,699.79548453637233,-997.93815612793003,32.119999999999997,-0.044758657199827606
326.63872416648638,699.89226759684607,-997.93815612793003,32.119999999999997,-0.045112823653393801
326.65168492744328,699.88109167078142,-995.79119682312,32.5,-0.045427891114178665
326.66464866242467,700.04168899505351,-994.77362632751499,32.5,-0.045579216545593944
326.67760832545679,699.82180373546726,-996.717929840088,32.539999999999999,-0.045411897202765727
326.69056221221842,699.50988512874994,-996.717929840088,32.539999999999999,-0.045120030020353322
326.70352550637415,700.01788440762766,-997.05672264099098,32.520000000000003,-0.044953156676072303
326.71649265206543,700.225867329533,-996.41776084899902,32.520000000000003,-0.045063217274317925
326.72946278730245,700.38730279907065,-995.27668952941895,32.090000000000003,-0.045245669575408584
326.7424285235914,700.14975960532115,-995.27668952941895,32.090000000000003,-0.045459094560415213
326.75539277287044,700.06946106684518,-994.70305442810104,32.119999999999997,-0.045573802458448089
326.76835945807409,700.20100099763874,-993.14594268798805,32.119999999999997,-0.045645684004088
326.78131791866542,699.75687193182398,-993.65687370300304,32.140000000000001,-0.045555952108258232
326.79426949885186,699.38533006793261,-993.65687370300304,32.140000000000001,-0.045404438343834265
326.80722261261621,699.46814327303753,-997.18475341796898,32.539999999999999,-0.045326123428053949
326.82018134018642,699.77128879323789,-993.96514892578102,32.539999999999999,-0.045489875806286904
326.83313746833085,699.63091979918272,-992.39492416381802,32.549999999999997,-0.045810787833795316
326.84609011436544,699.44288586787491,-992.61689186096203,32.549999999999997,-0.046009027088369125
326.85904674335433,699.65796539890187,-992.61689186096203,32.119999999999997,-0.045996588757303031
326.87200401495681,699.69266653430122,-993.42322349548294,32.509999999999998,-0.045795529665695292
326.88495692072598,699.45691153510836,-993.59440803527798,32.140000000000001,-0.045549033415904987
326.89791111275565,699.52636960128348,-991.25671386718705,32.140000000000001,-0.045464420690517246
326.91087252977775,699.91651919581318,-990.21220207214401,32.119999999999997,-0.04546557139067256
326.92383416721356,699.92842153349409,-992.86532402038597,32.119999999999997,-0.045559730173443044
326.93679049611114,699.64176046933937,-992.20585823059105,32.119999999999997,-0.045656040311083619
326.94974244158271,699.4050554648237,-992.20585823059105,32.119999999999997,-0.045675044464632379
326.96270011572346,699.71440359854341,-990.73100090026901,32.530000000000001,-0.045477070120442657
326.97566591099752,700.15294480025375,-992.78140068054199,32.530000000000001,-0.045198955469507175
326.9886290944284,700.01190526690289,-994.75240707397495,32.530000000000001,-0.044925102135301029
327.00159353204072,700.07963106580212,-994.75240707397495,32.530000000000001,-0.044852830469642994
327.01456550508772,700.48654453843665,-993.30043792724598,32.560000000000002,-0.044912397861722686
327.02753487249998,700.34584026099355,-993.65019798278797,32.560000000000002,-0.045035660472950302
327.04049455519373,699.82286546344756,-993.65019798278797,32.140000000000001,-0.045030550617615052
327.05344530443335,699.34045893907228,-993.54720115661598,32.140000000000001,-0.044838810960268781
327.06639628753953,699.3530877323376,-994.66681480407703,32.159999999999997,-0.044533730381440179
327.07935075275549,699.5411216636453,-996.71912193298294,32.159999999999997,-0.044231209903438665
327.09230013088285,699.26641887544417,-996.68693542480503,32.119999999999997,-0.044108339481676154
327.10525424530124,699.52217859465941,-997.60556221008301,32.119999999999997,-0.044166309138141603
327.11821505075557,699.88349453231319,-997.184276580811,32.590000000000003,-0.044310597909463616
327.13117221887785,699.68707860424502,-995.97477912902798,32.590000000000003,-0.04439056437075449
327.14412200678521,699.28854699646683,-996.40154838562,32.57,-0.044206496741053092
327.15707050119016,699.21869786801506,-996.40154838562,32.57,-0.043883253303148517
327.17002115936788,699.33554159777566,-997.34187126159702,32.159999999999997,-0.043582122565817963
327.1829821541902,699.89372040359092,-997.51520156860295,32.579999999999998,-0.043487716465151004
327.19594266058641,699.86734539812733,-998.32940101623501,32.189999999999998,-0.043510000945396921
327.2089049085555,699.96139033016959,-998.32940101623501,32.189999999999998,-0.043578283446400155
327.2218748813284,700.37852973453766,-999.17101860046398,32.170000000000002,-0.04368899183030419
327.23484387931722,700.32589139680385,-1000.14138221741,32.170000000000002,-0.043773747359136687
327.24780254066059,699.7677125415247,-998.77715110778797,32.579999999999998,-0.04374339245242205
327.26076165731615,699.79229940189578,-996.717929840088,32.210000000000001,-0.043634954426106064
327.27372754986055,700.15819739745837,-997.86734580993596,32.539999999999999,-0.043498675027426881
327.28669359866171,700.16663526104333,-1000.7972717285199,32.539999999999999,-0.043421392846606309
327.29965433995807,699.88003000325727,-1000.74553489685,32.460000000000001,-0.04340233798697548
327.31261449555564,699.84840226868528,-999.85480308532703,32.460000000000001,-0.043303153166510719
327.32558337661118,700.31957700017131,-999.85480308532703,32.259999999999998,-0.043259045730151158
327.33854906116051,700.14696566502516,-1001.05237960815,32.369999999999997,-0.043248035426509936
327.3515085420679,699.81196899791394,-1001.05237960815,32.259999999999998,-0.043203245020839852
327.3644630455729,699.54318926926919,-999.85814094543503,32.259999999999998,-0.043196895470884858
327.37741963523951,699.65584199790146,-1002.0813941955601,32.259999999999998,-0.043248707014421815
327.39037412632717,699.54251873546934,-1002.64191627502,32.259999999999998,-0.043348376122121487
327.40331893786782,699.0198231951025,-1004.07886505127,32.280000000000001,-0.043467450886822245
327.41626190435562,698.92019033849999,-1004.07886505127,32.280000000000001,-0.043516871001522198
327.42921265359513,699.3404589335762,-1006.69932365417,32.280000000000001,-0.043584718885987542
327.44216324658021,699.33202119639918,-1006.6795349121099,32.280000000000001,-0.043692643650164585
327.45511491265557,699.38996806960995,-1004.92429733276,32.280000000000001,-0.043891998421546931
327.4680738854741,699.78453219851838,-1003.17406654358,32.280000000000001,-0.044124140920982872
327.48104061000009,700.20312440413534,-1003.48806381226,32.210000000000001,-0.044282395391986341
327.49399879119511,699.74178453111438,-1006.67119026184,32.210000000000001,-0.044242088786967552
327.50695584238395,699.68076419662032,-1004.32348251343,32.280000000000001,-0.044200400717844424
327.5199167844321,699.89087060196607,-1004.32348251343,32.280000000000001,-0.044197053131015976
327.53288387838387,700.22307339473275,-1003.5386085510301,32.329999999999998,-0.044246460828728677
327.54584663961481,699.98910646918455,-1003.45277786255,32.329999999999998,-0.04432070482870866
327.55880849849871,699.94037973250374,-1005.7954788208,32.359999999999999,-0.04445598874664676
327.57177039566909,699.94244720072766,-1005.7954788208,32.359999999999999,-0.044630789713951742
327.58474006214078,700.36198947212335,-1005.48005104065,32.170000000000002,-0.044831213437804315
327.59770399890868,700.05258546608297,-1003.53670120239,32.170000000000002,-0.044839577749662941
327.61066433042339,699.85790179429864,-1006.8271160125699,32.100000000000001,-0.044730259105310304
327.62362630003082,699.94635880178055,-1006.8271160125699,32.100000000000001,-0.044636911609776855
327.63659482925311,700.30057800390466,-1008.1622600555399,32.119999999999997,-0.044701165622968546
327.64956045585421,700.14383645782891,-1008.27813148499,32.119999999999997,-0.044918671871112217
327.66252420428765,700.04241540666987,-1008.78095626831,32.490000000000002,-0.04519875678753333
327.67548719938389,700.00173519649786,-1008.29267501831,32.490000000000002,-0.045489655392829703
327.68845418364691,700.21715020327269,-1007.75170326233,32.560000000000002,-0.045729557879804129
327.70141639229394,699.959266940161,-1008.03589820862,32.560000000000002,-0.045859156590853545
327.71437449587785,699.73759352998616,-1006.61277770996,32.579999999999998,-0.045820029659774553
327.7273377382927,700.01509040137944,-1006.61277770996,32.579999999999998,-0.045739521997639976
327.74030160365811,700.04872973185456,-1009.86552238464,32.189999999999998,-0.045702971724083524
327.75326198070371,699.86036046219897,-1007.67230987549,32.189999999999998,-0.045682546785614564
327.76622331908146,699.91227239930834,-1007.67230987549,32.159999999999997,-0.045688731802371658
327.77918784672221,700.08449260073007,-1005.87916374207,32.159999999999997,-0.045659297870098141
327.79215877461729,700.43010633329914,-1003.77869606018,32.520000000000003,-0.045648250314172051
327.80514031027786,701.00292567117879,-1004.88829612732,32.189999999999998,-0.045675219346795429
327.81811996880498,700.90156046486038,-1004.88829612732,32.509999999999998,-0.045668208556977716
327.83110590962099,701.2408040658762,-1003.8998126983601,32.509999999999998,-0.045686171700933906
327.84409745699872,701.54355839739208,-1002.8316974639901,32.469999999999999,-0.045709238491680827
327.85707958456544,701.03488860120274,-1008.58998298645,32.469999999999999,-0.045688938763354781
327.87005457199257,700.64932106458184,-1007.37047195435,32.509999999999998,-0.045675915768478258
327.88303241133707,700.80332460313798,-1007.03001022339,32.509999999999998,-0.045697093010008911
327.89600849669011,700.70860906584812,-1007.2615146637,32.189999999999998,-0.045672343630011075
327.90898073671605,700.50096139985055,-1007.05909729004,32.189999999999998,-0.045751372558944049
327.92195232688522,700.46586913622286,-1006.68430328369,32.189999999999998,-0.045809970340151093
327.93492767752844,700.66893473331947,-1006.68430328369,32.189999999999998,-0.045820025519353914
327.94790495187038,700.77281446337099,-1004.81605529785,32.509999999999998,-0.045782467350308241
327.96087949847168,700.62551647165992,-1004.16374206543,32.210000000000001,-0.045652075980606888
327.97385129560246,700.4770450622874,-1004.97603416443,32.460000000000001,-0.0455669634463685
327.98683027943827,700.86512713363311,-1005.4087638855,32.460000000000001,-0.045506639613147368
327.99981354942724,701.09657940354452,-1005.4087638855,32.520000000000003,-0.04546367770215521
328.01279437107286,700.96436886200729,-1004.00590896606,32.520000000000003,-0.045441820595840732
328.025768474779,700.60160013409666,-1001.90711021423,32.43,-0.04538583672688376
328.03874620443446,700.79740139518969,-1002.07495689392,32.43,-0.04522786682636698
328.05172313418643,700.75420660632483,-1003.18598747253,32.240000000000002,-0.045015117567351978
328.06469601682466,700.53566246380183,-1003.63755226135,32.240000000000002,-0.044857581248598705
328.07766302074822,700.21821187079684,-1003.52787971497,32.259999999999998,-0.044713444593181995
328.09063885257535,700.69491866551459,-1003.52787971497,32.259999999999998,-0.044687352040311962
328.10361617865681,700.77560839817102,-1003.96990776062,32.25,-0.044725115100690216
328.11658485171728,700.30834526773799,-1003.66950035095,32.25,-0.044800074150225688
328.12955216711606,700.23503153328636,-1002.00080871582,32.310000000000002,-0.044821204824059366
328.14251698139634,700.0999711351642,-1002.00080871582,32.310000000000002,-0.044733551848282267
328.15548240000123,700.13260466493978,-1003.23700904846,32.229999999999997,-0.044525384695113322
328.16844392671368,699.92244246971336,-1002.26521492004,32.409999999999997,-0.044288599035598321
328.18140610328146,699.95753466189308,-1001.29294395447,32.329999999999998,-0.044127481264390644
328.1943697865222,700.03889499979744,-1001.29294395447,32.329999999999998,-0.044155289522141608
328.20733517925805,700.13120773601167,-1000.8838176727299,32.259999999999998,-0.044240127834960251
328.22029381473084,699.7663155301567,-999.34339523315396,32.259999999999998,-0.04435131740279382
328.23324422662466,699.32224226521453,-1000.27513504028,32.280000000000001,-0.04438697670853424
328.24619643079757,699.41902533668019,-1000.50926208496,32.280000000000001,-0.044330383340469223
328.25914699170374,699.33028893461915,-1000.50926208496,32.369999999999997,-0.044269296858681681
328.27209713661853,699.30782539830466,-998.98767471313499,32.369999999999997,-0.04420117268141583
328.28504745744942,699.31732486895805,-999.71055984497104,32.119999999999997,-0.044215618528318658
328.29800576178513,699.74843412869495,-999.74274635314896,32.119999999999997,-0.044389425051997826
328.31096081166669,699.57269360284056,-999.74274635314896,32.119999999999997,-0.04454027964865228
328.32391680425189,699.62359960185051,-998.14510345458996,32.119999999999997,-0.044615717810838305
328.33687529071358,699.75826893220005,-997.54309654235794,32.159999999999997,-0.0445390875555879
328.34983432872474,699.78805259989485,-997.90835380554199,32.159999999999997,-0.044406933916667307
328.36279659014565,699.96211673079392,-997.90835380554199,32.530000000000001,-0.044318320642579893
328.37575713586415,699.86946879912784,-998.82125854492199,32.530000000000001,-0.044311643060087495
328.38871529739754,699.74072280313419,-998.82125854492199,32.359999999999999,-0.044513553794420735
328.40168070979382,700.13226939803997,-999.10569190979004,32.359999999999999,-0.044726822524729863
328.41464220339265,699.92065433561288,-998.01111221313499,32.299999999999997,-0.04480306783454651
328.42759308301737,699.34749973632927,-996.03366851806595,32.240000000000002,-0.04475721985922973
328.44053990828525,699.12856446557794,-995.89800834655796,32.369999999999997,-0.044515958677156707
328.45349332110749,699.48429240172743,-995.89800834655796,32.369999999999997,-0.044297126845371564
328.46644255643099,699.2587074674434,-996.60086631774902,32.469999999999999,-0.044192302350940717
328.47938748490498,699.02613759723124,-999.13859367370605,32.469999999999999,-0.044221640046957576
328.49233881880872,699.3720308013236,-998.21853637695301,32.539999999999999,-0.044483275463656609
328.50529080877664,699.40745826589932,-998.21853637695301,32.539999999999999,-0.044784039879558507
328.51823729049011,699.11001253031645,-996.72436714172397,32.159999999999997,-0.045051049027100713
328.53117840468036,698.82016627122903,-994.13776397705101,32.159999999999997,-0.045164833879209935
328.54412100070857,698.90018552504591,-995.48196792602505,32.170000000000002,-0.045081784741474701
328.5570689114839,699.18718186709236,-995.48196792602505,32.170000000000002,-0.045000613769725077
328.57001888048273,699.29832593864342,-997.25222587585404,32.549999999999997,-0.045034740533690679
328.5829646864704,699.07352333226447,-997.54810333251896,32.210000000000001,-0.045145757289317079
328.59591485725554,699.30922239868084,-997.56908416748001,32.460000000000001,-0.045383095534534887
328.60886790686175,699.46467873298968,-997.24984169006302,32.460000000000001,-0.045556425012669599
328.62181638160496,699.21763613453891,-996.90508842468296,32.420000000000002,-0.045610347554875738
328.63475537858886,698.70583713115343,-994.64726448059105,32.420000000000002,-0.045585306360766985
328.64770341250608,699.19383153062495,-996.46306037902798,32.329999999999998,-0.045426642108116137
328.66065926125441,699.61583240946516,-999.10402297973599,32.329999999999998,-0.045312673059347768
328.67361184933952,699.43975659472687,-999.10402297973599,32.259999999999998,-0.045236933769470723
328.68656083113581,699.24501700115798,-998.29030036926304,32.259999999999998,-0.04527216880570463
328.69951411460863,699.47730753175108,-997.478246688843,32.25,-0.045348082979576723
328.71246495491113,699.34537633532875,-998.37660789489701,32.25,-0.045347793234098571
328.7254094994729,699.0054063336886,-998.37660789489701,32.329999999999998,-0.045381524702851034
328.73835203030859,698.89666512916529,-998.83770942688,32.329999999999998,-0.045363453940527085
328.75130164954447,699.27943873648201,-998.23784828186001,32.140000000000001,-0.045390106323334824
328.76425784288153,699.63444020055931,-997.98917770385697,32.140000000000001,-0.045381171835524897
328.77721308109636,699.58286360179773,-999.42135810852005,32.119999999999997,-0.045361391578289424
328.79016829344073,699.58146659592558,-1001.6467571258499,32.119999999999997,-0.045332532995635562
328.80313049587903,699.95893166776523,-1000.1323223114,32.119999999999997,-0.04525383520397025
328.8160987208704,700.28414953559559,-1000.1323223114,32.119999999999997,-0.045219046167301331
328.82906230063088,700.03330706424515,-999.87626075744595,32.539999999999999,-0.045242895268854583
328.84202352207524,699.9059579971796,-998.15702438354504,32.539999999999999,-0.04528953176321688
328.85498929768761,700.1518830667776,-998.45719337463402,32.530000000000001,-0.045381877570584275
328.86795882860002,700.35466926929519,-998.45719337463402,32.530000000000001,-0.04545844884389845
328.88092384363222,700.11081173936896,-999.58038330078102,32.460000000000001,-0.045468897248154977
328.89388656554081,699.98698306268795,-1002.34460830688,32.460000000000001,-0.045342522982729186
328.90685373192849,700.22698493532982,-1002.1247863769501,32.259999999999998,-0.045129565728465569
328.91981853896544,700.09957999594371,-1002.1247863769501,32.259999999999998,-0.044882900805362065
328.9327893302667,700.42273026914245,-1002.86293029785,32.310000000000002,-0.044697205431589344
328.94576137471489,700.49040020121708,-1002.91275978088,32.310000000000002,-0.044596749874901809
328.95873632385548,700.64725359086196,-1002.0890235900901,32.329999999999998,-0.044633980012427861
328.97170813443711,700.47777140795176,-1003.1464099884,32.329999999999998,-0.044686511778985104
328.98467232473212,700.0662759323684,-1003.1464099884,32.140000000000001,-0.044654309749109208
328.99763405323085,699.93333892975068,-1006.0489177703899,32.140000000000001,-0.044461898505784837
329.01059598248025,699.94417946800354,-1008.51392745972,32.119999999999997,-0.0442463025031593
329.02356004963337,700.05962626883604,-1008.51392745972,32.119999999999997,-0.044059415037238196
329.03652249318031,699.97195153429902,-1010.28633117676,32.140000000000001,-0.044075003307220841
329.04948050466675,699.73262026690486,-1009.53435897827,32.140000000000001,-0.044237201412704499
329.06244454594935,700.05822926296389,-1006.63661956787,32.539999999999999,-0.044456726560322658
329.0754100876963,700.13925433396832,-1008.2485675811801,32.539999999999999,-0.04458856872319774
329.08836911329013,699.78738206609523,-1008.2485675811801,32.159999999999997,-0.044526223920953352
329.10132745073952,699.75022226829151,-1008.79406929016,32.590000000000003,-0.044412564279495949
329.11429607826796,700.30588653388577,-1007.66277313232,32.189999999999998,-0.044344817804853845
329.12726874670255,700.52409546996478,-1006.41226768494,32.539999999999999,-0.044315478040407773
329.14024300666296,700.61003786028175,-1006.66856765747,32.25,-0.044438184962830772
329.15321657848034,700.57287813942207,-1006.14595413208,32.25,-0.044570429664237896
329.16619161143956,700.65177979843406,-1004.16302680969,32.259999999999998,-0.04473598673947532
329.17916026483834,700.30728353426184,-1004.16302680969,32.259999999999998,-0.044780583638264808
329.19212171393963,699.91825146858514,-1004.22763824463,32.210000000000001,-0.044662994849473892
329.20507841329629,699.66176526080972,-1005.4306983947801,32.350000000000001,-0.044504278857187933
329.21804334450997,700.10628553729293,-1006.86573982239,32.170000000000002,-0.044492766675961533
329.23101365462719,700.39674633145137,-1009.60373878479,32.170000000000002,-0.044633065246124148
329.24397818330254,700.08454846755478,-1010.03241539001,32.119999999999997,-0.044862381699472757
329.25694258159263,700.07750766480171,-1009.07754898071,32.119999999999997,-0.045073630495533014
329.26991016914445,700.24972780027156,-1008.42571258545,32.140000000000001,-0.045273064945458796
329.28287439255303,700.06806406097303,-1008.42571258545,32.140000000000001,-0.045305352864865304
329.29583500967289,699.87332447290021,-1006.87575340271,32.560000000000002,-0.045229847439698219
329.3087940549272,699.78844373361926,-1009.27996635437,32.560000000000002,-0.045189566703122984
329.32176038312474,700.18172266724901,-1007.23171234131,32.579999999999998,-0.045244495074628251
329.33472517774317,700.09890939619197,-1007.23171234131,32.579999999999998,-0.045408028074178389
329.34768280635313,699.71194493613893,-1006.01172447205,32.189999999999998,-0.045564059789047387
329.36064164361238,699.77721200118606,-1004.83655929565,32.469999999999999,-0.045590207188318348
329.37360319722842,699.92389526546606,-1005.16533851624,32.259999999999998,-0.045570372086412167
329.38656369741602,699.86701013122752,-1005.16533851624,32.259999999999998,-0.04549969505092568
329.39952664698137,699.99927652859753,-1006.17170333862,32.280000000000001,-0.045509670550363729
329.41249834684072,700.47179240462685,-1006.40821456909,32.299999999999997,-0.045629733552690226
329.42547714130734,700.85490119640338,-1005.4452419281,32.439999999999998,-0.045898042412275242
329.43846147093456,701.15379987063511,-1003.97992134094,32.439999999999998,-0.046261405157473186
329.45143562120745,700.60411473477359,-1003.97992134094,32.140000000000001,-0.046553233017339511
329.4644078219099,700.49883793289814,-1002.87318229675,32.140000000000001,-0.046647980601796618
329.4773812105667,700.56298746909238,-1002.48956680298,32.189999999999998,-0.046592622787727155
329.4903506835297,700.35154000164323,-1001.95074081421,32.189999999999998,-0.046431173879658928
329.5033146202976,700.05258546608297,-1002.28309631348,32.189999999999998,-0.04638866003951074
329.51628705486661,700.51146672616346,-1004.79292869568,32.189999999999998,-0.046495292335574541
329.52926321162096,700.71246473412441,-1003.42321395874,32.590000000000003,-0.046765657347834923
329.54223668513202,700.56756959844904,-1001.6303062439,32.590000000000003,-0.047112883378989397
329.55519997307778,700.01754906927977,-1000.29397010803,32.539999999999999,-0.047311203346677468
329.56816586562348,700.15819746890622,-1000.38456916809,32.539999999999999,-0.047263855942366102
329.5811294391753,700.03297179734511,-1002.5463104248,32.450000000000003,-0.04706859588628954
329.59409031603087,699.88735020058959,-1002.5463104248,32.450000000000003,-0.046823449018831953
329.60705522137414,700.10488853691686,-1004.45866584778,32.25,-0.046739575143014044
329.62001939821596,700.06554946029621,-1004.22716140747,32.25,-0.046819760981868179
329.63298778567042,700.29292253967253,-1004.22716140747,32.25,-0.047052684757336073
329.64595668017904,700.32030346674753,-1002.9132366180399,32.25,-0.047263400629017453
329.65891888882601,699.95926693466504,-1001.99460983276,32.259999999999998,-0.047382941055930237
329.67188629528766,700.23994892954306,-997.98250198364303,32.259999999999998,-0.047373149751624676
329.68486235477036,700.70721206547194,-998.26216697692905,32.210000000000001,-0.047325156629269879
329.69784316296426,700.96364247237477,-998.26216697692905,32.210000000000001,-0.047343770663207635
329.71082374453579,700.95140486229809,-999.23372268676803,32.140000000000001,-0.047413287684755154
329.72381049042707,701.28427812840846,-997.17640876769997,32.140000000000001,-0.047584187444958057
329.73680248587533,701.56775420647853,-997.49374389648403,32.119999999999997,-0.047709877706298941
329.74979003063453,701.32741699548887,-997.49374389648403,32.119999999999997,-0.047718883594457244
329.76277194399762,701.02332160736557,-996.60277366638195,32.520000000000003,-0.047619663592579478
329.77575016000986,700.82366466150813,-995.7275390625,32.520000000000003,-0.047434771225813188
329.7887242119765,700.59880619929652,-995.14007568359398,32.57,-0.047252923250467552
329.8016964582111,700.50129666675036,-995.14007568359398,32.57,-0.047071281200109331
329.81466305235188,700.19608360138227,-996.43683433532703,32.560000000000002,-0.0468932909677795
329.8276285361494,700.13612506631637,-996.48022651672397,32.560000000000002,-0.046702288090352519
329.84059674147903,700.28308780211944,-994.55451965331997,32.210000000000001,-0.046518700611027614
329.85356034090125,700.0343687977213,-994.55523490905796,32.210000000000001,-0.046273510282129969
329.86651983422598,699.81263953720975,-995.49436569213901,32.450000000000003,-0.046009880800948727
329.8794861810494,700.18272846245259,-995.73898315429699,32.240000000000002,-0.045780262185236495
329.8924510274087,700.10170340244008,-995.73898315429699,32.32,-0.045742681249627735
329.90541289870993,699.94105026630348,-995.91994285583496,32.32,-0.045780747507856448
329.91837107369508,699.74144919826256,-994.84086036682095,32.119999999999997,-0.045780416370995898
329.93133208093587,699.89439100334255,-996.140956878662,32.119999999999997,-0.045708737646834467
329.94429107444944,699.78564973286723,-996.140956878662,32.140000000000001,-0.04551937493138207
329.95724797559262,699.67266173183907,-994.950771331787,32.140000000000001,-0.045399082203544924
329.97020382434073,699.615832398473,-994.62771415710404,32.119999999999997,-0.045302463694690875
329.98316313657529,699.80286066648125,-994.68541145324696,32.119999999999997,-0.045259013358180507
329.9961204205951,699.69333706810096,-994.68541145324696,32.590000000000003,-0.045329121251981193
330.00907242401604,699.40818473247566,-994.49062347412098,32.590000000000003,-0.04535421832492436
330.02202378379019,699.37342780169956,-994.11463737487804,32.590000000000003,-0.045294685082129513
330.03497766434327,699.5095498673461,-993.44420433044399,32.590000000000003,-0.045146393693169737
330.04793505908776,699.69931620332977,-993.56794357299805,32.5,-0.044942021163713056
330.06088983681491,699.55799726440762,-993.56794357299805,32.5,-0.044805858697795957
330.07384280053333,699.46004079726436,-992.19655990600597,32.210000000000001,-0.044719011833246648
330.08679700601488,699.52709600190792,-993.03269386291504,32.210000000000001,-0.04472099761983913
330.099748359579,699.37309246335167,-992.33412742614701,32.25,-0.044701188387903178
330.11269224186793,698.96964360221307,-992.33412742614701,32.25,-0.044685810183939252
330.12563092116665,698.68868213031601,-991.96147918701195,32.310000000000002,-0.044655254524582452
330.13857612179385,699.04083386971229,-993.033409118652,32.25,-0.044529799164761456
330.15152120652351,699.03457540036038,-994.81177330017101,32.240000000000002,-0.044365754972417591
330.1644638087605,698.90052079744169,-994.81177330017101,32.240000000000002,-0.044273491949341666
330.17741379121111,699.29905233377178,-995.79358100891102,32.380000000000003,-0.044240241663093857
330.19037057645681,699.6664032679829,-995.48387527465798,32.100000000000001,-0.044364416971687082
330.20332893253209,699.7512280634952,-995.66602706909202,32.140000000000001,-0.044493515871952077
330.21628828305307,699.80492813470505,-995.411157608032,32.140000000000001,-0.04455781127805284
330.22924578231232,699.70496000021069,-995.55945396423294,32.590000000000003,-0.044508608471265608
330.24221085011976,700.11366160144985,-996.11020088195801,32.590000000000003,-0.044436212628712377
330.25517337024195,699.97608659715468,-995.25618553161598,32.450000000000003,-0.044405525549853914
330.26812804345428,699.55235346752659,-994.29011344909702,32.450000000000003,-0.044427508901289256
330.28108274253702,699.55375046790266,-993.89314651489303,32.240000000000002,-0.044488158698007915
330.29404161290995,699.77900013528665,-996.41203880310104,32.240000000000002,-0.044554153249851486
330.30699855337537,699.67478513283947,-996.41203880310104,32.359999999999999,-0.044527525702239591
330.31994969894441,699.36186073091847,-997.267246246338,32.359999999999999,-0.044511531789401766
330.33290361778643,699.51161746747368,-994.60840225219704,32.460000000000001,-0.044408205689394679
330.34586001290995,699.64533667158867,-993.55888366699196,32.460000000000001,-0.044323700582985362
330.35881336674936,699.4811073277067,-993.55888366699196,32.57,-0.044323828899385208
330.37176334920002,699.29905233377178,-996.19412422180199,32.57,-0.044396106773994859
330.38471860707659,699.58392533527388,-998.93140792846702,32.159999999999997,-0.044582457178475116
330.39767694452587,699.75022226279555,-999.04561042785599,32.159999999999997,-0.044847408102775418
330.41063400813334,699.68143480186791,-998.12650680542004,32.210000000000001,-0.045002120444277677
330.42358749235677,699.48814806450764,-998.12650680542004,32.210000000000001,-0.045102878162718171
330.43654527722094,699.7203826678201,-998.89636039733898,32.380000000000003,-0.045107186046839151
330.44950658351974,699.91054013203234,-1000.33330917358,32.280000000000001,-0.04514845915871276
330.46246596612099,699.80666046793294,-1000.28324127197,32.210000000000001,-0.045174062251799089
330.4754231280333,699.68674326589712,-1000.21433830261,32.210000000000001,-0.045248825723174978
330.4883833167458,699.85019047423384,-1001.00231170654,32.170000000000002,-0.045311612387718816
330.50134756498881,700.06940512307654,-998.93808364868198,32.170000000000002,-0.04538684048571813
330.51430783234565,699.8544372707388,-998.03209304809604,32.100000000000001,-0.045379130169589103
330.52726903412963,699.90489633515142,-997.26891517639206,32.100000000000001,-0.045317368996584326
330.54024159804823,700.51845160163577,-997.26891517639206,32.450000000000003,-0.045281386830142857
330.55322253662717,700.9706832641358,-999.87244606018101,32.450000000000003,-0.045319661084027289
330.56620467040239,701.03522386260659,-998.68392944335903,32.509999999999998,-0.045370697560280365
330.57918430306046,700.90016353593228,-998.84200096130405,32.509999999999998,-0.045559210702352471
330.59216754097031,701.09484713077256,-998.84200096130405,32.590000000000003,-0.045684776785271483
330.60515087718767,701.10015573769772,-1000.34928321838,32.590000000000003,-0.045699380958659684
330.61812376603456,700.53599773070187,-1000.4460811615,32.210000000000001,-0.045588705688553659
330.63109054230131,700.20591840488737,-1001.41859054565,32.210000000000001,-0.045426907017278889
330.64406067753833,700.38730279907065,-1002.44832038879,32.479999999999997,-0.045279782886289435
330.65703824990368,700.78890773073215,-1003.92985343933,32.259999999999998,-0.045256520518604265
330.67001552424438,700.77281439741898,-1004.04906272888,32.259999999999998,-0.045285849934288733
330.68299413762099,700.84512233666692,-1004.04906272888,32.259999999999998,-0.04536328940692208
330.69597666772711,701.05662573139671,-1002.40612030029,32.229999999999997,-0.045433665315022888
330.70895773565564,700.97766813960823,-1000.45967102051,32.229999999999997,-0.045463100281561898
330.72193072901848,700.54164159353468,-1000.2179145813,32.140000000000001,-0.045322270856467395
330.7348969464914,700.17574353751615,-1000.2179145813,32.140000000000001,-0.045085146816264056
330.74786452162607,700.24905727196779,-1001.87659263611,32.159999999999997,-0.044848877521989808
330.76083540295559,700.42759179307836,-1000.75221061707,32.159999999999997,-0.044694033761494778
330.77380541401612,700.38059726871359,-1001.92189216614,32.560000000000002,-0.044605039681071129
330.78677434784686,700.3224268622522,-1001.92189216614,32.560000000000002,-0.044561487932803741
330.79975220685191,700.80438627066223,-1002.09498405457,32.579999999999998,-0.044526106987784156
330.81272532956427,700.54862646900722,-1000.73194503784,32.579999999999998,-0.044580202342197464
330.82568876652221,700.02559572769223,-1000.44989585876,32.460000000000001,-0.044560155106148698
330.83865025391236,699.92031906871284,-1000.44989585876,32.460000000000001,-0.044480742266352791
330.85161601089754,700.15087720012605,-1000.84018707275,32.280000000000001,-0.044320522703430273
330.86458635309504,700.39847866467926,-1005.51581382751,32.280000000000001,-0.044211827010965099
330.87755714439635,700.42273026914245,-1005.97810745239,32.259999999999998,-0.044181699760212335
330.89052635658896,700.33745840163317,-1005.97810745239,32.259999999999998,-0.044305393885792028
330.90349852417904,700.49704986474944,-1005.1257610320999,32.350000000000001,-0.044428271551992991
330.91646952968523,700.43429733442758,-1002.6028156280501,32.350000000000001,-0.04450790998013579
330.92942784747282,699.7491605293194,-1001.6393661499,32.119999999999997,-0.044476708603753336
330.94237764779876,699.28921760171454,-1001.47724151611,32.119999999999997,-0.044381417747682422
330.95533279495061,699.57794620004506,-1002.26545333862,32.100000000000001,-0.044163984970555452
330.96829050220504,699.71619173813986,-1002.26545333862,32.100000000000001,-0.043914914130043371
330.98124816392846,699.71373306474356,-1003.54862213135,32.170000000000002,-0.043800914038348862
330.99420812498386,699.83789699183637,-1002.99310684204,32.170000000000002,-0.043763644579803397
331.00717463427162,700.1915015379775,-998.27241897582996,32.57,-0.043762762927501253
331.0201450944358,700.40484886768058,-997.23291397094704,32.57,-0.043766502704710802
331.03311642383585,700.4517876021647,-996.71077728271496,32.490000000000002,-0.04362241675486727
331.04608681880734,700.40132846080814,-996.71077728271496,32.490000000000002,-0.043464320607295853
331.05905981837907,700.54197687142653,-997.00522422790505,32.32,-0.043363227611879496
331.07203770325435,700.80578326554223,-998.518466949463,32.32,-0.04331068963626885
331.08501073593953,700.54376500003116,-999.50122833251896,32.259999999999998,-0.043283641959469307
331.09797614109135,700.13187819836344,-1000.15592575073,32.259999999999998,-0.043366648670335309
331.11094268349257,700.19328966658202,-1000.33831596375,32.32,-0.043506113190463588
331.12390361208901,699.89014420683759,-998.42190742492699,32.32,-0.043694865371931776
331.13685722669766,699.49518886726071,-997.99489974975597,32.409999999999997,-0.043761890587557882
331.14981680487654,699.81722166107045,-997.99489974975597,32.409999999999997,-0.043741085877527064
331.16278044258519,700.03643626594521,-997.69926071167004,32.119999999999997,-0.043644880254134655
331.17574643240243,700.16345013206274,-999.67050552368198,32.119999999999997,-0.04353158072434006
331.1887090839445,699.98318327222819,-1000.83947181702,32.140000000000001,-0.043423576280398252
331.20167585296798,700.20552726566689,-999.52244758606003,32.140000000000001,-0.043373920230828915
331.2146436102272,700.25889199852895,-999.03774261474598,32.549999999999997,-0.043394738394046249
331.22760577334327,699.95680826676482,-995.84817886352505,32.170000000000002,-0.043407112567166867
331.24056132406793,699.59973913111185,-996.12116813659702,32.579999999999998,-0.043433912925764602
331.25351570443087,699.53653960024053,-997.29228019714401,32.579999999999998,-0.043412436626804135
331.26647521741728,699.81370126518993,-997.29228019714401,32.490000000000002,-0.043427357450109762
331.27943685485315,699.92842153899016,-995.50843238830601,32.490000000000002,-0.043543728276171402
331.29239545824572,699.76458319692881,-995.50843238830601,32.450000000000003,-0.043749685087648683
331.30535375016422,699.74776360039129,-997.292518615723,32.450000000000003,-0.043993048990094055
331.31831889558146,700.11785253112998,-997.292518615723,32.259999999999998,-0.044211331340397765
331.33128621719021,700.23536687163426,-996.99616432189896,32.259999999999998,-0.044281250901189763
331.34424981040252,700.03403346486959,-995.36108970642101,32.240000000000002,-0.044267646347436615
331.35721824235429,700.29532539570823,-994.12226676940895,32.240000000000002,-0.04428126021426098
331.37019393241235,700.68726313533034,-993.32213401794399,32.310000000000002,-0.044300371987297055
331.38316996602589,700.70581513104787,-994.37499046325695,32.280000000000001,-0.044366346878834478
331.39614134716544,700.45458153696484,-994.53616142272904,32.210000000000001,-0.044472931574462471
331.40911503591479,700.57919246460688,-994.53616142272904,32.210000000000001,-0.044567658462719491
331.42208664574565,700.46693086420305,-993.086338043213,32.140000000000001,-0.04464915850055956
331.4350464702062,699.83052087271949,-993.53790283203102,32.140000000000001,-0.044670006673149992
331.44799794691363,699.37974219833222,-994.09985542297397,32.140000000000001,-0.044628192360534447
331.46094890414815,699.35169066600952,-994.09985542297397,32.140000000000001,-0.044584601289110307
331.4739056883592,699.66634739566234,-994.74811553955101,32.5,-0.044582125007043741
331.48686238254066,699.66148580027846,-997.19738960266102,32.5,-0.044537397721593194
331.49981752244929,699.57755506632054,-997.19738960266102,32.539999999999999,-0.044502683190308236
331.51277734173709,699.8302415385964,-997.08509445190396,32.539999999999999,-0.044411376325936204
331.52574883360006,700.46056060074557,-996.13714218139603,32.549999999999997,-0.044370382609964919
331.53871722726427,700.29325786702839,-996.22869491577103,32.549999999999997,-0.044316819145156096
331.55167980637037,699.97927173163123,-995.88918685913097,32.140000000000001,-0.044317204091302305
331.56464547850243,700.14629513122532,-995.71466445922795,32.140000000000001,-0.044369129464295977
331.5776120405643,700.19435133960224,-995.71466445922795,32.210000000000001,-0.044374335557211
331.59057153388886,699.81263952621782,-996.14429473876896,32.210000000000001,-0.044287396594790113
331.60352463420122,699.46741686691723,-996.14429473876896,32.579999999999998,-0.044174031872173877
331.61647934052718,699.55414160162718,-996.30141258239701,32.25,-0.043951212945995147
331.62944007457907,699.87963880358075,-996.06966972351097,32.490000000000002,-0.043763674588056925
331.64239967862727,699.81861860099048,-997.62129783630405,32.490000000000002,-0.043541730070148998
331.65535865248023,699.78458805984701,-997.12586402893101,32.450000000000003,-0.043341618858134097
331.66832052999018,699.94138553869936,-997.29228019714401,32.450000000000003,-0.043135442667057995
331.68128893607155,700.29392839533216,-997.29228019714401,32.259999999999998,-0.043026654876517689
331.69425233474203,700.02352820450858,-997.52593040466297,32.329999999999998,-0.042863825542987059
331.70721132101238,699.78525859914282,-997.78318405151401,32.299999999999997,-0.042756598235369009
331.72016934595189,699.73334673348131,-999.258995056152,32.299999999999997,-0.042576911962840844
331.73312709252843,699.71831513364441,-1000.41198730469,32.380000000000003,-0.042458470496346483
331.74607691872467,699.29061459659465,-1000.99992752075,32.380000000000003,-0.042384244087632778
331.75901657901738,698.7416558063976,-1001.45053863525,32.359999999999999,-0.042348550632403968
331.77195877250739,698.87844846080361,-1001.45053863525,32.359999999999999,-0.042259315442323031
331.7849009132222,698.87559859872295,-1002.95233726501,32.210000000000001,-0.04214345684515261
331.79783974153332,698.69672879972063,-1003.96776199341,32.210000000000001,-0.042053957780276194
331.8107775495285,698.64163173912664,-1003.96776199341,32.159999999999997,-0.042040132813371184
331.8237236545728,699.08967239500237,-1002.46238708496,32.159999999999997,-0.041984313477713885
331.83667650860247,699.45411760030811,-1003.47352027893,32.119999999999997,-0.041960221197361681
331.84963021323955,699.50005040218878,-1003.97706031799,32.119999999999997,-0.041862296768429196
331.86258688051731,699.66003299902968,-1003.05342674255,32.479999999999997,-0.041793821794200194
331.87555003186912,700.01017299962689,-1003.05342674255,32.479999999999997,-0.041724454818093219
331.88851769185675,700.25363932987671,-1001.92260742188,32.5,-0.041640485739673473
331.90147995224453,699.96206094091326,-1000.5607604980499,32.5,-0.041493868662482003
331.9144420967333,699.95580239461731,-1000.89359283447,32.490000000000002,-0.041379322194138091
331.9274017980531,699.82387126964295,-1001.69587135315,32.490000000000002,-0.041279180182128831
331.94036100577159,699.79721679815236,-1002.4707317352299,32.119999999999997,-0.041177706378544246
331.95331296987035,699.40606133147526,-1001.71303749084,32.119999999999997,-0.04102062537425917
331.96626473839143,699.39550013833764,-1000.31971931458,32.119999999999997,-0.040962590525277419
331.97922265364076,699.72742346507721,-1000.31971931458,32.119999999999997,-0.041030395982669977
331.99218182824563,699.79542866405177,-1000.65803527832,32.140000000000001,-0.041141118854636699
332.0051363131235,699.54218340261764,-1002.88605690002,32.140000000000001,-0.041138941628371499
332.01809307870735,699.66534152901079,-1004.6298503875699,32.560000000000002,-0.041083556909252091
332.03105572300609,699.98279213300782,-1004.2130947113,32.560000000000002,-0.041113259891007226
332.04401824312959,699.97608666860265,-1004.2130947113,32.560000000000002,-0.04123436907954621
332.05697882196171,699.87125693322844,-1004.40502166748,32.560000000000002,-0.041304419023640598
332.06994073258517,699.94317366730388,-1005.39803504944,32.560000000000002,-0.041304135488131853
332.082902434179,699.93188606804608,-1006.46495819092,32.560000000000002,-0.041319233261927962
332.0958637146075,699.90914313715234,-1005.65433502197,32.189999999999998,-0.041332736404432975
332.10882055055805,699.66914133046237,-1003.01885604858,32.189999999999998,-0.041305333790046091
332.12177454183455,699.51552893112682,-1005.41996955872,32.189999999999998,-0.04120099047750922
332.13473690673703,699.96770473229822,-1006.29901885986,32.189999999999998,-0.041056908666864997
332.14770039543458,700.02838966798845,-1003.92913818359,32.240000000000002,-0.041052419691527564
332.16065938894934,699.78564979881924,-1002.18915939331,32.240000000000002,-0.041123482708341756
332.1736235471655,700.06454367058848,-1003.13258171082,32.350000000000001,-0.041208427606483987
332.18659303151111,700.35215466312229,-1003.13258171082,32.350000000000001,-0.041243378073045435
332.19956122442227,700.2824172023677,-1003.3700466156,32.280000000000001,-0.041174358791105134
332.21252896202094,700.2578303310047,-1003.27587127686,32.280000000000001,-0.04122197938389386
332.22549552304935,700.19429553323357,-1003.27587127686,32.32,-0.041237158908224832
332.23846326064688,700.2578302650528,-1004.42242622375,32.189999999999998,-0.041303806419802289
332.25143509089145,700.47883320737992,-1007.55262374878,32.329999999999998,-0.041470938465312211
332.26439896970993,700.04945619843102,-1008.02898406982,32.329999999999998,-0.041692396625825794
332.27736083480249,699.94071499940355,-1007.6889991760301,32.380000000000003,-0.041979566837448593
332.29032406997402,700.01469926215907,-1008.46290588379,32.380000000000003,-0.042293671933020603
332.30328221184567,699.73966106965793,-1008.34178924561,32.5,-0.042440242444550656
332.31623917197163,699.67584680036373,-1008.6658000945999,32.5,-0.042606166873548457
332.32919841901366,699.79934027060074,-1009.30571556091,32.119999999999997,-0.042738000759653366
332.3421678454099,700.34902539547022,-1009.30571556091,32.119999999999997,-0.042907674278728387
332.35514244375184,700.62831046691588,-1008.07189941406,32.159999999999997,-0.043002807845734528
332.36811921724814,700.74576879769961,-1007.28631019592,32.159999999999997,-0.043066588954005967
332.38110065563706,700.99767300252631,-1006.50382041931,32.189999999999998,-0.043144338868012215
332.39408357586302,701.07769220138323,-1006.50382041931,32.189999999999998,-0.043166657495914529
332.40706388424695,700.93665273398426,-1004.37712669373,32.530000000000001,-0.043104976001860293
332.42004407569755,700.93033833185564,-1005.54227828979,32.530000000000001,-0.042997160926413994
332.43302570241968,701.00784299598752,-1005.54227828979,32.329999999999998,-0.042820456954670669
332.44601018830247,701.16223766826818,-1004.04334068298,32.329999999999998,-0.042884322917393004
332.45899249696049,701.04466753238717,-1003.41629981995,32.280000000000001,-0.042962356366297333
332.47197210995682,700.89910180245613,-1003.62968444824,32.280000000000001,-0.042989833486780635
332.48495488738024,701.06998086483054,-1003.62968444824,32.32,-0.042904553314206985
332.49794153600129,701.27902553670003,-1005.38849830627,32.32,-0.042797411895203551
332.51092338417163,701.01980120049302,-1005.63454627991,32.369999999999997,-0.042643560510515793
332.52390367910255,700.93592626740792,-1005.9974193573,32.369999999999997,-0.042611956595397744
332.53688470149996,700.97520946071586,-1007.00163841248,32.469999999999999,-0.042546798163951495
332.54987202688267,701.31557066752862,-1007.00163841248,32.469999999999999,-0.042607468656564916
332.56284878796174,700.74509826939595,-1005.72299957275,32.140000000000001,-0.042671572623603618
332.57581488125805,700.16903800166301,-1004.05693054199,32.140000000000001,-0.042687290244048041
332.58877808435057,700.01296699488307,-1004.05693054199,32.579999999999998,-0.042521164027430149
332.60174297003346,700.10382687488857,-1002.8090476989699,32.189999999999998,-0.042317996008330437
332.61469894916661,699.62287319023415,-1003.81755828857,32.539999999999999,-0.042136934482481556
332.62765362858761,699.55268873442651,-1002.37941741943,32.240000000000002,-0.042078373953559386
332.64061566235307,699.94982333633243,-1003.2794475555399,32.390000000000001,-0.042050888554982804
332.65358096299013,700.12623440148252,-1003.2794475555399,32.390000000000001,-0.042101101328131142
332.66654273702096,699.93579766360313,-1003.46398353577,32.259999999999998,-0.042010408101964686
332.67950161981111,699.7796706690865,-999.72867965698197,32.259999999999998,-0.041882793109078539
332.69246443278269,699.99190046444073,-1000.2338886261,32.140000000000001,-0.041679983130566207
332.70543337903098,700.32309740704375,-1000.2338886261,32.140000000000001,-0.0414092104048841
332.71839873865315,700.12941959641512,-999.61543083190895,32.409999999999997,-0.0412533711640551
332.73135827750747,699.8150981336621,-1002.1665096283,32.409999999999997,-0.041219702817354181
332.74431936339374,699.89863786030344,-1001.6109943389901,32.509999999999998,-0.041180708341670792
332.75727897365056,699.81895386789051,-1001.7306804656999,32.509999999999998,-0.041269151907467064
332.77023162589256,699.44322106882282,-1001.7306804656999,32.590000000000003,-0.041216443188485559
332.7831787181396,699.14298133798388,-1000.24509429932,32.590000000000003,-0.041041079287428617
332.79613454101855,699.61443546404894,-999.35245513916004,32.159999999999997,-0.040835386349525486
332.80908865543705,699.52217860015537,-1001.71685218811,32.159999999999997,-0.040602252508038873
332.82204397126162,699.5870545259819,-1000.9727478027301,32.210000000000001,-0.040501915952542634
332.83500354943953,699.81722160611059,-1000.14138221741,32.210000000000001,-0.040528804269405527
332.84796894217538,700.13120773601167,-1000.14138221741,32.25,-0.040547006453368464
332.86093245674323,700.02978666286867,-999.42731857299805,32.25,-0.040579675179111215
332.87388905261969,699.65617733075339,-999.42731857299805,32.380000000000003,-0.040485899274566618
332.88684039997531,699.37275720194782,-997.45559692382801,32.380000000000003,-0.040343121314146732
332.89979349407901,699.46708160001731,-995.88036537170399,32.159999999999997,-0.040298817264954982
332.91274920623346,699.60845633981228,-995.88036537170399,32.159999999999997,-0.040345225069293458
332.92570023487036,699.35554639474196,-997.34687805175804,32.119999999999997,-0.040495746458215486
332.93864965852714,699.26887746640057,-998.70944023132301,32.119999999999997,-0.040642483573102864
332.95160287680744,699.47378713587057,-998.70944023132301,32.530000000000001,-0.040645912910364401
332.96455656902714,699.49937986289297,-999.19724464416504,32.530000000000001,-0.040592148693015195
332.97750604442467,699.2716714671526,-998.88348579406704,32.549999999999997,-0.040425957284593438
332.9904631090667,699.6814906686925,-997.54762649536099,32.549999999999997,-0.040248160561586865
333.00343035202849,700.23111993772932,-998.55494499206497,32.520000000000003,-0.040169222693410202
333.01639766121849,700.23469626089059,-998.55494499206497,32.520000000000003,-0.040152712413397844
333.02936085085923,700.0122405997547,-998.78811836242699,32.210000000000001,-0.040220092568137952
333.04232200814567,699.90249346812368,-996.20103836059604,32.210000000000001,-0.040200950783591462
333.05527582971604,699.50636479882132,-996.20103836059604,32.259999999999998,-0.040077243206962578
333.06822298611985,699.14644580658364,-996.40178680419899,32.259999999999998,-0.039869756954776729
333.08115802705305,698.49221039038321,-996.58775329589798,32.280000000000001,-0.039651244878860598
333.09409527004573,698.61112160485538,-996.876001358032,32.280000000000001,-0.039553622611681077
333.1070382561951,698.92125206648018,-995.90992927551304,32.159999999999997,-0.039695514780090625
333.11998241167157,698.9843957305269,-995.90992927551304,32.159999999999997,-0.039899177435492171
333.13292292257154,698.78758859728612,-996.80471420288097,32.479999999999997,-0.040176309024404042
333.14586581041357,698.91594347054718,-996.60372734069801,32.119999999999997,-0.04030159053653104
333.15882020422964,699.53726606681687,-997.01929092407204,32.159999999999997,-0.040327988357614517
333.17177507198517,699.56285879933546,-998.11029434204102,32.159999999999997,-0.040293085492099541
333.18473253295679,699.70289246603488,-998.11029434204102,32.539999999999999,-0.040385498561633787
333.19770175756679,700.33812894092875,-997.65467643737804,32.539999999999999,-0.040700815410678111
333.21067481612226,700.54516199491115,-997.27511405944801,32.420000000000002,-0.041026001175159997
333.22363914921851,700.07398719747323,-997.27511405944801,32.420000000000002,-0.041271215304377322
333.23659691442219,699.71932100029608,-998.26169013977005,32.25,-0.041376254003110194
333.24955599279025,699.79023187321593,-998.03543090820301,32.25,-0.041303652235162441
333.26251371246292,699.71686232689967,-997.04504013061501,32.329999999999998,-0.041203372594903448
333.27546800176293,699.53162219848809,-997.04504013061501,32.329999999999998,-0.040993296230787207
333.28842507261356,699.68182593559254,-999.57275390625,32.450000000000003,-0.040880800741552085
333.30138563178514,699.87019526570407,-1001.01804733276,32.450000000000003,-0.041001038626041632
333.314356376521,700.42021573441741,-998.60048294067406,32.549999999999997,-0.041160966372817687
333.327322977905,700.19647473510679,-998.60048294067406,32.549999999999997,-0.041248354438821369
333.34028333529005,699.85929879467471,-997.88880348205601,32.210000000000001,-0.041190442731960437
333.35324666152343,700.01961660345557,-999.69172477722202,32.210000000000001,-0.040982278684335981
333.36620953347909,699.99508560441336,-1000.9014606475801,32.189999999999998,-0.040823197404988631
333.37917461991356,700.11466746260544,-1000.9014606475801,32.189999999999998,-0.040755262598559175
333.39213630908904,699.9312154737903,-1003.93915176392,32.240000000000002,-0.040860034317969855
333.40510155902092,700.12349632251494,-1004.6398639679001,32.240000000000002,-0.041067440889882047
333.41806281254577,699.90769034139953,-1005.24401664734,32.259999999999998,-0.041295829125674192
333.43101550410989,699.44534446432726,-1005.24401664734,32.259999999999998,-0.041377186360883736
333.44396802700248,699.43623619884647,-1004.96959686279,32.189999999999998,-0.041364581427376319
333.45692232354702,699.53201340366059,-1005.09333610535,32.189999999999998,-0.041279318845865394
333.46987905601605,699.66355332895819,-1004.92763519287,32.159999999999997,-0.041301517435970027
333.48283837445928,699.80319593338118,-1004.92763519287,32.159999999999997,-0.041455802404151511
333.49579734831241,699.78458807083894,-1003.84783744812,32.439999999999998,-0.041589793852347921
333.50876290868518,700.14026012917191,-1003.9279460906999,32.439999999999998,-0.041597099560090806
333.52173553158883,700.5216367965686,-1004.10795211792,32.560000000000002,-0.041407452275780167
333.53470469824936,700.33499966778083,-1003.56340408325,32.560000000000002,-0.041133295744334233
333.54767041591361,700.14875387057361,-1003.56340408325,32.229999999999997,-0.040899359931531577
333.56064308434691,700.52409539851669,-1003.60941886902,32.490000000000002,-0.040701795368785681
333.57361543406165,700.50688459680669,-1004.77290153503,32.240000000000002,-0.040617989789603667
333.58657865681613,700.01402873935137,-1005.64789772034,32.240000000000002,-0.040616419994017307
333.599536792479,699.73932579726215,-1005.4028034210201,32.380000000000003,-0.04068637370195681
333.61249639031723,699.81828326264281,-1004.58168983459,32.380000000000003,-0.040732979152171639
333.62545190068647,699.59755994023067,-1007.87901878357,32.509999999999998,-0.040637614826407133
333.63840763974565,699.60990919602091,-1007.87901878357,32.509999999999998,-0.040427898574564365
333.6513634760766,699.61516187016935,-1010.94102859497,32.140000000000001,-0.0402523101204438
333.6643263987371,699.99782366689283,-1009.26566123962,32.140000000000001,-0.040297797983995992
333.67729086221971,700.08102806068223,-1009.26566123962,32.210000000000001,-0.040502238811615236
333.69025464376676,700.04420354077047,-1008.52370262146,32.210000000000001,-0.040684456212610895
333.70321531987031,699.87650959088876,-1008.73112678528,32.469999999999999,-0.040715879036207159
333.71617737950493,699.95122027075661,-1008.94379615784,32.280000000000001,-0.040643827781767221
333.72914134214329,700.05398247195501,-1007.80725479126,32.240000000000002,-0.040461110572226254
333.74210511644691,700.04381239605391,-1007.80725479126,32.240000000000002,-0.040369986866889217
333.75506900871864,700.05018267050332,-1006.6668987274199,32.329999999999998,-0.040391214813585936
333.76804002664198,700.43496786273124,-1004.28557395935,32.159999999999997,-0.04059114596895521
333.78100927815683,700.33958180263357,-1004.75907325745,32.159999999999997,-0.040834656812823313
333.79397332564815,700.0585645298637,-1004.75907325745,32.159999999999997,-0.040936590068039853
333.80693975111734,700.18697533590148,-1005.11193275452,32.560000000000002,-0.04091735204917047
333.81991202943095,700.50302893402636,-1005.34534454346,32.560000000000002,-0.040772119536844266
333.83288139063461,700.34550499958959,-1005.34534454346,32.549999999999997,-0.040648445072486723
333.84584856323096,700.22732020222963,-1004.20665740967,32.549999999999997,-0.040711091003847025
333.85882143966052,700.53532719690202,-1003.5138130188,32.469999999999999,-0.040851608953506681
333.87179686273947,700.67284626292462,-1006.41918182373,32.469999999999999,-0.041072038519379399
333.88477049250616,700.57600740157818,-1006.41918182373,32.210000000000001,-0.041215153825102574
333.89773424093954,700.04241540117403,-1004.70280647278,32.210000000000001,-0.04119692680747046
333.91069851608768,700.07085800126924,-1004.70280647278,32.280000000000001,-0.041165312545728146
333.9236649156864,700.18557833002944,-1003.9484500885,32.280000000000001,-0.041151161616343378
333.93662866411978,700.04241540117403,-1003.4015178680399,32.399999999999999,-0.041054731441617573
333.94958582499754,699.68668739907241,-1004.3449401855499,32.399999999999999,-0.041110047862370859
333.96254605924076,699.85264913663821,-1005.77187538147,32.140000000000001,-0.041179417942699199
333.97550832066293,699.96211679674593,-1001.98864936829,32.140000000000001,-0.041273781615784488
333.98847062037288,699.9641843364177,-1002.41327285767,32.119999999999997,-0.041248322361833296
334.00143323880127,699.98139513263163,-1002.9919147491501,32.119999999999997,-0.04108605388924897
334.01440521805682,700.48687979984049,-1002.9399394989,32.090000000000003,-0.041006404078689745
334.02738184254201,700.73772219974308,-1001.47747993469,32.090000000000003,-0.04115326847398125
334.04035417363093,700.5058788016031,-999.33862686157204,32.490000000000002,-0.041450569405881224
334.05332499080237,700.42412725852648,-999.33862686157204,32.490000000000002,-0.041807795771262479
334.06629490459136,700.37534460555707,-999.16768074035599,32.490000000000002,-0.04205699803025844
334.0792627198,700.26202126618102,-999.664306640625,32.490000000000002,-0.042241656531907673
334.0922294246655,700.20206273661108,-999.48835372924805,32.539999999999999,-0.04230014669342385
334.10519670074189,700.23290812678999,-999.48835372924805,32.539999999999999,-0.042286788423810576
334.11817203896783,700.66826419951985,-999.27020072937,32.119999999999997,-0.042310745144749369
334.13115782352833,701.23236626824303,-999.53293800354004,32.119999999999997,-0.042497028286248552
334.14414562284946,701.34116333959116,-999.66645240783703,32.159999999999997,-0.042721452191360421
334.15712758691734,701.02605966434896,-999.18913841247604,32.159999999999997,-0.042947584555184534
334.17010718128773,700.89809600175647,-999.18913841247604,32.159999999999997,-0.042989208466565738
334.18308861967535,700.99767293107845,-999.72581863403298,32.159999999999997,-0.042849196534199462
334.19606271717288,700.60126486719673,-999.75895881652798,32.560000000000002,-0.042725815954824706
334.20902710304443,700.07683706504997,-997.66898155212402,32.560000000000002,-0.042724068172345038
334.22199557431844,700.29744879670864,-995.99170684814396,32.530000000000001,-0.04282749154440095
334.23496231126296,700.20379500388685,-998.04019927978504,32.530000000000001,-0.043055831143863355
334.2479268854691,700.08700712995903,-997.68233299255405,32.420000000000002,-0.043245127631007289
334.26088518980492,699.74843413419092,-996.22464179992699,32.420000000000002,-0.043437961074798297
334.27384852949137,700.02034307003191,-996.22464179992699,32.259999999999998,-0.043503563437278542
334.28681587696906,700.23676379506628,-996.03867530822697,32.259999999999998,-0.04347032763899164
334.29978377703213,700.26660340652973,-996.62017822265602,32.32,-0.043413420725027012
334.31275697114569,700.55248213178743,-996.75607681274403,32.32,-0.043454679349652164
334.3257324459654,700.67564026367666,-995.86105346679699,32.399999999999999,-0.043538032720317567
334.33871487879878,701.0513730022883,-994.925975799561,32.399999999999999,-0.043639827311695772
334.3516970839766,701.03907960233084,-994.66919898986805,32.119999999999997,-0.04367433902252002
334.36467607298636,700.86540652821247,-994.66919898986805,32.119999999999997,-0.043676465542296046
334.37765473810373,700.84791633741918,-993.56389045715298,32.469999999999999,-0.043620768313679857
334.39062743861609,700.52582766579269,-994.27270889282204,32.119999999999997,-0.043615013773956011
334.40359032402478,699.9958120709897,-993.58916282653797,32.170000000000002,-0.043626182402657712
334.41654077420617,699.32430979389437,-993.58916282653797,32.170000000000002,-0.043638662124088436
334.42948920445309,699.21523333346317,-993.80564689636196,32.560000000000002,-0.043631771372068397
334.44243144968272,698.88124240109983,-994.65107917785599,32.560000000000002,-0.043470252097611961
334.455370654663,698.7170689350346,-994.65107917785599,32.590000000000003,-0.043272164960877234
334.46831775932708,699.14365186079158,-995.79524993896496,32.590000000000003,-0.043017772130073101
334.48127193169512,699.5253078733034,-994.83799934387196,32.539999999999999,-0.04285183528205249
334.49422801430865,699.62846113128239,-993.56031417846702,32.539999999999999,-0.042832228872612794
334.50718572156296,699.71619173264401,-993.28112602233898,32.229999999999997,-0.042838303164948771
334.5201414337173,699.60845633431609,-993.46828460693405,32.229999999999997,-0.042859732897230038
334.53309304701736,699.38711820203321,-994.46892738342297,32.189999999999998,-0.042852085704272111
334.54604285458777,699.28960880139095,-995.57304382324196,32.189999999999998,-0.042660661662679546
334.55898834185439,699.05631239865056,-996.11020088195801,32.240000000000002,-0.042469946460265952
334.57193027560862,698.86442272761826,-996.11020088195801,32.240000000000002,-0.042318593088517452
334.5848773274987,699.14080206466269,-995.87535858154297,32.490000000000002,-0.042288447212640037
334.59782186688642,699.00512693910957,-995.53728103637695,32.490000000000002,-0.042399287016351067
334.61076348813094,698.8475472038001,-994.803905487061,32.479999999999997,-0.042494049088870861
334.62371038480001,699.13242012835826,-994.78721618652298,32.479999999999997,-0.042522505132992688
334.63666195877778,699.3849948010328,-994.78721618652298,32.520000000000003,-0.042458408408662211
334.64961523604075,699.47697219889915,-996.16575241088901,32.520000000000003,-0.042248912569665988
334.6625699672025,699.55548273517854,-995.86367607116699,32.189999999999998,-0.042107422939381363
334.67553025318523,699.85544306594238,-995.49841880798294,32.189999999999998,-0.041972074864108457
334.68849458007412,700.07365200202128,-995.93687057495094,32.210000000000001,-0.04189843518905928
334.70145377433954,699.79649033157602,-995.85986137390103,32.210000000000001,-0.041868529385418546
334.71441071480496,699.67478513283947,-995.81456184387196,32.229999999999997,-0.041799908503930533
334.72736925404075,699.7611187338249,-995.81456184387196,32.229999999999997,-0.041689049037674238
334.7403288115234,699.8161040607697,-995.79286575317406,32.460000000000001,-0.041562444013286529
334.75328622696298,699.70043373767862,-995.51701545715298,32.460000000000001,-0.041410227615887217
334.7662375018827,699.36884566684694,-996.08445167541504,32.420000000000002,-0.041396207072654616
334.7791894339025,699.40432906969522,-996.08445167541504,32.420000000000002,-0.041469428688370238
334.79214614671105,699.66249166143393,-995.86963653564396,32.350000000000001,-0.041583724732967862
334.80510096272718,699.5600648700314,-997.77531623840298,32.350000000000001,-0.041581878646107656
334.8180545380136,699.4930654662603,-997.77531623840298,32.210000000000001,-0.041542498187468115
334.83101992350504,700.13081653633526,-1000.2503395080601,32.210000000000001,-0.041490117501940017
334.84399489230617,700.64831526388218,-999.39727783203102,32.299999999999997,-0.041601882420105693
334.85697015188651,700.66401733706289,-997.76911735534702,32.299999999999997,-0.041708657517375139
334.86994119671482,700.43642072993191,-998.48461151123001,32.280000000000001,-0.041866035510762595
334.88290997946422,700.31426846469424,-998.29125404357899,32.280000000000001,-0.041963483931062341
334.89587491792105,700.10667667101734,-997.997045516968,32.170000000000002,-0.042065972875897716
334.90883472272094,699.82945919420342,-997.65229225158703,32.170000000000002,-0.042011196620908423
334.92179325471363,699.76072760559646,-998.12436103820801,32.189999999999998,-0.041883314649616095
334.93475641848266,700.01084352793066,-998.12436103820801,32.189999999999998,-0.041764758319603086
334.94772902275929,700.52063093541301,-999.06802177429199,32.159999999999997,-0.041833422663141821
334.96069692903092,700.26693866793357,-999.70722198486305,32.159999999999997,-0.042042647384837893
334.97366341865683,700.19043979900516,-999.78446960449196,32.409999999999997,-0.042317594504674559
334.98663332002849,700.37467407175734,-999.78446960449196,32.409999999999997,-0.04241825702244699
334.99960212243957,700.3153301981705,-999.03964996337902,32.439999999999998,-0.042352445630554417
335.01256754725313,700.13293993183959,-999.98831748962402,32.439999999999998,-0.042211172274120579
335.02553305692101,700.13752206669233,-1001.75547599792,32.490000000000002,-0.042205016231860411
335.03850687502103,700.58617740053512,-1002.06828117371,32.490000000000002,-0.042447561603953396
335.05148563016661,700.85277786135509,-1001.68395042419,32.100000000000001,-0.042808199715533471
335.06445629108276,700.41568947188534,-1003.00359725952,32.100000000000001,-0.043159486311691114
335.07741963076916,700.02034306453595,-1002.34055519104,32.119999999999997,-0.043400186631087613
335.09038521804683,700.14171299637269,-1002.34055519104,32.119999999999997,-0.043346498988772922
335.10335212366431,700.21290334081584,-1000.64158439636,32.090000000000003,-0.0431737655562544
335.11632057010252,700.29610766315727,-1000.88953971863,32.090000000000003,-0.043003578773411995
335.1292930367506,700.51319899893542,-1001.63459777832,32.479999999999997,-0.043005720815617973
335.14227166875304,700.84612813187061,-1001.63459777832,32.479999999999997,-0.043186443959964294
335.15525364006538,701.02645086402561,-999.76325035095203,32.509999999999998,-0.04339447865824652
335.16823429303827,700.95526053607034,-999.15957450866699,32.509999999999998,-0.043562470624168112
335.18120959918514,700.66653193224386,-999.15957450866699,32.119999999999997,-0.043717572051117669
335.19418743232109,700.80298934173413,-997.81513214111305,32.57,-0.043738743084103811
335.20716672659756,700.88189092929815,-997.14016914367699,32.140000000000001,-0.043729272567490089
335.22014205240498,700.66759359976811,-1003.3786296844499,32.140000000000001,-0.043724215484834114
335.2331131024074,700.43670013000701,-1003.54862213135,32.210000000000001,-0.043878162072327268
335.24608783734323,700.63568653656887,-1003.54862213135,32.210000000000001,-0.044216088329119323
335.25905883560614,700.43390619520699,-1002.34174728394,32.210000000000001,-0.044475008423032591
335.27201805677657,699.79794320427266,-1002.06160545349,32.210000000000001,-0.044553926627442654
335.28497748490872,699.80911913583327,-1002.39849090576,32.509999999999998,-0.044482428994701242
335.29794372204327,700.17680526549634,-1002.39849090576,32.509999999999998,-0.044304584670139313
335.31091554607787,700.47849786903203,-1001.5926361084,32.390000000000001,-0.044265012773760833
335.32388572581118,700.38970560014639,-1002.9461383819601,32.390000000000001,-0.044319601729090934
335.33685393734942,700.28342306352329,-1003.2207965850801,32.32,-0.044446234694320741
335.34982103854446,700.22346453395323,-1001.54304504395,32.32,-0.044522471726451213
335.36278690521982,700.15680046853026,-1001.54304504395,32.280000000000001,-0.044518013795770132
335.37574382602355,699.67372339936321,-997.83992767333996,32.280000000000001,-0.044315011343421369
335.38869690046539,699.46601986104508,-998.22449684143101,32.329999999999998,-0.044013195567231517
335.40165743376673,699.86879827082407,-999.53675270080601,32.329999999999998,-0.043816990736597713
335.41462046094199,700.00346746377375,-999.53675270080601,32.439999999999998,-0.043845148755825
335.42757693367662,699.64952767271689,-999.86720085143997,32.439999999999998,-0.044038246074615046
335.4405357647272,699.77687672879028,-999.48716163635197,32.100000000000001,-0.044243173259119736
335.45350270345801,700.21469146392428,-999.48716163635197,32.100000000000001,-0.044336849822880969
335.46647024651361,700.2473250046919,-997.87402153015103,32.159999999999997,-0.044274556760577025
335.47943896407037,700.31074806331765,-998.71850013732899,32.159999999999997,-0.044163398237298035
335.49240757297281,700.30488073318622,-998.54493141174305,32.159999999999997,-0.044002677830750486
335.50538059220492,700.54303853345471,-998.54493141174305,32.159999999999997,-0.043964049674867313
335.51835524849633,700.63143973456795,-999.08518791198696,32.57,-0.04417843185325044
335.53131904866922,700.04520933597405,-996.71459197998001,32.57,-0.044387489970062519
335.5442729292235,699.5095499332981,-996.71459197998001,32.210000000000001,-0.044463163035498653
335.55722595192464,699.46322586029294,-996.50382995605503,32.57,-0.044316863640658094
335.57017703954563,699.35873153471459,-998.25310707092297,32.409999999999997,-0.043969810422525013
335.58312466989008,699.17203859955816,-995.76282501220703,32.409999999999997,-0.043669926623947315
335.59607807650372,699.48395713482751,-995.23901939392101,32.280000000000001,-0.043548989213655347
335.60903897922839,699.88874713501366,-995.23901939392101,32.280000000000001,-0.043546105216335049
335.62200265005185,700.03822446599759,-995.66698074340798,32.32,-0.043637854977780922
335.6349671528568,700.08315146717882,-993.63780021667503,32.32,-0.043705542467738792
335.64793398707286,700.20904766704336,-991.33086204528797,32.119999999999997,-0.043631141176760257
335.66090811043955,700.6026618016208,-990.75174331665005,32.460000000000001,-0.043435953556417127
335.67388103860986,700.53812119765416,-990.75174331665005,32.119999999999997,-0.043176538828848234
335.68684870480621,700.25397460227248,-991.00184440612804,32.119999999999997,-0.043037003940092633
335.69981554626548,700.209438800768,-991.34945869445801,32.159999999999997,-0.043017930454319363
335.71278269920123,700.22625852920942,-991.34945869445801,32.159999999999997,-0.043164291936131749
335.72574188104932,699.79581979777618,-994.06242370605503,32.189999999999998,-0.043274519137327584
335.73869503310124,699.47021080171737,-993.01719665527298,32.189999999999998,-0.043245695738224052
335.75165304562353,699.73267620517754,-993.01719665527298,32.530000000000001,-0.043143613471527127
335.76461433226052,699.90947839855619,-990.35358428955101,32.530000000000001,-0.043062407316532512
335.77757961427164,700.12522860078286,-990.35358428955101,32.439999999999998,-0.043047390256563109
335.79054585140619,700.17680526549634,-991.529941558838,32.439999999999998,-0.043175653037143227
335.80351275081478,700.21256806292388,-992.22755432128895,32.32,-0.043314384917671075
335.81648231380501,700.35640147061906,-992.22755432128895,32.32,-0.043456534750906703
335.82944645856793,700.06381719851618,-991.60456657409702,32.280000000000001,-0.043506429840889899
335.84240513336306,699.76843893665318,-992.58399009704601,32.280000000000001,-0.04335656244698502
335.85536298342112,699.7239031351487,-991.90711975097702,32.32,-0.043126074598095226
335.86832246432726,699.81196893196204,-991.90711975097702,32.32,-0.04302252704924589
335.88127416144698,699.39164446456527,-991.79840087890602,32.380000000000003,-0.043052095505853108
335.89422183111355,699.1741619950626,-991.66131019592297,32.380000000000003,-0.043294811621520504
335.90717605004693,699.52782240253225,-993.12806129455601,32.189999999999998,-0.043508453914846971
335.92013267800246,699.65790959802916,-992.50435829162598,32.189999999999998,-0.043590897694301904
335.93308436994698,699.39136500403401,-992.50435829162598,32.140000000000001,-0.043554327759930414
335.94603915284938,699.55827673043473,-991.37043952941895,32.140000000000001,-0.043398137721222259
335.95899828916669,699.79336113537192,-991.37043952941895,32.119999999999997,-0.043287456242571715
335.9719709907136,700.5258835326174,-991.48774147033703,32.119999999999997,-0.043326126824509897
335.98494345736174,700.51319899893542,-992.44713783264206,32.479999999999997,-0.04346564825967187
335.9979153652161,700.48302413706017,-993.399620056152,32.479999999999997,-0.043816589233043615
336.01088959309755,700.60830559850183,-993.27874183654797,32.549999999999997,-0.044084522458434083
336.02386633451601,700.74403659637574,-993.27874183654797,32.549999999999997,-0.044159670876973957
336.03683212358146,700.15260953335394,-993.15166473388695,32.5,-0.044103502813393383
336.049787393874,699.58459579762564,-992.00034141540505,32.5,-0.04392860560698196
336.06274090396914,699.4895451363318,-992.00034141540505,32.210000000000001,-0.043918664257032301
336.07570166492599,699.88109167078142,-995.38087844848599,32.210000000000001,-0.04398093351789701
336.08865675309499,699.57476112602444,-995.38087844848599,32.259999999999998,-0.044097879694901421
336.10161200476171,699.58359000242217,-998.157739639282,32.259999999999998,-0.044308112312595606
336.11457338867035,699.91473106720866,-996.09184265136696,32.350000000000001,-0.044443172712244468
336.12753842336417,700.11187346734926,-994.55690383911099,32.350000000000001,-0.044544752066174712
336.14049654660988,699.7386552689585,-994.55690383911099,32.119999999999997,-0.044459041414735813
336.15345212217034,699.60108026466321,-995.25475502014206,32.119999999999997,-0.044270786974299724
336.16640879048271,699.66008886585439,-996.00648880004906,32.479999999999997,-0.044122098220679813
336.17936908888277,699.85611360523808,-996.11687660217297,32.119999999999997,-0.044042753675687801
336.19232688720001,699.72110912890048,-998.03757667541504,32.189999999999998,-0.044037603461912538
336.2052818398098,699.56744092869212,-997.01642990112305,32.189999999999998,-0.044001444346710814
336.21823995581116,699.73826407477793,-998.39472770690895,32.57,-0.043925700916107799
336.23119625987295,699.64041933578801,-998.39472770690895,32.57,-0.04389692822288277
336.24414193443954,699.06642659673491,-1000.04935264587,32.439999999999998,-0.043829362839457126
336.25708401099627,698.87213406417095,-997.95389175415005,32.439999999999998,-0.043762390397120966
336.27003539664076,699.37482480207575,-1000.31614303589,32.25,-0.043737667922783732
336.28299318253949,699.72043852914874,-1000.31614303589,32.25,-0.043641896917354102
336.29594352199751,699.31833073560961,-1003.9277076721201,32.369999999999997,-0.043606656706434065
336.30889579757161,699.42288099946074,-1002.34055519104,32.369999999999997,-0.043450641548565851
336.32185350482723,699.71619180409198,-1000.87308883667,32.479999999999997,-0.043291592350175906
336.33480644370991,699.45869966371288,-1000.87308883667,32.479999999999997,-0.043238918814846511
336.34775091687044,699.00155067090827,-1002.28357315063,32.539999999999999,-0.043206445665329572
336.36069720300492,699.09945126023479,-1001.99294090271,32.539999999999999,-0.043188693621861146
336.37364274822215,699.05944173225453,-1004.6551227569601,32.119999999999997,-0.043185539544152406
336.38659749283579,699.55620913580299,-1004.6551227569601,32.119999999999997,-0.043152776649767979
336.39954872325933,699.36644287126728,-1006.79850578308,32.159999999999997,-0.043161594205324706
336.41250140137163,699.44461806370282,-1006.58392906189,32.159999999999997,-0.043171607992534458
336.4254584008209,699.67797026182006,-1007.26056098938,32.560000000000002,-0.043121653918884804
336.43841324270619,699.56146180445546,-1007.26056098938,32.159999999999997,-0.043091419049153618
336.4513624842383,699.25904273434332,-1008.26597213745,32.600000000000001,-0.043073688737168554
336.46431513130614,699.44294166325164,-1006.02436065674,32.600000000000001,-0.043125748633071032
336.47728013392094,700.11014120007326,-1006.02436065674,32.549999999999997,-0.043162839072900368
336.49024691639636,700.20625367178729,-1007.82442092896,32.549999999999997,-0.043053936419248512
336.50321134676545,700.0792399320776,-1007.82442092896,32.240000000000002,-0.042961121847483276
336.51617819443328,700.20977406217185,-1008.73136520386,32.43,-0.042868712916232336
336.52914786090491,700.36198946662739,-1007.11750984192,32.240000000000002,-0.042748193566800589
336.54211631355196,700.29644294104901,-1004.10056114197,32.240000000000002,-0.042588322733938672
336.55508453854191,700.28414945865177,-1003.5641193389901,32.229999999999997,-0.042414561740942991
336.56805240549141,700.26481527242913,-1006.50882720947,32.229999999999997,-0.042250500991293002
336.5810259897259,700.57354866222977,-1007.17091560364,32.259999999999998,-0.042196344583868027
336.59400227065674,700.71917026448159,-1007.17091560364,32.259999999999998,-0.042184866550705129
336.60697070985185,700.29571653492883,-1006.62636756897,32.259999999999998,-0.04222505829373193
336.61993788244814,700.22732020222963,-1008.8717937469499,32.259999999999998,-0.04230036089813298
336.63290936189384,700.45989006694595,-1011.16609573364,32.210000000000001,-0.042331271493754014
336.64587524719502,700.15780626373373,-1011.16609573364,32.210000000000001,-0.042389947920053225
336.65884025705316,700.11053233929374,-1010.64991950989,32.100000000000001,-0.042403911550084133
336.67180360915808,700.02101366428758,-1010.46681404114,32.100000000000001,-0.042518225187881807
336.68477182690503,700.28375833591917,-1010.64705848694,32.450000000000003,-0.042723570432941387
336.69773889602095,700.22173226118139,-1010.64705848694,32.450000000000003,-0.042905638821947777
336.71069880533582,699.83510300207627,-1011.68727874756,32.119999999999997,-0.04306084993772985
336.72366092912853,699.95468480530837,-1008.69727134705,32.560000000000002,-0.043103694915349253
336.73662765986415,700.20345972599512,-1009.12833213806,32.549999999999997,-0.043083169601017206
336.74959752191234,700.37255059930897,-1008.46934318542,32.549999999999997,-0.043074576597200993
336.76257007341354,700.51778106783615,-1006.93917274475,32.210000000000001,-0.043003042745524196
336.77554607494818,700.70408286926795,-1006.77800178528,32.210000000000001,-0.042983154869106747
336.78852966365679,701.11379026571058,-1006.62040710449,32.259999999999998,-0.043013769511722894
336.80151318096415,701.10993459743418,-1006.1199665069601,32.259999999999998,-0.043054371037007738
336.81449459969139,700.99661126905028,-1005.76996803284,32.240000000000002,-0.043073847061313043
336.82747702010869,701.05070253444069,-1005.94735145569,32.240000000000002,-0.04306984961856497
336.84046492911853,701.34708653105133,-1006.1023235320999,32.259999999999998,-0.043076118453370144
336.8534496612852,701.17553700082919,-1005.59306144714,32.259999999999998,-0.043138973415160549
336.86643147013211,701.01767773354072,-1005.59306144714,32.259999999999998,-0.043169400757099727
336.87940908906427,700.79142233690493,-1006.10899925232,32.259999999999998,-0.043342489128121595
336.89238360876044,700.6240635934671,-1007.7729225158701,32.280000000000001,-0.043485153259390098
336.90535524446051,700.46832780412308,-1009.21607017517,32.170000000000002,-0.043670698585483163
336.91832273474193,700.24447519757109,-1010.12015342712,32.420000000000002,-0.043834245038932268
336.93129694917167,700.60757920337346,-1007.86447525024,32.420000000000002,-0.043939723529601606
336.94427657561977,700.89982819758461,-1007.32946395874,32.520000000000003,-0.044131247946650139
336.95725014640249,700.57282226710151,-1007.32946395874,32.520000000000003,-0.044291906265411636
336.97021669501237,700.19362493348194,-1006.04248046875,32.119999999999997,-0.044369183273276304
336.98318870738149,700.48866793394109,-1006.46185874939,32.560000000000002,-0.044481931254381588
336.99616531324074,700.73671639904342,-1006.41322135925,32.189999999999998,-0.044466084282661154
337.00913186805928,700.19396020038175,-1006.41322135925,32.189999999999998,-0.044322504351230557
337.02209831318885,700.18803699792954,-1006.88982009888,32.189999999999998,-0.044227513587770946
337.03506751192953,700.33673199551265,-1005.9623718261701,32.189999999999998,-0.044178191779487085
337.04804076502717,700.55566727176006,-1002.68650054932,32.210000000000001,-0.044296706716082136
337.06100737262102,700.19681006795861,-1002.68650054932,32.210000000000001,-0.044549895035918635
337.07397027665559,699.99681786619317,-1002.2544860839801,32.359999999999999,-0.044719919355519021
337.08693796147907,700.25498046892403,-1002.71844863892,32.359999999999999,-0.044826998685922187
337.09990858410742,700.41362193221357,-1003.18431854248,32.259999999999998,-0.044791254524407756
337.11287181927895,700.01469926215907,-1003.18431854248,32.259999999999998,-0.044638822888848038
337.12583712095193,700.12629033975497,-1001.0838508606,32.140000000000001,-0.044469766111894633
337.13880945100493,700.50582286333065,-1004.61554527283,32.140000000000001,-0.044389880364837583
337.15177535700241,700.1589238640347,-1004.30536270142,32.43,-0.044430221119344762
337.16472965354694,699.53201340366059,-1000.89049339294,32.43,-0.044589458653796724
337.17767905754323,699.26781579887631,-1000.15711784363,32.530000000000001,-0.044712790598164839
337.19062809832349,699.24820213563464,-1001.31034851074,32.530000000000001,-0.04474096000133522
337.20358015969384,699.41131400012773,-1000.77533721924,32.159999999999997,-0.044608451425845061
337.21653207205185,699.403267330723,-999.28712844848599,32.560000000000002,-0.044425753875796024
337.22948379504203,699.39304147043742,-998.11673164367699,32.189999999999998,-0.044375803941956338
337.24244200934942,699.74357259926308,-998.55518341064396,32.189999999999998,-0.044381547097329985
337.25539497410244,699.46009666408884,-998.55518341064396,32.210000000000001,-0.044483461727320088
337.26834426737526,699.26183672959962,-1000.7598400116,32.210000000000001,-0.044553206406254368
337.28129262001113,699.21104233783103,-1000.82802772522,32.549999999999997,-0.044498628832017585
337.29424976847281,699.6860169312248,-997.75862693786598,32.189999999999998,-0.04448142937476085
337.30720593490491,699.63298733335853,-997.75862693786598,32.509999999999998,-0.044368280924774066
337.32015995205313,699.51692600295098,-997.159242630005,32.509999999999998,-0.044229262405126771
337.33311397540865,699.51726119840282,-997.67279624938999,32.229999999999997,-0.044076336133570544
337.34606842096548,699.54006006756913,-998.40259552001896,32.390000000000001,-0.043895333591388128
337.35902179550004,699.48222486755151,-997.56050109863304,32.329999999999998,-0.043814932513966474
337.3719743049395,699.43550973227002,-997.56050109863304,32.329999999999998,-0.043759734059426542
337.38492721070861,699.4569115296124,-995.39828300476097,32.280000000000001,-0.043664112066495071
337.39788396904811,699.66495033483034,-995.39828300476097,32.280000000000001,-0.04359522523903437
337.4108398250408,699.61622360364561,-995.82219123840298,32.240000000000002,-0.043452764964629395
337.42378885961233,699.24786686323887,-996.692895889282,32.32,-0.043342962033245405
337.43673602222594,699.14678113393961,-996.071338653564,32.189999999999998,-0.043249811148813926
337.44969127389254,699.58358999692598,-995.66769599914505,32.380000000000003,-0.043127030754458229
337.46264391992713,699.44288586787491,-996.43254280090298,32.119999999999997,-0.043067442666992674
337.47559131640492,699.15940980079688,-996.17838859558105,32.119999999999997,-0.042934711607784108
337.48853937619265,699.19522853649698,-995.41759490966797,32.119999999999997,-0.042939017422559879
337.50149058074567,699.36504586539525,-993.98136138916004,32.119999999999997,-0.043012852676582856
337.51443411223585,698.95070046727506,-993.37840080261196,32.119999999999997,-0.043067364021696961
337.5273674178037,698.39850066478471,-993.37840080261196,32.119999999999997,-0.043221703833633156
337.54030336211969,698.54099306533647,-994.41695213317905,32.509999999999998,-0.043265023785619798
337.55324866105315,699.04614240518947,-995.25809288024902,32.509999999999998,-0.043237818819144819
337.56619853898889,699.2934085313949,-996.73843383789097,32.57,-0.043139420449805246
337.57915102255811,699.43411273738991,-996.73843383789097,32.57,-0.042953857531021017
337.59210965285683,699.76603613008149,-995.93663215637196,32.140000000000001,-0.042882400253768063
337.60507468134199,700.11153820044933,-995.45454978942905,32.590000000000003,-0.042936028912925188
337.61803670786298,699.94943213115994,-997.45297431945801,32.189999999999998,-0.042897220700905278
337.63099425265312,699.7074186681109,-998.21853637695301,32.189999999999998,-0.0428893862080846
337.64395199819631,699.71825933277159,-997.70092964172397,32.520000000000003,-0.042839926771245679
337.65691806044816,700.16736160121172,-997.96867370605503,32.240000000000002,-0.042736925598129735
337.66988163296543,700.03291593052063,-996.71411514282204,32.240000000000002,-0.042659094970296775
337.68284198414074,699.85896346731886,-996.69051170349098,32.240000000000002,-0.042539318608616393
337.69580571394818,700.04140960047437,-996.69051170349098,32.43,-0.042512691062124054
337.70877210630374,700.18518720180077,-995.56183815002396,32.43,-0.042520577295699392
337.72172928063458,699.68741386564886,-996.14143371581997,32.420000000000002,-0.042606165839486516
337.73468598723457,699.66215640003009,-996.14143371581997,32.420000000000002,-0.042650718242468681
337.74764880641482,699.99223573134043,-999.03964996337902,32.350000000000001,-0.042607589727712086
337.76061367967907,700.10315626964086,-1000.3063678741501,32.350000000000001,-0.042545560540000069
337.77357416020493,699.86594839775125,-1000.3063678741501,32.280000000000001,-0.042561197445803563
337.786532535942,699.75228980246732,-999.80735778808605,32.280000000000001,-0.042615297975004789
337.79949325757775,699.87896833023706,-999.82738494873001,32.210000000000001,-0.042771824325666737
337.81245828606171,700.11153813449732,-999.81546401977505,32.329999999999998,-0.04292737692564607
337.82542382780866,700.13925433396832,-1000.64158439636,32.460000000000001,-0.043088723387590004
337.83838893390379,700.11572913562566,-1000.64158439636,32.460000000000001,-0.043221973917685591
337.85135586642593,700.21435619702447,-1002.07209587097,32.100000000000001,-0.043319667585824159
337.86432703439505,700.44307033300834,-1000.29039382935,32.100000000000001,-0.043413885351039766
337.87728639733461,699.80559873445679,-1000.81658363342,32.100000000000001,-0.043530077155535501
337.89023964148396,699.47518406479844,-1000.81658363342,32.100000000000001,-0.043570915649853444
337.90319385317412,699.52743126880773,-1000.44322013855,32.159999999999997,-0.043620097760033477
337.91615274941734,699.78039713566272,-1000.47302246094,32.159999999999997,-0.043613111806225825
337.92911480180868,699.95082913153601,-1001.80077552795,32.530000000000001,-0.043549016117687508
337.9420776613469,699.99441506511755,-1001.80077552795,32.530000000000001,-0.043475417833817177
337.95504760721485,700.377076867337,-1002.9981136322,32.159999999999997,-0.04345869438468429
337.96801947057281,700.48062133048859,-1003.38912010193,32.590000000000003,-0.043551847338766311
337.98098143190134,699.9459117407755,-1002.66194343567,32.579999999999998,-0.043671727180225814
337.99393418245069,699.44852966475582,-1002.66194343567,32.579999999999998,-0.043714419007572641
338.006887068558,699.45584979613602,-1002.95567512512,32.159999999999997,-0.043756156745967896
338.01984209256921,699.5712966024646,-1004.85730171204,32.159999999999997,-0.043727445106059873
338.03279351753457,699.37694813162807,-1004.7562122345,32.170000000000002,-0.04369563733458718
338.04574354551733,699.30151106762412,-1004.7562122345,32.170000000000002,-0.043683974072229854
338.05870053151364,699.67724380073969,-1006.80017471313,32.189999999999998,-0.043741965458550219
338.071659654379,699.79263472925152,-1008.41617584229,32.189999999999998,-0.043926648794886405
338.08461624404572,699.65584200339742,-1007.40265846252,32.560000000000002,-0.044107457828661566
338.09756763693332,699.37521593030419,-1007.40265846252,32.560000000000002,-0.04425909784014017
338.11053001425307,699.96837526609795,-1005.5656433105499,32.520000000000003,-0.044430942377953656
338.1234946536519,700.09052753683147,-1005.29217720032,32.520000000000003,-0.044502622136787684
338.13645792814566,700.01682266315947,-1005.29217720032,32.189999999999998,-0.044532955313545626
338.14941548535433,699.70808926786265,-1004.4572353363,32.5,-0.044538544284177646
338.16237666747656,699.90383460167527,-1004.62770462036,32.189999999999998,-0.044479110381555498
338.17533985815055,700.01229639513133,-1006.84285163879,32.189999999999998,-0.044419086640436783
338.18830189812468,699.95015860323235,-1006.73699378967,32.240000000000002,-0.044320696550615379
338.20126630262342,700.07784293170153,-1005.95331192017,32.240000000000002,-0.044247637398243556
338.21423567107166,700.34589620476208,-1005.95331192017,32.210000000000001,-0.044300912154587715
338.22721139320862,700.68899539711038,-1007.20739364624,32.210000000000001,-0.044305471495499148
338.2401816505531,700.39389660127449,-1007.20739364624,32.439999999999998,-0.044301464740086963
338.25314732889382,700.14663039812513,-1007.6076984405501,32.439999999999998,-0.044304446006708083
338.266114124821,700.20698006691566,-1007.40051269531,32.439999999999998,-0.044228246227880262
338.27908317454944,700.32868533710007,-1006.94870948792,32.439999999999998,-0.044135273330443869
338.29205585540126,700.52476599826844,-1008.48388671875,32.409999999999997,-0.043974936835166373
338.30502777049998,700.48341533124062,-1008.48388671875,32.409999999999997,-0.043844344715876192
338.3180035899087,700.69424807125881,-1008.89825820923,32.25,-0.043853527555644527
338.33097581648144,700.50023492777825,-1006.57677650452,32.25,-0.043998592429330144
338.34393907131482,700.01576100113118,-1005.37657737732,32.32,-0.044182127134652666
338.35690147553828,699.96982806734673,-1006.20460510254,32.229999999999997,-0.044213434059141667
338.36986417157777,699.98558613375997,-1006.20460510254,32.280000000000001,-0.044091727791738776
338.38282812179756,700.05331186670719,-1008.41307640076,32.280000000000001,-0.043916877151497662
338.39580045185181,700.50582292928254,-1006.99400901794,32.189999999999998,-0.043787454358708788
338.40878260528888,701.0362856015787,-1006.99400901794,32.189999999999998,-0.043781429735746724
338.42176526577902,701.06366646819788,-1006.92892074585,32.32,-0.043914800301909765
338.43475155739384,701.25974720081422,-1005.04803657532,32.189999999999998,-0.044121120332731668
338.44773277433342,700.98571473756476,-1002.82645225525,32.159999999999997,-0.044335273818342978
338.46070975686183,700.7570565343575,-1002.82645225525,32.159999999999997,-0.044445615882752136
338.47368564767163,700.69810372854317,-1002.55751609802,32.420000000000002,-0.044407177095568032
338.48665860791976,700.53985339897815,-1004.29940223694,32.420000000000002,-0.044256591547682737
338.49962711230745,700.29923693630519,-1006.23059272766,32.409999999999997,-0.044057796605423874
338.51259424558145,700.22519679573327,-1006.23059272766,32.409999999999997,-0.044022502584403954
338.5255648609666,700.41323079848905,-1004.31609153748,32.439999999999998,-0.044155730348547126
338.53853372236057,700.31851527219112,-1003.05366516113,32.439999999999998,-0.044344871614546609
338.55150153136054,700.2616859992811,-1003.05366516113,32.100000000000001,-0.044472610784429739
338.56447208155305,700.40971039711246,-1002.16889381409,32.100000000000001,-0.044402512202987833
338.57744977809506,700.79561326658529,-1002.88724899292,32.100000000000001,-0.044203186407934407
338.59043050867785,700.95945147124655,-1004.61626052856,32.100000000000001,-0.043946125854678539
338.60340700381369,700.73073733526269,-1002.74085998535,32.140000000000001,-0.043823801808547648
338.61638254382592,700.67916065955728,-1002.74085998535,32.140000000000001,-0.04387218401685862
338.62936105268642,700.83947846833803,-1001.14345550537,32.450000000000003,-0.044077259177356873
338.64233752091718,700.72928446256594,-1000.60558319092,32.450000000000003,-0.044274258737107372
338.65530748748154,700.37819447313382,-1000.60558319092,32.530000000000001,-0.044377836295431579
338.6682784143419,700.43005046097858,-998.99077415466297,32.530000000000001,-0.044377432721819821
338.68125126490122,700.53393020202202,-997.57194519043003,32.520000000000003,-0.044314328373093063
338.69422555694194,700.6117701990056,-999.49932098388695,32.520000000000003,-0.044320391283826831
338.70719434693461,700.31465960391472,-1000.17023086548,32.140000000000001,-0.044387001543424752
338.72017014668279,700.69318640373456,-999.53842163085903,32.140000000000001,-0.044494149171786922
338.73315244913084,701.04433219403927,-997.35522270202603,32.159999999999997,-0.044628251343793793
338.74613230944573,700.91245700184186,-995.57256698608398,32.159999999999997,-0.044675421797614676
338.75911407276175,701.01521906564028,-995.57256698608398,32.159999999999997,-0.044716029531647591
338.77210058478892,701.27164946704715,-995.48149108886696,32.159999999999997,-0.044663485346779982
338.78508274546908,701.03667672980737,-996.31834030151401,32.539999999999999,-0.04455814241501517
338.79805568605678,700.53879173694997,-1000.05435943604,32.539999999999999,-0.044479118659648778
338.8110194282815,700.04208013427399,-998.84557723999001,32.57,-0.044447558207497448
338.82397595999998,699.65271279620151,-998.84557723999001,32.57,-0.044512974304889326
338.83692999577409,699.51793180365053,-996.72055244445801,32.560000000000002,-0.044627778438975314
338.84987871162599,699.23065600107259,-996.89078330993596,32.560000000000002,-0.04461823962582747
338.86282555655424,699.129626127606,-997.75528907775902,32.170000000000002,-0.044592413016283902
338.8757769680692,699.37622180794779,-997.75528907775902,32.170000000000002,-0.04455397009020582
338.8887313039358,699.53413679366895,-997.62749671936001,32.140000000000001,-0.044657758747694676
338.90168656801978,699.58426053622179,-996.30975723266602,32.140000000000001,-0.04483984058866626
338.91464170275435,699.57727566624533,-997.31612205505405,32.140000000000001,-0.04495549222627844
338.92760154066792,699.83124733379998,-997.31612205505405,32.140000000000001,-0.045026896727798783
338.94056236578393,699.88455626578934,-996.88291549682594,32.600000000000001,-0.04500599784983874
338.95352261865304,699.85365493184179,-994.25745010375999,32.600000000000001,-0.044949322731951298
338.96648089090985,699.74670186691503,-992.63882637023903,32.530000000000001,-0.045005415255882406
338.97944006034066,699.79514926397655,-992.66552925109897,32.530000000000001,-0.045075899817634241
338.99239574662477,699.60705933943609,-994.62008476257301,32.590000000000003,-0.045232587596662044
339.00534899698397,699.47551939765037,-995.59903144836403,32.590000000000003,-0.045289274097881915
339.01829769938388,699.22992959495241,-995.222568511963,32.189999999999998,-0.045225993833744392
339.03125042406174,699.44713260392382,-994.61627006530796,32.189999999999998,-0.045068835217614872
339.04420538908892,699.56811146798793,-994.340419769287,32.159999999999997,-0.044844179516832929
339.0571543708852,699.24501700115798,-994.45986747741699,32.159999999999997,-0.04469937127421679
339.07010641362956,699.41030819393188,-994.373559951782,32.159999999999997,-0.04470053542847463
339.08306041732465,699.51619953637453,-994.82274055481003,32.159999999999997,-0.044728387147563872
339.09601598046669,699.60040967040766,-994.82274055481003,32.579999999999998,-0.044754697008651964
339.10896765896047,699.39063866386562,-995.53012847900402,32.579999999999998,-0.044701517456436302
339.12191731027406,699.28117093230992,-994.64225769043003,32.57,-0.04458663157191723
339.13487207454938,699.55727086927914,-992.72918701171898,32.57,-0.0444048581022609
339.14782489546411,699.45232939475954,-993.09635162353504,32.140000000000001,-0.044181494869083314
339.16077410491846,699.25731053301934,-995.44358253479004,32.530000000000001,-0.044047140206427617
339.17372070977285,699.11666213888896,-994.12488937377896,32.100000000000001,-0.044063402132751339
339.18666765197287,699.13487880175455,-994.12488937377896,32.100000000000001,-0.044171699425782002
339.19961515917532,699.16538893052973,-993.81279945373501,32.490000000000002,-0.044144607252259133
339.21256199789514,699.12929087169834,-994.57526206970203,32.090000000000003,-0.043928924326142815
339.22551361119633,699.38711826248914,-995.99790573120094,32.140000000000001,-0.043643249406249071
339.23847320179141,699.81789213441425,-997.087001800537,32.140000000000001,-0.043466637531257769
339.25143586575189,699.98385386648397,-996.61684036254906,32.490000000000002,-0.043510022676880283
339.26439376754939,699.72669706445276,-995.68915367126499,32.490000000000002,-0.043671105264232291
339.27735181835806,699.73474366790538,-995.68915367126499,32.5,-0.043826218072987602
339.29031182597902,699.84041153205737,-996.23036384582497,32.5,-0.043864851402946242
339.30326730426782,699.59582759601085,-997.68710136413597,32.5,-0.043770209367715238
339.31621870336414,699.37555120269997,-995.23377418518101,32.5,-0.0435353660331491
339.32916995862354,699.36778400481865,-996.74916267394997,32.119999999999997,-0.043294092433478155
339.34212955646171,699.81828326264281,-998.90422821044899,32.119999999999997,-0.043167779221674696
339.35508699673699,699.70177486573402,-999.19056892394997,32.119999999999997,-0.043250700043926081
339.36804224840495,699.58359006837406,-998.32248687744095,32.119999999999997,-0.043476020089911666
339.38100159271733,699.80459286780524,-997.24721908569302,32.119999999999997,-0.043645334533217811
339.39396654255677,700.1072913324964,-997.24721908569302,32.119999999999997,-0.043622273951626073
339.40692582892098,699.80146366610518,-996.94919586181595,32.539999999999999,-0.04339900592196632
339.41988404219393,699.74351673793444,-998.027563095093,32.539999999999999,-0.043072573219749347
339.43285052561106,700.19010452660939,-998.90542030334495,32.509999999999998,-0.042781987123949761
339.44582243450003,700.48308000388488,-999.90200996398903,32.509999999999998,-0.042704278603056131
339.45879824045682,700.69352166513841,-999.90200996398903,32.119999999999997,-0.042744544852688228
339.47177358489012,700.66859940046754,-1000.74744224548,32.509999999999998,-0.042943270462010151
339.48474982649884,700.71704686897715,-1001.04427337646,32.140000000000001,-0.043154795549751358
339.49772947260863,700.90088993106065,-999.73440170288097,32.140000000000001,-0.043168308005531147
339.51070501882958,700.67949593195306,-998.14271926879906,32.170000000000002,-0.043057691719498692
339.5236734838951,700.29711353530479,-1000.01311302185,32.170000000000002,-0.04288995431499603
339.53664213108522,700.30694826736203,-1001.29437446594,32.159999999999997,-0.042880314091210722
339.54961789150985,700.69106293128618,-1001.29437446594,32.159999999999997,-0.043060847867773977
339.56259433387038,700.72788746768595,-1002.0561218261701,32.630000000000003,-0.043239129913298716
339.57556702196541,700.52515713199307,-1001.6009807586699,32.630000000000003,-0.04338281229034472
339.58854588783458,700.85875693612786,-1000.8251667022701,32.189999999999998,-0.043441896430574549
339.60152646940611,700.95140486229809,-1000.8251667022701,32.530000000000001,-0.043406304385983197
339.61450200941857,700.67916067054921,-1001.12986564636,32.210000000000001,-0.043403892260539
339.62747198115682,700.37847386771318,-1003.990650177,32.439999999999998,-0.043360121134810123
339.64043962769256,700.25291292925226,-1005.39183616638,32.229999999999997,-0.043371105566547337
339.65340972360622,700.38517933761432,-1005.39183616638,32.229999999999997,-0.043479338702141407
339.66637652574326,700.20731539976759,-1005.81097602844,32.25,-0.04351604936816978
339.6793373384408,699.8838856660376,-1002.62928009033,32.25,-0.043506537459766542
339.69230032629389,700.0013440682693,-1001.28769874573,32.32,-0.043438348090798606
339.70526767480737,700.236819727843,-1003.73029708862,32.32,-0.043380302894276579
339.7182318971802,700.06800813369239,-1003.73029708862,32.140000000000001,-0.043439747144133664
339.73119142982722,699.81476293821015,-1001.36494636536,32.140000000000001,-0.04356692131214096
339.74415280131848,699.91406052791285,-1000.11348724365,32.119999999999997,-0.043746980114438741
339.75712116186799,700.29146967247198,-1000.77104568481,32.119999999999997,-0.043875270832909402
339.77008444257035,700.01715793005928,-1000.20027160645,32.159999999999997,-0.043810056521203844
339.78304312460983,699.76883013083363,-999.30596351623501,32.159999999999997,-0.043663046219772884
339.79600391764575,699.88282393805741,-1000.06628036499,32.579999999999998,-0.04350842390567744
339.80896751603336,700.0343129308967,-999.57680702209495,32.579999999999998,-0.043555928601292683
339.82192917312955,699.92948319552238,-997.66659736633301,32.509999999999998,-0.043790755378450924
339.83489032317408,699.90210240584736,-997.28560447692905,32.509999999999998,-0.044068577182027779
339.84785700216912,700.20066573073893,-999.26280975341797,32.240000000000002,-0.04423072561610198
339.86082721501606,700.39149373424686,-999.26280975341797,32.359999999999999,-0.044254837557981666
339.87379669936178,700.35215466861825,-1000.8716583252,32.259999999999998,-0.044186606795697546
339.88676648379999,700.36835966413264,-999.48740005493198,32.259999999999998,-0.044141307265866486
339.89973971723703,700.55460559873984,-999.544858932495,32.299999999999997,-0.044234237736942544
339.91270917674689,700.35081353506678,-999.544858932495,32.299999999999997,-0.044366225806873084
339.92567640729266,700.23044946988171,-1000.3137588501,32.170000000000002,-0.044493218883562141
339.93863803851968,699.92808626109831,-1000.12302398682,32.359999999999999,-0.044515538546645951
339.95159881810372,699.88209753743297,-1000.79584121704,32.170000000000002,-0.044386970499582616
339.96456599070007,700.22732020222963,-1000.79584121704,32.170000000000002,-0.044158177656930996
339.97752461996299,699.76598019730488,-998.97384643554699,32.170000000000002,-0.043911369930891626
339.99047922798275,699.54883306615011,-998.76070022582996,32.170000000000002,-0.043893557868677026
340.00344050116797,699.90875200342771,-998.76070022582996,32.329999999999998,-0.043953154234846525
340.01640139147651,699.88807666166986,-998.42000007629395,32.210000000000001,-0.044043213128439312
340.0293620541284,699.87578320125647,-997.414588928223,32.32,-0.04403858031732541
340.04232985070996,700.26101540502532,-996.94728851318405,32.32,-0.043952065622884368
340.05530271368769,700.5346007962778,-997.61176109313999,32.229999999999997,-0.043847902367603796
340.06828321661362,700.94715799984112,-997.084140777588,32.280000000000001,-0.043804352688478064
340.08126459705306,700.99454372937851,-996.55628204345703,32.229999999999997,-0.043777270862902569
340.09424317110739,700.84299893566651,-996.91653251647904,32.259999999999998,-0.043990290206275345
340.10722042578772,700.77175273539069,-996.17528915405296,32.310000000000002,-0.044189165863582257
340.12019487408281,700.62020793618274,-996.17528915405296,32.310000000000002,-0.044398562361693338
340.13315997396916,700.11539386322966,-994.56024169921898,32.259999999999998,-0.044363330429070133
340.14611632356184,699.64287800368822,-995.66221237182594,32.259999999999998,-0.044194038749680843
340.15907919448279,699.99502973209258,-996.84238433837902,32.310000000000002,-0.044023054133703929
340.172041513853,699.9652459929498,-996.84238433837902,32.310000000000002,-0.043925278715946495
340.18499786965555,699.64321333654016,-996.22583389282204,32.259999999999998,-0.043931007385496559
340.19796164499377,700.04386826287873,-994.29941177368198,32.259999999999998,-0.043998386503630291
340.2109267572975,700.11606440252547,-993.37148666381802,32.259999999999998,-0.043928130632411161
340.22389149396798,700.09578020548395,-994.40860748291004,32.259999999999998,-0.043785163304920653
340.23685168267906,699.85019039729002,-995.44239044189396,32.299999999999997,-0.043426172600058939
340.24981030573463,699.76564500185293,-994.46582794189396,32.299999999999997,-0.043022114162562915
340.2627744246272,700.0624201981401,-994.35305595397904,32.210000000000001,-0.042779203504120983
340.27574502656046,700.41250439786461,-994.35305595397904,32.210000000000001,-0.042808985130357621
340.28871266067904,700.25224240094838,-993.54171752929699,32.369999999999997,-0.042981057324947197
340.30167670092595,700.05817333568325,-992.81430244445801,32.119999999999997,-0.043209633892933814
340.31464430917538,700.25084546652431,-992.34294891357399,32.140000000000001,-0.043253520918278839
340.32760738188148,700.00592613167396,-992.15316772460903,32.140000000000001,-0.043121713937427419
340.34056335480619,699.62253793432615,-993.54887008667004,32.509999999999998,-0.042845092506229566
340.35352243834944,699.79051133374719,-995.14484405517601,32.509999999999998,-0.042572922797371827
340.36648994932597,700.24559273191994,-995.14484405517601,32.539999999999999,-0.042397693419834362
340.37945985587163,700.37495346633659,-994.94457244873001,32.539999999999999,-0.042422504888534246
340.39242996523836,700.38590580419054,-994.68278884887695,32.100000000000001,-0.04260996046238455
340.40540271128282,700.52828639964514,-993.54052543640103,32.539999999999999,-0.042781947801810785
340.41837966690491,700.75560359570898,-992.60854721069302,32.210000000000001,-0.042762762556943792
340.43134993252721,700.39434360182361,-992.60854721069302,32.210000000000001,-0.042524154609056265
340.44431217325183,699.96099913049318,-993.60489845275902,32.240000000000002,-0.042246927816728334
340.45727351887405,699.91266359898475,-995.10288238525402,32.240000000000002,-0.042142143679923277
340.47023687097783,700.02101360383176,-995.81789970397904,32.310000000000002,-0.042223600256730408
340.48319898235309,699.95401426601256,-995.81789970397904,32.280000000000001,-0.042347821096007127
340.49615051080002,699.38253613313248,-995.95713615417503,32.159999999999997,-0.042438995506917342
340.50910467799389,699.52502846773211,-997.31588363647495,32.159999999999997,-0.042496012109714487
340.52206411957775,699.80984553096164,-995.92542648315396,32.119999999999997,-0.042422180995705036
340.53502323623337,699.79229940189578,-994.79579925537098,32.119999999999997,-0.042337296116207193
340.54798099522844,699.71898573339604,-994.79579925537098,32.119999999999997,-0.042220459630376198
340.56094428834825,700.01782846935498,-993.88861656188999,32.119999999999997,-0.042186522235211445
340.57391418971974,700.37467406076541,-994.18759346008301,32.590000000000003,-0.042271426775626099
340.58688134265435,700.22625846875349,-995.33987045288097,32.590000000000003,-0.042252161850281897
340.59984038790867,699.78844373361926,-994.50063705444302,32.159999999999997,-0.042198721525660121
340.61280143343714,699.89645853751836,-993.84999275207497,32.590000000000003,-0.042105455779033102
340.62576300671481,699.92495699344624,-992.95449256896995,32.509999999999998,-0.042070301455709898
340.63871862780746,699.60353900401162,-992.95449256896995,32.509999999999998,-0.042138578784367886
340.65167175502467,699.46886972862194,-992.56134033203102,32.25,-0.042175025575600773
340.6646276358519,699.61756467124496,-995.27573585510197,32.25,-0.04210819490285099
340.6775849602285,699.69551633592596,-996.81591987609897,32.240000000000002,-0.0420848849324909
340.69053885940872,699.51055573399765,-996.81591987609897,32.240000000000002,-0.04197969515262711
340.70348655598025,699.17561486226327,-996.74654006957996,32.25,-0.041934435980218294
340.7164367071037,699.30816066520458,-998.47006797790505,32.25,-0.041923231133598984
340.72938785267411,699.36186080236655,-998.47006797790505,32.210000000000001,-0.0420232427621023
340.74233377559267,699.07983760248908,-998.74210357666004,32.210000000000001,-0.042234707829570672
340.75527086233097,698.60268386767825,-997.07722663879395,32.369999999999997,-0.042398360867936261
340.76821250323576,698.84860886033243,-998.29602241516102,32.090000000000003,-0.042447125952641121
340.78115712023458,699.0093179347416,-1000.47659873962,32.140000000000001,-0.042351848549553178
340.79409616895811,698.70863107144964,-1000.47659873962,32.140000000000001,-0.042125190504058413
340.80703679058269,698.79356772701885,-1002.23994255066,32.560000000000002,-0.041958862501652414
340.81998034794333,698.95209747314721,-1000.41007995605,32.560000000000002,-0.041850455519178563
340.83292962258895,699.26083086294807,-1000.41007995605,32.560000000000002,-0.041877350044789534
340.84587627918387,699.11945612864906,-999.07159805297795,32.560000000000002,-0.04198209279082285
340.85882374706426,699.16326554052114,-999.24445152282703,32.509999999999998,-0.04199552970613895
340.87177257984939,699.23697039770525,-1001.7192363739,32.509999999999998,-0.041835568845361333
340.88472722098277,699.5506212002507,-1003.18574905396,32.240000000000002,-0.041575552895658119
340.89767946344324,699.42109286536004,-1003.18574905396,32.240000000000002,-0.0412088673982169
340.91063407249754,699.54888893297471,-1003.03959846497,32.280000000000001,-0.04104680381655805
340.92359862600733,700.08588952965829,-1002.67124176025,32.280000000000001,-0.041043631111281981
340.93656093916917,699.96491073704215,-1003.40294837952,32.350000000000001,-0.041209627977132762
340.94951910070256,699.74072280313419,-1002.91037559509,32.350000000000001,-0.041350602275526123
340.96247065605439,699.38398900033314,-1002.91037559509,32.170000000000002,-0.041396876590305283
340.97542480876047,699.52424612883522,-1004.40812110901,32.170000000000002,-0.041289844860439705
340.98838002834941,699.58185780109807,-1004.22978401184,32.140000000000001,-0.04110701796135377
341.00133242085559,699.42919533563736,-1004.22978401184,32.140000000000001,-0.04091004840955146
341.01429051098773,699.7368671348579,-1005.619764328,32.530000000000001,-0.040889934947636895
341.02725840484072,700.26626806268587,-1007.8670978546101,32.140000000000001,-0.040995630745710068
341.04022750630986,700.33147933235625,-1007.63463973999,32.579999999999998,-0.041227424516815631
341.05319115747159,700.03716273252155,-1007.4143409729,32.579999999999998,-0.041387383308553377
341.06615374382227,699.97966293680372,-1007.4143409729,32.579999999999998,-0.04139439720320312
341.07911821972215,700.08169859448185,-1006.81614875793,32.579999999999998,-0.041302131074989826
341.09208307953332,700.10242980306452,-1007.95269012451,32.350000000000001,-0.041222654075314662
341.10504283880243,699.82700053179917,-1007.95269012451,32.350000000000001,-0.041116032128317798
341.11800109864072,699.74603126716329,-1007.92360305786,32.280000000000001,-0.041169765301621308
341.13096809532095,700.21782073157635,-1006.62994384766,32.280000000000001,-0.041188984694857142
341.14394206967654,700.59461520366438,-1004.97698783875,32.159999999999997,-0.041226329695494737
341.15691137293084,700.34237573193775,-1004.97698783875,32.469999999999999,-0.041150793225773065
341.16988123394566,700.37249479843626,-1004.54449653625,32.560000000000002,-0.040938351303604265
341.18285855381856,700.77527313676717,-1005.15913963318,32.560000000000002,-0.04068181953451018
341.19583803125556,700.89178159962785,-1004.14705276489,32.189999999999998,-0.040476898558448229
341.2088161893185,700.82053539935202,-1004.14705276489,32.189999999999998,-0.040505770593474398
341.22179596477901,700.90787486698912,-1004.48107719421,32.259999999999998,-0.040685541719944575
341.23478042996544,701.16112006796732,-1005.67865371704,32.259999999999998,-0.040744944578419255
341.2477611998716,700.961574932703,-1007.39598274231,32.280000000000001,-0.04071666548651813
341.26073651843581,700.66720246604348,-1007.39598274231,32.280000000000001,-0.04060297169577589
341.27371281178517,700.71984086423333,-1006.6614151001,32.159999999999997,-0.040459323468116502
341.28669224989869,700.88965813267544,-1005.71966171265,32.159999999999997,-0.040496851627585539
341.29967042762348,700.82159713832425,-1008.93306732178,32.100000000000001,-0.040532113569378275
341.31264451166783,700.60053839512454,-1009.45281982422,32.100000000000001,-0.040591947940780145
341.32561321784198,700.31013340183858,-1009.45281982422,32.140000000000001,-0.040750088583955339
341.33858932285688,700.70967080482023,-1006.65783882141,32.140000000000001,-0.040747654727740217
341.35156727913341,700.80963893381863,-1003.94296646118,32.5,-0.040640538144339738
341.36454153288514,700.60970259338194,-1003.94296646118,32.5,-0.040426705446013157
341.37751831983581,700.74649533572392,-1004.49156761169,32.539999999999999,-0.040264356260721682
341.39050433205188,701.24465966820071,-1008.1849098205601,32.539999999999999,-0.040264788807812583
341.40348704324822,701.06640460212543,-1008.89015197754,32.549999999999997,-0.040294777394116341
341.41646446763713,700.78091699960021,-1008.89015197754,32.549999999999997,-0.040391144446994161
341.42943740201486,700.53845639860208,-1007.81059265137,32.229999999999997,-0.040389730904883972
341.44241396234321,700.7342577311432,-1006.55007362366,32.229999999999997,-0.040329917231208857
341.45538371366786,700.36657153003205,-1006.12998008728,32.229999999999997,-0.040304030601697786
341.46834948928029,700.15188307227356,-1005.29813766479,32.229999999999997,-0.040260254302198775
341.48131518624683,700.14763619332871,-1004.81057167053,32.299999999999997,-0.040235845371827374
341.49428856352102,700.56237280761331,-1006.34574890137,32.299999999999997,-0.040407122836994921
341.50725822999266,700.36198946662739,-1005.28049468994,32.170000000000002,-0.040527247927514581
341.52022408424938,700.15612986328256,-1005.28049468994,32.170000000000002,-0.040665437570287004
341.5331915424519,700.24274293579117,-1004.59694862366,32.140000000000001,-0.040654692177844093
341.54616371625065,700.49738513164948,-1005.6483745575,32.140000000000001,-0.040588312679548981
341.55912888753704,700.11924946555405,-1003.75628471375,32.100000000000001,-0.040616603153968305
341.57208402848022,699.57761093314525,-1002.77805328369,32.100000000000001,-0.04071323407919894
341.58504246320126,699.75547493694398,-1003.50999832153,32.439999999999998,-0.040785330864220586
341.59800102830735,699.76251572870513,-1003.95607948303,32.439999999999998,-0.040845739551383729
341.61095431074449,699.47725160447033,-1003.40580940247,32.450000000000003,-0.040835486724472563
341.62390420213336,699.29413499797124,-1003.40580940247,32.450000000000003,-0.040907673537308134
341.63685911541978,699.56531746723579,-1001.6565322876,32.479999999999997,-0.040906511453616838
341.64982111089751,699.94775579666066,-999.97997283935501,32.479999999999997,-0.040958448209434048
341.66278150657035,699.86136633434649,-1001.29914283752,32.100000000000001,-0.040983220355282519
341.6757404348914,699.7821293369866,-1000.2579689025901,32.100000000000001,-0.041011302835369232
341.68870350863335,700.00598206445068,-1000.2579689025901,32.119999999999997,-0.041042524906221553
341.70167116758768,700.25358353449997,-999.80998039245605,32.119999999999997,-0.041002643605585434
341.71463754131599,700.18418132965326,-1000.02336502075,32.57,-0.040803059107980003
341.7276077603716,700.39182900114679,-1000.02336502075,32.159999999999997,-0.040728438438522203
341.74058041535312,700.52336900338844,-1000.1895427703899,32.57,-0.040672346949060141
341.7535561437,700.68933072996219,-998.67892265319801,32.57,-0.040758300779908656
341.76652798739622,700.47955959701221,-998.28505516052201,32.159999999999997,-0.040858223413133318
341.77948680499378,699.77615026770991,-998.04019927978504,32.579999999999998,-0.040881752760649558
341.79244321977893,699.64639839956885,-998.04019927978504,32.530000000000001,-0.040846720543960352
341.80539611933955,699.4565762737044,-999.51601028442406,32.530000000000001,-0.040702644942471312
341.81834441920125,699.20819253071011,-999.48048591613804,32.170000000000002,-0.040470485885118583
341.8312925565989,699.19941947167331,-999.48048591613804,32.170000000000002,-0.040298011153828965
341.84424510536053,699.43763312777435,-999.32527542114303,32.210000000000001,-0.040199349944468298
341.85719856992341,699.48708639698361,-995.799779891968,32.210000000000001,-0.040304111316338716
341.87014968341481,699.36012853509055,-995.799779891968,32.25,-0.04043024240266023
341.88310468051981,699.56984366931181,-996.47450447082497,32.25,-0.040507534932649511
341.89606176482346,699.6825523966728,-997.00284004211403,32.450000000000003,-0.040497144477386837
341.90901943896426,699.71440360403938,-995.44191360473599,32.450000000000003,-0.040447110724175964
341.92196972668148,699.3155367293615,-996.32883071899403,32.350000000000001,-0.040295729413315592
341.93491297256674,698.9352778051616,-996.44780158996605,32.350000000000001,-0.040286504146678025
341.94786055117032,699.16924459330994,-995.11051177978504,32.240000000000002,-0.040303236908271464
341.96080953400121,699.24507286798257,-995.18179893493596,32.240000000000002,-0.040345094683141292
341.97375283162592,698.93807173446578,-996.40417098999001,32.350000000000001,-0.040351427676909718
341.98669801983573,699.04016333041648,-996.06871604919399,32.350000000000001,-0.040204418408726475
341.9996567919024,699.77369159980958,-995.38207054138195,32.43,-0.040046936935356346
342.01261679848892,699.84035567072874,-995.51773071289097,32.43,-0.039873171804789803
342.02557309634204,699.64008406888809,-995.32747268676803,32.5,-0.039708522251926524
342.03853306981483,699.83856753113218,-995.017051696777,32.5,-0.039703367898748398
342.05149261591362,699.81548933333863,-995.017051696777,32.170000000000002,-0.039675490309587155
342.06444984819382,699.69054313330082,-994.14443969726597,32.170000000000002,-0.03957866277172789
342.07740696457529,699.68428459799679,-994.490146636963,32.170000000000002,-0.039474343260223151
342.09036531444201,699.75089280209136,-996.34528160095203,32.170000000000002,-0.039319373252877036
342.10332421689378,699.78073239706669,-996.45233154296898,32.210000000000001,-0.039276602780743373
342.11628150091366,699.69333707359692,-995.74184417724598,32.210000000000001,-0.03924327798951871
342.12923531006675,699.50569426502159,-997.40982055664097,32.5,-0.039255428645673197
342.14218477304576,699.27100086740097,-997.40982055664097,32.5,-0.039298772397674195
342.15514328537785,699.75966593257624,-997.78676033019997,32.439999999999998,-0.0392693581267246
342.16810041417648,699.68495512630045,-997.11537361144997,32.439999999999998,-0.039227412392368287
342.18105931041981,699.78039714115869,-996.36459350585903,32.390000000000001,-0.039160914925722483
342.19402521538274,700.15886799720988,-996.36459350585903,32.390000000000001,-0.039098827789729063
342.20699649407658,700.44904946823715,-997.53332138061501,32.229999999999997,-0.039137416622557264
342.21996291230124,700.18658413072887,-998.07596206665005,32.229999999999997,-0.03915454881815604
342.23292430966308,699.91545753928096,-998.56925010681096,32.259999999999998,-0.039154590211065106
342.24588790908524,700.0343687977213,-998.56925010681096,32.259999999999998,-0.039073852822198551
342.25884931265432,699.91579272923673,-999.36509132385197,32.280000000000001,-0.03893752685724728
342.27180934511108,699.84175266560885,-999.68266487121605,32.280000000000001,-0.038751550018023467
342.28476815029131,699.77547973391006,-999.980688095093,32.210000000000001,-0.038503660923239064
342.29772269932721,699.54564793716941,-1000.70023536682,32.210000000000001,-0.038293006105180015
342.3106831219049,699.86281919605119,-999.79972839355503,32.159999999999997,-0.038269106298867803
342.32364232341484,699.79688153674851,-998.91185760498001,32.159999999999997,-0.038272986809769795
342.33659988683092,699.70842446881056,-999.73082542419399,32.159999999999997,-0.038285790424843945
342.34955798420611,699.73725825759038,-1000.8864402771,32.159999999999997,-0.03817507583198828
342.36252362322466,700.14450700262068,-1002.17270851135,32.390000000000001,-0.038094282563574861
342.37548612472108,699.97508080744706,-1002.35843658447,32.390000000000001,-0.038136415596979702
342.38844110320002,699.56883786311641,-1002.52962112427,32.399999999999999,-0.038260041425007496
342.40139731619882,699.63550193403535,-1004.64701652527,32.399999999999999,-0.038434438820736279
342.4143513912951,699.52005519915485,-1004.64701652527,32.140000000000001,-0.038604016105081296
342.42730196461861,699.330959468419,-1005.2554607391399,32.420000000000002,-0.038703036390516164
342.44025086259637,699.24049079908195,-1003.59153747559,32.100000000000001,-0.038803734091228267
342.45320793965686,699.68216126844425,-1002.49576568604,32.100000000000001,-0.038856535943771732
342.46616879064197,699.88595319471744,-1002.63643264771,32.450000000000003,-0.038968935194918189
342.47912513299138,699.64248686996382,-1001.94716453552,32.119999999999997,-0.039121836630362575
342.49207903320621,699.51061160082213,-1000.46706199646,32.119999999999997,-0.039225692550221826
342.50503542212101,699.64500139919267,-1000.46706199646,32.119999999999997,-0.039263892296890299
342.51799466812707,699.79928432683209,-1002.42137908936,32.479999999999997,-0.039273852274000168
342.53095407763328,699.80811333513373,-1002.03275680542,32.479999999999997,-0.039171574430263222
342.54391226503583,699.74211973755826,-1002.17986106873,32.469999999999999,-0.039135716441836513
342.5568746754692,699.97016340019843,-1002.17986106873,32.469999999999999,-0.039126964079101427
342.56984647984325,700.47743620150789,-1005.70940971375,32.5,-0.039148225138171268
342.58280826629016,699.93646813145074,-1005.49793243408,32.5,-0.039241275646027224
342.595761757758,699.48853926418428,-1005.49793243408,32.100000000000001,-0.039359977882993918
342.60871923735556,699.70389826673443,-1003.52907180786,32.100000000000001,-0.039423240555458053
342.62167541724074,699.63371379993487,-1003.17692756653,32.549999999999997,-0.039441952894692343
342.63463011011481,699.55341520100285,-1008.41093063354,32.140000000000001,-0.039407378062732555
342.64758571878889,699.60286839876392,-1008.96883010864,32.119999999999997,-0.039416047640769059
342.66054313940242,699.70071313225787,-1008.96883010864,32.119999999999997,-0.03959483777445906
342.67350120987282,699.73580540138164,-1007.8315734863299,32.549999999999997,-0.039822892802824111
342.6864565391507,699.58778100355016,-1008.18133354187,32.549999999999997,-0.040005626570688978
342.69941292806669,699.64500146514479,-1009.88292694092,32.509999999999998,-0.040061679772582889
342.71237327820745,699.85890760049426,-1009.88292694092,32.509999999999998,-0.040080874330419326
342.72534084713334,700.2487219995719,-1007.66825675964,32.560000000000002,-0.04011265209119582
342.73830838294447,700.24693379951941,-1006.29997253418,32.560000000000002,-0.04012511836045779
342.75127170297031,700.0192813970117,-1006.42418861389,32.170000000000002,-0.040165220077197326
342.76423768036921,700.16277953780695,-1005.76210021973,32.170000000000002,-0.040214517050081791
342.77720357912222,700.15853266435818,-1005.76210021973,32.140000000000001,-0.040250072876144877
342.79016643762589,699.99435919829295,-1005.10144233704,32.140000000000001,-0.040292898192745681
342.80313577399511,700.34416393748631,-1005.24210929871,32.140000000000001,-0.040274810874031619
342.81611592612347,700.92821493085512,-1005.24210929871,32.140000000000001,-0.040291930652337805
342.82909327186672,700.77667013714324,-1005.63192367554,32.539999999999999,-0.040374808013658024
342.84206770050002,700.61914619721063,-1005.00082969666,32.539999999999999,-0.040529199564923998
342.85504354577904,700.69564506613892,-1006.83903694153,32.159999999999997,-0.040639996941969361
342.86801589549378,700.50688459680669,-1006.83903694153,32.579999999999998,-0.040648895211759906
342.88098721971983,700.45150820758556,-1007.22646713257,32.560000000000002,-0.04057244604680995
342.8939614600198,700.60897619825346,-1006.13260269165,32.560000000000002,-0.040526573235788448
342.90693941008772,700.80930366691871,-1004.81128692627,32.170000000000002,-0.040555740189655784
342.91991969260118,700.93525572811211,-1004.81128692627,32.170000000000002,-0.040645745272130912
342.93290203437158,701.04645560053586,-1004.61053848267,32.229999999999997,-0.040709059684535497
342.94587453309884,700.51493127170727,-1003.5030841827401,32.229999999999997,-0.040771751146681058
342.95883752819509,700.00173519649786,-1003.5030841827401,32.240000000000002,-0.040807839896003457
342.97180496052721,700.24134593541498,-1002.72917747498,32.240000000000002,-0.04075599730811548
342.98477301063582,700.27470586581501,-1004.7607421875,32.380000000000003,-0.040601758906816748
342.99774571114938,700.5258277317447,-1005.01346588135,32.380000000000003,-0.040472287477291022
343.01072366121718,700.80930366142286,-1003.65972518921,32.350000000000001,-0.04044856462106218
343.02371365535549,701.45968346980305,-1001.74999237061,32.350000000000001,-0.040656407880485912
343.03670145467783,701.34116340554306,-1001.74999237061,32.280000000000001,-0.040858703561779584
343.04968486126057,701.10395546770144,-999.96709823608398,32.280000000000001,-0.040954934018535831
343.06266760557043,701.06819273072995,-1000.29683113098,32.259999999999998,-0.04089417970828145
343.0756518182655,701.14748553445838,-1000.29683113098,32.259999999999998,-0.040750320379421855
343.08863378336912,701.02611559712568,-999.00197982788097,32.329999999999998,-0.040615026114961268
343.10161404622102,700.93419400013192,-1000.83875656128,32.329999999999998,-0.040617588285947789
343.1145934377692,700.88714360344659,-1000.49996376038,32.329999999999998,-0.040681640513147828
343.12757016677034,700.74336606257611,-1000.49996376038,32.329999999999998,-0.040850989106349475
343.14054358233204,700.56444033079708,-1000.76508522034,32.159999999999997,-0.040946197178943142
343.1535112806074,700.25570686954848,-999.61686134338402,32.159999999999997,-0.040890178125316291
343.16648108470747,700.36942140310487,-999.653100967407,32.460000000000001,-0.040694526913327672
343.17945849460858,700.78013466070308,-999.653100967407,32.119999999999997,-0.040448059638543185
343.192434678268,700.71391760682116,-1000.25153160095,32.119999999999997,-0.040338080789916429
343.20540659233092,700.48335939846402,-999.29118156433105,32.119999999999997,-0.040422315812782196
343.21837787102464,700.44904946274119,-999.09186363220203,32.509999999999998,-0.040493007334499377
343.23134519884206,700.23570213853407,-999.09186363220203,32.509999999999998,-0.040531333328934924
343.2443041530334,699.78352633186682,-999.41420555114701,32.520000000000003,-0.040468833305240752
343.25726024289133,699.62885233095881,-997.89357185363804,32.520000000000003,-0.040424339887349933
343.27022175718525,699.92177186996173,-997.89357185363804,32.159999999999997,-0.040408656415070791
343.2831853948951,700.03643633189711,-997.17426300048805,32.549999999999997,-0.040458798821932686
343.29614853279509,700.00944659900256,-998.23379516601597,32.140000000000001,-0.040572479159997295
343.30911121641606,699.98491553400822,-997.32065200805698,32.140000000000001,-0.040773799021975587
343.32207132648273,699.84594360078506,-997.32065200805698,32.159999999999997,-0.040955530065678689
343.33503327642848,699.94529706830428,-996.71339988708496,32.159999999999997,-0.041069028277447128
343.34799744085302,700.06487892649636,-997.00331687927201,32.579999999999998,-0.040968571685883429
343.36096462586676,700.22799074152545,-996.07229232788097,32.229999999999997,-0.040828220338665094
343.37393659270492,700.48620926054491,-994.48680877685501,32.539999999999999,-0.040821732124871765
343.38691251559385,700.69983600131513,-994.48680877685501,32.539999999999999,-0.040978372303769099
343.39988226691855,700.36657153552801,-993.28446388244595,32.450000000000003,-0.041193716848484635
343.41283829779258,699.62566719648214,-995.16940116882301,32.450000000000003,-0.041343121685518409
343.42579009942727,699.39728827243823,-995.85056304931595,32.420000000000002,-0.04132350906722887
343.43873465744184,699.00613278927301,-995.85056304931595,32.420000000000002,-0.041161955644708918
343.45167482375308,698.76898080619196,-994.81487274169899,32.280000000000001,-0.040972205913968655
343.46461834903323,698.95036512892727,-994.10486221313499,32.280000000000001,-0.040867706346123626
343.47757412638146,699.61197680164469,-994.52853202819801,32.280000000000001,-0.040965811867392114
343.49052881925439,699.5534151405468,-994.52853202819801,32.280000000000001,-0.04125243156235199
343.50348049774817,699.39063866386562,-994.92383003234897,32.329999999999998,-0.041473591700108371
343.516436334079,699.61516186467327,-993.39461326599098,32.329999999999998,-0.041574354593947441
343.52939496334204,699.76598020280096,-993.70718002319302,32.210000000000001,-0.041532149123994951
343.5423579905185,700.00346752972564,-992.06209182739303,32.210000000000001,-0.041358470916410296
343.55531271547039,699.55514740232672,-991.45913124084495,32.189999999999998,-0.041202474384277411
343.56826802508652,699.58671927007401,-993.24369430542004,32.189999999999998,-0.041185866833437557
343.58122721314447,699.79615513062811,-992.91539192199696,32.159999999999997,-0.041344547644412297
343.59418306292719,699.61588826529771,-992.91539192199696,32.159999999999997,-0.041692003400161423
343.60713377905444,699.33867087092358,-991.37592315673805,32.399999999999999,-0.041988308852338084
343.62008530129134,699.38220079478458,-990.75746536254906,32.399999999999999,-0.042090624984253845
343.63304615952097,699.88634439989005,-992.26737022399902,32.170000000000002,-0.041988957672872661
343.6460087976111,699.98245686610801,-994.84324455261196,32.350000000000001,-0.041796953106974302
343.65896835612728,699.81615987263422,-994.03023719787598,32.329999999999998,-0.041670935849193506
343.67192997390242,699.92735986047387,-993.07537078857399,32.329999999999998,-0.041702462153383107
343.68489291622467,699.99888540036898,-993.07537078857399,32.159999999999997,-0.041853833115583654
343.69784869357164,699.61197673569279,-994.33064460754395,32.159999999999997,-0.041946909493511611
343.71079588308885,699.14823392969231,-993.76797676086403,32.210000000000001,-0.04190424457080761
343.72374216922475,699.09945133717883,-993.521690368652,32.210000000000001,-0.041720698483679326
343.73669260698892,699.32363926559071,-994.05336380004906,32.259999999999998,-0.041515152486791808
343.74964377842838,699.36325773129454,-994.05336380004906,32.259999999999998,-0.041461801156329137
343.76259322795551,699.27027446677653,-994.49324607849098,32.299999999999997,-0.041496162819473735
343.77554083346547,699.17069753745466,-994.42362785339401,32.299999999999997,-0.041636136464373648
343.78849540216174,699.5467095991977,-997.725009918213,32.310000000000002,-0.04173990649368451
343.80144931479504,699.51128219507791,-997.725009918213,32.310000000000002,-0.041695247507923194
343.8143991741037,699.29240267023931,-996.83237075805698,32.350000000000001,-0.041621305668678395
343.82735193086182,699.44886493715182,-995.319604873657,32.350000000000001,-0.041558475543712274
343.84031349689633,699.9245658652178,-997.427940368652,32.189999999999998,-0.041567067512245218
343.85327178881357,699.74776352894321,-997.427940368652,32.189999999999998,-0.041636926017481105
343.86622927462093,699.70423359958636,-999.17507171630905,32.280000000000001,-0.041717461620864899
343.87919190546671,699.98206567192744,-995.849609375,32.280000000000001,-0.041801968795601649
343.89215862999384,700.20312446459127,-994.39501762390103,32.329999999999998,-0.041843295717778693
343.90512347635308,700.10170339694412,-996.26421928405796,32.329999999999998,-0.041732037853919886
343.91808782290241,700.07471366404957,-996.26421928405796,32.240000000000002,-0.041523804473358482
343.93105665842728,700.31711834326302,-998.41213226318405,32.240000000000002,-0.041347468893203246
343.94403036580366,700.58019832576247,-998.41213226318405,32.229999999999997,-0.041375578277525679
343.95700636733699,700.70408279781986,-996.58966064453102,32.229999999999997,-0.04154210392692758
343.96998095222597,700.62758400583573,-996.91200256347702,32.25,-0.041636134393807103
343.9829584149025,700.7829845337759,-1000.94747543335,32.25,-0.041557441775403041
343.99593976222843,700.99275560077388,-1002.27546691895,32.399999999999999,-0.041364113696327975
344.00891699828145,700.77074686324306,-1002.27546691895,32.399999999999999,-0.041157286613438301
344.02188704866546,700.382720735666,-1001.88994407654,32.420000000000002,-0.041069002408392903
344.03485749537782,700.40412246705614,-1001.55425071716,32.420000000000002,-0.041132575521721053
344.04782857849381,700.43848826410772,-1003.35884094238,32.390000000000001,-0.041254452532800134
344.0607920868531,700.02945140146483,-1003.92293930054,32.390000000000001,-0.041407143904057801
344.07375043051104,699.75055752969536,-1003.60822677612,32.25,-0.041519131304008118
344.08671717366423,700.20413027078689,-1002.0866394042999,32.25,-0.041483698619149856
344.09968967342593,700.5149871330359,-1002.13527679443,32.259999999999998,-0.041349751667880331
344.11266150366913,700.47883313043587,-1002.13527679443,32.259999999999998,-0.041245142410999219
344.12563079347166,700.34164933680927,-1003.40223312378,32.25,-0.041243269417562407
344.13860738587903,700.73598999841909,-1002.73323059082,32.25,-0.0413632796459883
344.15158502447161,700.79248399893322,-1000.91481208801,32.310000000000002,-0.041457178692551944
344.16455542461728,700.40160786637921,-998.52275848388695,32.310000000000002,-0.041437975855197338
344.17752028442965,700.10242986901642,-999.26328659057594,32.189999999999998,-0.041397474706589797
344.19048633943834,700.1669704674872,-999.93133544921898,32.189999999999998,-0.041292622271316852
344.20345358343582,700.23117586500996,-999.47357177734398,32.159999999999997,-0.041262971029705713
344.21641553959137,699.94563240115622,-999.47357177734398,32.159999999999997,-0.041319813786335528
344.22937162841356,699.6287963981822,-1000.6496906280501,32.380000000000003,-0.041430384541480944
344.24232801629381,699.64494553236807,-1002.19893455505,32.380000000000003,-0.041623899919808097
344.25529268156299,700.09192453720766,-1002.19893455505,32.469999999999999,-0.041813790383935463
344.26825220075796,699.81403652659378,-1001.47676467896,32.469999999999999,-0.041919074331830265
344.28120655525066,699.53514260536065,-1001.47676467896,32.460000000000001,-0.041941828611655511
344.29416819889502,699.92875679489794,-1001.18398666382,32.460000000000001,-0.041948151256967679
344.30713214911486,700.05331187220338,-1002.14648246765,32.140000000000001,-0.042001204564774922
344.32009047311232,699.7494958621711,-1001.9443035125699,32.140000000000001,-0.04213245068121959
344.33305008440368,699.81900973471511,-1001.31893157959,32.140000000000001,-0.042293566382573165
344.34601678202597,700.20167160288645,-999.93920326232899,32.140000000000001,-0.042362359041799309
344.35898295396788,700.17328486411986,-1000.33068656921,32.119999999999997,-0.04236214587278056
344.37194811904573,700.1189142041502,-1000.33068656921,32.119999999999997,-0.042251122907693645
344.38491177641731,700.03749806537337,-999.14574623107899,32.560000000000002,-0.042084361323320579
344.39787512955559,700.02106946516039,-997.87449836731003,32.560000000000002,-0.04206766684848106
344.41084625095937,700.44055580377949,-997.59507179260197,32.520000000000003,-0.042169800855220207
344.4238095389062,700.01754912973581,-997.59507179260197,32.520000000000003,-0.042458393921108416
344.43676950616913,699.83823219828037,-996.99926376342796,32.539999999999999,-0.042726315763980685
344.44973958242224,700.38411767009006,-995.63193321228005,32.539999999999999,-0.042920862841170075
344.46271470023572,700.65636192779084,-995.63193321228005,32.159999999999997,-0.042983491180653428
344.47568834345429,700.57673380220251,-995.26929855346702,32.159999999999997,-0.043002651590222804
344.48866373962841,700.6713934012198,-996.15550041198696,32.140000000000001,-0.043003699845271609
344.50164377585929,700.92195646699906,-999.14622306823696,32.140000000000001,-0.043097398140210866
344.51462411011227,700.93804966291236,-997.76697158813499,32.159999999999997,-0.043267166862193056
344.52759684270495,700.52756000451666,-995.70131301879906,32.159999999999997,-0.043524133248842807
344.54056725009497,700.40199906055977,-995.80550193786598,32.579999999999998,-0.043738541296890816
344.55353031762712,700.00564673709482,-995.77546119689896,32.579999999999998,-0.043761291437109648
344.56649277255804,699.97256626722606,-995.60999870300304,32.590000000000003,-0.04365334183794032
344.57944792074443,699.57800206686977,-995.60999870300304,32.590000000000003,-0.043495673065419897
344.5924005274556,699.44076240092249,-997.31373786926304,32.539999999999999,-0.043401093118483822
344.6053622166321,699.93121553424623,-995.49007415771496,32.539999999999999,-0.043454064676977537
344.61832760936664,700.1312076645637,-995.21422386169399,32.210000000000001,-0.043565725079571932
344.63129014294202,699.97681306922686,-994.60291862487804,32.210000000000001,-0.043746191593968337
344.64425303455806,699.99614726644165,-994.60291862487804,32.479999999999997,-0.043916957865935038
344.65722019991108,700.22692906300904,-993.20411682128895,32.210000000000001,-0.04400507753900388
344.67018800891105,700.2616859992811,-991.446971893311,32.439999999999998,-0.043922263300956534
344.68315333645438,700.12768734013116,-991.54496192932095,32.25,-0.04390251408827564
344.69612121064699,700.26520640065758,-992.32935905456497,32.380000000000003,-0.043946918514958917
344.70909489215313,700.57880133088224,-990.53883552551304,32.380000000000003,-0.044039794141058929
344.72206781411359,700.53778586480234,-992.05064773559604,32.350000000000001,-0.044102070646463869
344.7350381894247,700.40026679877985,-992.05064773559604,32.350000000000001,-0.044061888216610064
344.74800384086046,700.14517753092434,-992.65527725219704,32.259999999999998,-0.044093508687304009
344.76097218278397,700.29046387177232,-990.42153358459495,32.280000000000001,-0.04423024650192476
344.77394051125435,700.28973739970002,-987.86473274231003,32.259999999999998,-0.044343250078307361
344.78690071962723,699.85125213626213,-987.47372627258301,32.259999999999998,-0.044368924572250952
344.79986596956047,700.12349639396302,-990.72551727294899,32.280000000000001,-0.044329903192331842
344.81283661702463,700.41496306576494,-991.18399620056096,32.280000000000001,-0.044243808628605122
344.8258052383444,700.30555126698596,-991.18399620056096,32.390000000000001,-0.044098858617318611
344.8387699087877,700.09220393728287,-989.23754692077603,32.390000000000001,-0.043976863639619064
344.85173135168031,699.91791620168533,-989.94779586792004,32.119999999999997,-0.043849713272236787
344.86469740668889,700.16697046199124,-990.77677726745605,32.119999999999997,-0.043774113678733351
344.8776558796975,699.75754246562383,-991.39785766601597,32.119999999999997,-0.043698811075350071
344.89060789657168,699.40891120454785,-990.78655242919899,32.119999999999997,-0.043653597434540746
344.90356417372845,699.63896646858734,-990.78655242919899,32.119999999999997,-0.043558748438428392
344.91652543449624,699.90808145863616,-989.42470550537098,32.119999999999997,-0.043413813950182505
344.9294838557642,699.75474847036764,-990.55838584899902,32.509999999999998,-0.043218598390116825
344.94243630104563,699.43204519771814,-991.751670837402,32.509999999999998,-0.042949345789527617
344.95539666463958,699.85963407256656,-991.47891998291004,32.579999999999998,-0.042787672330533107
344.96836674813574,700.38450879282254,-990.61894416809105,32.579999999999998,-0.042750550847675858
344.98133805166538,700.45039060178863,-990.22507667541504,32.57,-0.042771562520318239
344.99430487346302,700.20837707278781,-990.61846733093296,32.57,-0.042777782719913227
345.00726981088513,700.10662079320082,-991.85466766357399,32.189999999999998,-0.042697545141016868
345.0202364184791,700.19681007345457,-992.49482154846203,32.189999999999998,-0.04249744013795359
345.03319528781731,699.77894426296598,-991.71352386474598,32.189999999999998,-0.042341983773213139
345.04614611466661,699.34464986325645,-991.71352386474598,32.189999999999998,-0.04222106498855472
345.05909872241352,699.4408183336991,-991.90688133239701,32.189999999999998,-0.042237546295495039
345.07205815054436,699.80911906438519,-994.670629501343,32.189999999999998,-0.042317509650325429
345.08500940683825,699.36783987164324,-994.23074722290005,32.530000000000001,-0.042345547634197706
345.09795594650006,699.11314173751236,-994.23074722290005,32.530000000000001,-0.042326456556038609
345.11090815688152,699.41936059808415,-993.84999275207497,32.229999999999997,-0.042291997620438081
345.12385857498521,699.32257759806646,-994.91572380065895,32.539999999999999,-0.042227834670140026
345.13680249038651,698.97143167036177,-994.85945701599098,32.530000000000001,-0.042124814870372763
345.14974396261852,698.83950052889952,-997.183799743652,32.530000000000001,-0.04200619231439217
345.16268806531968,698.98154586295004,-997.993946075439,32.240000000000002,-0.041949627919602744
345.17563727477398,699.25731053301934,-996.70290946960404,32.240000000000002,-0.041968242989943325
345.18858308696917,699.07385853870835,-996.70290946960404,32.460000000000001,-0.042026627601113843
345.20152647565675,698.94298913072248,-995.42737007141102,32.210000000000001,-0.042022909555692989
345.21447306705801,699.11593566681665,-994.62008476257301,32.25,-0.041994650122876682
345.22742387424694,699.34358820122816,-997.86615371704102,32.25,-0.041982508780811188
345.24036823150993,698.99529220155625,-996.91438674926803,32.369999999999997,-0.041949165363851196
345.25331651171109,699.20713086318597,-996.91438674926803,32.369999999999997,-0.041925779854961202
345.26626989245432,699.48256013445143,-995.52679061889603,32.380000000000003,-0.041980165988202159
345.27923419347286,700.0722550016452,-998.45814704894997,32.380000000000003,-0.041926197914803641
345.29219126949749,699.68210533017157,-999.519824981689,32.280000000000001,-0.041906327630364913
345.30514741730366,699.63198153265887,-999.519824981689,32.280000000000001,-0.04181897681552655
345.31810608589012,699.76810366975337,-999.32694435119595,32.310000000000002,-0.041757783749026084
345.33106604073589,699.83756166997659,-998.82006645202603,32.310000000000002,-0.041798962693784684
345.34401677031485,699.33939726605206,-1000.26082992554,32.420000000000002,-0.041814152564841701
345.35696588974076,699.2524489980915,-1001.14989280701,32.420000000000002,-0.041817087266717401
345.36991541066919,699.27413013505304,-1001.14989280701,32.380000000000003,-0.041851855607084452
345.38286908943587,699.49865340181259,-1001.61194801331,32.380000000000003,-0.041904444287861171
345.39581942371979,699.31805133003843,-1001.55115127563,32.159999999999997,-0.041986042632728003
345.4087679243334,699.21903313491498,-1001.38664245605,32.159999999999997,-0.042021047944367271
345.42172291626542,699.56956432969264,-1001.73163414001,32.380000000000003,-0.042013594259307716
345.43468529358518,699.96837526609795,-1003.91793251038,32.119999999999997,-0.042032217607130912
345.44764548229631,699.85019040278598,-1004.61506843567,32.140000000000001,-0.042098440850219632
345.46061049215558,700.11053239974979,-1004.61506843567,32.140000000000001,-0.042254477739469436
345.47357857951732,700.27671753316611,-1003.92508506775,32.479999999999997,-0.042475199120165508
345.48654427130987,700.14735679874957,-1004.38332557678,32.479999999999997,-0.042580033962849068
345.49950193924207,699.71406833713945,-1003.3745765686,32.450000000000003,-0.042598474150008822
345.51245886004693,699.67372346531522,-1003.3745765686,32.450000000000003,-0.042521870798892351
345.5254199066099,699.89651439884699,-1002.40683555603,32.43,-0.042446710996816496
345.53838461016664,700.09399206588739,-1003.93414497375,32.43,-0.042414519315600425
345.55134962519867,700.11081172837703,-1003.93414497375,32.100000000000001,-0.042393870858638667
345.56431483580866,700.12137293800254,-1005.90062141418,32.100000000000001,-0.042440389386584045
345.57728445053948,700.35919546587513,-1006.0122013092,32.140000000000001,-0.04244387046337892
345.59025920410119,700.63669233177245,-1003.6683082580601,32.140000000000001,-0.042507475655120038
345.60322957941236,700.40026680427582,-1001.93428993225,32.159999999999997,-0.042529654585325628
345.61620126685312,700.47112179937915,-1001.93428993225,32.159999999999997,-0.042582314668079164
345.62917730046667,700.70581513104787,-1003.53693962097,32.57,-0.042620377821577612
345.64215415260861,700.75001566565265,-1010.7917785644501,32.57,-0.042665378293469967
345.65512826976664,700.6023265347211,-1010.70809364319,32.530000000000001,-0.042761287961618377
345.66810036595569,700.49319420746519,-1010.70809364319,32.530000000000001,-0.04291468817358169
345.68107578282587,700.67251099052862,-1009.40728187561,32.119999999999997,-0.043135865901790124
345.69404717120875,700.45497267618543,-1006.38246536255,32.560000000000002,-0.043300460609677363
345.70701270674692,700.13891906157244,-1008.01014900208,32.159999999999997,-0.043361720939871347
345.7199821528049,700.35008712894637,-1008.01014900208,32.159999999999997,-0.043360507115832489
345.73295698397652,700.64088326694878,-1009.06133651733,32.119999999999997,-0.04333182134436802
345.7459339530518,700.75633006778116,-1009.1106891632101,32.119999999999997,-0.043332682301793185
345.75891378128642,700.91072466861397,-1004.53329086304,32.119999999999997,-0.043268173725350564
345.77189432353583,700.94928146679342,-1004.53329086304,32.119999999999997,-0.043159955076699626
345.78488276443585,701.37580860266985,-1005.2425861358601,32.57,-0.043095341986823056
345.79787455292222,701.55657826392599,-1004.53877449036,32.57,-0.043121248276131396
345.81086340360372,701.39793680063644,-1002.99477577209,32.539999999999999,-0.043169027194693059
345.82384985768152,701.2685201993952,-1002.99477577209,32.539999999999999,-0.043146935188385353
345.8368403392123,701.48600266340179,-1002.31909751892,32.119999999999997,-0.043079668863203739
345.84982279170731,701.0524347302686,-1004.69017028809,32.539999999999999,-0.043013090681204562
345.86279659014559,700.58511566705897,-1004.78339195251,32.159999999999997,-0.042868540104534052
345.8757712402271,700.63110440171613,-1004.78339195251,32.159999999999997,-0.042823915265004238
345.88874809237041,700.75001573710051,-1007.00044631958,32.140000000000001,-0.042800938503292578
345.9017184863074,700.40127259947951,-1007.27796554565,32.140000000000001,-0.042863872109259148
345.91468575617529,700.23257286538615,-1007.27796554565,32.57,-0.04303566387113647
345.92765335718025,700.2504542668479,-1006.86502456665,32.140000000000001,-0.043113406541213158
345.94062442787771,700.43781766435598,-1004.94623184204,32.560000000000002,-0.043112057156641334
345.95358623398641,699.93752987042296,-1007.36165046692,32.560000000000002,-0.043081661892402673
345.96654226486055,699.6256672019781,-1005.77092170715,32.539999999999999,-0.042861508619432248
345.97950140117786,699.79336113537192,-1005.77092170715,32.539999999999999,-0.042678658953783241
345.9924697431012,700.29046386078028,-1004.8232078552199,32.240000000000002,-0.042536027936109187
346.00543275682469,700.00274106864526,-1006.3738822937,32.479999999999997,-0.042452609373639927
346.01839220565182,699.81023666468616,-1005.58042526245,32.229999999999997,-0.042520691122713443
346.03135289417406,699.87718020163243,-1003.45897674561,32.229999999999997,-0.042575260417024946
346.04431273829641,699.83158260619587,-1001.94239616394,32.539999999999999,-0.042547429394339351
346.05726352685804,699.34258232908064,-1001.85298919678,32.210000000000001,-0.042431250007034432
346.07021226858154,699.23205306740078,-1002.35772132874,32.189999999999998,-0.042260133972370079
346.08316674000741,699.54145699649723,-1002.35772132874,32.189999999999998,-0.042132633842290143
346.09613571212475,700.32449433597185,-1001.95527076721,32.57,-0.042114601366618341
346.10910540550117,700.36344232833221,-1002.39610671997,32.57,-0.042228550753045005
346.12207600743454,700.41250440336069,-999.88269805908203,32.57,-0.042462012627577914
346.13505009251361,700.6005942674451,-998.32296371459995,32.57,-0.042681104193534339
346.14801700433958,700.21323860221969,-998.32296371459995,32.579999999999998,-0.042844910381460065
346.16097304866543,699.62639359710658,-1000.0522136688199,32.579999999999998,-0.04276030593436915
346.17392610344569,699.4649581330649,-1001.87754631042,32.189999999999998,-0.042495267050582361
346.18687901645927,699.45730273478478,-1001.87754631042,32.189999999999998,-0.042260847986235181
346.19983572926782,699.66249166143393,-1002.70128250122,32.57,-0.042127207334798362
346.21279483350611,699.79162886809604,-1002.75468826294,32.210000000000001,-0.042189160982046697
346.22575065638517,699.6144354695449,-999.74751472473099,32.210000000000001,-0.042386050854084235
346.23870603119371,699.59023966045856,-999.74751472473099,32.210000000000001,-0.042589281996660372
346.25166330279632,699.6926665397973,-999.53651428222702,32.560000000000002,-0.042683684991172186
346.26461933366909,699.62566713053025,-997.38717079162598,32.560000000000002,-0.04267592914303657
346.2775703488544,699.35482000510945,-997.38717079162598,32.509999999999998,-0.042579506213258102
346.29052503551861,699.55307986815092,-996.58346176147495,32.509999999999998,-0.042489017876490447
346.30348333364577,699.74809886729111,-997.75099754333496,32.469999999999999,-0.042466178743639185
346.31643340715931,699.30396973002837,-999.58300590515103,32.469999999999999,-0.042591772766178961
346.32938681998144,699.48429239623135,-997.67279624938999,32.240000000000002,-0.042767309479341299
346.34234488424318,699.73547013448172,-997.67279624938999,32.240000000000002,-0.042965602543098988
346.35530231106662,699.70104846510958,-996.03509902954102,32.210000000000001,-0.04309385601050611
346.36825862858024,699.64114573641234,-998.32439422607399,32.210000000000001,-0.043086889717106384
346.38121388542106,699.58386940249738,-998.05092811584495,32.210000000000001,-0.043022871637969855
346.39417226840249,699.75268099664788,-995.55659294128395,32.210000000000001,-0.043012522574293138
346.4071308397173,699.7628510011009,-994.645595550537,32.5,-0.043035721820232097
346.4200844605345,699.49552412866456,-996.05798721313499,32.5,-0.043065369956400527
346.43303198015553,699.16605953577744,-997.173070907593,32.479999999999997,-0.043051701246432129
346.44598374350255,699.39522073826242,-997.173070907593,32.479999999999997,-0.043003384231451683
346.45893797485309,699.52849293083602,-995.88060379028298,32.579999999999998,-0.043052586002039643
346.471885884595,699.1871260607237,-994.37975883483898,32.579999999999998,-0.043137291859971567
346.48483500401966,699.25244893213949,-995.46766281127896,32.210000000000001,-0.04324642527360311
346.49778787046677,699.45478814509988,-996.73342704772904,32.210000000000001,-0.04337581805864734
346.51073562498772,699.17874412991523,-996.73342704772904,32.189999999999998,-0.043435390624598939
346.52367795507161,698.88582453045649,-995.24450302124001,32.189999999999998,-0.043535806859554618
346.53662201224074,698.9790871345939,-995.24450302124001,32.539999999999999,-0.043638788369616405
346.54957347652964,699.37907159858048,-994.38858032226597,32.25,-0.043609115398557469
346.56252880580735,699.5877809980542,-994.93527412414505,32.43,-0.043606273829225953
346.5754864282074,699.71160960328723,-995.93496322631802,32.43,-0.043559038183295873
346.58844714259874,699.87857713056053,-995.05305290222202,32.350000000000001,-0.043535430190687466
346.601414796379,700.25330413442475,-995.65362930297795,32.350000000000001,-0.043509290035854957
346.614383975458,700.33567026753246,-995.65362930297795,32.299999999999997,-0.043406807299971206
346.62734854345558,700.08667186855519,-995.92208862304699,32.299999999999997,-0.04326040235651521
346.64031262302592,700.0602967971397,-995.92208862304699,32.299999999999997,-0.043145946950861387
346.65327987944067,700.23184639880981,-995.74279785156205,32.299999999999997,-0.043009941775637509
346.6662429004075,700.00313220786586,-995.86439132690396,32.329999999999998,-0.042945976471419366
346.67919954285071,699.65869193143021,-996.23608589172397,32.329999999999998,-0.042815115302647568
346.69215618425807,699.65863599865361,-997.49255180358898,32.450000000000003,-0.042780393528043713
346.70511480006923,699.76525380217652,-997.49255180358898,32.450000000000003,-0.042744461033113489
346.71807960814073,700.09963586276831,-998.42071533203102,32.119999999999997,-0.042686809060627398
346.73104305130744,700.02593100008824,-1000.07843971252,32.119999999999997,-0.0426393592103953
346.74401085409875,700.26135073238129,-1000.06008148193,32.140000000000001,-0.042575984779651653
346.75697910495933,700.28554647001965,-999.99499320983898,32.140000000000001,-0.042598637648228778
346.76994129394444,699.95820519569293,-1000.36191940308,32.119999999999997,-0.042656048510345129
346.78289512896663,699.50709119944565,-1001.15275382996,32.119999999999997,-0.042573928625551399
346.79584381894944,699.22925907214471,-1002.92611122131,32.590000000000003,-0.042468810246341318
346.80879705689017,699.47484879789863,-1004.0135383606,32.590000000000003,-0.042344099945143564
346.82175031966665,699.47618993145011,-1003.5336017608601,32.600000000000001,-0.042292504674643169
346.83470209543088,699.39589126656608,-1002.95472145081,32.600000000000001,-0.042335814278682438
346.84765604117655,699.51307026872257,-1003.0300617218001,32.579999999999998,-0.042405266107408315
346.86061327345669,699.69054312780474,-1002.9511451721201,32.579999999999998,-0.042488984763608441
346.87356653105928,699.47591053687097,-1002.9511451721201,32.229999999999997,-0.042506954115193146
346.88651248502225,699.08151400294048,-1002.13551521301,32.229999999999997,-0.042428855473263617
346.89946265684199,699.30927826550533,-1002.40135192871,32.210000000000001,-0.042286243081935564
346.91242304009745,699.86069579505067,-1003.26204299927,32.210000000000001,-0.041987461348404774
346.9253841766876,699.90137586782294,-1004.98056411743,32.479999999999997,-0.041742909491585441
346.93834567752964,699.92104546933729,-1007.00330734253,32.189999999999998,-0.04158480403257124
346.951311544205,700.15680046853026,-1005.65600395203,32.5,-0.041595601165972378
346.96427715735308,700.14310999674865,-1005.65600395203,32.5,-0.041730867491931757
346.97723470214322,699.7074186681109,-1004.79555130005,32.539999999999999,-0.041785226720122769
346.99018433379638,699.28010927028186,-1004.9352645874,32.539999999999999,-0.041685827697289762
347.00313077618642,699.10788906336404,-1008.81147384644,32.189999999999998,-0.041551555816381085
347.01608596887041,699.58040493389728,-1008.81147384644,32.549999999999997,-0.041398206311314065
347.02904034302469,699.53620433334072,-1009.6244812011701,32.210000000000001,-0.04132433690963469
347.04198874015805,699.21344519936258,-1009.5853805542,32.210000000000001,-0.041395029466940472
347.05494260829386,699.50887933354636,-1009.5853805542,32.549999999999997,-0.041489130299801107
347.06790429746917,699.93121546829434,-1009.42397117615,32.189999999999998,-0.04167688286102357
347.08086481110865,699.86773653185185,-1007.71832466125,32.210000000000001,-0.041854826525554646
347.09382615569507,699.91260766620826,-1007.09342956543,32.210000000000001,-0.041936622518028051
347.10679228210614,700.17082619621954,-1007.568359375,32.509999999999998,-0.041965532841029468
347.11976064990006,700.29186087214828,-1007.62248039246,32.509999999999998,-0.041926779473985598
347.13272332627781,699.9845244002837,-1007.62248039246,32.189999999999998,-0.041918544512690538
347.14568385336918,699.86846293247618,-1005.94305992126,32.509999999999998,-0.041989045631137818
347.15864627622102,699.97083399995017,-1005.94305992126,32.210000000000001,-0.04206538200394988
347.17161033716428,700.05929093598411,-1006.4964294433599,32.490000000000002,-0.042176716443148528
347.18457420253088,700.04872979780657,-1005.96809387207,32.210000000000001,-0.042207640491752532
347.19753486518277,699.87578320125647,-1005.9380531311,32.210000000000001,-0.042176353227671465
347.21050206364816,700.22871713115774,-1005.9380531311,32.5,-0.042123522402055961
347.22347740911732,700.66865533324426,-1006.71339035034,32.229999999999997,-0.041991331510239829
347.23645258487909,700.65949113498675,-1006.71339035034,32.210000000000001,-0.041906663940995598
347.24942758575929,700.65004753115818,-1009.50908660889,32.210000000000001,-0.041961044901178864
347.26240782895064,700.93313233260778,-1008.92972946167,32.409999999999997,-0.042174224638550223
347.27538877373831,700.97101853653169,-1007.32350349426,32.409999999999997,-0.042517354919217425
347.28836664619513,700.8051126657906,-1006.61540031433,32.25,-0.042812569687033383
347.30133854059756,700.48229773093988,-1005.85222244263,32.32,-0.043013712598419421
347.31430355045569,700.11053233929374,-1006.76321983337,32.259999999999998,-0.043148207995581778
347.32726815674079,700.08873939723503,-1006.76321983337,32.259999999999998,-0.043206443596696807
347.34022874074697,699.87153633330365,-1008.36896896362,32.280000000000001,-0.043241127083834291
347.35318955965306,699.88422092744145,-1008.85963439941,32.280000000000001,-0.043280320240982634
347.36615579678767,700.17680527099242,-1008.15653800964,32.210000000000001,-0.043393914690534406
347.37913156445688,700.69145413645879,-1005.5453777313199,32.310000000000002,-0.043665231722808256
347.39210839693698,700.74895392668031,-1004.07719612122,32.439999999999998,-0.043902577210836076
347.40508665227281,700.82578813395651,-1004.64177131653,32.439999999999998,-0.044044786029671934
347.41806914926423,701.0548375368403,-1005.09142875671,32.140000000000001,-0.044057964244166241
347.43105382969009,701.17274299458109,-1005.09142875671,32.140000000000001,-0.044048934553958037
347.44404029721977,701.2692466055156,-1004.82964515686,32.100000000000001,-0.044077147418772028
347.45702255413693,701.04187352613906,-1002.12383270264,32.100000000000001,-0.044067202962870783
347.47001437366799,701.5582546753692,-1004.22954559326,32.520000000000003,-0.044082327641818603
347.48300058767165,701.255556199686,-1004.38976287842,32.119999999999997,-0.044196704401566041
347.49597713454693,700.73353126456686,-1003.35240364075,32.590000000000003,-0.04430292277586715
347.50894824974199,700.44022053138349,-1003.31830978394,32.590000000000003,-0.044458275659912484
347.52192532333203,700.7619738646622,-1002.61449813843,32.159999999999997,-0.044509700187958023
347.53490293501977,700.79103113722852,-1002.46620178223,32.57,-0.044496703064680163
347.54788083334813,700.80650973211857,-1002.43926048279,32.539999999999999,-0.044490865742089734
347.56086118001855,700.93872020220795,-1001.4066696167,32.539999999999999,-0.044389995228559791
347.57384641302968,701.20258260054834,-1001.4066696167,32.210000000000001,-0.044303314966553591
347.58683086579873,701.16044952867162,-1004.8282146453899,32.210000000000001,-0.044162629378660445
347.59980717260004,700.72056727035363,-1004.64940071106,32.210000000000001,-0.043986137541873929
347.61277717124193,700.37992666346588,-1004.64940071106,32.210000000000001,-0.04397131088588687
347.62574730544441,700.38724693224594,-1002.64739990234,32.479999999999997,-0.044018729693294609
347.63871808950245,700.42233913541781,-1000.3063678741501,32.25,-0.044073922973351963
347.65168708749127,700.32589139680385,-1000.53858757019,32.350000000000001,-0.044143423438204023
347.66465490994312,700.26241239990554,-1001.37734413147,32.350000000000001,-0.044188279037001087
347.67762578506421,700.42725653717048,-998.58331680297795,32.189999999999998,-0.044259321358124076
347.6905966146544,700.42479786927004,-998.58331680297795,32.189999999999998,-0.044276422510287829
347.70356329364938,700.20066573073893,-996.69194221496605,32.140000000000001,-0.04427327981428307
347.71653334403214,700.38272066971399,-996.75774574279797,32.140000000000001,-0.044299827681112423
347.72951143069383,700.81667973107562,-996.45519256591797,32.43,-0.044297866729715779
347.74248888612595,700.78259333409949,-996.45519256591797,32.43,-0.044289658672859993
347.75546512152602,700.71671160207734,-997.28536605834995,32.549999999999997,-0.044302442627933328
347.76843960190001,700.62194019796266,-997.28536605834995,32.549999999999997,-0.044286565648061146
347.7814076385568,700.27397946519068,-996.13428115844704,32.159999999999997,-0.044231639346715305
347.79436913318898,699.92071013648535,-994.87209320068405,32.57,-0.044102445243848473
347.80731989588145,699.34118539465658,-995.067358016968,32.210000000000001,-0.043892781767331204
347.82026508409137,699.04016333591267,-995.11075019836403,32.210000000000001,-0.043701767507284245
347.83321340361357,699.20925419823448,-995.11075019836403,32.450000000000003,-0.043568115473532773
347.84616046895559,699.1415284707831,-994.02070045471203,32.229999999999997,-0.043418457110465117
347.8591015386495,698.8177634701533,-995.72730064392101,32.259999999999998,-0.043320722049417483
347.87204593420006,698.9973597302361,-995.96667289733898,32.259999999999998,-0.043165795505038088
347.88499683866053,699.34884086438467,-994.123935699463,32.229999999999997,-0.043099520520482257
347.89794884208146,699.40818473247566,-994.123935699463,32.229999999999997,-0.043103243741403466
347.91090177372092,699.45830852998836,-992.625951766968,32.119999999999997,-0.043081073089800047
347.92385911051616,699.69618694117366,-993.22557449340798,32.119999999999997,-0.043111252081103918
347.93681471919007,699.60286839326784,-995.33557891845703,32.140000000000001,-0.043123358239008418
347.94976664500126,699.40399380279541,-994.534730911255,32.140000000000001,-0.043094733523201832
347.96271564645929,699.24607873463412,-994.534730911255,32.57,-0.04309679588523594
347.97566495318392,699.26256313022384,-993.23439598083496,32.57,-0.043064965348930395
347.98861629329633,699.37236606822341,-993.03150177001896,32.210000000000001,-0.043138097971199364
348.00156438619763,699.19701667059746,-993.03150177001896,32.399999999999999,-0.04318954319554677
348.01451679112222,699.42986592989303,-992.789268493652,32.25,-0.04317212642915598
348.02747497955926,699.74217559888689,-994.91786956787098,32.25,-0.043074411029126937
348.04043484334312,699.83264432867998,-994.18401718139603,32.420000000000002,-0.042917853635029965
348.05339542838408,699.87159221112017,-993.74318122863804,32.420000000000002,-0.042789845415970557
348.06635876703587,700.02028719771135,-993.74318122863804,32.560000000000002,-0.042723347949833644
348.07932437397534,700.14277472984872,-995.05686759948696,32.560000000000002,-0.042639924213187137
348.09228848665936,700.06208493673626,-996.21272087097202,32.159999999999997,-0.042637903243247878
348.10524788892087,699.80772212446516,-994.78292465209995,32.579999999999998,-0.04263988902984036
348.11819910589134,699.36571640469083,-992.58923530578602,32.189999999999998,-0.042680209088351004
348.13115138146662,699.42288106541264,-992.56157875061001,32.189999999999998,-0.042765089828649537
348.14409994209757,699.22227407026423,-992.56157875061001,32.539999999999999,-0.0427567368984949
348.15704050473829,698.79038259803815,-994.57168579101597,32.189999999999998,-0.042748516425160747
348.16998113257171,698.79390300491082,-994.986534118652,32.25,-0.042775984231656829
348.18293299836409,699.400752790502,-993.20721626281704,32.25,-0.042833549280957471
348.19588973083461,699.66355340590223,-992.90776252746605,32.259999999999998,-0.043000335701442377
348.20884808794455,699.75128393581576,-992.90776252746605,32.259999999999998,-0.043106301583466212
348.22180995303711,699.94071499940355,-992.45429039001499,32.310000000000002,-0.043245447385044301
348.23477959363834,700.36059246625132,-993.95680427551304,32.170000000000002,-0.043371162480257922
348.24775115793824,700.46447219630261,-995.06020545959495,32.420000000000002,-0.043524785174209414
348.26071861613957,700.24274286983928,-995.06020545959495,32.119999999999997,-0.043625099998425849
348.27368404095444,700.13294000328767,-993.40915679931595,32.530000000000001,-0.043672838559361715
348.28664883557286,700.09890939619197,-993.19505691528298,32.530000000000001,-0.043708379897870998
348.29960745862849,699.76564500185293,-993.06893348693802,32.549999999999997,-0.043775384418416566
348.31256088386789,699.4849629300312,-992.484569549561,32.549999999999997,-0.043776589962835476
348.32551122436047,699.31838659693824,-992.484569549561,32.549999999999997,-0.043811674953323505
348.33847035343456,699.79297000164752,-994.13084983825695,32.549999999999997,-0.043847585717482818
348.35142954873572,699.79654626435263,-995.34678459167503,32.259999999999998,-0.043874845529646288
348.36438875541978,699.79716093682373,-995.42641639709495,32.259999999999998,-0.043883173623689084
348.37735474627038,700.16350593293544,-996.329307556152,32.460000000000001,-0.043825614783340065
348.39033064949888,700.69877433928684,-997.283935546875,32.25,-0.043828595015797472
348.40330783898634,700.76823232302218,-998.49748611450195,32.299999999999997,-0.043866724396281281
348.41627803217165,700.39043200626668,-998.49748611450195,32.299999999999997,-0.043882434772592585
348.42924941434569,700.45463739829347,-998.07214736938499,32.189999999999998,-0.043931604465683581
348.4422233235087,700.59109480228778,-997.62439727783203,32.189999999999998,-0.04396863281660731
348.45519393268518,700.41289553158913,-997.63512611389206,32.189999999999998,-0.043993895459151201
348.46815557632965,699.92875680039401,-997.63512611389206,32.189999999999998,-0.044037098478579319
348.48111345950127,699.7256912692493,-998.49295616149902,32.119999999999997,-0.044074613187202717
348.49407223777661,699.77402686670951,-999.10473823547397,32.119999999999997,-0.044049404354555149
348.50702940589883,699.68707859874883,-999.10473823547397,32.520000000000003,-0.044017220950719915
348.51998751569135,699.73792879688597,-999.09329414367699,32.520000000000003,-0.043984973389346309
348.53295103646781,700.03012192976848,-998.17800521850597,32.560000000000002,-0.044041620566798764
348.54592932491732,700.82757627355306,-998.47960472106899,32.560000000000002,-0.04417589969122989
348.55891124345305,701.02360093049674,-999.41968917846702,32.210000000000001,-0.044278101995012045
348.57188922042593,700.81075653411949,-999.41968917846702,32.420000000000002,-0.044303859272840002
348.58486729363585,700.81595333594737,-1000.657081604,32.229999999999997,-0.044230554873850678
348.59784457418641,700.7731497302708,-1000.71740150452,32.229999999999997,-0.044077416467337642
348.6108137801703,700.33712312923728,-1001.36780738831,32.32,-0.043918298971294026
348.62377485881234,699.89824667161895,-1002.66075134277,32.329999999999998,-0.043775026375386522
348.6367349626704,699.84560833388525,-1004.03833389282,32.159999999999997,-0.043719794808269909
348.64969583331731,699.88701493368967,-1005.4106712341299,32.399999999999999,-0.043830621159201527
348.66265396898024,699.73932579726215,-1005.4106712341299,32.159999999999997,-0.043922619273114707
348.67560609554198,699.4148343355522,-1004.5762062072801,32.159999999999997,-0.043926800910893488
348.68855922896796,699.46920500101771,-1003.29828262329,32.140000000000001,-0.043847499828868201
348.70152163940128,699.97016340019843,-1002.98643112183,32.140000000000001,-0.043775296459235405
348.7144889744618,700.23609326676274,-1002.98643112183,32.549999999999997,-0.043815222257714399
348.72745541959137,700.18803699792954,-1003.35097312927,32.210000000000001,-0.043863394400311999
348.74042299472603,700.24905727196779,-1003.54814529419,32.509999999999998,-0.043940943561981423
348.75339824809748,700.66368205917104,-1003.54814529419,32.509999999999998,-0.043990631690472605
348.76636569388273,700.24207240199144,-1002.37965583801,32.229999999999997,-0.04390745423755886
348.7793251282223,699.80945433678119,-1002.37965583801,32.329999999999998,-0.043824395785123968
348.79228528485555,699.84845819596592,-1001.0058879852299,32.299999999999997,-0.043665700488529205
348.80524963140499,700.07471366954564,-1002.34961509705,32.240000000000002,-0.043578334152889329
348.81821362612106,700.05571466778292,-1002.54559516907,32.380000000000003,-0.043542751420962089
348.83117664088024,700.00279699592602,-1002.54559516907,32.380000000000003,-0.043581290584111053
348.84414163107652,700.10947060032163,-1002.07114219666,32.380000000000003,-0.043636222059430581
348.85711189566422,700.39428773499901,-1001.54542922974,32.380000000000003,-0.043636162041193298
348.87008155592599,700.36165413377557,-1001.33085250854,32.140000000000001,-0.043558300368907531
348.88304693520865,700.13048126393937,-1001.33085250854,32.479999999999997,-0.043494346447512926
348.89601253490497,700.14238360162028,-1002.03394889832,32.119999999999997,-0.043433043691874604
348.90898253975683,700.38026200181366,-1002.32219696045,32.119999999999997,-0.043495839668777216
348.92195211620003,700.35712793169944,-1002.32219696045,32.539999999999999,-0.043526691280935351
348.93491364291111,699.92244239826539,-1002.1450519561801,32.159999999999997,-0.043494926972022271
348.94787433143335,699.87718020163243,-1003.02696228027,32.159999999999997,-0.043351012799306199
348.96083368195428,699.80492812920909,-1001.81341171265,32.159999999999997,-0.043104423416157486
348.97378812130131,699.53972474021327,-999.93777275085404,32.57,-0.042901873174259107
348.98674554295064,699.70076906503436,-997.31326103210404,32.57,-0.042833146742628989
348.99970910925805,700.03258059766881,-997.04146385192905,32.490000000000002,-0.042777102854009846
349.01267814656921,700.32801480330045,-999.57036972045898,32.490000000000002,-0.042782101987163076
349.02564775509137,700.35886019897532,-1000.14305114746,32.229999999999997,-0.042754815270255007
349.03861860434199,700.42585953129833,-1000.14305114746,32.350000000000001,-0.042713933313886343
349.0515924679741,700.58863613438746,-998.27527999877896,32.299999999999997,-0.042699870342970292
349.06457235415797,700.91385393076985,-997.26223945617699,32.299999999999997,-0.042757292588927957
349.07754652305556,700.60512046952124,-996.22797966003395,32.140000000000001,-0.04283514908550981
349.09052418027534,700.79348986558477,-996.13618850707996,32.460000000000001,-0.043044653204329542
349.10349967475565,700.67670193669687,-996.13618850707996,32.560000000000002,-0.04322852525454824
349.11647922359384,700.89563726240817,-996.23441696167004,32.560000000000002,-0.04347755573672208
349.12945415203819,700.64613599605718,-996.30808830261196,32.189999999999998,-0.043642505383112658
349.14241979830007,700.14489814184128,-996.30808830261196,32.189999999999998,-0.043771769851960601
349.15538505340618,700.12377572808623,-996.03867530822697,32.549999999999997,-0.043847837174985714
349.16835232327412,700.23257287088211,-995.22829055786099,32.240000000000002,-0.043877388040021323
349.18132158824199,700.34030826371384,-995.247840881348,32.450000000000003,-0.043818912365957162
349.19429234022101,700.42060686814193,-995.247840881348,32.240000000000002,-0.043823027776038151
349.20726843178272,700.70894433274793,-995.81885337829601,32.299999999999997,-0.043788226320651748
349.22024319879762,700.63741880384487,-996.62876129150402,32.299999999999997,-0.043876068666552803
349.23321225473455,700.32902059300795,-997.29347229003895,32.299999999999997,-0.043837165252439948
349.24617773853203,700.13612506631637,-997.29347229003895,32.259999999999998,-0.043769879266036177
349.25914337030753,700.14411587439224,-997.09200859069801,32.310000000000002,-0.043781782604395969
349.27210870509384,700.12807846286364,-993.08538436889603,32.189999999999998,-0.043876034517776857
349.28506902936431,699.85751060561415,-993.87097358703602,32.390000000000001,-0.043990756902345753
349.29803001694319,699.89332925887425,-993.87097358703602,32.390000000000001,-0.04410438239512899
349.31099755999998,700.24732506514783,-995.72706222534202,32.140000000000001,-0.044134457905941303
349.32396546627047,700.26693860747764,-994.30012702941895,32.469999999999999,-0.044226838896350144
349.33692998149382,700.08382206143438,-992.50006675720203,32.119999999999997,-0.044299148850695871
349.34989678983828,700.20765060071528,-991.48869514465298,32.509999999999998,-0.044381714735258135
349.36287292796669,700.71145893342486,-991.80650711059604,32.140000000000001,-0.044468078347652248
349.37584865631362,700.68933073545827,-993.25847625732399,32.140000000000001,-0.044497202874548579
349.38881764084937,700.32516493022763,-994.07267570495605,32.490000000000002,-0.044527630218319757
349.40179153035058,700.59003306331556,-994.07267570495605,32.119999999999997,-0.044511246183530036
349.41476570649269,700.60551167469373,-993.294715881348,32.159999999999997,-0.044457346407683417
349.42773238445312,700.20060986391434,-993.57891082763695,32.159999999999997,-0.044412879894028319
349.44068751297903,699.57694039934552,-993.57891082763695,32.619999999999997,-0.044267680496009008
349.45363882722103,699.37096906784734,-994.49896812438999,32.619999999999997,-0.044153284073919864
349.46658823742587,699.26815106028016,-994.49896812438999,32.579999999999998,-0.044074450721823366
349.47954056577532,699.42573087253345,-995.90873718261696,32.579999999999998,-0.044057208837188513
349.49248468192957,698.9822723295265,-996.385097503662,32.210000000000001,-0.043997556592591705
349.50542875255184,698.97981360117024,-994.95625495910599,32.450000000000003,-0.043952610964759387
349.51837856012099,699.28960873543906,-994.87757682800304,32.240000000000002,-0.043831762546998068
349.53132498905933,699.10716266823556,-995.87488174438499,32.240000000000002,-0.043726730057216827
349.54427024246053,699.04368366584117,-995.73945999145496,32.240000000000002,-0.043543157063410165
349.55721839331113,699.20014593275368,-995.73945999145496,32.240000000000002,-0.043380167335066729
349.57017284507538,699.54039526851693,-995.55039405822697,32.259999999999998,-0.043239990869298993
349.58312441905315,699.3849948010328,-994.97127532958996,32.259999999999998,-0.043144881104037421
349.59607002325316,699.06262680077907,-995.36919593811001,32.259999999999998,-0.043102474882155212
349.60901980495299,699.28821179002307,-995.36919593811001,32.259999999999998,-0.043034238947831184
349.62197049520864,699.3372738045955,-994.34137344360295,32.280000000000001,-0.042935395612581459
349.6349154754235,699.02893160347946,-995.40424346923805,32.210000000000001,-0.042888928825492521
349.64785794210121,698.89320059461352,-995.40424346923805,32.32,-0.042751770880055676
349.66080627404199,699.20992480348218,-996.32906913757301,32.189999999999998,-0.042547052725879317
349.67375990831238,699.49625060073697,-995.84937095642101,32.329999999999998,-0.042385606923253792
349.68671620512964,699.64002813061563,-996.03247642517101,32.329999999999998,-0.042279629656574419
349.69967304211474,699.66919719728719,-995.21875381469704,32.159999999999997,-0.042287432070575018
349.71262681815307,699.50390607046506,-994.66633796691895,32.369999999999997,-0.042319079446013569
349.7255853242753,699.75933059972442,-994.77791786193802,32.43,-0.042251437487248078
349.73854088741859,699.60040973635955,-996.40655517578102,32.43,-0.042153443726498201
349.75149183120118,699.35096425988911,-997.75409698486305,32.119999999999997,-0.041996348234048665
349.76443928666424,699.16259500672152,-997.75409698486305,32.119999999999997,-0.041828388348168481
349.77738694391365,699.17349146675895,-997.16687202453602,32.5,-0.041710921666622228
349.79032847512963,698.84268566337619,-1000.0472068786599,32.100000000000001,-0.041611804109545646
349.80326737484199,698.70058446799703,-999.79543685913097,32.119999999999997,-0.041623546017911135
349.81621225674945,699.02362300205027,-1000.26202201843,32.119999999999997,-0.041598354776326285
349.82916218125189,699.29592313207172,-1000.26202201843,32.579999999999998,-0.041513749294766332
349.84211314469633,699.35202599886134,-1001.16419792175,32.579999999999998,-0.041277380660217605
349.85506799382472,699.56185293268391,-1000.6628036499,32.159999999999997,-0.041043640424556757
349.86802931874939,699.911545932732,-1000.2224445343001,32.560000000000002,-0.040896926074298678
349.88099775794444,700.29571653492883,-1000.4518032074,32.189999999999998,-0.040836870255377668
349.89396428689383,700.19256326595769,-999.73201751708996,32.57,-0.040777251124680648
349.90692975103087,700.135063398792,-999.44519996643101,32.210000000000001,-0.04074992715477526
349.91989279786793,700.00452920274597,-999.44519996643101,32.210000000000001,-0.040632343540874027
349.93285510482099,699.96457546464615,-999.79138374328602,32.479999999999997,-0.040538495199883562
349.9458112464186,699.63164627125502,-1002.10380554199,32.210000000000001,-0.040426914476545041
349.95876136546303,699.3064283979287,-1001.86371803284,32.409999999999997,-0.040309227381948698
349.97171240030872,699.35588166713774,-1002.39372253418,32.259999999999998,-0.040320783025531153
349.98466648161354,699.5203904605587,-1003.6633014679001,32.280000000000001,-0.040419539435458104
349.99761498947169,699.21942434008747,-1003.93462181091,32.280000000000001,-0.040546417650562286
350.0105650505667,699.30329913027663,-1003.31401824951,32.240000000000002,-0.040721536302559071
350.02352852684817,700.02771920014072,-1003.31401824951,32.280000000000001,-0.040700941657020304
350.0364956663297,700.22553200217703,-1003.2594203949,32.229999999999997,-0.040706725169612636
350.04946072689381,700.11327046222925,-1004.61673736572,32.229999999999997,-0.040666676229725258
350.06242992045924,700.33645253498162,-1004.62961196899,32.299999999999997,-0.040651295954177012
350.07540130159873,700.45458153146888,-1004.62961196899,32.299999999999997,-0.040766094913678642
350.08837475648397,700.56656380324557,-1004.03881072998,32.329999999999998,-0.041036440266854199
350.10134023303829,700.13573393259173,-1005.59663772583,32.329999999999998,-0.041186825062199103
350.11430169559134,699.91897786371351,-1004.91309165955,32.170000000000002,-0.041291705435260818
350.12726672407649,700.11153820044933,-1004.91309165955,32.369999999999997,-0.041165793728436345
350.14023857294694,700.47983900258362,-1004.03761863708,32.170000000000002,-0.041082828408850969
350.1532090196593,700.40412246705614,-1001.83033943176,32.170000000000002,-0.040983960239117843
350.16618157116045,700.51778106234019,-1001.83033943176,32.329999999999998,-0.040939835210270677
350.17916743436666,701.23661313619607,-1005.02038002014,32.159999999999997,-0.041026955263602678
350.19215942981373,701.56775414052652,-1005.17868995667,32.140000000000001,-0.041081231708621775
350.20515182779877,701.58949119377678,-1003.32021713257,32.140000000000001,-0.04113121682570646
350.21814260217906,701.50181653618381,-1003.22198867798,32.390000000000001,-0.041239006031080758
350.23113741021973,701.71963419564236,-1003.22198867798,32.390000000000001,-0.041233733709653712
350.24412863266906,701.52601226283025,-1004.73809242249,32.420000000000002,-0.041298888002002432
350.25711407988399,701.21414960537754,-1007.14325904846,32.420000000000002,-0.04143957152095748
350.27009226381728,700.8219323997281,-1008.13484191895,32.100000000000001,-0.041621942072225714
350.28306945951482,700.76856766686603,-1008.13484191895,32.509999999999998,-0.041822770403751985
350.29604514232966,700.68687200160593,-1009.40418243408,32.119999999999997,-0.041960311225582719
350.30901256845186,700.2410105970672,-1007.81536102295,32.119999999999997,-0.042056905932692193
350.3219807996519,700.28448480249563,-1005.85913658142,32.140000000000001,-0.04224935649978398
350.33495047336669,700.36238060035191,-1005.73039054871,32.140000000000001,-0.042346103323714766
350.34792038715557,700.37534460006111,-1006.67977333069,32.170000000000002,-0.042391709155515864
350.36089003500007,700.36098359997573,-1006.31761550903,32.170000000000002,-0.042306039895968262
350.37385914267782,700.33181459925618,-1006.31761550903,32.509999999999998,-0.04217180216464976
350.38683400075428,700.64233612865337,-1005.86462020874,32.509999999999998,-0.042093690070144373
350.39980808479874,700.60053840062039,-1005.6674480438199,32.399999999999999,-0.04192101044660617
350.41277723904324,700.33432920542907,-1003.81565093994,32.399999999999999,-0.041791596967092073
350.42574770541603,700.40518412908443,-1002.71105766296,32.229999999999997,-0.041758294941005594
350.43871441649014,700.20239800351089,-1002.71105766296,32.350000000000001,-0.04178359897503367
350.45167495496543,699.86907766540321,-1001.19829177856,32.259999999999998,-0.041951006277348379
350.46463101895307,699.62745533058285,-1002.60329246521,32.259999999999998,-0.041910677940948014
350.47758634823089,699.58778100355016,-1005.5091381073,32.240000000000002,-0.041704239944828747
350.49054484090004,699.75860413314808,-1005.5091381073,32.329999999999998,-0.041496522930932991
350.50350419763089,699.80526346755687,-1007.05099105835,32.280000000000001,-0.041311211469855204
350.51646608859255,699.94211192833166,-1006.24585151672,32.280000000000001,-0.041319373994500842
350.52942823308274,699.95580247156124,-1003.39221954346,32.210000000000001,-0.041467600191758533
350.54239964112594,700.45603433271754,-1003.39221954346,32.210000000000001,-0.041534733026871946
350.55537012612717,700.40619006718396,-1003.12185287476,32.329999999999998,-0.041576970576153394
350.56833553127905,700.13187819836344,-1004.24456596375,32.140000000000001,-0.041465684770943603
350.58129737671118,699.93965333737538,-1003.58891487122,32.380000000000003,-0.041227876726146466
350.59425961847165,699.96105506326967,-1003.66163253784,32.170000000000002,-0.040978059793559875
350.60721153703832,699.40360260311888,-1003.66163253784,32.380000000000003,-0.040745579948311753
350.6201650988728,699.4923390601399,-1003.45826148987,32.380000000000003,-0.04071859125477155
350.63312000595056,699.56498220033586,-1003.45826148987,32.140000000000001,-0.040783975273445135
350.64607717407279,699.68707859874883,-1003.24273109436,32.390000000000001,-0.040861343343694553
350.65903356195298,699.64494553236807,-1001.49846076965,32.43,-0.040878754936925873
350.67199312047029,699.81615993309038,-1001.40643119812,32.43,-0.04074762471816358
350.68495604416546,699.99787953921339,-1001.40643119812,32.119999999999997,-0.040584068951337926
350.69792505560616,700.3266177974283,-1002.2144317627,32.119999999999997,-0.040412686971107989
350.7108997243148,700.6321102683678,-1002.40039825439,32.119999999999997,-0.04023640106073377
350.72387177600621,700.4907913349416,-1001.1568069458,32.119999999999997,-0.040266542798124326
350.73684219581361,700.40266959985559,-1001.1568069458,32.409999999999997,-0.040311397363470114
350.74981204544446,700.37188006550912,-999.15099143981899,32.119999999999997,-0.040326177452370861
350.76277059606423,699.76173346675205,-998.98886680603005,32.450000000000003,-0.040225639111188295
350.77572375639511,699.4706578682185,-998.46458435058605,32.450000000000003,-0.03995651482699894
350.78867824748147,699.54251866402149,-999.10140037536598,32.119999999999997,-0.039784023537385423
350.80163176378403,699.4898803372796,-999.10140037536598,32.420000000000002,-0.039714744520968501
350.81457823204448,699.10928606374011,-999.70102310180698,32.409999999999997,-0.039641686404287051
350.82752452438888,699.09978659858268,-1000.33903121948,32.409999999999997,-0.039654450697832896
350.84047540401485,699.34749980228139,-1000.56934356689,32.159999999999997,-0.039581026261758342
350.85342675757909,699.37309246884786,-1000.56934356689,32.159999999999997,-0.039537580062920616
350.86637523956546,699.21802726276724,-999.49216842651401,32.43,-0.039513055234357955
350.87932635202225,699.36007266826596,-1000.03671646118,32.119999999999997,-0.039410107873173894
350.89227739411115,699.35627280086214,-998.47340583801304,32.119999999999997,-0.039384203652091207
350.90523495752848,699.70842453476246,-998.47340583801304,32.119999999999997,-0.039503876534399587
350.91818584957042,699.34817026463293,-999.20630455017101,32.469999999999999,-0.039580249123399032
350.93113410390129,699.20573386830586,-999.68242645263695,32.469999999999999,-0.039642919890158723
350.94408401598514,699.29525252682402,-998.84438514709495,32.119999999999997,-0.039608006675067933
350.95703680482222,699.45059720442759,-998.27909469604504,32.520000000000003,-0.039585777041121165
350.96998826186666,699.37868039890407,-996.70910835266102,32.549999999999997,-0.039571351888586424
350.98294095343215,699.44534453577512,-998.34156036376896,32.549999999999997,-0.039519688321043023
350.99590598916046,700.11192932867789,-998.34156036376896,32.159999999999997,-0.039472825204373681
351.00887539589638,700.34796373893789,-999.85098838806096,32.159999999999997,-0.039419436620303019
351.02184519275187,700.36903019793237,-998.93927574157703,32.159999999999997,-0.039372892221776749
351.03481701678652,700.47849786903203,-997.25317955017101,32.159999999999997,-0.039393586209421995
351.04779246573702,700.67424332925259,-997.25317955017101,32.579999999999998,-0.039300474648961484
351.06076462711724,700.49671453189774,-996.88410758972202,32.170000000000002,-0.039216732192136346
351.07372840866418,700.04420353527451,-998.24404716491699,32.560000000000002,-0.039142211898134521
351.0866872780025,699.77894426846206,-998.76308441162098,32.560000000000002,-0.039099995046376269
351.09964087915932,699.49446246663649,-998.76308441162098,32.210000000000001,-0.039211430897230157
351.11259277806539,699.40254093009867,-999.90487098693802,32.479999999999997,-0.03934857332033883
351.12553917492471,699.10543040095979,-1000.54025650024,32.43,-0.039402848730685322
351.13848711777905,699.18891413436836,-1000.04363059998,32.43,-0.039538130577955098
351.1514381133025,699.35375826613733,-1000.3063678741501,32.210000000000001,-0.039593819529394003
351.1644012781062,700.01089940025122,-1000.3063678741501,32.210000000000001,-0.039711717722137226
351.17736465608033,700.02241060420772,-999.52054023742699,32.229999999999997,-0.039838713903251208
351.19032992463963,700.12450220015842,-999.86481666564896,32.229999999999997,-0.039904736395529772
351.20330315807649,700.55460559324388,-1000.90837478638,32.329999999999998,-0.039958439560376195
351.21627224091856,700.33047347120066,-1000.70095062256,32.259999999999998,-0.039952168654495593
351.22923333922228,699.89930839959914,-1000.5738735199,32.310000000000002,-0.039998430552185722
351.24219606113081,699.98698306268795,-997.98417091369595,32.310000000000002,-0.040069031010703929
351.255158998279,699.99860600029376,-997.98417091369595,32.280000000000001,-0.040151665193937647
351.26811295023458,699.5134056015745,-998.55208396911598,32.259999999999998,-0.040240820704457371
351.28106293268519,699.29905233377178,-1000.62322616577,32.25,-0.040173875168087146
351.29401073894564,699.18153806471548,-1001.42502784729,32.25,-0.040017078733576315
351.3069637813087,699.46428760476113,-1001.42502784729,32.32,-0.039877336885669586
351.31992174209006,699.72988219343347,-1001.33538246155,32.32,-0.039650396339949351
351.33287829864321,699.65405386929694,-1001.33538246155,32.329999999999998,-0.039566052663127224
351.34583961736058,699.91121073728016,-1002.86531448364,32.329999999999998,-0.039596274081402101
351.35880866708891,700.32868533160411,-1002.21610069275,32.159999999999997,-0.039570775503785273
351.37177199435678,700.01967246478421,-1002.21610069275,32.420000000000002,-0.039649022121708358
351.38472592665062,699.51234386809813,-1005.09810447693,32.119999999999997,-0.039637658951555223
351.39767828707903,699.42746313431337,-1005.00297546387,32.119999999999997,-0.039637799684942326
351.41062964064321,699.37309246335167,-1006.01863861084,32.530000000000001,-0.039680435632131618
351.42357181447289,698.87738680427151,-1007.33685493469,32.140000000000001,-0.039634096125853932
351.43650979114079,698.65074006506336,-1007.1475505828899,32.159999999999997,-0.039697804798697271
351.44944932725679,698.73495026504838,-1007.20977783203,32.159999999999997,-0.039815459813761098
351.46239353447282,698.98718966532704,-1006.04057312012,32.579999999999998,-0.039984473129783329
351.47533763199999,698.9812664683709,-1005.46550750732,32.579999999999998,-0.040133260189921111
351.48828478116172,699.14605473331517,-1007.0815086364699,32.560000000000002,-0.040084017026627637
351.501239766884,699.56922900233678,-1007.1499347686801,32.560000000000002,-0.039879666226924092
351.51420626996287,700.19116626008577,-1006.19506835938,32.240000000000002,-0.039638804478856406
351.52717737894937,700.43988526997964,-1006.19506835938,32.329999999999998,-0.039365249168221685
351.54014883873344,700.45882833896576,-1005.20467758179,32.280000000000001,-0.039257671062317374
351.55312200801228,700.55114105869211,-1005.43117523193,32.280000000000001,-0.039148868785241049
351.56609724172347,700.66262040263882,-1005.43117523193,32.159999999999997,-0.03903316230438305
351.5790606724716,700.02526040033649,-1007.0173740387,32.409999999999997,-0.038934402788606291
351.59201446817156,699.50496779844525,-1005.79285621643,32.450000000000003,-0.038813016273510192
351.60497066150992,699.63444027200717,-1003.54814529419,32.450000000000003,-0.038805506709921556
351.61792749125067,699.66880599761066,-1003.54814529419,32.140000000000001,-0.038832496437523692
351.63088307405553,699.60147146433974,-1005.36608695984,32.140000000000001,-0.038815910617454756
351.64383685733702,699.50429719869362,-1008.31365585327,32.159999999999997,-0.03878620970494305
351.65679833851732,699.91998373586114,-1009.0878009796101,32.159999999999997,-0.038738893344168489
351.66976631722474,700.27085020303468,-1009.0878009796101,32.590000000000003,-0.038712575202748005
351.68273935508392,700.5440443946103,-1007.26819038391,32.140000000000001,-0.038740517984832669
351.69571388202473,700.62445480413567,-1007.26819038391,32.600000000000001,-0.038826611514599228
351.70868874630992,700.64267140104937,-1008.42046737671,32.600000000000001,-0.038957215017832503
351.7216632918765,700.62546059384329,-1009.10186767578,32.189999999999998,-0.039090182011401568
351.73463358854195,700.39601993632289,-1009.2022418975801,32.579999999999998,-0.039110605914892592
351.74759546708765,699.94144146598001,-1008.6505413055399,32.170000000000002,-0.039090592828637555
351.76055208262477,699.65723900377361,-1007.31086730957,32.579999999999998,-0.038989209052663336
351.77351195261724,699.8329795955799,-1006.93798065186,32.210000000000001,-0.038904490777235269
351.78647319993212,699.90735500305175,-1006.93798065186,32.210000000000001,-0.038864316625067633
351.79943525335801,699.95088499836061,-1006.69956207275,32.189999999999998,-0.0389149702250286
351.8124032372408,700.27112966906179,-1007.23624229431,32.189999999999998,-0.03909929448569769
351.82537920566051,700.70229466371939,-1004.14609909058,32.530000000000001,-0.039336865560443954
351.83835123148282,700.4893944060135,-1004.10628318787,32.25,-0.039487010281821951
351.85132358740623,700.50721986370661,-1004.10628318787,32.530000000000001,-0.039453753787131403
351.86430514376178,701.00404320003179,-1008.88824462891,32.530000000000001,-0.039269603374766981
351.87728886906416,701.12116632986749,-1007.43174552917,32.560000000000002,-0.039144535031149848
351.89027764213586,701.3937458709562,-1007.43174552917,32.560000000000002,-0.039255100612728681
351.90326340082589,701.2309692623711,-1004.57859039307,32.189999999999998,-0.039422414782804546
351.91624847758152,701.19414480291528,-1003.44085693359,32.590000000000003,-0.039678062829437054
351.92922805849872,700.89736952968417,-1004.56547737122,32.189999999999998,-0.039763678278681228
351.9421967056889,700.30694826736203,-1006.02006912231,32.189999999999998,-0.039743812133848914
351.9551589402061,699.96066392954515,-1005.73420524597,32.170000000000002,-0.039740918825085847
351.96812895747536,700.38093254110936,-1002.86841392517,32.170000000000002,-0.039693253735268455
351.98110267830373,700.58092473188265,-1005.43713569641,32.579999999999998,-0.039709222812706883
351.99407608765677,700.56410506389727,-1005.43713569641,32.159999999999997,-0.03984029922167464
352.007052063321,700.70268586889199,-1005.5615901947,32.579999999999998,-0.040027586121906412
352.02003958841976,701.32635533346058,-1002.769947052,32.579999999999998,-0.04031644409665204
352.03302669235438,701.30361246851896,-1000.88977813721,32.170000000000002,-0.04046825588637766
352.04601097645065,701.15134119723871,-1000.54216384888,32.57,-0.04054642075447832
352.05899763128019,701.27936079810388,-1001.5397071838401,32.560000000000002,-0.040606420694157798
352.07198668374809,701.40883326616972,-1002.27808952332,32.560000000000002,-0.040743081934049373
352.08497287188152,701.25415920480589,-1002.27808952332,32.159999999999997,-0.040882159438380902
352.09795613566166,701.09624412565279,-1002.33030319214,32.159999999999997,-0.041054606229642646
352.11093642438397,700.93559100600407,-1001.25694274902,32.140000000000001,-0.041192226731848816
352.12391327031736,700.74968040424881,-999.61209297180199,32.140000000000001,-0.041320118017230144
352.13689025180992,700.75700059608494,-999.61209297180199,32.560000000000002,-0.041303808489859942
352.14986490810128,700.63143973456795,-1000.5888938903799,32.159999999999997,-0.041228931190248674
352.16284149429868,700.7356546600713,-1000.6649494171101,32.590000000000003,-0.041169897756609793
352.17582160089637,700.92575627394683,-1000.04053115845,32.590000000000003,-0.041180434119233264
352.18879584119503,700.6089761268056,-999.03774261474598,32.590000000000003,-0.0412514888569364
352.20176240946671,700.19468667245417,-999.03774261474598,32.590000000000003,-0.041374299260563401
352.21472565188157,700.01509040137944,-998.36611747741699,32.170000000000002,-0.041404097443495491
352.22768825064941,699.98033346510749,-998.69251251220703,32.560000000000002,-0.041368124592364351
352.24064549017288,699.69093426702534,-998.69251251220703,32.189999999999998,-0.041272645401859855
352.25359642774691,699.35062899848526,-999.16696548461903,32.189999999999998,-0.041304555617828392
352.26654928798524,699.45445286720803,-998.16203117370605,32.189999999999998,-0.04152035961509188
352.27950487699763,699.60180667078362,-998.18062782287598,32.189999999999998,-0.041785160493544526
352.29245663930988,699.39516486044579,-997.75075912475597,32.189999999999998,-0.041952760268779678
352.30540076891612,698.98299873564679,-996.42038345336903,32.189999999999998,-0.041953135903075998
352.31834889389631,699.1987489323775,-996.01817131042503,32.579999999999998,-0.041824569926273876
352.33130391066305,699.57090540278818,-994.99702453613304,32.579999999999998,-0.041777578492899349
352.34426433323949,699.86281913009918,-994.60840225219704,32.600000000000001,-0.04174001618343303
352.35722860838769,700.07085800126924,-994.60840225219704,32.600000000000001,-0.041807476016614803
352.37019791785184,700.34271106478946,-995.26572227478005,32.600000000000001,-0.04196412447370719
352.38316385592844,700.16065613680655,-993.48163604736305,32.600000000000001,-0.042133159521416344
352.39612687068654,700.00279693547009,-993.46232414245605,32.140000000000001,-0.042233305672523133
352.40907828944438,699.3766129251843,-994.51088905334495,32.140000000000001,-0.042126976574411563
352.42202677763959,699.2183625406592,-994.51088905334495,32.549999999999997,-0.041872123255470871
352.4349775072186,699.33939726605206,-995.353221893311,32.170000000000002,-0.041653458028569713
352.44791995423589,698.89213893258534,-994.681835174561,32.57,-0.041495493302739064
352.46086455778146,699.0085914626693,-993.85976791381802,32.189999999999998,-0.0414965943334187
352.47382060107287,699.62633773577795,-993.21436882018997,32.579999999999998,-0.041456748213788468
352.48677807446177,699.70356299983462,-995.51510810852005,32.579999999999998,-0.041370220068705353
352.49973638604081,699.74882526791555,-995.52083015441895,32.57,-0.041222001114766552
352.51269731463702,699.89014419584566,-995.52083015441895,32.57,-0.040970703379938481
352.52566232346061,700.11047647246914,-993.70718002319302,32.579999999999998,-0.040787355974580483
352.53862798213953,700.14556866464898,-995.43285369873001,32.579999999999998,-0.040800292044541345
352.5515905167494,699.97686893055561,-995.00107765197697,32.159999999999997,-0.04091864969135918
352.56454613784075,699.60353893256365,-995.00107765197697,32.159999999999997,-0.041126401887583937
352.57749764766169,699.38153033243282,-994.92406845092796,32.189999999999998,-0.041229124698655938
352.59044816303589,699.32783020626289,-993.85976791381802,32.189999999999998,-0.041167741226850019
352.60339208361239,698.97171113089291,-993.213891983032,32.159999999999997,-0.041056009423296576
352.61633652469391,698.99981840363228,-993.213891983032,32.159999999999997,-0.040929794518926983
352.62929225754448,699.6095739291211,-993.11041831970203,32.57,-0.040949652385462457
352.64225480353701,699.97748359753075,-995.91946601867699,32.57,-0.041015885976905669
352.65521876720862,700.05403826733163,-995.85318565368596,32.560000000000002,-0.041080016848485432
352.66818262015806,700.04805926950291,-995.39804458618198,32.560000000000002,-0.041127524649034491
352.68115145568277,700.31711833227109,-994.90857124328602,32.57,-0.041064680036616348
352.69411934229265,700.26587693445742,-993.44611167907703,32.57,-0.040924275914581407
352.70708180446542,699.97295732950272,-993.83139610290505,32.119999999999997,-0.040750535618294705
352.72004140230496,699.81828333409078,-993.83139610290505,32.119999999999997,-0.040581558519884736
352.73299714653831,699.61018860159209,-995.60189247131302,32.159999999999997,-0.040526912650131613
352.74594987742591,699.44746793127968,-997.55811691284202,32.159999999999997,-0.04066178575083372
352.75889747569141,699.17030633777824,-998.22568893432594,32.170000000000002,-0.040756657512287818
352.77184573105677,699.20578972963449,-995.71037292480503,32.170000000000002,-0.040873308769636831
352.78479955262594,699.50636473286932,-995.71037292480503,32.560000000000002,-0.040853117695776042
352.79775699290121,699.70177486573402,-998.27599525451706,32.560000000000002,-0.040780973310115036
352.8107202218643,700.01436400625107,-998.14295768737804,32.140000000000001,-0.040779409723174967
352.82368949924944,700.34097879751357,-995.37277221679699,32.509999999999998,-0.040818847095321527
352.83667180169755,701.04433219953546,-994.47154998779297,32.549999999999997,-0.040936436917461939
352.8496537016087,701.02259520124528,-997.82180786132801,32.549999999999997,-0.041114057724650634
352.86263250331854,700.85529233012801,-997.65205383300804,32.159999999999997,-0.041234936150360141
352.87560911435185,700.73699579911863,-997.65205383300804,32.159999999999997,-0.041281288074744647
352.88858534975185,700.71671160207734,-994.97485160827603,32.159999999999997,-0.041303459761733115
352.90155458781487,700.33885540200924,-997.29728698730503,32.159999999999997,-0.041310755121732178
352.91451364652096,699.78917012874774,-997.86567687988304,32.170000000000002,-0.041349780641868367
352.92747254897284,699.78073240256253,-997.86567687988304,32.170000000000002,-0.041380770917763057
352.94043367211236,699.90064953315061,-1000.32520294189,32.560000000000002,-0.041413898062297158
352.95339807764566,700.07789879852635,-1000.93221664429,32.560000000000002,-0.041458521866543696
352.96636040943338,699.96591653774158,-1000.93221664429,32.159999999999997,-0.041520266482242364
352.97932804355185,700.25224239545241,-1001.72448158264,32.57,-0.041687644810670818
352.99229912666794,700.43848826960368,-1000.896692276,32.560000000000002,-0.041831314769813568
353.00526835231364,700.3381848682094,-1001.22857093811,32.560000000000002,-0.041967679022536536
353.01823015221237,699.93719453207518,-1002.65693664551,32.229999999999997,-0.042040710233353824
353.03118809229755,699.72876459862857,-1004.66990470886,32.229999999999997,-0.042107786154553101
353.0441478650186,699.82772693791935,-1004.66990470886,32.210000000000001,-0.042218101313505209
353.05710437086668,699.65131579582533,-1004.06837463379,32.210000000000001,-0.04227267888560466
353.07005311259019,699.23205306740078,-1002.8772354126,32.57,-0.042356121250123821
353.0830035431099,699.32324806591419,-1005.17225265503,32.189999999999998,-0.042496572971882127
353.09595624088394,699.44567979717908,-1005.84721565247,32.579999999999998,-0.042638202300881244
353.10890124800255,699.03038440472812,-1000.67353248596,32.579999999999998,-0.042838190371487769
353.12184249257911,698.82720713443803,-1001.36232376099,32.579999999999998,-0.04286627492102147
353.13479212423215,699.28010926478566,-1003.38673591614,32.579999999999998,-0.042814736565045877
353.14775112395427,699.78598499427108,-1003.38673591614,32.189999999999998,-0.042801316206119891
353.16071505451362,700.05225020467913,-1004.66632843018,32.549999999999997,-0.042850410358543652
353.17367938761106,700.07398726342512,-1003.39078903198,32.210000000000001,-0.042996047479052439
353.18664863912596,700.33958180263357,-1002.54917144775,32.210000000000001,-0.043266631869893858
353.1996231846926,700.62546059933925,-1002.47740745544,32.210000000000001,-0.043490458693495597
353.21259036349755,700.22765546912967,-1001.59096717834,32.210000000000001,-0.043665763611496745
353.22554835635799,699.73161446070947,-1003.77058982849,32.210000000000001,-0.043596015828849984
353.2385099420531,699.92562753823802,-1003.77058982849,32.210000000000001,-0.043420644684067033
353.25147888105806,700.32270626782338,-1005.52201271057,32.579999999999998,-0.04332077172092872
353.26444533963951,700.18876339855399,-1006.3080787658701,32.579999999999998,-0.043324784685496082
353.27740578084325,699.86382500224693,-1004.71997261047,32.579999999999998,-0.043513133293148966
353.29037095316545,700.11930539833077,-1004.71997261047,32.579999999999998,-0.04370797321932543
353.30334117222225,700.39182906709868,-1003.41725349426,32.57,-0.043781628418229454
353.31630602479009,700.10203866384393,-1003.41725349426,32.57,-0.043768193573072781
353.32926909749756,700.00592620312204,-1003.09348106384,32.159999999999997,-0.043594560896476946
353.34223634873831,700.23156699873459,-1003.53145599365,32.159999999999997,-0.043347155054153062
353.3552083476556,700.48794153331676,-1004.2126178741501,32.159999999999997,-0.043229303426562379
353.36818573272097,700.77879353264768,-1003.95965576172,32.159999999999997,-0.04326553290896655
353.38115908309027,700.56091994041253,-1001.06739997864,32.560000000000002,-0.04339277847823822
353.39413029555681,700.44547319454011,-999.855995178223,32.140000000000001,-0.043489220034769786
353.40710467969387,700.61674340163097,-999.55844879150402,32.530000000000001,-0.043467714761821277
353.42007343657286,700.31287146431816,-999.67169761657703,32.530000000000001,-0.043347710742754127
353.43304056984698,700.22519680122923,-1000.5145072937,32.549999999999997,-0.043209989865906205
353.44601222520868,700.46938953210326,-1000.5145072937,32.549999999999997,-0.04313437475058348
353.4589912214629,700.86579772788889,-999.47118759155296,32.549999999999997,-0.043174897630877944
353.47196566975799,700.62020793618274,-999.07135963439896,32.549999999999997,-0.043337187832910073
353.48493582982974,700.38864387216609,-999.71890449523903,32.140000000000001,-0.043544475402613185
353.4979081412568,700.50481706263099,-999.71890449523903,32.140000000000001,-0.043676800818763017
353.51088356433706,700.67284633437248,-998.884677886963,32.140000000000001,-0.043616855724059572
353.52385001567529,700.18837226482958,-1000.36191940308,32.140000000000001,-0.043460767095174664
353.53681770153338,700.25503633574863,-1000.36191940308,32.140000000000001,-0.043253023177348519
353.5497868681951,700.33499973373273,-998.45552444457996,32.140000000000001,-0.043154970432016188
353.5627616993666,700.6408832614527,-1000.34856796265,32.539999999999999,-0.0431521009235728
353.57573077496556,700.33008234297222,-1001.8355846405,32.539999999999999,-0.043174237426400273
353.58869394597906,700.01123472760708,-1001.8355846405,32.5,-0.043213687215941196
353.60165660269496,699.98346266131148,-999.46784973144497,32.5,-0.043193865566916213
353.61462182675791,700.1220993990828,-997.49994277954102,32.490000000000002,-0.04307292712184986
353.62758529579509,700.02732800596016,-997.31588363647495,32.490000000000002,-0.042889129577015128
353.6405485506271,700.0157609296831,-997.16687202453602,32.090000000000003,-0.042716936310973043
353.65351787354444,700.34343753686187,-997.16687202453602,32.090000000000003,-0.042736721742385762
353.66649198449386,700.60199126782118,-999.10306930542004,32.119999999999997,-0.042790548048742348
353.67946248294572,700.40691640185639,-998.29483032226597,32.119999999999997,-0.042827266992660443
353.69243200040484,700.35394279172692,-998.29483032226597,32.530000000000001,-0.042861999115822336
353.70540823477035,700.71665573525274,-996.34552001953102,32.140000000000001,-0.042884505043282062
353.7183827555013,700.62411947128385,-996.41180038452103,32.57,-0.042933628169184973
353.73135357784702,700.42440666959362,-997.58291244506802,32.57,-0.042934125909911733
353.74432630526542,700.52728059344929,-998.91281127929699,32.57,-0.042922614763357937
353.75730101950495,700.63456893626801,-998.91281127929699,32.57,-0.04301887005581892
353.77028006129018,700.86825640128507,-998.13103675842297,32.549999999999997,-0.043114675209108499
353.78325432125064,700.61003786577783,-998.36778640747104,32.549999999999997,-0.043180217552639011
353.79622810727165,700.58444513325935,-999.57227706909202,32.140000000000001,-0.043237071690565697
353.80920115237399,700.54443552833493,-999.57227706909202,32.140000000000001,-0.043234763046020169
353.8221705073704,700.34516980413787,-997.52712249755905,32.159999999999997,-0.043285425959255906
353.83513448346042,700.05470886158741,-995.04446983337402,32.159999999999997,-0.043345629755391808
353.84809665381857,699.9571993400333,-995.37062644958496,32.159999999999997,-0.043286345898413757
353.86106230525553,700.14517759687647,-995.37062644958496,32.159999999999997,-0.043266920580495846
353.87402593054685,700.03576573214536,-997.94530868530296,32.530000000000001,-0.043213617883818473
353.88698223460864,699.64041933578801,-995.09119987487804,32.530000000000001,-0.043153245415590707
353.89994046133444,699.74424319351863,-995.09119987487804,32.520000000000003,-0.043184314337391783
353.91290044205067,699.83895867584874,-994.96102333068802,32.520000000000003,-0.04327639730463631
353.92586165728642,699.90562273027979,-994.96102333068802,32.520000000000003,-0.043500221023304232
353.93881696690244,699.58671926457805,-993.23415756225597,32.520000000000003,-0.043733729462379002
353.95177445995313,699.70462473880684,-996.17791175842297,32.119999999999997,-0.043798262874119247
353.96473851365317,700.0588998022597,-996.17791175842297,32.119999999999997,-0.0437461429580457
353.9777058031828,700.2336345988623,-997.51710891723599,32.140000000000001,-0.043644369062765809
353.9906703566927,700.08588953515414,-994.58956718444801,32.140000000000001,-0.043563831390647477
354.00363780868514,700.24240759194731,-993.23582649231003,32.140000000000001,-0.043680987631024376
354.01660687186671,700.32941180367641,-995.03016471862804,32.140000000000001,-0.043862451695710632
354.0295673399753,699.86527786395152,-995.03016471862804,32.439999999999998,-0.044123749766190372
354.04251623691727,699.24043486630524,-992.75207519531205,32.439999999999998,-0.044316060633142779
354.05545856700127,698.88582453595268,-992.75207519531205,32.469999999999999,-0.04435545661319449
354.0684010398889,698.8935359329613,-994.088172912598,32.469999999999999,-0.044254598518890916
354.081335014974,698.43465459593676,-995.710849761963,32.43,-0.044002414990932943
354.09426690493206,698.32205773412909,-997.77245521545399,32.43,-0.04382861260696197
354.10720650003208,698.73813539952505,-997.49207496643101,32.090000000000003,-0.043844235026025892
354.1201527013136,699.09486920232621,-997.49207496643101,32.090000000000003,-0.043982469166437645
354.13309913025188,699.10716266823556,-996.11806869506802,32.140000000000001,-0.04421053350787392
354.14604209052965,698.91985500015221,-996.75107002258301,32.140000000000001,-0.044241842502522347
354.15899016997901,699.19629026447728,-996.57726287841797,32.119999999999997,-0.044067717261005439
354.17193843051854,699.20606913520578,-996.57726287841797,32.119999999999997,-0.043730493635458507
354.1848844889962,699.08715779432544,-996.11473083496105,32.560000000000002,-0.043372124847099215
354.19782941747036,699.0261376027272,-996.37007713317905,32.560000000000002,-0.043128715413257912
354.21077560012594,699.09386340162655,-997.18403816223099,32.560000000000002,-0.043129300077780791
354.22372643318397,699.34498513565222,-996.51193618774403,32.560000000000002,-0.043237464915924742
354.23667180972848,699.05033340082161,-994.67921257018997,32.530000000000001,-0.043376802156361333
354.24961407461973,698.88230412908013,-994.04740333557095,32.530000000000001,-0.043349999727705944
354.2625594325358,699.04932746821805,-994.10533905029297,32.090000000000003,-0.043216822667812835
354.27551452794825,699.575152270741,-994.42219734191895,32.090000000000003,-0.042991962076207202
354.28846727746179,699.44847373197922,-994.42219734191895,32.100000000000001,-0.042752434188754719
354.30142198999749,699.55447692898315,-997.17879295349098,32.100000000000001,-0.042645207916419937
354.31438620616171,700.06767286679258,-998.016357421875,32.439999999999998,-0.042587718408702527
354.32735613961233,700.37640633353715,-997.34258651733398,32.119999999999997,-0.042628147122289094
354.34031933649516,700.01263167302318,-998.14629554748501,32.409999999999997,-0.042689164272055685
354.3532822591568,699.99782372734876,-997.56073951721203,32.409999999999997,-0.042604648818716763
354.36624057694434,699.7491605293194,-998.98695945739701,32.399999999999999,-0.042491472429312768
354.37919552334449,699.56710560683234,-998.98695945739701,32.399999999999999,-0.042370230786395964
354.39214724736922,699.39309733726202,-1000.08296966553,32.43,-0.042329501981215878
354.40509560518024,699.21132179286633,-999.47118759155296,32.43,-0.042388923466138331
354.41804554934328,699.29698480509194,-1001.33371353149,32.140000000000001,-0.042391928533180911
354.4309990790988,699.49060679836009,-1001.33371353149,32.140000000000001,-0.042362225552748885
354.44394736550743,699.20746606413388,-1002.13670730591,32.119999999999997,-0.042301714420377445
354.45689697129006,699.27871226440971,-1001.4507770538301,32.119999999999997,-0.042208073039046994
354.46985393141733,699.67584687181159,-1000.2384185791,32.159999999999997,-0.04224575435123127
354.4828168809828,699.9992765340935,-1000.2384185791,32.159999999999997,-0.042268637981620082
354.49577757674814,699.8775713298611,-999.20892715454102,32.409999999999997,-0.042223218414093128
354.50874120203946,700.03576573214536,-1001.12414360046,32.409999999999997,-0.042137477753382918
354.52170884857532,700.25291293474822,-1000.66447257996,32.420000000000002,-0.041906225184240628
354.53467942463823,700.41110739748865,-1000.66447257996,32.420000000000002,-0.041698018709136267
354.54764494051489,700.13785733908821,-998.84557723999001,32.479999999999997,-0.041572845850762083
354.56060867653093,700.04174486737418,-999.05729293823197,32.479999999999997,-0.041475145973875444
354.57357291235678,700.06873459477288,-1004.19020652771,32.119999999999997,-0.041423711097780744
354.5865445542666,700.46866313147893,-1004.19020652771,32.119999999999997,-0.041524605411528588
354.59951309694202,700.30130447048111,-1000.87237358093,32.140000000000001,-0.041611252558922562
354.6124835571062,700.40484886768058,-1002.33864784241,32.140000000000001,-0.041757987604159393
354.62546185797294,700.82824680185672,-1002.33864784241,32.140000000000001,-0.041795719621815067
354.63844332844064,700.99940525881038,-1007.51256942749,32.140000000000001,-0.041753137484522099
354.65141958970997,700.71810854199737,-1007.51256942749,32.549999999999997,-0.041760582890979475
354.66439305080365,700.56689905915334,-1005.05352020264,32.549999999999997,-0.04180663472254912
354.67737179973824,700.85244246804712,-1004.23240661621,32.57,-0.041944056541153005
354.69035159486049,700.90893660046527,-1004.23240661621,32.57,-0.042055870095444869
354.70332930381977,700.79628380038503,-1005.27334213257,32.539999999999999,-0.042085885587714561
354.71630687721847,700.78896353160474,-1004.49371337891,32.539999999999999,-0.042092380009441745
354.72928823178887,700.99314680045029,-1003.44395637512,32.210000000000001,-0.042003581507788351
354.74226441441357,700.71386173450048,-1003.44395637512,32.210000000000001,-0.04191732241045662
354.75523769338156,700.55706427213613,-1002.47597694397,32.390000000000001,-0.041803349223506717
354.76821104375063,700.56091992942061,-1002.48646736145,32.280000000000001,-0.041674695288541209
354.78118551895062,700.62166079788744,-1003.18050384521,32.329999999999998,-0.041659316048479791
354.79416477493959,700.87982340611427,-1003.18050384521,32.329999999999998,-0.041720885783440298
354.80714171710986,700.75487719508453,-1003.0555725097699,32.159999999999997,-0.041802772838807345
354.82012029116299,700.84299886971462,-1004.45151329041,32.159999999999997,-0.041929542396901831
354.83310067715803,700.94084372961652,-1002.82502174377,32.140000000000001,-0.042023255179903775
354.84607808188395,700.77985520017194,-1002.82502174377,32.140000000000001,-0.042220185406819113
354.85905115285681,700.54583253420697,-1002.3136138916,32.119999999999997,-0.042370537088671341
354.87202179411236,700.41462779886513,-1007.0059299469,32.119999999999997,-0.042440339716294143
354.88499281307037,700.4350237350518,-1008.19396972656,32.509999999999998,-0.04254480202930986
354.89795882254816,700.16451179958699,-1008.19396972656,32.509999999999998,-0.042661270126097217
354.9109187701506,699.837170530756,-1006.53839111328,32.159999999999997,-0.042939733506482634
354.92387996572592,699.90456106825161,-1004.40740585327,32.530000000000001,-0.043213074612815337
354.93684205123083,699.9526172656366,-1003.47924232483,32.57,-0.043378005631740366
354.94979829009998,699.63689893441153,-1003.69477272034,32.57,-0.04355561401990625
354.96274762269513,699.26396013609587,-1004.38165664673,32.189999999999998,-0.043616177928010293
354.97569829432473,699.3362679984001,-1003.73244285583,32.189999999999998,-0.043599961531555834
354.98866088688391,699.97999819820757,-1004.13870811462,32.189999999999998,-0.043495334684833332
355.00162188067156,699.89366453127025,-1004.66322898865,32.189999999999998,-0.043284251457457804
355.01458321904943,699.9122724048043,-1004.66322898865,32.189999999999998,-0.043166049031377302
355.02754353814692,699.85723126599487,-1004.6756267547599,32.189999999999998,-0.043300547533778808
355.04050904057038,700.1371308670158,-1002.38800048828,32.560000000000002,-0.043438385343287034
355.05347080839135,699.93546233075119,-999.77231025695801,32.560000000000002,-0.043587492157258267
355.06643682407787,700.16484707198276,-1001.02710723877,32.549999999999997,-0.043653507405810824
355.0793993379927,699.97575140170284,-1000.2303123474099,32.549999999999997,-0.043648546561650625
355.09237277321478,700.56550199282538,-1000.04601478577,32.509999999999998,-0.043654758482643441
355.10534121861855,700.29605180182864,-1000.04601478577,32.509999999999998,-0.043547015843439459
355.11830553929883,700.07331673512158,-1000.89621543884,32.229999999999997,-0.043413606989810047
355.13127182196416,700.17926392790071,-1001.14703178406,32.229999999999997,-0.043360614735116244
355.14423962372103,700.26129487105266,-1001.31297111511,32.460000000000001,-0.043321714425937199
355.15720513338891,700.13752206669233,-1001.22404098511,32.240000000000002,-0.043340284998740229
355.17016568531608,699.86980406602765,-1000.71287155151,32.409999999999997,-0.043229175109958981
355.18312891427905,700.01436400075522,-998.97813796997104,32.240000000000002,-0.043118060049036039
355.19609085698153,699.94490593457988,-998.93307685852005,32.380000000000003,-0.043066427525436553
355.20904486791977,699.51659066460309,-998.93307685852005,32.380000000000003,-0.042991189078675641
355.22199846907665,699.49446247213245,-999.31001663207996,32.259999999999998,-0.042921240545625829
355.23495249243206,699.51726119290674,-1000.34070014954,32.329999999999998,-0.042828580156973772
355.24790810110613,699.60286839876392,-1000.07033348083,32.259999999999998,-0.042717975253052411
355.26086072747898,699.44182413439876,-1000.07033348083,32.280000000000001,-0.042727099109866731
355.2738123925198,699.38991220278535,-998.49200248718296,32.280000000000001,-0.042749762327714345
355.28676881972348,699.64706899932048,-998.37970733642601,32.280000000000001,-0.042808787483463492
355.29973041162719,699.92596279964187,-997.71237373352005,32.280000000000001,-0.042867948197099388
355.31268390930364,699.48887453108409,-997.71237373352005,32.280000000000001,-0.042891102946620359
355.32563935551366,699.59409533972689,-997.34544754028298,32.310000000000002,-0.04285837109658696
355.33860258447652,700.01436399525903,-997.53642082214401,32.310000000000002,-0.042674082020485976
355.35157129685928,700.31046866873839,-998.04520606994595,32.159999999999997,-0.042442051280245544
355.36453762402107,700.1816667344724,-999.26686286926304,32.159999999999997,-0.042318527897018926
355.37750162598155,700.05610586745945,-998.37374687194801,32.119999999999997,-0.042313713993467235
355.39046486839641,700.01509040137944,-995.86200714111305,32.119999999999997,-0.042470162734320291
355.40342768136793,699.99190046444073,-995.86200714111305,32.420000000000002,-0.042612435709880297
355.41638524581975,699.7084803960912,-995.16940116882301,32.119999999999997,-0.042569081608710591
355.42933646279141,699.36571647064284,-996.05989456176803,32.450000000000003,-0.042414103324390752
355.44229217494563,699.60845632882013,-999.14264678955101,32.450000000000003,-0.042122804249602214
355.45525592337901,700.04241540117403,-998.704433441162,32.43,-0.041860831486887448
355.46822156964078,700.14489813634532,-998.704433441162,32.43,-0.041801084039688803
355.48118527875192,700.04029200017362,-998.06642532348599,32.460000000000001,-0.041892369173798807
355.49415186668392,700.19574832898627,-999.04727935791004,32.460000000000001,-0.042173281931811524
355.50711575792093,700.05012679818276,-998.58331680297795,32.140000000000001,-0.042347394757766069
355.52006795588517,699.41869006978061,-998.58331680297795,32.140000000000001,-0.042352150712120354
355.53301788659513,699.2962583385156,-999.42445755004906,32.119999999999997,-0.04220535771615945
355.54596822708891,699.31838666289025,-999.314785003662,32.119999999999997,-0.041964761912843117
355.55892079551228,699.43869486125072,-999.314785003662,32.560000000000002,-0.041793449264125239
355.57187255161483,699.3948295385859,-1000.59413909912,32.140000000000001,-0.041770186895829405
355.58482671156548,699.52463733400771,-1000.61821937561,32.530000000000001,-0.041797691956340581
355.59778487930743,699.74105806453804,-1003.96323204041,32.530000000000001,-0.041896595309318697
355.6107529087198,700.27358827101011,-1001.90687179565,32.57,-0.041900083628720025
355.62371573514446,699.99262693101696,-1001.90687179565,32.57,-0.041687228820377141
355.63667717182835,699.91758092928944,-998.76976013183605,32.140000000000001,-0.041507433893281952
355.64964405778392,700.21184160184362,-998.81005287170399,32.579999999999998,-0.041273576724859019
355.66261386809265,700.36975667000479,-1000.21553039551,32.119999999999997,-0.041168791552567141
355.67557651239139,699.98279213300782,-1001.8424987792999,32.119999999999997,-0.041172175357313191
355.68853319208648,699.66070353282942,-1003.09801101685,32.119999999999997,-0.041143778297366713
355.70149573911368,699.97753946985131,-999.80759620666504,32.119999999999997,-0.041188136156658339
355.71444994459512,699.52709599641196,-1003.28779220581,32.140000000000001,-0.041136142487028772
355.72739951209019,699.27664473572986,-1003.65352630615,32.140000000000001,-0.040994769789099127
355.74034786369265,699.21098653146225,-1003.65352630615,32.439999999999998,-0.040920409891538549
355.75329541642594,699.16784759842994,-1001.39951705933,32.439999999999998,-0.040964274148793826
355.76624226756422,699.1299614659539,-1004.5661926269501,32.460000000000001,-0.04119083285309811
355.77919038633468,699.19841360502176,-1004.5661926269501,32.460000000000001,-0.041421676674654961
355.79213980378393,699.26854225995669,-1005.5327415466299,32.450000000000003,-0.041571341247793804
355.80509356740498,699.50323553666533,-1004.01544570923,32.450000000000003,-0.041683442476895496
355.81804978661228,699.63583719543919,-1003.06248664856,32.119999999999997,-0.041737817227312915
355.83100258165797,699.45093246583144,-1003.06248664856,32.119999999999997,-0.041799496651818382
355.84395222055434,699.28050040400626,-1003.72648239136,32.439999999999998,-0.041901773462307619
355.85690543159006,699.47339593069808,-1004.46653366089,32.119999999999997,-0.041944087586012917
355.86985405638029,699.22573867076812,-1004.46653366089,32.090000000000003,-0.042068232886149054
355.88279903038517,699.02859626513157,-1004.1873455047599,32.090000000000003,-0.04213240101113324
355.89574568698026,699.11945613414503,-1003.21292877197,32.509999999999998,-0.042111079933215445
355.90870373778893,699.73474366790538,-1003.49259376526,32.509999999999998,-0.042025045387929567
355.92165746933085,699.50150326389337,-1003.49259376526,32.560000000000002,-0.041846262497762021
355.9346126164827,699.57794620004506,-1003.82494926453,32.560000000000002,-0.041779201063607649
355.94757158412722,699.78425280393913,-1005.47957420349,32.159999999999997,-0.041799946791091565
355.96053453990123,699.99961179549746,-1005.92613220215,32.600000000000001,-0.041896010645101157
355.97349831420496,700.04381240154999,-1006.7765712738,32.189999999999998,-0.042062965738899262
355.98646003649498,699.93300366285087,-1006.7765712738,32.189999999999998,-0.042096692033881583
355.99941809454685,699.7351348016299,-1007.23695755005,32.560000000000002,-0.042075205386871962
356.01237888034069,699.88243286478894,-1008.6147785186801,32.210000000000001,-0.042048818949528027
356.02533365082468,699.55760613617895,-1009.33408737183,32.189999999999998,-0.042004263442629829
356.03828141879745,699.17947053053967,-1009.33408737183,32.189999999999998,-0.042125456449318664
356.05122929645927,699.18539373848785,-1008.7354183197,32.509999999999998,-0.042323118282179599
356.06418545668265,699.63265206096276,-1009.03654098511,32.509999999999998,-0.042549263064517638
356.07714402178891,699.76251573969705,-1010.76555252075,32.479999999999997,-0.042684941241774937
356.09010063732728,699.65723906972551,-1010.76555252075,32.479999999999997,-0.04264382335114756
356.10306296290617,699.96558125984984,-1008.22925567627,32.409999999999997,-0.042610510976095924
356.11602897859257,700.1648470664868,-1006.1023235320999,32.409999999999997,-0.042637550374496853
356.12899670377408,700.25715980270104,-1004.9467086792,32.259999999999998,-0.042664119974030898
356.1419644341284,700.25743913132828,-1004.9467086792,32.259999999999998,-0.042718103569350477
356.1549336918531,700.33991713548539,-1004.49156761169,32.210000000000001,-0.042679150485049486
356.16790502849517,700.45217866993721,-1004.01878356934,32.210000000000001,-0.042605563584002699
356.18088162711115,700.73632526531901,-1003.41129302979,32.280000000000001,-0.042429950295093402
356.19385309413946,700.45921952765013,-1003.41129302979,32.280000000000001,-0.042183072202360485
356.2068209610876,700.26481520098116,-1002.46834754944,32.25,-0.042008114977508219
356.2197973392901,700.72442293313406,-1003.57007980347,32.25,-0.042049959300921737
356.23277497063953,700.79209287070478,-1003.09753417969,32.189999999999998,-0.042180982935479998
356.24574836653949,700.56337859732082,-1003.74126434326,32.189999999999998,-0.042375161622404407
356.25871734486668,700.32482966882378,-1005.43618202209,32.119999999999997,-0.042413880841690114
356.27169742662835,700.92441512940331,-1005.13887405396,32.119999999999997,-0.042329090129307287
356.28467457058514,700.76577366611389,-1005.13887405396,32.439999999999998,-0.042182353014012797
356.29764812274078,700.57181640594592,-1005.02610206604,32.439999999999998,-0.042105784845734219
356.31062255137527,700.61914626316252,-1006.17289543152,32.119999999999997,-0.042134112575186421
356.32359761020371,700.65317673285824,-1004.5211315155,32.520000000000003,-0.042343700511647119
356.33657452753835,700.75353607252509,-1004.37688827515,32.57,-0.042582723415359271
356.34954782616791,700.55812599462035,-1004.37688827515,32.57,-0.042787030752910314
356.36252354106165,700.68860426338586,-1004.11510467529,32.140000000000001,-0.04274741022162698
356.37549804834077,700.6233930706594,-1003.8871765136701,32.140000000000001,-0.042512038101677724
356.38847197716416,700.59215646431608,-1003.59106063843,32.170000000000002,-0.04225362402607561
356.40144704220251,700.65351207120602,-1002.6640892028799,32.170000000000002,-0.042158284535405169
356.41442716846046,700.92681793047905,-1001.78837776184,32.210000000000001,-0.042256263808397691
356.42741353871969,701.26399399731906,-1001.31154060364,32.210000000000001,-0.042492418239662169
356.44040189580005,701.37128234013755,-1001.31154060364,32.520000000000003,-0.04264682427899083
356.45338396438279,701.03170346672607,-1001.76787376404,32.520000000000003,-0.042759654008697204
356.46637004800124,701.24851539693293,-1001.40166282654,32.490000000000002,-0.042687403038221494
356.47935133737781,700.98962633312181,-1001.50203704834,32.490000000000002,-0.042578841869682901
356.49232743618404,700.70933553792042,-1002.34532356262,32.259999999999998,-0.042392419029978111
356.50530177375555,700.61422886140997,-1002.68864631653,32.439999999999998,-0.042286377607490593
356.51828045128889,700.84858679977083,-1002.68864631653,32.240000000000002,-0.042372598415727505
356.53125953860621,700.87071513513752,-1001.77431106567,32.240000000000002,-0.0425888132301252
356.54423863213094,700.87105033608532,-999.77231025695801,32.25,-0.042756586852850803
356.55721315803578,700.62439886036691,-999.77231025695801,32.25,-0.042749975496631315
356.57018508555188,700.48408587053643,-999.29380416870094,32.399999999999999,-0.042572540955752323
356.58315389520618,700.31572133189491,-1000.06914138794,32.25,-0.042397269151040293
356.59611718936043,700.01788433068361,-1000.25272369385,32.259999999999998,-0.04226484542837259
356.60908074946047,700.03224540221686,-998.51298332214401,32.259999999999998,-0.042233102851451758
356.62204916278523,700.29431953455276,-996.84691429138195,32.170000000000002,-0.042248542110055798
356.63501812766054,700.32410326819934,-999.20749664306595,32.170000000000002,-0.042310298110511776
356.64798386498524,700.14981553260179,-999.09448623657204,32.210000000000001,-0.042371508769194523
356.66094322792355,699.80559866850479,-999.09448623657204,32.210000000000001,-0.04244319266743142
356.67390338455687,699.84845820146199,-997.64251708984398,32.329999999999998,-0.042475940038775216
356.68686245568148,699.78984072849948,-995.11051177978504,32.329999999999998,-0.042571807280461511
356.69981880527405,699.64287799819226,-995.87368965148903,32.280000000000001,-0.04270426411590944
356.71277708373958,699.74703713931081,-995.87368965148903,32.280000000000001,-0.042855665087483077
356.72574634767284,700.34025239688924,-997.17593193054199,32.299999999999997,-0.042967508650842701
356.73871901610619,700.52409539851669,-997.48396873474098,32.299999999999997,-0.042965912984064783
356.75168387591845,700.10242986352046,-996.34122848510697,32.210000000000001,-0.042943013831347791
356.76464876780864,700.10416207034052,-994.61054801940895,32.210000000000001,-0.042959960797548581
356.77761569308768,700.21396506879603,-994.61054801940895,32.159999999999997,-0.042997632796661647
356.79057703146538,699.91227239381226,-993.35336685180698,32.159999999999997,-0.043086044283332514
356.80353560278019,699.7628510011009,-993.86000633239701,32.140000000000001,-0.043081080334136719
356.81649318585801,699.70948620228671,-993.63803863525402,32.140000000000001,-0.043025172004930994
356.82944802153463,699.56112653755542,-992.63954162597702,32.479999999999997,-0.043032565671549707
356.84240009014815,699.41170512835606,-992.04945564269997,32.479999999999997,-0.042994025474135243
356.8553475456111,699.16259500122544,-993.278026580811,32.539999999999999,-0.042975598739042463
356.86829292836302,699.05066860176942,-995.93949317932095,32.539999999999999,-0.043019891406021339
356.88124478173711,699.40008220174241,-995.93949317932095,32.549999999999997,-0.043081970264125038
356.89419602457906,699.36711346552283,-996.14787101745605,32.549999999999997,-0.043251313682945887
356.90714804041733,699.40885526627528,-994.62795257568405,32.189999999999998,-0.043370719585321411
356.92010106415432,699.46328179856562,-994.74859237670898,32.189999999999998,-0.043375798398341193
356.93306086895313,699.82945913374726,-995.42832374572697,32.579999999999998,-0.043378941093124616
356.94602183066303,699.89193233544222,-995.47839164733898,32.159999999999997,-0.043409559874940065
356.95897964864196,699.72217086237674,-992.12074279785202,32.140000000000001,-0.043599476209953657
356.97194181796544,699.95714346771274,-991.04571342468296,32.140000000000001,-0.043811681162376916
356.98490426151238,699.97195153429902,-991.04571342468296,32.590000000000003,-0.043975377661368331
356.99786705482353,699.99083880241244,-992.93255805969204,32.590000000000003,-0.044036829430420817
357.0108221181568,699.57341999796904,-992.93255805969204,32.57,-0.043924170442762187
357.02377614772098,699.51759646530263,-993.38793754577603,32.57,-0.043748032507974412
357.03672946948149,699.47937506592689,-993.99042129516602,32.479999999999997,-0.04357780847244002
357.04968126490741,699.39695300004234,-991.05978012084995,32.479999999999997,-0.043413098901339459
357.0626323514926,699.35867560193788,-991.33110046386696,32.240000000000002,-0.043371732656616334
357.07558859036175,699.63689893441153,-991.33110046386696,32.240000000000002,-0.043370303593704626
357.08854976006671,699.90316406787542,-990.63158035278298,32.439999999999998,-0.04332896218468623
357.10151453502465,700.09784772866783,-990.56839942932095,32.240000000000002,-0.043209670111563861
357.1144759903346,699.91858673548495,-993.05558204650902,32.280000000000001,-0.04305227349152508
357.12743360652712,699.71127439684335,-994.67825889587402,32.280000000000001,-0.042955075494055625
357.14039506183701,699.91858673548495,-994.30370330810501,32.25,-0.042969843165053118
357.15335030729625,699.58325479597818,-994.96483802795399,32.25,-0.043007737647070367
357.16630119933825,699.348170270129,-995.597362518311,32.299999999999997,-0.043091151035260608
357.17925422824948,699.46356120413679,-995.39256095886196,32.210000000000001,-0.043156249448367795
357.19220800532224,699.5039619317937,-996.28162384033203,32.140000000000001,-0.043190244792119289
357.20516129500373,699.47764279865089,-996.44446372985794,32.140000000000001,-0.043131048894627731
357.21811787121857,699.65511560277309,-996.44446372985794,32.450000000000003,-0.043088885852460471
357.23108562123463,700.25850086480455,-997.566699981689,32.450000000000003,-0.04307918664449982
357.24406079078773,700.65915586808694,-997.566699981689,32.100000000000001,-0.043157457063556802
357.25703807237284,700.7732055970954,-996.44088745117199,32.43,-0.043269690746730982
357.27001328021242,700.66122333631085,-996.84309959411598,32.579999999999998,-0.043367277830360179
357.28298989849014,700.73738699879516,-996.74034118652298,32.579999999999998,-0.043300062211158855
357.2959643467853,700.62020793618274,-996.61493301391602,32.159999999999997,-0.043106708262113561
357.30893205230495,700.25609806372881,-997.77317047119095,32.159999999999997,-0.042860008155866831
357.32189474834325,699.98558606780807,-997.85876274108898,32.210000000000001,-0.04271072542424572
357.33486419440129,700.35008713444245,-998.68083000183105,32.210000000000001,-0.042682186596239541
357.34783783141114,700.57639852980662,-998.68083000183105,32.210000000000001,-0.042736796248075061
357.3608028329914,700.11008533324855,-999.80258941650402,32.210000000000001,-0.042728623375278496
357.37376194343818,699.79196412949989,-1001.2905597686801,32.439999999999998,-0.042702070334068344
357.38672512686918,700.01190527239885,-1001.2905597686801,32.439999999999998,-0.04258093527616981
357.39968430871727,699.79581979777618,-1001.12056732178,32.240000000000002,-0.042457307378186135
357.41263572023081,699.37622173100374,-1003.87263298035,32.259999999999998,-0.042296488664713611
357.42559446021977,699.77195940398167,-1005.18894195557,32.159999999999997,-0.042191445827697432
357.43856426431864,700.36942133715286,-1005.18894195557,32.159999999999997,-0.042198049938562465
357.45153855015059,700.61143492660983,-1004.96602058411,32.43,-0.042332517397528947
357.46451351170742,700.64792406970184,-1004.37474250793,32.43,-0.042430612568407397
357.47748413330123,700.41356606538886,-1002.7174949646,32.509999999999998,-0.042521685568171257
357.49044985096543,700.14875386507754,-1002.7174949646,32.509999999999998,-0.042552869353287434
357.50341254700373,699.98558606780807,-1002.36177444458,32.549999999999997,-0.042620007362679867
357.51636518061969,699.4422152626272,-1001.97911262512,32.549999999999997,-0.042687308870597594
357.52931459806916,699.26854227094861,-1001.97911262512,32.170000000000002,-0.042691715062050668
357.5422733566827,699.77296513323324,-1001.56402587891,32.170000000000002,-0.042678556508676725
357.55523526109766,699.94283840590003,-1002.08473205566,32.159999999999997,-0.042640883475603505
357.56819574162353,699.86594839775125,-999.58753585815396,32.159999999999997,-0.042618131264512797
357.5811624392457,700.20167159739049,-998.77882003784202,32.210000000000001,-0.042644762951629334
357.59413812930364,700.68726312983438,-1000.61821937561,32.210000000000001,-0.04262372540850784
357.60711631944565,700.82226766662791,-1000.61821937561,32.490000000000002,-0.042681882364530702
357.62008840942593,700.49285893506931,-1002.54988670349,32.490000000000002,-0.042774172292860124
357.63305749226799,700.33047347120066,-1003.18956375122,32.210000000000001,-0.042806877236825809
357.6460233320384,700.15534760132948,-1003.40366363525,32.43,-0.042851594173311199
357.65898661998398,700.0175490637838,-1004.40549850464,32.399999999999999,-0.042863752071970358
357.67194193580866,699.58705453147797,-1005.5401325225801,32.399999999999999,-0.042855867908554453
357.68489176303945,699.29067046341925,-1003.69620323181,32.259999999999998,-0.042963278375411057
357.69785097075805,699.79721680364833,-1003.69620323181,32.259999999999998,-0.043139329387013384
357.7108115423469,699.8708657995038,-1003.52931022644,32.280000000000001,-0.043387571348920372
357.7237689629618,699.70071320370573,-1005.05638122559,32.280000000000001,-0.043578179967740591
357.73672639806301,699.70149546565881,-1004.5280456542999,32.32,-0.043616839167873012
357.74969073115926,700.07398719747323,-1004.5280456542999,32.32,-0.043538428014207597
357.76265310227035,699.96803999919803,-1002.21681594849,32.159999999999997,-0.043430981329331611
357.77561387564566,699.8817622650372,-1000.98776817322,32.159999999999997,-0.043420843365531987
357.78857956640377,700.14730093742094,-1000.7693767547599,32.140000000000001,-0.043501788749647156
357.80154988376665,700.39713759707979,-1000.7693767547599,32.140000000000001,-0.043660786209623319
357.81452616987167,700.71944967005277,-1002.60210037231,32.159999999999997,-0.043952905883600554
357.82749437520135,700.28308780211944,-1002.72655487061,32.159999999999997,-0.044174248146228216
357.84046161919883,700.23117586500996,-1000.5190372467,32.329999999999998,-0.044242497533738774
357.85342588089384,700.07013152919694,-1000.04363059998,32.329999999999998,-0.044174073263759835
357.86638929198148,700.02419873281235,-1002.68864631653,32.390000000000001,-0.04408945950339415
357.87935374304698,700.08035753787453,-1005.23567199707,32.390000000000001,-0.044157262891848618
357.892322616858,700.31918579499882,-1005.23567199707,32.520000000000003,-0.044364856761893327
357.90529758462469,700.64825940255355,-1004.60886955261,32.520000000000003,-0.04463487097759767
357.91827146170868,700.5893625350119,-1004.13298606873,32.210000000000001,-0.044840594960564271
357.93123998575805,700.30029866428549,-1002.0129680633499,32.210000000000001,-0.044932168804970939
357.9442046106692,700.08974520343054,-1002.0129680633499,32.210000000000001,-0.044848852687099296
357.95717235551115,700.25822146472933,-1003.9439201355,32.210000000000001,-0.044653740608034072
357.97013378495188,699.91718980106089,-1003.9439201355,32.210000000000001,-0.044404787735770904
357.98309418165809,699.86142213521919,-1003.0300617218001,32.210000000000001,-0.044284470172025477
357.99605798183211,700.0452093964301,-1002.49004364014,32.259999999999998,-0.044333517758075362
358.00902555075805,700.2487219995719,-1001.65891647339,32.259999999999998,-0.04447367352693056
358.02198831198893,699.98910646918455,-999.03178215026901,32.159999999999997,-0.044592173975870043
358.03494738311355,699.78984072849948,-997.09725379943802,32.159999999999997,-0.044572287134430531
358.04791021574692,699.99296220341284,-997.33424186706497,32.119999999999997,-0.044437809329959339
358.06087800508521,700.26062426580495,-997.33424186706497,32.119999999999997,-0.044365788085197824
358.0738557668198,700.79913366796166,-996.54316902160599,32.469999999999999,-0.044303152502700907
358.0868361269433,700.9394466687844,-998.44312667846702,32.469999999999999,-0.044332969312284316
358.09982141169382,701.20537652985251,-999.73583221435501,32.530000000000001,-0.044444991895683177
358.1128057278691,701.1530734645147,-999.73583221435501,32.530000000000001,-0.044598290695991243
358.12578298254937,700.77175273539069,-995.82314491271995,32.57,-0.044776295414348209
358.13874907067287,700.16875866753981,-995.089292526245,32.57,-0.044832827730724667
358.15171374835927,700.09259506551132,-995.089292526245,32.189999999999998,-0.044698434778159934
358.1646793025235,700.13992486776806,-996.65856361389206,32.189999999999998,-0.044458300495413661
358.17764002415925,699.87896833023706,-999.037265777588,32.240000000000002,-0.04412540752014367
358.190603928847,700.05085313835104,-999.01652336120605,32.240000000000002,-0.043992337045879494
358.20357597329513,700.49040020121708,-997.658729553223,32.25,-0.043930857338122242
358.21654634239758,700.39993153187993,-997.18356132507301,32.25,-0.043873988712539981
358.22950883665061,699.97468966273061,-997.18356132507301,32.329999999999998,-0.043769263558485393
358.24246866214577,699.8305767395442,-997.28345870971702,32.329999999999998,-0.043591042565666975
358.25543217671361,700.02978666286867,-997.28345870971702,32.359999999999999,-0.043369907264633106
358.26839787368147,700.14763626477668,-994.15469169616699,32.359999999999999,-0.043233097013362927
358.28136885952591,700.43323560095121,-994.20309066772495,32.299999999999997,-0.043077603395828709
358.29434119061483,700.5058788016031,-998.46696853637695,32.299999999999997,-0.043117747538826814
358.30731482038021,700.57600733013021,-996.90937995910599,32.259999999999998,-0.043208727405130494
358.32028474762222,700.37607106663745,-996.90937995910599,32.259999999999998,-0.04328359953209119
358.33324171395799,699.67618213321566,-994.14539337158203,32.259999999999998,-0.043274180756944579
358.34619288539756,699.36325773679062,-993.36433410644497,32.310000000000002,-0.043129969595431458
358.35914605090255,699.47093726829371,-996.043920516968,32.299999999999997,-0.042979035319521117
358.37210642173818,699.86002512385107,-998.04258346557594,32.299999999999997,-0.042931949719031581
358.38506584987044,699.80911914132923,-997.01380729675304,32.189999999999998,-0.042964220046357596
358.39803262613708,700.20591839939141,-995.83697319030796,32.189999999999998,-0.043178098275978329
358.41100779569007,700.65915586259098,-996.37365341186501,32.170000000000002,-0.043354604600013308
358.42397905368762,700.4479318679364,-996.37365341186501,32.170000000000002,-0.043411864381609405
358.43693907993588,699.841417404205,-993.82519721984897,32.119999999999997,-0.043292517463714549
358.44989260348143,699.4902714600122,-994.17233467102005,32.119999999999997,-0.04305108139835892
358.46284400257775,699.37555120269997,-994.29512023925804,32.43,-0.042791511448729579
358.47579596667651,699.40606133147526,-994.29512023925804,32.43,-0.042644404909413507
358.48874057022232,699.00859147366123,-996.92130088806096,32.509999999999998,-0.042570739363274553
358.50168358224073,698.92264899540828,-995.99504470825195,32.509999999999998,-0.042677956321622121
358.51462651561479,698.91840219890344,-994.63582038879395,32.539999999999999,-0.042730360808793007
358.52756759151856,698.81809880300523,-994.63582038879395,32.539999999999999,-0.042770849540515077
358.54050547815808,698.64587853563148,-994.11177635192905,32.119999999999997,-0.042675966396033882
358.55344370835314,698.66443053134901,-992.56920814514206,32.119999999999997,-0.042518059618993534
358.5663929312592,699.25803692814782,-992.06280708313,32.119999999999997,-0.042435853845178076
358.57935043051845,699.70496000021069,-994.40121650695801,32.119999999999997,-0.042416406795471477
358.59230432348897,699.51022040664168,-996.76871299743596,32.189999999999998,-0.042465270185778212
358.60526219941727,699.7253001300287,-996.88172340393101,32.189999999999998,-0.042599169537222599
358.61822210252348,699.83476773517646,-995.84698677063,32.600000000000001,-0.042660329491451723
358.63117855559636,699.64846593374455,-995.84698677063,32.600000000000001,-0.042725918400338334
358.64412843456671,699.2934643982195,-995.511293411255,32.210000000000001,-0.042718632352596264
358.65707923554697,699.34325293432835,-995.58997154235794,32.509999999999998,-0.042631466768886107
358.67003203783582,699.45132359955608,-995.95475196838402,32.43,-0.042567592527765159
358.68298335207783,699.37096906784734,-995.95475196838402,32.43,-0.042599879411786619
358.69593237319759,699.24714046811039,-996.47068977356003,32.259999999999998,-0.042635153771584389
358.70888244050246,699.30363446312845,-995.18847465515103,32.259999999999998,-0.042719921717404137
358.72183475539879,699.42500440046115,-994.58861351013195,32.310000000000002,-0.042687914229692113
358.7347860044494,699.36744873242287,-994.94886398315396,32.280000000000001,-0.04260094525932303
358.74773544155926,699.26960393297691,-994.47131156921398,32.359999999999999,-0.042506297015140401
358.76069036105434,699.56565273413571,-994.48132514953602,32.359999999999999,-0.042471362070296462
358.77365559132591,700.12243466598272,-995.91088294982899,32.140000000000001,-0.042479427324827047
358.78661541578646,699.83052086722364,-998.04067611694302,32.140000000000001,-0.042440177251423683
358.79956918561612,699.50357080356525,-999.65667724609398,32.090000000000003,-0.042392609434062228
358.81252340455063,699.5278224629883,-999.66979026794399,32.090000000000003,-0.042385388579548912
358.82547449837898,699.35906673016643,-998.68106842041004,32.490000000000002,-0.042334306569966125
358.83842011499758,699.06329740602678,-997.86758422851597,32.140000000000001,-0.042289817291478175
358.85136376341978,698.95701479795582,-996.25945091247604,32.560000000000002,-0.042241012883718343
358.86431051107786,699.12437353589758,-996.25945091247604,32.560000000000002,-0.042242414007721725
358.87726614562229,699.60426539913999,-997.4365234375,32.119999999999997,-0.042346998428185657
358.89022302710373,699.67159999836281,-999.03798103332497,32.57,-0.042353504233652375
358.90317894104447,699.61935279984971,-998.78954887390103,32.539999999999999,-0.042209844622355233
358.91614800422593,700.32941179818044,-1000.1974105835,32.539999999999999,-0.042082938468851611
358.92912131527294,700.55879653941213,-1001.57713890076,32.140000000000001,-0.041930356787953128
358.94209362049014,700.50448172977906,-1001.57713890076,32.140000000000001,-0.041954381804102929
358.9550630334345,700.34829899484578,-1000.69832801819,32.170000000000002,-0.042024045767480284
358.96802850378015,700.13539866569192,-1001.2571811676,32.170000000000002,-0.042159001653084532
358.98099531937049,700.20804187733586,-1001.2571811676,32.57,-0.042273090738429248
358.99395661221604,699.90981365996004,-1002.25734710693,32.189999999999998,-0.042230866641927212
359.00691114262588,699.54464213097378,-1003.15713882446,32.579999999999998,-0.042083225109904837
359.01987329953215,699.95647293940897,-1004.77075576782,32.579999999999998,-0.041869114049025428
359.03284341510732,700.38624106009854,-1005.13696670532,32.560000000000002,-0.04170570936322892
359.04581341892475,700.38020614048492,-1004.97651100159,32.560000000000002,-0.041735060512737635
359.05878680861605,700.56304333042101,-1005.78546524048,32.469999999999999,-0.041869470021081816
359.07176682518644,700.92089479947492,-1003.91888618469,32.469999999999999,-0.041999777572327986
359.08474959536539,701.06958966515401,-1003.91888618469,32.240000000000002,-0.042066118783360286
359.09772711599015,700.78611373547596,-1005.23018836975,32.240000000000002,-0.0419011505111326
359.1107009734136,700.58830086748753,-1005.23018836975,32.25,-0.041707205689630579
359.12367919046056,700.82372053382869,-1003.91292572021,32.25,-0.041474956605481707
359.13666190890001,701.06679573035376,-1003.91292572021,32.359999999999999,-0.041240168114975606
359.14964427654076,701.04785260091182,-1004.6324729919399,32.359999999999999,-0.041160010214724464
359.16262039397282,700.71034133312389,-1005.54609298706,32.079999999999998,-0.041138394217761942
359.17559459598516,700.60690866407776,-1004.62174415588,32.079999999999998,-0.041138332129975891
359.18857183100494,700.77069106786644,-1004.21500205994,32.159999999999997,-0.041069134862872503
359.2015433435642,700.46167820104654,-1004.49371337891,32.159999999999997,-0.040818362807068846
359.21451562808636,700.50336419543021,-1005.0187110900901,32.210000000000001,-0.040630724074183541
359.22749669601484,700.97766813960823,-1006.8211555481,32.210000000000001,-0.040471650038765759
359.24048040269133,701.12016052916795,-1008.78381729126,32.329999999999998,-0.040477069301208417
359.25346092527906,700.94821973881335,-1008.78381729126,32.329999999999998,-0.040632358027002935
359.26644218775186,700.98817353187314,-1008.02874565125,32.329999999999998,-0.040776484335795379
359.27941445364695,700.50235833427473,-1007.1856975555399,32.140000000000001,-0.040845816126825356
359.2923813861691,700.21435619702447,-1007.1856975555399,32.439999999999998,-0.04085315287902104
359.30533863190124,699.69126953392515,-1006.90650939941,32.119999999999997,-0.040646619680096384
359.31829235619995,699.50111213016896,-1005.0444602966299,32.520000000000003,-0.040474870345902518
359.33124345623833,699.35940207401029,-1005.7578086853,32.520000000000003,-0.040286331334267296
359.34419892831863,699.595492334607,-1008.09574127197,32.509999999999998,-0.040154048345597361
359.35715845475568,699.81442759986248,-1008.09574127197,32.509999999999998,-0.040168563524622912
359.37011920847044,699.88070059751294,-1006.42991065979,32.310000000000002,-0.040243230760251027
359.38308619169754,700.2170942649999,-1004.01663780212,32.310000000000002,-0.040309878273456931
359.39605135056655,700.11857892625835,-1003.58009338379,32.329999999999998,-0.040291804405486721
359.40901246128766,699.89997893889483,-1003.58009338379,32.329999999999998,-0.04014772569855498
359.42197713276551,700.09225980410747,-1004.48203086853,32.439999999999998,-0.040065964890446122
359.43494846940877,700.45217873588922,-1002.82549858093,32.439999999999998,-0.040006459586661373
359.44791752534564,700.32902059300795,-1003.67212295532,32.560000000000002,-0.040104684108612274
359.46088734186424,700.37009200285661,-1004.64272499084,32.560000000000002,-0.040279190160129416
359.47385494286783,700.25045419539993,-1004.64272499084,32.159999999999997,-0.04044100331671887
359.48682028386293,700.12841373525964,-1003.69262695313,32.159999999999997,-0.040546074094882478
359.49978255149387,699.9624520691417,-1002.83455848694,32.579999999999998,-0.040580932464793683
359.5127479431938,700.13115179773911,-1003.52263450623,32.170000000000002,-0.040500394791759348
359.5257111069642,700.01084359937863,-1004.72021102905,32.210000000000001,-0.040521900066030965
359.53868188481357,700.422003868518,-1004.77409362793,32.210000000000001,-0.04057633276554401
359.55165349464443,700.46693086420305,-1003.73244285583,32.57,-0.040711057889336565
359.56462333703206,700.37148893178471,-1003.73244285583,32.57,-0.040893552618008901
359.57758941791116,700.16836747335935,-1002.66695022583,32.490000000000002,-0.040958208135161801
359.59055596031232,700.19328966108617,-1001.66130065918,32.490000000000002,-0.040979152545230227
359.60351666849499,699.87824186366072,-999.39417839050304,32.369999999999997,-0.040898206125831782
359.61646897718271,699.4246691390573,-999.00197982788097,32.369999999999997,-0.040733758359672606
359.62942121343457,699.42075759846023,-999.00197982788097,32.280000000000001,-0.040658505425459679
359.64237137801109,699.30888713178092,-1001.2676715850801,32.280000000000001,-0.040584701215991274
359.65532031531109,699.24261420008236,-999.40800666809105,32.380000000000003,-0.040605391064946102
359.66827144121976,699.36079906889017,-999.40800666809105,32.380000000000003,-0.040644614232688864
359.6812223529235,699.34923200360527,-998.709678649902,32.5,-0.040664680094472952
359.69417766253952,699.58671926457805,-997.94697761535599,32.5,-0.04071546304550637
359.707134758226,699.68316706914391,-995.50890922546398,32.159999999999997,-0.040606093695987666
359.72009284214818,699.73653179651001,-995.89157104492199,32.159999999999997,-0.040472483055043494
359.7330573573704,700.08382200097844,-998.95787239074696,32.210000000000001,-0.040478240697258486
359.74602597869136,700.30555133293797,-1001.7614364624,32.210000000000001,-0.040533366716268546
359.75899303435432,700.22100580010101,-1001.20973587036,32.25,-0.040698322570185866
359.77195452174328,699.92031900276095,-1001.20973587036,32.25,-0.040779255537212011
359.78490779797278,699.47691639253048,-999.32909011840798,32.380000000000003,-0.040813504407709825
359.79785987279513,699.41204040624791,-999.08947944641102,32.380000000000003,-0.040887120283049992
359.81080635450741,699.11001246436444,-998.86035919189396,32.350000000000001,-0.040872748940309803
359.82375022334315,698.96891713014077,-999.228477478027,32.350000000000001,-0.040918377538063308
359.83669984257904,699.27943873648201,-999.228477478027,32.229999999999997,-0.040902449852923281
359.84965479518769,699.56744086823619,-998.85177612304699,32.229999999999997,-0.040838295179598957
359.86261245587656,699.71367719791897,-998.29173088073696,32.329999999999998,-0.040867205502396822
359.875572521447,699.84354080520541,-998.56328964233398,32.329999999999998,-0.040862227065952571
359.88853432755559,699.937529864927,-996.682167053223,32.420000000000002,-0.040869215089512544
359.90150223382591,700.26693859648549,-994.71688270568802,32.420000000000002,-0.04097844370482992
359.91447151742102,700.34131413586135,-994.50969696044899,32.450000000000003,-0.041001039660917796
359.92743739030368,700.15713566398199,-994.50969696044899,32.450000000000003,-0.041020224904665233
359.94040288031107,700.13646039916819,-994.98724937438999,32.119999999999997,-0.040880106389010906
359.95337341808641,700.4090398688088,-997.725009918213,32.119999999999997,-0.040723410331380931
359.96633662117904,700.01296700037904,-997.725009918213,32.159999999999997,-0.040611431209931013
359.97929784262351,699.90595800267567,-998.643398284912,32.159999999999997,-0.040506774352512313
359.99226016820251,699.9655812653458,-999.46713447570801,32.189999999999998,-0.040466924093479226
0.0052248852123808866,700.09471853246373,-998.18205833435104,32.189999999999998,-0.040541279854384937
0.018186139770469335,699.90774613677615,-995.97144126892101,32.530000000000001,-0.040578310274450323
0.031149725740785946,700.03364239709686,-995.97144126892101,32.530000000000001,-0.040651786451686656
