theta,theta_dot,tau_load,T,theta_TE
359.9309748255925,-999.00226999969061,1190.7977093217,36,0.054643337306942964
359.91247478355547,-999.00226999969061,1188.6395440864001,36,0.054541924553927382
359.89396561867898,-999.49490332966332,1188.5022149684701,36.100000000000001,0.054435636850455098
359.8754423577285,-1000.2560913271427,1191.16082086096,36.100000000000001,0.054554417730987292
359.85690983219735,-1000.756378681396,1191.0828579762999,35.859999999999999,0.054786147342010039
359.83836616596301,-1001.3579766557106,1188.9072881826501,36.280000000000001,0.055308051206389118
359.81982070538282,-1001.4548713289214,1189.6018015863699,35.93,0.055721192106569062
359.80126655350614,-1001.9242013395065,1187.7669319828699,35.93,0.055924256633167441
359.7827213278274,-1001.4421866523435,1189.5433890275201,36.090000000000003,0.055943045552016242
359.76418481933337,-1000.9714586795827,1189.86811517097,36.090000000000003,0.055799644646222661
359.74566002480242,-1000.3389046696477,1188.4080396185,36.280000000000001,0.055691887516920439
359.72714440380236,-999.84353400266718,1190.19617917492,36.280000000000001,0.055885422557182186
359.70863006802466,-999.7741319956765,1190.19617917492,35.920000000000002,0.055989410934777932
359.69011733101257,-999.68779865300314,1190.67134745972,35.920000000000002,0.056057350916809523
359.67159754596298,-1000.0683926792228,1190.7030571345199,36.07,0.05615438334640848
359.65307712969144,-1000.1024786639991,1187.9281029615499,36.07,0.056077619598036539
359.63455484869127,-1000.2031740070297,1187.9281029615499,35.850000000000001,0.056028704478068909
359.61602289539496,-1000.7254780014721,1185.43925111762,36.299999999999997,0.055768849954390666
359.59747862485193,-1001.3906093226143,1191.96166896363,35.909999999999997,0.055604209707474164
359.57892430945674,-1001.9330313425837,1191.1503304422299,35.909999999999997,0.055735269562596244
359.56037297017298,-1001.7723213228626,1191.1503304422299,36.119999999999997,0.056001403266584378
359.54183244766665,-1001.1882153420289,1187.88924072853,36.119999999999997,0.056301395722680649
359.52329729166672,-1000.8984239934625,1190.3766620608201,36.259999999999998,0.056361663672690916
359.50477228913587,-1000.3501366658888,1193.75624582246,36.259999999999998,0.056315805353599653
359.4862674580246,-999.26088000967457,1193.75624582246,35.969999999999999,0.056051459784933436
359.46776582341982,-999.08826865804008,1189.4344317238799,35.969999999999999,0.055868658759481722
359.44926768438268,-998.89950800734016,1192.48332887689,36.189999999999998,0.055725361316673931
359.43076692003706,-999.04127466129114,1192.48332887689,36.189999999999998,0.055625676702421634
359.41225973785185,-999.3878380034713,1195.57275719318,35.869999999999997,0.055453536207430383
359.39374670799992,-999.70361200366517,1196.8502040922899,36.280000000000001,0.055473237819471909
359.37523099593807,-999.84845133846784,1192.45757966728,35.969999999999999,0.055461004381468615
359.35670203012342,-1000.5641539907839,1192.45757966728,35.969999999999999,0.05561281512593675
359.3381820174198,-1000.0806859967403,1191.78690812432,35.899999999999999,0.05569197029948169
359.31966817627159,-999.74742200360902,1194.6765416475,36.189999999999998,0.055438143517846435
359.30114720740733,-1000.1323186711743,1199.90339278023,36.159999999999997,0.055168142752173507
359.28263506230877,-999.65583532177141,1199.90339278023,36.159999999999997,0.054901891080648912
359.26412426762977,-999.58291266608421,1202.3123743906499,36,0.054559270959629508
359.24561935787665,-999.26512666877932,1203.0271533759999,36,0.054412685952810555
359.22711700925919,-999.12682534080386,1204.2149548786799,36.159999999999997,0.054428663310377816
359.20861975290114,-998.85184333389543,1204.2149548786799,36.159999999999997,0.054526887828155832
359.19011956701229,-999.01003799998773,1199.91030691985,35.890000000000001,0.054577247557281112
359.17162038179021,-998.95600199136629,1201.58019084694,36.280000000000001,0.054394930809090088
359.15310983441975,-999.56955800530636,1202.3333552281099,35.939999999999998,0.053980230459846269
359.13459446591361,-999.82989933175827,1202.3333552281099,35.939999999999998,0.053560795885797749
359.1160725036421,-1000.1859626612156,1205.2454001004,36.159999999999997,0.05322171582737701
359.09754703338263,-1000.3753940105954,1205.2454001004,36.159999999999997,0.053175235586796217
359.07902663780249,-1000.1013613275061,1203.71284529124,36.259999999999998,0.053278159146846381
359.06051581622222,-999.58436533542897,1203.2155040759401,36.259999999999998,0.05345289698721449
359.04201884029629,-998.83670000040922,1202.1821978309399,35.969999999999999,0.053505914083109021
359.0235295426051,-998.42207532312591,1200.59552199787,35.969999999999999,0.053291581574303352
359.00504251838277,-998.29930800619331,1208.2587728808801,36.159999999999997,0.052940697516474192
358.98654671800006,-998.77322066825491,1208.8920127024701,36.159999999999997,0.052604708409435985
358.96804818159262,-998.92096600126695,1208.8920127024701,35.829999999999998,0.052297690676782423
358.94953361919738,-999.78636934194537,1206.9572457024201,36.299999999999997,0.052499135742084528
358.93101692613567,-999.90142533331721,1206.4620502545899,35.909999999999997,0.052566505553762591
358.91249753017303,-1000.0473819826288,1203.6344055693601,35.909999999999997,0.052550747576303042
358.89397291776567,-1000.3290699980463,1203.4620289161201,36.140000000000001,0.052399725343755983
358.87544908456789,-1000.2869926775783,1207.9955587381801,36.140000000000001,0.051834193171443443
358.85691509685199,-1000.8353366579043,1207.7108869208,36.280000000000001,0.051438155487378241
358.8383842156174,-1000.6675866708219,1208.2075128802701,36.280000000000001,0.051257778992144655
358.81986329228397,-1000.129860003274,1208.2075128802701,35.920000000000002,0.051166770155516933
358.80134392219753,-1000.0459846689811,1206.6222675588399,35.920000000000002,0.051249222201869594
358.78282739780269,-999.89231732065252,1208.1705579960999,36.020000000000003,0.051306448886766345
358.76431669418525,-999.57799534127571,1208.1054697162499,36.020000000000003,0.051310999944190271
358.74579394029638,-1000.2287099988597,1205.8190352700999,36.259999999999998,0.051243279333106392
358.72726663740741,-1000.4743560036385,1206.7171581646401,36.259999999999998,0.051028311451863789
358.70873185806175,-1000.8780846660601,1207.9001912951701,35.890000000000001,0.050910841667622837
358.69018504706185,-1001.5277939956007,1205.9697158300501,35.890000000000001,0.050996259477707993
358.67163787181482,-1001.547463338803,1205.9697158300501,36.229999999999997,0.051288152534568837
358.65308677260504,-1001.7593573286495,1203.699017012,36,0.051602158274396154
358.63454329470369,-1001.3478066732414,1204.4259553463401,36.140000000000001,0.051698743685736633
358.61600947670365,-1000.8261720034789,1205.77850410682,36.140000000000001,0.051671591475860035
358.59747732161725,-1000.7363746648614,1202.76966127988,35.880000000000003,0.051542025882170849
358.5789401963828,-1001.004762660718,1202.76966127988,35.880000000000003,0.051593282776664681
358.56041825997545,-1000.1845659960957,1198.64835723023,35.920000000000002,0.051648293933988086
358.54190506869139,-999.71232933877343,1199.9858856184301,35.920000000000002,0.051663463108030792
358.52339142829635,-999.73658133345236,1202.7899268615199,35.939999999999998,0.051614624553021675
358.50488092646935,-999.56709865590233,1204.2061333902,36.170000000000002,0.051727938570166512
358.4863598210124,-1000.1396946748752,1198.9809511877199,35.829999999999998,0.051923186206914933
358.46782499613568,-1000.8805433449525,1196.91195451164,35.829999999999998,0.052110360313685704
358.44927934825921,-1001.46498532915,1196.91195451164,36.259999999999998,0.052150107100369457
358.43073051008651,-1001.6372613259484,1199.4573115655601,35.969999999999999,0.052240737202855929
358.41218847988898,-1001.2696306673979,1197.6737019626701,36.049999999999997,0.052323218220448622
358.39365455114819,-1000.8321520015794,1194.70658239205,36.049999999999997,0.052436489821309121
358.37512299418523,-1000.7040760007779,1194.70658239205,35.859999999999999,0.052438005804149382
358.35660409182736,-1000.0207273242743,1195.88198612714,35.859999999999999,0.052349083122140337
358.33808651504938,-999.94914601098651,1197.6114747061099,35.890000000000001,0.05242739493003528
358.31957952119751,-999.3776679990184,1195.4645151453601,35.890000000000001,0.052572237321834477
358.30107596288889,-999.1921486683874,1195.4645151453601,36.030000000000001,0.052799977780619317
358.28257304202481,-999.15772665826341,1193.6787597750099,36.030000000000001,0.052913086904497801
358.26407570806168,-998.85603401075957,1197.9066369422201,35.850000000000001,0.05281424666776989
358.24556992906184,-999.31206599133532,1196.1065764554201,35.850000000000001,0.052624609737513296
358.22705282002488,-999.92388799576804,1196.1065764554201,36.280000000000001,0.052372542104693248
358.20852909754319,-1000.2810140095094,1195.2222818401201,35.899999999999999,0.052309561936220363
358.18999762439501,-1000.6995500020537,1193.61653251845,35.969999999999999,0.052451223344446664
358.17146351354313,-1000.8419860026688,1194.10839010577,35.969999999999999,0.052852260156372656
358.15294649555574,-999.91897131948724,1192.7222243216299,35.939999999999998,0.053202425023716804
358.13443997564195,-999.35207534344374,1193.06244767457,35.939999999999998,0.053330448767547056
358.11595459571612,-998.2105159956194,1195.6364149613901,35.859999999999999,0.053174392223385332
358.09746679125925,-998.34144067136629,1197.9025838258999,35.859999999999999,0.05270316990021643
358.07897287524696,-998.67146466346787,1199.9024391058001,35.950000000000003,0.052316346102509695
358.0604677523209,-999.27663800463972,1199.9024391058001,35.950000000000003,0.052333756658523967
358.04195594974072,-999.63733933027845,1199.14641370135,36.049999999999997,0.052656913178840872
358.02344393398766,-999.64885066613886,1195.08423746636,36.049999999999997,0.053256131301741047
358.00493293130876,-999.59414466232545,1193.33090702664,36.07,0.053556108230827362
357.98642030503714,-999.68181866589441,1195.48668807586,35.850000000000001,0.053334091272300682
357.96789762150621,-1000.2249106700639,1198.24542978351,35.93,0.052902022783326924
357.94937323675327,-1000.316776658545,1198.24542978351,35.93,0.052284655266139977
357.93083811903711,-1000.8963566736306,1197.6462838228099,36.159999999999997,0.052047159722290286
357.91230858200015,-1000.5949999965145,1197.80602428985,36.159999999999997,0.052209851439275624
357.89378300102481,-1000.3813726676723,1200.74453362757,35.920000000000002,0.052561789954693218
357.8752710701234,-999.64426867418206,1200.98414432813,35.920000000000002,0.05292455355605849
357.8567713581852,-998.98444466290937,1200.98414432813,36.189999999999998,0.052979719924246792
357.838270938432,-999.02266667234107,1201.3463021929599,35.909999999999997,0.052691768447278707
357.81976923243218,-999.0921239910607,1201.4700414502699,36.189999999999998,0.052311896447275671
357.80126588937043,-999.18052533506989,1201.6414644290801,36.189999999999998,0.05189259018891456
357.78276094132121,-999.26719465912311,1201.6414644290801,36,0.051850314358069846
357.76424583358022,-999.81581801204413,1202.6108744872699,35.890000000000001,0.051942418019173577
357.74573030260507,-999.83867266009918,1202.99615895702,35.880000000000003,0.052055815854366486
357.72720883393833,-1000.1593080028611,1204.13651515681,35.880000000000003,0.052178001231163042
357.70870023613571,-999.46428134083101,1204.13651515681,36.240000000000002,0.05195740403377417
357.69018330818517,-999.91410932839153,1203.87568520018,36.240000000000002,0.051765002104131687
357.67166702387635,-999.87935267791158,1209.5092784773401,35.899999999999999,0.051532058662963412
357.65315897141988,-999.43483264874806,1210.5969441648699,35.899999999999999,0.051327344649614803
357.63465949334579,-998.97181600154806,1210.5969441648699,36.240000000000002,0.05133139900373257
357.61616701260493,-998.59396000483196,1211.4836229662401,35.880000000000003,0.051371203734524841
357.59768868692606,-997.82958665853187,1211.9671359023,36.159999999999997,0.051286799013240375
357.57920554114827,-998.08987200274316,1212.6451984221001,36.159999999999997,0.051115013451052911
357.56070738244438,-998.90057001012019,1212.96587144922,35.880000000000003,0.050947176704952656
357.5422041625186,-999.17387599030519,1212.96587144922,35.880000000000003,0.050820527190762514
357.5236889637161,-999.82073533685275,1210.2571976491399,35.909999999999997,0.050857988083179366
357.50517394601241,-999.81095599896446,1209.7963344807999,35.909999999999997,0.05098663062697556
357.48666168293835,-999.66220599742849,1212.4387279079799,36.119999999999997,0.051041691461204422
357.46814775074063,-999.75233867988982,1210.7409490038101,36.119999999999997,0.050962634588681353
357.44963574844439,-999.64812399621053,1211.8326678076601,35.880000000000003,0.050733874855044186
357.43112467435816,-999.59800065486559,1211.72490259706,35.880000000000003,0.050437634611159382
357.41261182041973,-999.69411267590783,1211.72490259706,35.950000000000003,0.050263705979828439
357.39410789890127,-999.2117619963733,1210.1725590434701,35.950000000000003,0.050227025318084269
357.37561138346916,-998.8118333332593,1212.9694477283299,36.07,0.05023155361026823
357.35711344517296,-998.88866799670325,1214.6901148188299,36.07,0.050277821726477094
357.33861183023447,-999.0872066772439,1214.6901148188299,36.07,0.050334891095134414
357.32010464804944,-999.38783799247926,1215.75536915724,35.829999999999998,0.05030775753012736
357.30158468604941,-1000.0779480002127,1212.2620597198099,35.960000000000001,0.050113863419999849
357.28305484375312,-1000.6114840018885,1214.460994537,35.960000000000001,0.049989277286231967
357.26451389285199,-1001.2113486591913,1214.460994537,36.020000000000003,0.049946123937399091
357.24597442274086,-1001.131386003167,1212.05034399633,36.020000000000003,0.050114557768571689
357.22744030567907,-1000.8423213355208,1209.5366966172101,35.850000000000001,0.050410743180304453
357.20891323044435,-1000.4620626751289,1209.5366966172101,35.850000000000001,0.050533003065131199
357.19039571885196,-999.94562598883397,1210.17398955512,35.950000000000003,0.050429362397579454
357.17188328090134,-999.67164933195329,1210.9016431452801,35.950000000000003,0.050122332248040413
357.15336211129636,-1000.1431586708193,1211.67125841037,36.049999999999997,0.049907517512999273
357.13483847264212,-1000.2764873292815,1209.74340554993,36.049999999999997,0.050054504017367447
357.11630469395061,-1000.8240493389422,1209.74340554993,35.840000000000003,0.050367533958743819
357.09776982354322,-1000.8830020018607,1209.0691577278601,35.840000000000003,0.05062558067610734
357.07923005438295,-1001.1475346537048,1207.8556070155601,35.950000000000003,0.050847371006525637
357.06067718772846,-1001.8547993435076,1207.04522216859,35.950000000000003,0.050869358490850065
357.04211690980242,-1002.2550080057608,1203.70593115162,35.950000000000003,0.050847627636882664
357.0235495310742,-1002.6384513224776,1203.70593115162,35.950000000000003,0.050772480245178511
357.00497398566682,-1003.0794519999999,1203.8275246414601,36.159999999999997,0.050847656612600926
356.98640967925934,-1002.4725460013361,1206.93340384166,35.869999999999997,0.051115441860064059
356.96786759732106,-1001.2724246681502,1206.93340384166,36.259999999999998,0.05133904205840719
356.94933665088899,-1000.6711073305105,1205.1133161918301,36,0.051475985800458014
356.93080984883943,-1000.4473106787191,1205.2582747051999,35.969999999999999,0.051339977520096766
356.91227872028384,-1000.6809420021116,1204.91876660809,35.969999999999999,0.051190107025532741
356.89373826297532,-1001.1846946603564,1204.91876660809,35.840000000000003,0.05118468155413846
356.87519501170385,-1001.3355686564609,1204.09932185403,35.840000000000003,0.051376342565578346
356.85663974223445,-1001.9845513490488,1203.0061725385401,35.939999999999998,0.051798705624815825
356.83808236072832,-1002.0986013308733,1203.0345443528299,35.939999999999998,0.052296773841031728
356.81953776524705,-1001.4081559902879,1203.0345443528299,36.119999999999997,0.052494221462466205
356.80099266270366,-1001.435537340555,1201.75972005841,36.119999999999997,0.052397300805802745
356.78245555712351,-1001.0037013284497,1201.98025727037,35.869999999999997,0.052029107595777661
356.76391621017279,-1001.1247353393626,1201.98025727037,35.869999999999997,0.051712189896618181
356.74537878690114,-1001.0208566700389,1201.1391164230199,36.210000000000001,0.051779502798453218
356.72684429317292,-1000.8626613224428,1199.7109889639601,35.899999999999999,0.05207296356649211
356.70831721172834,-1000.4623980079807,1199.75700375521,36.280000000000001,0.052493541600939268
356.68980548779001,-999.63309267117347,1200.08339882891,36.280000000000001,0.052841346089395211
356.67130103438262,-999.24048399654373,1200.08339882891,35.979999999999997,0.052915167886771232
356.65279591041974,-999.27669399787237,1199.9584674785699,35.979999999999997,0.052835181769754207
356.63427767137046,-999.98490866002214,1198.13122727051,35.829999999999998,0.052699327678816361
356.61574907601238,-1000.5441493367134,1198.9897726761999,35.829999999999998,0.052498979487183475
356.59720923544467,-1001.1513906572371,1198.9897726761999,36.280000000000001,0.05261011628488222
356.57867707416062,-1000.7367093381935,1199.9863624556499,36.280000000000001,0.052790854948706938
356.56014567965445,-1000.6953033319567,1198.0561254091399,36.079999999999998,0.053003600074934626
356.54161646755534,-1000.5774533508248,1196.9522472563101,36.079999999999998,0.053107964073900921
356.52309358948156,-1000.2354159853849,1196.9522472563101,35.880000000000003,0.052932744017882227
356.50457588851845,-999.9558520085036,1197.4686619602001,35.880000000000003,0.052730805351052658
356.48606200806165,-999.74954466814575,1198.83694634878,36.310000000000002,0.052503420867886431
356.46755905511111,-999.15945932674731,1200.76551446504,36.310000000000002,0.052416737508274414
356.44906114269151,-998.88727066107117,1200.9552956766199,36.030000000000001,0.052529615868000312
356.43057185845674,-998.42134867518155,1199.91793631529,36.030000000000001,0.052713661772528564
356.41207930528418,-998.59787132009296,1200.1697063648401,35.850000000000001,0.052893768165287937
356.39357628093842,-999.16331467075963,1200.3768921347701,35.850000000000001,0.052994407920975518
356.37507660832102,-998.98232133885301,1199.9207973385801,36.32,0.052939732038490638
356.35656353913566,-999.70573600922546,1199.1836070041199,36.32,0.052852100803764006
356.33804543667907,-999.97753265632116,1199.30472365674,35.950000000000003,0.05272767714026081
356.31952660571608,-1000.0168720022459,1199.30472365674,36.07,0.05255159508328968
356.30101607077796,-999.56888665809902,1201.1291028415101,35.899999999999999,0.052572322181476047
356.28250651061722,-999.51624867760506,1203.83110092057,35.899999999999999,0.05251303315205097
356.26399752891365,-999.48501199431769,1203.0433658413101,36.240000000000002,0.052615104035822577
356.24549361980252,-999.21109200118133,1203.0433658413101,36.240000000000002,0.052519905276910792
356.22698543075302,-999.44220867443289,1204.21352436704,35.899999999999999,0.052292948176428884
356.20848152890107,-999.21070000458508,1204.3217664148499,36.229999999999997,0.052014765228348615
356.18998003088893,-999.08089265433932,1203.86853264195,35.969999999999999,0.051897709360374356
356.17147872120984,-999.07072267187027,1203.2605651927699,35.969999999999999,0.051877862879512196
356.15297611181484,-999.14090733102989,1203.2605651927699,36.079999999999998,0.051921174554626894
356.13446023729637,-999.85722399629697,1204.5921331157799,36.079999999999998,0.051853447733064724
356.11593394850627,-1000.4195946661122,1207.0080288658201,36.259999999999998,0.051747184873337619
356.0974070222839,-1000.4540160057243,1205.69410391976,36.259999999999998,0.051599985195472479
356.07888468438273,-1000.2062466658971,1205.69410391976,35.899999999999999,0.051486167226817252
356.0603720901729,-999.68008732744227,1203.7948612922301,36.07,0.05148707682637349
356.04186619320984,-999.31843600747277,1207.3532590095101,36.049999999999997,0.051461759339566003
356.02335929043221,-999.37274999270585,1211.29145756858,36.049999999999997,0.051448595607129492
356.00485193853109,-999.39700265789679,1211.29145756858,36.259999999999998,0.051444765808314454
355.98633639514838,-999.8393426662833,1212.9975811240199,36.259999999999998,0.051327757531005332
355.96782413932095,-999.66181468233594,1212.1526255789499,36.009999999999998,0.051303099218582913
355.94931906088891,-999.27423532997216,1210.6851590496501,36.009999999999998,0.051266988740423375
355.93082202598765,-998.83988466772598,1208.43019585969,36.079999999999998,0.051184445621915299
355.91232997365444,-998.57082599517378,1205.93204569007,36.079999999999998,0.051221894094800456
355.89382688411104,-999.16683534143999,1206.05244708686,36.299999999999997,0.051129563818412341
355.87531460138274,-999.66326732969685,1206.05244708686,36.299999999999997,0.051029914376514822
355.85679662207394,-999.97088267402069,1204.09002352834,35.920000000000002,0.051070910145546877
355.83827482846914,-1000.1768546595428,1204.0301804578501,36.07,0.050999714680257976
355.81975173618514,-1000.2469833364618,1205.05895674931,36.020000000000003,0.051096366314105586
355.80123873323453,-999.70215933432041,1207.0409306336601,36.020000000000003,0.051115873374925028
355.78273229714813,-999.34754866321578,1206.6570766755401,36.259999999999998,0.051228558231332551
355.76422838908633,-999.21103533743701,1205.81808159567,36.259999999999998,0.051310551862964973
355.74572397396292,-999.23841666572002,1206.42581062625,36.170000000000002,0.05129959433648125
355.72720945709875,-999.78391066305301,1206.42581062625,36.170000000000002,0.051335032200707412
355.70868449285183,-1000.348069335065,1206.3061244852699,35.979999999999997,0.051386030397534567
355.69015771046912,-1000.4462486649469,1204.58402688313,35.979999999999997,0.051480337150191936
355.67163650877768,-1000.1448913393032,1206.0545928543299,36.100000000000001,0.051656486471670808
355.65312293979008,-999.73272532992007,1204.7506814897899,36.100000000000001,0.051781584819266806
355.63460955396295,-999.72283466508622,1204.7506814897899,36.280000000000001,0.051900213586438135
355.61608804596301,-1000.1614319974293,1201.3250829368901,36.280000000000001,0.05216903777648952
355.59755857413586,-1000.5914786663144,1198.8412378837199,35.950000000000003,0.052421937383586699
355.5790263217778,-1000.7416273335139,1196.4701648319001,35.950000000000003,0.052793958331427387
355.56051355165437,-999.68958666619164,1196.03171301266,35.979999999999997,0.052786913394869281
355.54200774059274,-999.31379732978735,1197.19066586383,36.119999999999997,0.052556991576726594
355.52350770992587,-999.00165600872322,1198.5448835545601,36.280000000000001,0.052503763383601187
355.50500643335812,-999.06893465868154,1195.8886618481499,36.280000000000001,0.052460917381181624
355.48649190303712,-999.78463733298133,1195.8886618481499,35.950000000000003,0.05274338338225814
355.46796059856786,-1000.6904413408608,1194.4536202494601,35.950000000000003,0.053121832511609547
355.44942438395054,-1000.9555893356879,1196.5235705999801,36.030000000000001,0.053561266718828354
355.4308876353827,-1000.9844226628038,1196.5235705999801,36.030000000000001,0.054012550456749742
355.41235272565427,-1000.8851253369093,1193.5361854477101,36.240000000000002,0.054151948755083334
355.3938282043211,-1000.3241519917341,1193.5361854477101,36.240000000000002,0.054079457698529156
355.37530790497527,-1000.0961646740703,1191.62859816892,35.890000000000001,0.054047755474247013
355.35679080937052,-999.92316265587135,1192.78850469452,35.890000000000001,0.054055848678881475
355.33827258274061,-999.98423801630247,1193.5602657270699,36.210000000000001,0.054310075938660003
355.3197575650247,-999.81095665848432,1188.7885557161001,35.979999999999997,0.054532511994551509
355.3012373246666,-1000.0929793362416,1187.1191486262301,36.159999999999997,0.054759835412899853
355.28272231316038,-999.81062133662454,1186.77344164532,36.159999999999997,0.054917389319051844
355.26420568529625,-999.89790466263685,1186.77344164532,35.840000000000003,0.05494739446306883
355.24567957864213,-1000.409759323999,1187.0852931839599,35.840000000000003,0.054903897557334817
355.22714268106165,-1000.9924693432005,1191.2962426300301,35.93,0.054849314807801232
355.20859202370372,-1001.7354973305669,1190.0352466148399,35.93,0.054981997235768944
355.19004000246935,-1001.8091466561821,1190.0352466148399,36.079999999999998,0.055271108740110673
355.17148573365449,-1001.9305159999471,1187.5747665852,36.07,0.05565936263489283
355.1529507711482,-1000.8879753418861,1185.1037961368299,35.850000000000001,0.055790347981170496
355.13442790653085,-1000.2346893374406,1186.9875415548699,35.850000000000001,0.055821560738544489
355.11592182227162,-999.32854999670917,1186.9875415548699,36.259999999999998,0.055678245717701531
355.09741265119749,-999.49523800299539,1189.44253795654,35.869999999999997,0.055471716651869521
355.07889691946917,-999.84951333025595,1189.33501116455,35.979999999999997,0.055383814300148063
355.06037861522208,-999.98842934169454,1188.0249009162101,35.979999999999997,0.055363108927440167
355.04186567643234,-999.69869464588066,1187.0125755086599,35.920000000000002,0.055559409986900857
355.02335026964192,-999.83196668456617,1186.2412913133301,35.920000000000002,0.05582875467752476
355.00483337479011,-999.91232199670674,1185.48431223444,35.880000000000003,0.055930608269464527
354.98632155359275,-999.63834465832213,1185.48431223444,35.880000000000003,0.05582672543682022
354.96780081238268,-1000.1200253426647,1188.68532045905,36.280000000000001,0.055674933306688303
354.94928522345685,-999.84180199370314,1188.93208371783,35.950000000000003,0.055445066342478103
354.93076437256809,-1000.1259479955172,1188.1460175688301,36.049999999999997,0.055496393591452149
354.912249919852,-999.78044666710912,1187.75167319199,36.049999999999997,0.055509136167356414
354.89374010617291,-999.52993867123473,1188.96975385782,35.840000000000003,0.055678926606573073
354.87524228583953,-998.88229800254987,1190.3008449436199,35.840000000000003,0.055832448939928156
354.85674493222228,-998.8570953320359,1191.5740003077999,35.909999999999997,0.055773945317185006
354.83825269776548,-998.58066066677486,1191.5740003077999,35.909999999999997,0.055572272583809465
354.81975201828402,-999.03669199882256,1192.2399034786099,36.189999999999998,0.055192128435395893
354.80123320697533,-1000.0158106699776,1192.3030844095999,36.189999999999998,0.055027929034120904
354.78271237471608,-1000.1249419969616,1191.79859063609,35.93,0.055047051143399917
354.7641928431853,-1000.0547026636091,1190.7192695998301,35.93,0.054978287474039142
354.74568553061727,-999.39487867432035,1190.7192695998301,36.159999999999997,0.054994954002133452
354.72718540890128,-999.00657266302017,1192.11330319802,35.850000000000001,0.054832265398325926
354.70868239799995,-999.16258867134331,1190.2526843849,36.280000000000001,0.054670621949620496
354.69017425344441,-999.43980599976533,1189.8151862401,36.280000000000001,0.054529115775057313
354.67166375161725,-999.56709866689437,1189.8151862401,35.909999999999997,0.054163068742264626
354.65315210529621,-999.62890133478948,1192.2701826417699,36.210000000000001,0.054077702673137697
354.63464490965436,-999.38856466240759,1198.5174654146999,36.009999999999998,0.054055108795147924
354.61615056419754,-998.6946546663587,1195.68695970618,36.009999999999998,0.054021173471974604
354.59765428262955,-998.79920467189777,1195.68695970618,36.100000000000001,0.054090008559800194
354.57915493493823,-998.96477533069913,1195.8116526379199,36.100000000000001,0.053829651121319717
354.56064407609875,-999.58637733254011,1196.0135931984901,36.280000000000001,0.0536321859006803
354.54212709640746,-999.91690332914357,1196.0135931984901,36.280000000000001,0.053503705812085682
354.52360323733353,-1000.2883899912264,1196.0045332914001,35.890000000000001,0.053375567205958104
354.505085166963,-999.97580000982146,1195.6526274267001,36.229999999999997,0.0532350182065532
354.48656798546904,-999.9278006740368,1200.61793334698,35.979999999999997,0.053038092130338055
354.46806292774062,-999.27311733395936,1200.96817028143,35.979999999999997,0.052737344258612942
354.44955912314811,-999.20544799545257,1200.96817028143,36.009999999999998,0.052587307161200483
354.43105811874057,-999.05423800697645,1195.7782740328601,36.119999999999997,0.052503955858964294
354.41254725886421,-999.58643332577253,1196.0491175710099,36.299999999999997,0.052542945165355771
354.39402332218515,-1000.2925806680906,1197.1758839101699,36.299999999999997,0.052587048464348023
354.37549817686437,-1000.3578473209377,1198.8128660694199,35.950000000000003,0.052595480035218384
354.35696658677762,-1000.7058646844783,1198.8128660694199,35.950000000000003,0.052496613941853135
354.33843525023474,-1000.6921733168491,1200.7175923249199,36.090000000000003,0.052171182914774655
354.31990536861736,-1000.6136073369369,1201.1417390277099,36.090000000000003,0.05184236913197339
354.30136801675297,-1001.0170006774988,1202.34146146076,35.859999999999999,0.05166133865648042
354.28281711932084,-1001.7484613357719,1201.68056508071,36.280000000000001,0.051684206768713943
354.26427950048162,-1001.0314173190726,1197.60766000839,35.909999999999997,0.051800749367628379
354.24574339555562,-1000.9496660013318,1199.31473723826,35.909999999999997,0.05174956491385508
354.22722079687645,-1000.2203286781072,1199.31473723826,36.07,0.05152989282308397
354.20870722892613,-999.73266931470334,1198.28071573743,36.039999999999999,0.05128166017323043
354.19019027509881,-999.91550667501554,1197.4436280064101,35.82,0.051004459250567388
354.17166831282714,-1000.1859626722078,1198.0332372228199,36.280000000000001,0.050741654502176381
354.15313643713574,-1000.7212873355999,1200.8008004189501,35.93,0.050744746503498181
354.13460108555563,-1000.9089853239998,1203.1735424010201,35.93,0.051135457013730533
354.1160686251975,-1000.7528593407471,1194.20804908372,36.039999999999999,0.05159611504177964
354.09754303180245,-1000.3820433333761,1194.7943204396199,36.039999999999999,0.051875981606964321
354.07901480069143,-1000.5244799935111,1194.7943204396199,35.869999999999997,0.051858497577999575
354.06048974643204,-1000.3529300071212,1197.30272260937,36.32,0.051552768177415061
354.04195438862968,-1000.9093213273636,1197.7876660570701,35.909999999999997,0.051381645939702181
354.02340956549398,-1001.4204493297894,1197.62864084585,35.909999999999997,0.051341358985524221
354.0048679647407,-1001.2464406754991,1197.62864084585,36.100000000000001,0.051623738058835293
353.98633334061731,-1000.8697026638038,1194.63720257726,36.009999999999998,0.052131319212122149
353.96781059913593,-1000.2280399926759,1189.53742856233,36.259999999999998,0.052501289173627827
353.94929237870366,-999.98390334297028,1189.53742856233,36.259999999999998,0.052632547715609081
353.9307830068766,-999.50607866215989,1188.42973571178,35.899999999999999,0.05238933903267972
353.91227091972848,-999.65270599915925,1189.8607241941399,35.899999999999999,0.051933514581007117
353.8937502302594,-1000.1172313309207,1192.3073759445399,35.969999999999999,0.051546306870096557
353.87521178048155,-1001.0762880027572,1193.0593482326699,35.969999999999999,0.051628895517863233
353.85668187298762,-1000.6150046725688,1192.0398702668999,36.170000000000002,0.051985160551890022
353.83815469427179,-1000.4676506546491,1192.0398702668999,36.170000000000002,0.052387647127609585
353.81963399859262,-1000.1175666747646,1189.7133814946901,35.909999999999997,0.052710728106852144
353.80112188558013,-999.65410267527159,1189.07227385906,35.909999999999997,0.052739068239348041
353.78260649844435,-999.83090533031395,1189.6885859595,36.259999999999998,0.052513441895158192
353.76408782270363,-1000.0084899999894,1190.5960071797399,36,0.052323542115720503
353.74556731018532,-1000.1076759879467,1190.88568578788,36.259999999999998,0.052334968414031839
353.72705326725929,-999.75831800747869,1190.2183521054201,36.259999999999998,0.052661706380187585
353.70855503612364,-998.90448132538143,1190.2183521054201,35.950000000000003,0.053145551225687523
353.69006549214822,-998.43537467217493,1190.6675327619901,35.950000000000003,0.053407724741146231
353.67156818406181,-998.8546366641358,1188.5258184106101,36.030000000000001,0.053465516407563259
353.65306894708641,-998.95879667362226,1188.16628315047,36.030000000000001,0.053314851183068314
353.63455543604942,-999.72959599631611,1188.16628315047,35.840000000000003,0.053093383709992392
353.61603070671612,-1000.3353839989674,1189.9973380562501,36.259999999999998,0.052988243593192291
353.59750569177794,-1000.3508066610808,1192.6404467392499,35.899999999999999,0.053003669401459577
353.57898163091357,-1000.2992866765996,1193.40720098104,35.899999999999999,0.053259288485808486
353.56046183241972,-1000.0691186676472,1193.40720098104,36.140000000000001,0.053587004329734601
353.54194309872832,-1000.0116193335933,1191.0263527663201,36.030000000000001,0.053629592680966315
353.52342443748159,-1000.0077073258366,1193.86353419584,36.280000000000001,0.053526263467781415
353.50490938769144,-999.81268866744824,1195.1083177457199,36.280000000000001,0.053135260107951318
353.4863961694939,-999.71378266763793,1195.1083177457199,35.909999999999997,0.05292221697545442
353.46787687701237,-1000.0417940031086,1194.61359913511,35.909999999999997,0.053002495947158071
353.44936853792592,-999.45031066655849,1193.70331689159,36.009999999999998,0.053055225353383216
353.43086093974063,-999.4103020069457,1195.2549451893501,36.009999999999998,0.053184578818832921
353.41235447881479,-999.34888999462328,1195.2549451893501,35.869999999999997,0.053108025144621915
353.39384721177765,-999.39242000642014,1195.1035493735701,36.259999999999998,0.052937478241872706
353.37531979919748,-1000.4802793270027,1193.78485605536,35.880000000000003,0.052729157941789853
353.35678605880236,-1000.8219813376066,1195.73535868351,35.880000000000003,0.052587179877132351
353.33825554077771,-1000.6479733318441,1198.6187933229,35.939999999999998,0.05246963973169385
353.31972604307418,-1000.5928759909543,1198.6187933229,35.939999999999998,0.052553586035204741
353.30121336401231,-999.68466934138303,1199.8623847797401,35.979999999999997,0.052499008467176395
353.28270768229652,-999.30681265217106,1200.8127213493301,36.090000000000003,0.052433745522906874
353.26420666443209,-999.05496467690477,1201.6626836851499,35.859999999999999,0.052369686047197272
353.2457067382839,-998.99601200299458,1200.8503914893099,35.859999999999999,0.052171765515448318
353.22719791903694,-999.47623933648856,1204.2354588789301,36,0.052001681182394205
353.2086924649754,-999.29451932366146,1206.68664058288,36,0.051826974384036231
353.19019033574074,-999.11497867209152,1206.68664058288,35.979999999999997,0.051787411788617413
353.17168404348138,-999.33978200394233,1206.6389568613699,36.159999999999997,0.051827868448033186
353.15317999261748,-999.21874665200573,1205.0103193533801,35.880000000000003,0.051769356551980311
353.1346729594444,-999.37979134505883,1204.7039514427099,35.880000000000003,0.051655991824885859
353.11616104717285,-999.64326266463468,1206.77676281652,36.210000000000001,0.051484055196630574
353.09765791209878,-999.16929399834839,1207.76929947964,35.939999999999998,0.051169817650446522
353.07915496537038,-999.15912333437552,1207.7871808752,36.240000000000002,0.050837035389114556
353.06065110903711,-999.20824199620461,1207.7871808752,36.240000000000002,0.050729630102440082
353.04215501580256,-998.78903466744487,1209.27491298615,35.899999999999999,0.050660394546852547
353.02365162100006,-999.18331933582192,1210.75191625976,35.899999999999999,0.050605249899460941
353.00514503588886,-999.35559600313229,1214.8806112862401,36.020000000000003,0.050465034120612456
352.98663993883946,-999.27524066900776,1215.1366728707201,36.020000000000003,0.05029290396990458
352.96813096229636,-999.48473332521007,1215.1366728707201,35.840000000000003,0.050194055473098055
352.9496196481482,-999.61096400055101,1212.6287475381801,36.299999999999997,0.050162923421204993
352.93110746993813,-999.65762334595195,1212.37244753509,35.939999999999998,0.050211780601135216
352.91259271299998,-999.79687465726624,1212.3550429767399,35.939999999999998,0.050293894279419979
352.89408688123473,-999.31491532580026,1212.3550429767399,36.039999999999999,0.050165078904791285
352.87558046480245,-999.34648734193945,1212.7276912602999,36.159999999999997,0.049962584546917987
352.85705921758029,-1000.1473499962113,1212.55626828149,36.210000000000001,0.049656484689165954
352.8385355665061,-1000.2771580059772,1211.69223924783,36.210000000000001,0.049552864703260077
352.82001042738261,-1000.3575126695898,1211.69223924783,35.979999999999997,0.049660615626765783
352.80148846614821,-1000.1859066569911,1210.39738779037,35.979999999999997,0.049742976621115022
352.78297203179028,-999.88745532955681,1209.3557368940999,36.170000000000002,0.049884435199313508
352.76445459781479,-999.94143467443371,1213.10582317183,36.170000000000002,0.04978013017465012
352.74593581962966,-1000.0140219972692,1213.10582317183,35.880000000000003,0.049648167979778696
352.72740917280254,-1000.4389286654707,1211.9471087392701,36.259999999999998,0.049474621196988144
352.70886405060492,-1001.4365986728233,1211.44762175651,35.939999999999998,0.049416444574348906
352.69032836167901,-1000.9272019978575,1212.5691428862999,35.939999999999998,0.049470456100332807
352.67179437498783,-1000.8352813241916,1211.5305914319299,35.960000000000001,0.049664419561615485
352.65325153970366,-1001.3131053454822,1210.52327281514,36.140000000000001,0.049952810845684925
352.63471228381491,-1001.1198179925701,1209.07964814659,36.280000000000001,0.050140392654580097
352.61616912981492,-1001.3303159988003,1205.9580333182901,36.280000000000001,0.050129281974566911
352.59762806817292,-1001.2173286682839,1206.10919071545,35.960000000000001,0.049953553836489625
352.57908679234572,-1001.2288946673452,1208.2380304620301,35.960000000000001,0.049802766493758012
352.56053511570354,-1001.790538678224,1205.9067733176701,36.159999999999997,0.049699847075858714
352.54198758241972,-1001.5667973271694,1205.9067733176701,36.159999999999997,0.049846001589665317
352.52344672258016,-1001.2064313343827,1205.1290518199301,35.869999999999997,0.050097883989423379
352.50489696239509,-1001.6870499939612,1204.25810864664,36.280000000000001,0.050475342824118939
352.48635047529615,-1001.5103033431435,1205.6819445707699,35.950000000000003,0.050741485833239619
352.46780545140729,-1001.4312899999463,1207.6162347336101,35.950000000000003,0.050703243662246371
352.44924992116069,-1001.9986333172908,1206.77223286298,36.020000000000003,0.050656564738877516
352.43069932900011,-1001.7319766708783,1206.77223286298,36.100000000000001,0.050742830039257759
352.41214540476545,-1001.9119086705166,1200.88877688513,36.299999999999997,0.05107650843393189
352.39360238114824,-1001.3232753279513,1200.04072189816,36.299999999999997,0.051606235411259659
352.3750721425186,-1000.6328860025826,1200.04072189816,35.880000000000003,0.052058385280885237
352.35654165037033,-1000.6465760072042,1201.0179997703999,35.880000000000003,0.052245166149167632
352.33801228925921,-1000.5854999982454,1198.41995220422,35.950000000000003,0.052230153230229545
352.31948410264204,-1000.5220773298354,1197.4481579599601,35.950000000000003,0.052034257807415593
352.30095162987652,-1000.7535293359389,1197.4481579599601,35.969999999999999,0.051945243032827416
352.28241782428421,-1000.8255019863032,1197.38855330808,36.119999999999997,0.052085297395218035
352.26388479893819,-1000.7833686835943,1197.5528237286601,35.869999999999997,0.05239044936116391
352.24535561891355,-1000.5757213308688,1198.0744836419201,35.869999999999997,0.052784376045847493
352.22682916766684,-1000.4283673239411,1198.0744836419201,36.280000000000001,0.053041882602637681
352.20829453112344,-1000.8703733404994,1196.89025841835,35.890000000000001,0.05309358446578967
352.18975759524693,-1000.9945373335441,1194.8479646263099,35.979999999999997,0.053018504342460804
352.17122375758032,-1000.8272339952672,1195.5882544026699,35.979999999999997,0.05277922583909489
352.15269243344454,-1000.6915033326492,1195.5882544026699,35.950000000000003,0.052592167634790042
352.13416350074084,-1000.5623659995792,1195.8326334753799,35.950000000000003,0.052769510078509906
352.11564042812358,-1000.2459213336817,1193.9016811730501,35.869999999999997,0.052997318825890198
352.09712013498762,-1000.0958293412186,1191.76545044964,35.869999999999997,0.053407169051934503
352.07861410246937,-999.32575598496499,1192.7958956713601,36.280000000000001,0.053395984899988619
352.06010436639519,-999.52574800536252,1193.3812133528199,35.950000000000003,0.053196307264139445
352.041592142642,-999.66008267337213,1192.70195873999,36.140000000000001,0.052913286627454467
352.02307898965427,-999.71026133743783,1192.70195873999,36.140000000000001,0.052678804425178416
352.0045628615926,-999.87091533095031,1192.4306383646301,36,0.052756505716798477
351.98605142430858,-999.61761333432366,1191.71895882117,35.869999999999997,0.05285156062079957
351.96754157750615,-999.53172733295105,1193.17688860618,35.859999999999999,0.05301660650334504
351.9490311149878,-999.5649759913656,1192.7215090658101,35.859999999999999,0.053101466561590593
351.93052147618545,-999.52049532571812,1192.7215090658101,36.280000000000001,0.052924574253785245
351.91201142241977,-999.54290334695168,1191.0428036502401,36.280000000000001,0.052633348649708075
351.89350181672842,-999.51870733451346,1195.1076024899,36.020000000000003,0.05246229056088246
351.87500983580264,-998.56696999164149,1194.2371361538301,36.020000000000003,0.052380141696604703
351.85652494223456,-998.18425267434111,1194.2371361538301,36.039999999999999,0.052533980664814094
351.83803754859258,-998.3192566670308,1192.93203269625,35.859999999999999,0.052693421016673431
351.81954121527161,-998.80199933216966,1194.5492261110801,36.259999999999998,0.052710004777880265
351.80104176307412,-998.97041866591621,1195.01867234929,36.259999999999998,0.05266667550539262
351.78253415144439,-999.41102800636213,1195.01867234929,35.909999999999997,0.052409552865063144
351.76402138856793,-999.68919532911525,1193.41244619041,36.189999999999998,0.052311137941470798
351.74550726181485,-999.76284466572258,1191.2085045824699,35.859999999999999,0.052212745784543296
351.72699089265427,-999.88393466986815,1193.5183040521499,35.859999999999999,0.052245844984978411
351.70847689525931,-999.75585932858633,1194.89755569667,36.259999999999998,0.052229717580138599
351.68995482950612,-1000.191550673712,1194.89755569667,36.259999999999998,0.052136414583465816
351.67143737586434,-999.94249665522989,1195.6318850078401,36.159999999999997,0.051971863335084856
351.65292337225929,-999.7561946724303,1198.81668076714,36.159999999999997,0.051775112130142541
351.63441343543218,-999.53658866452724,1200.2424240401299,36.020000000000003,0.051539593067243893
351.61590665475319,-999.36615666315788,1200.0817298986599,35.859999999999999,0.051510968346246647
351.5974081969876,-998.91671934216208,1198.44164829751,36.189999999999998,0.051551469501673296
351.57890719258029,-999.05423799598475,1197.7044579630401,36.189999999999998,0.051582866449090894
351.56040486982704,-999.12542867568368,1198.89059053547,35.890000000000001,0.051541401902328116
351.54189634240743,-999.46048066001936,1198.89059053547,36.259999999999998,0.051245800112099844
351.52337423112368,-1000.1940093196282,1199.20458784158,36.07,0.050998734715636623
351.50485457541976,-1000.0614080125983,1198.04325080434,36.07,0.050839738299594844
351.48633543195081,-1000.0337473227121,1198.04325080434,36.07,0.0507819021286176
351.46782944496289,-999.32329735004078,1196.8571182319099,36.07,0.050845187576397693
351.44932775240727,-999.09139800263597,1199.0198134207501,36.259999999999998,0.050903927122000453
351.43082872860492,-998.94728532676959,1198.5794542526501,36.259999999999998,0.050835191384321778
351.41232789390142,-999.04507399008708,1198.5794542526501,35.909999999999997,0.050759297908176439
351.39382672703704,-999.06301067579773,1198.6795900678101,36.100000000000001,0.050497909792478778
351.37532543701241,-999.06966132860987,1204.25953915829,36.020000000000003,0.050332198546850386
351.35682579646925,-998.98058932988897,1203.8256172926001,36.020000000000003,0.050399614920016989
351.33832022444449,-999.30088933979891,1203.8256172926001,35.880000000000003,0.050557284714996688
351.31980783202476,-999.66919066405296,1203.1387332843201,36.240000000000002,0.050909948644812256
351.30129210650608,-999.84917800839617,1203.31492463528,36.229999999999997,0.051037706433204495
351.28277134667906,-1000.1210306597166,1204.01325273672,36.229999999999997,0.05104921241026282
351.26425861587666,-999.68746333114314,1203.2650951463099,35.960000000000001,0.05088354254278573
351.24574583334584,-999.6902566613835,1201.6140462892099,35.960000000000001,0.050683558603541623
351.22724464680255,-999.06407333809761,1198.8173960229601,36.140000000000001,0.05065378215697823
351.20875279004929,-998.56026467562822,1198.8173960229601,36.140000000000001,0.050754318430138695
351.19025672888898,-998.78730265848083,1200.4448414379201,36.32,0.050959055210355715
351.17175680998776,-998.99562066591795,1200.4448414379201,36.32,0.051266891471631437
351.15324908764194,-999.41700667443115,1201.3744355886499,35.939999999999998,0.05150667494754213
351.13473757895071,-999.6214693268638,1201.0663987477301,35.939999999999998,0.051528124338806436
351.11621723407399,-1000.0986233419707,1200.69947251075,36.189999999999998,0.051764269455371256
351.09769537630871,-1000.1803193259987,1201.9490244327801,35.969999999999999,0.051956329910688923
351.07916861979015,-1000.4448519998267,1200.2026081326701,36.090000000000003,0.052399717069224923
351.06065127585202,-999.93657266135403,1199.4647025423899,36.090000000000003,0.052881636137413215
351.042130736432,-1000.1091286792755,1199.4647025423899,35.859999999999999,0.053208835627395909
351.02360366843203,-1000.4616719975721,1197.36375777289,35.859999999999999,0.053414572037323985
351.00507676912366,-1000.4525626548757,1196.4911456693601,35.890000000000001,0.053410256895838774
350.98655439809886,-1000.2080353386056,1193.81966517206,35.890000000000001,0.05350970766064779
350.96802984364211,-1000.3259406644424,1193.81966517206,36.280000000000001,0.053808987137144451
350.94951283186418,-999.9186360086195,1192.0062532432401,35.950000000000003,0.054161073645145372
350.93100449898782,-999.44997532271452,1193.33019177081,36.07,0.054454357461574232
350.91249315896306,-999.61236133618297,1193.8601963353401,36.07,0.054473794166285006
350.89397213939515,-1000.1350566677019,1193.8601963353401,36,0.054381540454244745
350.87543387690118,-1001.0661746730405,1194.0495007097099,35.890000000000001,0.054404681758110737
350.85688974914808,-1001.3828986675651,1192.94609939409,35.859999999999999,0.054503174301282646
350.83834230175307,-1001.5621593309882,1193.4474937257201,35.859999999999999,0.054813025316421557
350.81979678323472,-1001.4579999920137,1193.4474937257201,36.310000000000002,0.055243071784600785
350.80125209565432,-1001.4131293413053,1195.52888816939,36.310000000000002,0.055516132455167885
350.7827120222592,-1001.1639633363578,1191.0635460690901,36,0.055643511520207314
350.7641785674569,-1000.806559324021,1191.9976701733699,36,0.055532344722499037
350.74565515025944,-1000.2645286631119,1191.9976701733699,36.07,0.055183152559969348
350.72713370745691,-1000.157911337741,1192.68050106531,35.829999999999998,0.055057878292382581
350.70861304488909,-1000.115778661576,1195.28379384086,36.299999999999997,0.055063922580434355
350.69009233059273,-1000.1185720028084,1190.7679069957601,36.299999999999997,0.055239081586698276
350.6715699005926,-1000.2112200059224,1188.42735152571,36.240000000000002,0.055645536626699653
350.65305084197519,-1000.0291653417472,1188.42735152571,36.240000000000002,0.055925657764295263
350.6345240078395,-1000.4490433252189,1189.2272459539499,35.950000000000003,0.056097716509972986
350.61599255435806,-1000.6984879992737,1190.8565987177601,35.950000000000003,0.055846833731376645
350.59745297353084,-1001.1373646712358,1192.8199759507099,36.100000000000001,0.055557223448683996
350.57890839771602,-1001.4070939984998,1194.0957539195699,36.100000000000001,0.055556167953369623
350.56036960954327,-1001.0945613293671,1190.5044544344501,36.32,0.055818886806021574
350.54184729025923,-1000.2052413378535,1188.1441102199699,36.32,0.056340230840259395
350.52332702300009,-1000.0944319945946,1188.1441102199699,35.939999999999998,0.056560791819425325
350.5048124937162,-999.78458132875687,1190.2700889432499,36.049999999999997,0.056651562653263342
350.48630747427171,-999.27105000313543,1195.8343024056301,36.07,0.056473487567703942
350.46780088916051,-999.35559600313229,1192.7153101820099,36.07,0.056071085858953942
350.44929685692603,-999.2177406644422,1192.7153101820099,35.869999999999997,0.055616426583387786
350.43078941500005,-999.4018640004648,1193.5974590298499,36.259999999999998,0.055451586639366168
350.41228159538258,-999.42225934308351,1194.9388021157699,36.079999999999998,0.055373206526794887
350.39376839788889,-999.71266466063321,1192.8946009748699,36.079999999999998,0.055533975560512178
350.37525215186417,-999.87728533609561,1192.8946009748699,36.049999999999997,0.055640963835247921
350.35672170523452,-1000.6441179988237,1193.91550945228,36.049999999999997,0.055751591514994141
350.33819692416046,-1000.3381779997194,1195.7108015669301,36.299999999999997,0.055748929998949585
350.3196764954692,-1000.1031493297028,1195.7108015669301,36.299999999999997,0.055484591670345376
350.30115986656796,-999.89796066686142,1198.22468736466,35.920000000000002,0.055214693351509185
350.28265513376539,-999.25557133679729,1198.22468736466,36.159999999999997,0.055038175644040004
350.26415128364204,-999.20790666335267,1200.1098632943499,36,0.054917436927426316
350.24565449502461,-998.82658534066081,1200.1098632943499,36,0.054821487924823831
350.22715108676545,-999.18404599475821,1199.8208999420301,35.890000000000001,0.054602322884084925
350.2086499788644,-999.05982665700856,1201.8579485247101,36.210000000000001,0.054384796984998658
350.19014436234556,-999.30329201446659,1200.02665520032,36.259999999999998,0.054238918753814799
350.17163614018534,-999.44399665464573,1200.02665520032,36.259999999999998,0.054137807124113792
350.15312391643209,-999.66008267337213,1201.22423186591,35.93,0.054042708757349525
350.13462034571614,-999.19281866357937,1201.22423186591,35.93,0.053677861063382792
350.1161141962591,-999.33207067838157,1206.12301899469,36.020000000000003,0.053221882430225451
350.09759992567899,-999.77061132499614,1206.12301899469,36.020000000000003,0.052909308840330765
350.0790822247285,-999.95585132699978,1204.1536812965501,35.880000000000003,0.052767384590862033
350.06056399808659,-999.98423866483029,1201.5270234974701,36.229999999999997,0.052893955472784013
350.04205814769148,-999.31592133534764,1203.5464291031899,35.859999999999999,0.053084257787903974
350.02356245699991,-998.76729734489072,1204.90732251493,35.859999999999999,0.053064324379479923
350.00507558281487,-998.29120599208397,1204.90732251493,36.240000000000002,0.052923927504427877
349.98658541486429,-998.46906933086677,1208.86530981842,35.979999999999997,0.052666041175159842
349.96807877802479,-999.35838933337254,1207.9209337140201,36.159999999999997,0.052114158034596667
349.9495496497409,-1000.5729273301166,1209.2885028467799,36.159999999999997,0.051979134888555795
349.93100990023476,-1001.1464733324285,1209.2885028467799,35.899999999999999,0.051994291654669463
349.91246716222219,-1001.3078526768296,1210.2130902067499,35.899999999999999,0.052178314787240422
349.89392027362976,-1001.5319839909611,1206.81848607284,36,0.052473944499583682
349.87538264856806,-1001.0317533334284,1205.54056233651,36,0.052386393981329979
349.85684878503707,-1000.8286306713793,1205.54056233651,35.979999999999997,0.052166587362357623
349.83831947565437,-1000.582706668005,1204.5220380451699,36.159999999999997,0.051831417825127957
349.81979634406173,-1000.2491060009985,1210.3249085336799,35.890000000000001,0.051514042747549282
349.80127222525914,-1000.3024153396917,1209.59463233884,35.890000000000001,0.051412483050261193
349.78274834653075,-1000.2894513344866,1209.59463233884,36.299999999999997,0.051574545598570547
349.76423422495066,-999.76256532610341,1208.92109977258,35.950000000000003,0.051878898718896851
349.74571790856794,-999.88108466489155,1207.75451752597,36.140000000000001,0.052097855751359591
349.72719927318536,-1000.0063106607164,1205.75227805999,36.140000000000001,0.052015790714086345
349.70867043154323,-1000.5574486747706,1206.95128523723,35.880000000000003,0.051827591116081845
349.69012414622233,-1001.4994073282819,1209.8092090856101,35.880000000000003,0.051653147167108525
349.67156991569141,-1001.9284486691231,1208.5598955821899,35.939999999999998,0.051768615638052379
349.65301404190132,-1002.0171846644804,1208.420897534,35.939999999999998,0.052086390137931947
349.6344685109508,-1001.4586713282291,1205.01937926047,36.119999999999997,0.052330538428569301
349.61594118943225,-1000.4753620021941,1205.01937926047,36.119999999999997,0.052438879187111133
349.59742901743221,-999.6572880021082,1205.22203507686,35.859999999999999,0.052377256667258024
349.57891626697528,-999.68852467440365,1203.1556610054599,35.859999999999999,0.05210683267428274
349.56040408876555,-999.65762332396787,1203.1556610054599,36.299999999999997,0.051891743723928518
349.5418894094322,-999.79268400238595,1203.5283092890199,35.920000000000002,0.051886272717168974
349.5233758021605,-999.73479267173593,1205.2322870769799,36.030000000000001,0.052078296938997036
349.50485879659266,-999.91830066477553,1203.3978943106999,36.030000000000001,0.052551998646927216
349.48634179723462,-999.91796533192382,1202.7248385816599,35.840000000000003,0.052918489604749007
349.46781365718499,-1000.5195626796944,1203.3249382168001,35.840000000000003,0.052972328334504847
349.44927462272818,-1001.1078606674242,1203.3804897523501,35.890000000000001,0.052755094241183714
349.43072947466658,-1001.4379953269513,1204.60882241831,35.890000000000001,0.052586637642735592
349.41218500853097,-1001.4011713236634,1204.60882241831,36.189999999999998,0.05261154017840023
349.39364855902483,-1000.9682733307621,1199.4461058909999,36,0.052851887624567481
349.37512654501239,-1000.1887566729598,1199.6234893349999,35.890000000000001,0.053247365476862991
349.35662622253085,-999.01741400368871,1198.9225386288799,35.890000000000001,0.05349274103841551
349.33812883061728,-998.85916333337173,1198.9225386288799,36.189999999999998,0.053579031182133814
349.31963993546907,-998.40033800057176,1198.6285684858001,35.859999999999999,0.053353986390306807
349.30114586940749,-998.67956732610503,1197.2545620506501,35.939999999999998,0.052990698151917717
349.2826378811111,-999.43136800427635,1196.2737078993,35.939999999999998,0.052770916378318974
349.26412357224694,-999.77267866681188,1196.2737078993,35.969999999999999,0.052849313032420818
349.24560055758025,-1000.2427920000775,1196.8611713482301,35.969999999999999,0.053103634459009022
349.22707880329625,-1000.1747313354864,1196.2124343171599,35.840000000000003,0.053371699113061152
349.20855995992594,-1000.0175419974375,1196.8754764646901,35.840000000000003,0.053498132353400514
349.19003776998761,-1000.198256671229,1196.8754764646901,36.280000000000001,0.05342330991199639
349.17150653795068,-1000.6865299926241,1196.8442436271,35.93,0.053305980858903423
349.15297902085194,-1000.4859233327313,1197.7156636376001,36.07,0.053159874977559016
349.13445505830873,-1000.2939773332107,1198.31337908666,36.07,0.053168213410796306
349.1159452704938,-999.52854200611455,1198.31337908666,36.049999999999997,0.053388269405611241
349.09744181670374,-999.18650466265854,1199.70788952206,35.869999999999997,0.053549353035574516
349.07894165669143,-999.00864066435588,1197.8770730348899,35.93,0.053509916697897009
349.06043902867924,-999.14191265907345,1197.8770730348899,35.93,0.053198105750258511
349.04192722712355,-999.6372840075577,1196.8947883718999,36.009999999999998,0.052841488895791523
349.02340230841992,-1000.3456099966529,1197.53112763538,36.009999999999998,0.052773334709661467
349.00487673469155,-1000.3809813305959,1193.9190857313999,35.859999999999999,0.052896523847938609
348.98634732080262,-1000.5883500032221,1193.9190857313999,35.859999999999999,0.053099325546729213
348.96781527644453,-1000.7303953372727,1195.91727208105,36.299999999999997,0.053250526804913295
348.94929557520987,-1000.0638666695065,1197.87754987211,35.899999999999999,0.053032902589538487
348.93077309346921,-1000.2140139956825,1200.77457437212,36.009999999999998,0.05265142665016026
348.91225591302481,-999.92774399930033,1200.77457437212,36.009999999999998,0.052134562274626428
348.89374656706167,-999.50468200803186,1202.5193217419801,36.119999999999997,0.051823434317773566
348.87523662298776,-999.5369799906116,1202.8903010952799,35.859999999999999,0.051918001851488163
348.85673809382735,-998.92057466419055,1202.646875697,35.920000000000002,0.052286893542058177
348.83824285223437,-998.74304602072357,1202.646875697,35.920000000000002,0.052522410535000952
348.81975333309884,-998.43403331878358,1204.14795924997,36.140000000000001,0.052502089080585769
348.80126186543214,-998.53925400101843,1203.62224622038,36.140000000000001,0.051961355947365423
348.78275887937031,-999.16124733993581,1200.1396656202901,35.850000000000001,0.051448485919212972
348.76424203730858,-999.90947133221016,1200.5931378118,35.850000000000001,0.051142758580849219
348.7457193661852,-1000.2242406638801,1202.63924630156,36.25,0.05109549086424129
348.72719429950627,-1000.3536006618328,1202.63924630156,35.939999999999998,0.05142931309306345
348.70868482316058,-999.51172266788899,1203.47061198599,36.030000000000001,0.051708820588789478
348.69018755439521,-998.85251332908729,1204.90231572417,36.030000000000001,0.051836561824252038
348.67169685972851,-998.49751200241019,1206.5516956510201,35.829999999999998,0.05166679310094674
348.65320521717302,-998.54869799506287,1206.5516956510201,35.829999999999998,0.051183902346332161
348.63471046814811,-998.71644734460961,1208.5634718613001,35.909999999999997,0.050802856891213395
348.61621071791359,-998.98651266424497,1211.1877454743101,35.909999999999997,0.050716155935653325
348.59771739277772,-998.6395573364606,1211.1877454743101,36.189999999999998,0.050831068721660114
348.57922508691365,-998.58451665931523,1211.2738145916201,36.189999999999998,0.05094219620588053
348.56072017198761,-999.26540600839849,1209.08227075127,35.850000000000001,0.050913633571753332
348.54221680201232,-999.18197866393439,1209.82279894624,35.850000000000001,0.050625698647104249
348.52370310367905,-999.73970999654455,1210.35828713873,36.25,0.050259160080297315
348.50518661137028,-999.89058467415248,1209.30304638184,35.880000000000003,0.049869012509109363
348.48666415549383,-1000.2126173305624,1210.9562410064,36.189999999999998,0.04974240437551318
348.46814616376548,-999.97155332873263,1209.19814219453,36.189999999999998,0.049965383693960273
348.44964128091362,-999.26367399943456,1209.19814219453,36.030000000000001,0.050325541655876306
348.43114668192584,-998.70834534149219,1209.85307810939,35.890000000000001,0.050490678603452743
348.4126510885061,-998.76204466524621,1212.2198596262799,35.880000000000003,0.050298986543285393
348.39415888095078,-998.57920798643829,1213.94624876335,35.880000000000003,0.049905341328429345
348.37566320991351,-998.76623601262236,1213.9050023442501,36.25,0.049575760755725028
348.35715367561721,-999.51485200149295,1213.98058104284,36.25,0.049477050912171951
348.33863168748132,-1000.1873593373277,1213.1818787076299,35.890000000000001,0.049807459318223869
348.32010126051864,-1000.6430559850517,1213.1818787076299,35.890000000000001,0.050239513320763381
348.30156979358031,-1000.6992146692018,1211.5100874316799,36.170000000000002,0.050521565399059429
348.28304256933342,-1000.4701093335415,1211.74302241123,35.850000000000001,0.050584211325941507
348.26450458107411,-1001.0513660018943,1210.81700453961,36.280000000000001,0.050227713455160042
348.2459633497283,-1001.2264926741813,1208.8996420979099,36.280000000000001,0.049823077601040038
348.227420332321,-1001.3229399950993,1208.8996420979099,36.020000000000003,0.049719377938422724
348.20887658124695,-1001.3625579991394,1209.2625152185601,36.020000000000003,0.049988652262556631
348.1903489089259,-1000.4943053349879,1209.59439392023,35.840000000000003,0.05043957693346203
348.17183048050612,-999.99513466869985,1209.59439392023,35.840000000000003,0.050773298783367775
348.15331590569139,-999.78703999665731,1212.0732321826499,36.259999999999998,0.050853302488190637
348.13479515827163,-1000.1203606645247,1210.65344937485,36.259999999999998,0.05064938113766685
348.11625516145676,-1001.1598280041983,1208.8312159575501,36.090000000000003,0.050275697272484057
348.09770111408653,-1001.9185579932974,1209.94582294772,36.090000000000003,0.049971552152902367
348.0791409655186,-1002.2480226686247,1209.94582294772,35.850000000000001,0.050074247020791378
348.06057018228393,-1002.822294670353,1207.92522524896,35.850000000000001,0.050555961205280421
348.04200531086423,-1002.5030566632232,1206.48636895256,36.259999999999998,0.051188588975179271
348.02345180780264,-1001.8891653274231,1205.52673405728,36.259999999999998,0.051403326086773296
348.00489299102463,-1002.1761060114929,1206.60939295404,36.119999999999997,0.051204617034757489
347.98634623177787,-1001.5249993243365,1206.60939295404,36.119999999999997,0.050822356711563717
347.96781096503713,-1000.904404002555,1205.9067733176701,35.869999999999997,0.050544525602447196
347.94927671861745,-1000.849306661665,1204.7900205600299,35.869999999999997,0.050670520091934693
347.93074854545665,-1000.5213506818911,1204.7008520008101,36.240000000000002,0.050950787142590645
347.91221884596308,-1000.6037726543435,1204.4772153469601,36.240000000000002,0.051371887746344859
347.89369481822206,-1000.2974980148831,1204.05473757443,36.189999999999998,0.051680447327432461
347.87516773058024,-1000.4627326593288,1203.5056595213,36.189999999999998,0.051632902269306086
347.85662711080266,-1001.1934679886973,1203.1523231449501,35.93,0.051353551036826886
347.83807356220996,-1001.8916240063155,1201.9001486182401,35.93,0.051140856619327484
347.81951995566681,-1001.8947533289274,1203.1344417493899,36.119999999999997,0.051207505162625989
347.80097067562969,-1001.6611220055349,1201.57518405618,36.119999999999997,0.051594961229769629
347.78243608461719,-1000.8679146725992,1200.7421494415,36.280000000000001,0.052009386332284642
347.76391025735808,-1000.3946719947375,1200.7421494415,36.280000000000001,0.052163842031318325
347.74538641795067,-1000.287327999438,1198.65550978845,36.090000000000003,0.052080443138824102
347.72686990598777,-999.89164599542903,1198.4652517396501,36.090000000000003,0.051832220831625489
347.70834441607423,-1000.3764553318717,1198.4652517396501,36.009999999999998,0.051717866835184242
347.68981961533342,-1000.3392400024997,1200.1008033872599,36.009999999999998,0.051842043175905635
347.67129836190139,-1000.1476853290633,1200.7547856276999,36.240000000000002,0.052190995257954641
347.65278204448163,-999.88114066911601,1198.1381414101299,36.240000000000002,0.052700553917908698
347.63426473467911,-999.93472933643659,1198.1381414101299,36.25,0.05302477524030097
347.61574334982714,-1000.1547820041368,1196.7195506953699,36.25,0.052716130802218021
347.59721048072856,-1000.7749313256412,1199.1988657950001,36,0.052146810210870184
347.57867930043221,-1000.6837360028637,1200.3351688784601,36,0.05155367259729806
347.56014674177788,-1000.7581673321203,1200.3351688784601,36.189999999999998,0.051412859721571003
347.54161995318532,-1000.4465839977987,1197.15657200296,36.189999999999998,0.051734154624048415
347.52310535145688,-999.78849333651362,1196.8778606507601,36.32,0.052149126102703947
347.50459927340734,-999.32821467484928,1199.8995780825101,36.32,0.052528165081951024
347.48610420049391,-998.73393732655484,1198.1607911778401,35.960000000000001,0.052563102085657058
347.46760911411116,-998.73466466699483,1198.1607911778401,35.960000000000001,0.052285072298434251
347.44910888891371,-999.01216066452446,1200.17638208585,36.039999999999999,0.05181319494567737
347.43060509156794,-999.20505666936799,1202.1976950404301,36.039999999999999,0.051452513371435908
347.41209839574094,-999.36157466020927,1202.7918342103801,35.829999999999998,0.051486751898668123
347.39358448319763,-999.75127733662964,1200.0910282243501,36.310000000000002,0.051970771621751108
347.37507494270369,-999.51518667482492,1200.5430699042199,35.899999999999999,0.05241747841568857
347.35656721413596,-999.41734265581067,1201.2204171681899,35.899999999999999,0.052554338343558875
347.33805888125943,-999.44997533370656,1201.1555673069399,36.039999999999999,0.052226187859991322
347.31954551404948,-999.72182933704255,1202.2799494600199,36.039999999999999,0.051629151120061431
347.30103031524692,-999.82073533685275,1205.2277571234399,36.25,0.051283056132420117
347.28250950264203,-1000.1238806646934,1205.2277571234399,36.25,0.051106273507442408
347.26399583017292,-999.73831333142448,1205.57131833688,35.93,0.051449991556548516
347.24548292449396,-999.69690666566783,1205.57131833688,35.93,0.051890927265465792
347.2269720584199,-999.58676799910461,1206.58125955835,36,0.05212144925967109
347.20846703896297,-999.27105067364732,1206.01286959802,36,0.051975309236573397
347.1899559845557,-999.5969379925657,1206.01286959802,36.280000000000001,0.051459946353578034
347.17145367422239,-999.124757998988,1204.33654836852,36.280000000000001,0.050936929057104063
347.15295432032099,-998.96511067454298,1203.2789234255499,35.909999999999997,0.050780094328409534
347.13444600709875,-999.4489140014382,1206.6878326759099,35.909999999999997,0.051004962160687839
347.11593401101237,-999.6477886633586,1206.6878326759099,36.07,0.051398552537081629
347.09741740797534,-999.89656400174135,1206.42294960296,36.07,0.051604385184182366
347.07889918755569,-999.98390266146669,1205.5527216855,36.240000000000002,0.051453760303776776
347.06038804932098,-999.60146467279367,1206.5612323953201,36.240000000000002,0.05106563472854958
347.04187713045684,-999.58961866360119,1208.0785284136,35.880000000000003,0.050598080792419627
347.02336865580247,-999.45763133654634,1208.76112088694,35.880000000000003,0.050385826166958463
347.00486425309879,-999.23774600001616,1213.64298029458,35.960000000000001,0.050520198420676884
346.98635758418521,-999.36012133134454,1212.9599109840301,35.960000000000001,0.050861690604236495
346.96785920402493,-998.91252865430567,1211.18965282317,36.140000000000001,0.051170586514376552
346.94935824514829,-999.05177933907623,1211.18965282317,36.140000000000001,0.051167236851282008
346.93086121645689,-998.83954933487405,1209.81993792295,35.850000000000001,0.050840355042632457
346.91235593727151,-999.28507601112074,1207.8672895273301,35.850000000000001,0.050607302948016714
346.89384572104922,-999.55167600478092,1207.7137479440901,35.939999999999998,0.050592088240033632
346.87533108724693,-999.79022532349381,1207.6493749200599,35.939999999999998,0.050864599432477967
346.85681937676543,-999.63236600124515,1208.75182256124,36.119999999999997,0.051242732954116105
346.83830821782709,-999.60258266880646,1210.77981123684,36.119999999999997,0.051290654682127408
346.81979858627159,-999.52010399963353,1210.77981123684,35.880000000000003,0.051150635507765344
346.80128888951862,-999.52362465932208,1211.25426426581,35.880000000000003,0.05071949420086122
346.78278333093823,-999.30016334038248,1209.90839122634,35.950000000000003,0.050365100091231373
346.76427881233349,-999.24400465623228,1209.1318618216301,35.950000000000003,0.050318120045972831
346.74577149976545,-999.39487867432035,1209.1318618216301,36.159999999999997,0.050658160403925206
346.72726036670372,-999.60118533317439,1208.72345074695,36.159999999999997,0.05128834706563893
346.70874214006159,-999.98423867582221,1207.47103780163,35.850000000000001,0.051729574597827115
346.69022756524703,-999.78703998566516,1207.47103780163,35.850000000000001,0.051729028222297274
346.67171533425926,-999.66047333993663,1207.4836739878299,36.32,0.051424724780097762
346.65320520909893,-999.54675865798811,1208.6612234903801,35.960000000000001,0.051085626090649254
346.6346947000248,-999.56749000397076,1205.9349067133601,36.159999999999997,0.051007588494606952
346.61618692697533,-999.41974467095861,1201.1894227492101,36.159999999999997,0.051324117093968481
346.59767569664217,-999.60643799083493,1201.1894227492101,35.859999999999999,0.051794055227219193
346.57914973277792,-1000.4020486689501,1199.1065977938899,35.859999999999999,0.052477629441384309
346.56063679398778,-999.69869466786452,1201.3157846111999,35.960000000000001,0.052690023761692406
346.54212063385182,-999.87264733991424,1202.45089560162,35.960000000000001,0.052321420777551496
346.52360365416058,-999.91690332914357,1202.45089560162,36.189999999999998,0.05190812360883227
346.50508113308643,-1000.2161380012427,1204.0359025044299,36.189999999999998,0.051615116082964818
346.48655630648148,-1000.3406366676196,1200.0137805955101,35.890000000000001,0.051995553077922793
346.46802581433343,-1000.6465759962122,1200.0137805955101,35.890000000000001,0.052649876515999602
346.44949395830872,-1000.7202253328196,1198.9082335124299,36,0.053223421170570565
346.43095968497539,-1000.8507600015216,1198.9082335124299,36,0.053667787263940642
346.41242246350618,-1001.0099593361379,1197.7178094050701,36.210000000000001,0.053661724343232658
346.39388129114832,-1001.2233073253608,1197.17755284042,36.210000000000001,0.053364988421147189
346.37533219945681,-1001.6509513415621,1194.8982709525001,35.899999999999999,0.053100982262753019
346.35678805203696,-1001.3839606703453,1195.0494283496701,35.899999999999999,0.053126907182580237
346.33824911486442,-1001.1026073172679,1194.6829789499,36.009999999999998,0.053600663724901562
346.31971899937037,-1000.6262366798021,1192.5565233893999,36.009999999999998,0.054131145079114457
346.30119248914832,-1000.4315519912578,1192.5565233893999,36.240000000000002,0.054435313981102941
346.28266516141986,-1000.4756973350457,1191.7323102631899,36.240000000000002,0.054298238829524677
346.26413949661736,-1000.3858993369083,1192.01006794096,35.920000000000002,0.053829589032210558
346.24560884820988,-1000.6550140026932,1192.9875842317999,35.920000000000002,0.053473462659579439
346.22707208101224,-1000.9854286723514,1192.9875842317999,36.039999999999999,0.053388742317147048
346.20852952512348,-1001.2980179942365,1192.5934782735701,36.039999999999999,0.05376997714605377
346.18998616933345,-1001.3412126621895,1190.5685890398699,36.280000000000001,0.054327948025829215
346.17144053491359,-1001.4642586702137,1190.5685890398699,36.280000000000001,0.054818711555845508
346.15291150390135,-1000.5676746614643,1188.7377725527001,35.939999999999998,0.054800770148054456
346.13438605330862,-1000.3743320078154,1187.96315049686,35.939999999999998,0.05445118062076286
346.11586882112346,-999.93053800005237,1190.1988017796,36.030000000000001,0.053897571436022487
346.09735296522217,-999.85621866825306,1190.1988017796,36.030000000000001,0.053737960337128306
346.0788398256791,-999.70953532702924,1189.6091925631999,36.299999999999997,0.05410243550030764
346.06033160971606,-999.44366200329762,1190.5466545279801,36.299999999999997,0.054664996773385988
346.04182775339501,-999.20824133668464,1189.8251998216199,35.950000000000003,0.055056566164268517
346.0233228643333,-999.26400933228638,1190.06147266167,35.950000000000003,0.055116909655963803
346.00480892592606,-999.75267399075767,1190.70401080895,36.079999999999998,0.05484901471325615
345.98629440801221,-999.78396734878152,1188.91110288037,36.079999999999998,0.054449097567108667
345.96777072486418,-1000.2788899929571,1191.8722619858099,36.329999999999998,0.054225732265298317
345.94925123162972,-1000.0526346622736,1192.43159203906,36.329999999999998,0.054255333839774655
345.93073315401239,-999.97619133590604,1190.1458728487301,35.939999999999998,0.054602702667147666
345.91221857195063,-999.78743133373371,1188.4209142233001,35.939999999999998,0.054900224008739062
345.89370317756789,-999.83129666739035,1188.4209142233001,36.140000000000001,0.054936790841433623
345.87519428071619,-999.48042999136885,1189.1287790690401,36.140000000000001,0.054725545153258739
345.85668603269136,-999.44539334174988,1189.60251684219,36.280000000000001,0.054370068628099698
345.83818271549399,-999.17912865895767,1191.04828727821,36.280000000000001,0.054194817525389086
345.8196770855061,-999.30401934391477,1194.38519410911,35.979999999999997,0.054181638283244835
345.80116643983951,-999.57486599667959,1193.1709281409901,35.979999999999997,0.054497016179906599
345.78265568448154,-999.58078933103582,1193.1709281409901,36.170000000000002,0.054826501557845964
345.76414574765442,-999.53658866452724,1191.1751259774101,36.170000000000002,0.05485819756493248
345.74564239113579,-999.1812520049981,1190.13609768583,36.189999999999998,0.054728750973655926
345.72714201692594,-999.02020733392897,1190.9865368588601,36.189999999999998,0.054340171103468247
345.70864234429632,-998.98232199837275,1190.9865368588601,36.009999999999998,0.054035714523209488
345.6901367339878,-999.30295665963081,1192.12665464004,36.009999999999998,0.054071968831649497
345.67162949281504,-999.39102333030803,1194.4231026677001,36.259999999999998,0.054102561744410721
345.65312234270363,-999.38610601649134,1194.4231026677001,36.259999999999998,0.054267006415813862
345.63461922625913,-999.16828799979305,1197.90377591893,35.909999999999997,0.054198172360218212
345.61611588319761,-999.18052532407773,1200.9016514899299,36.140000000000001,0.053937116431829253
345.5976084537038,-999.40119266424927,1195.8328718939899,36.009999999999998,0.05379489518552303
345.57910206417284,-999.34503467259469,1196.9920631637599,36.009999999999998,0.053757497416684383
345.56059328322237,-999.47417132416092,1196.9920631637599,35.880000000000003,0.053923824387165774
345.54209008295055,-999.17281468002091,1197.16587032865,36.280000000000001,0.054072249269043533
345.52357878225922,-999.61023733062268,1196.60463292654,36.229999999999997,0.05404210960008219
345.50506811692594,-999.57592799945974,1198.3052728539999,36.229999999999997,0.053792566883521124
345.48655209959253,-999.86493600336155,1198.3052728539999,36.020000000000003,0.053309575756911018
345.46803586081495,-999.87689398802706,1198.25305917896,36.020000000000003,0.052746004524494232
345.44951317728402,-1000.2249106700639,1198.12502838672,36.259999999999998,0.052512419515473835
345.43099219600003,-1000.1329893368782,1196.5543266003499,36.259999999999998,0.052624897419447564
345.41247354717279,-1000.0070366711248,1196.5543266003499,36.140000000000001,0.053086076966660907
345.39394813590127,-1000.3722086617749,1197.39618270352,36.140000000000001,0.053368527438081244
345.3754234582965,-1000.332590657735,1199.8046874767199,36.030000000000001,0.053238860443016373
345.3568936542963,-1000.6094160115447,1203.1597141217801,36.030000000000001,0.052915752553126104
345.33836680775312,-1000.4497133314028,1203.1597141217801,36.259999999999998,0.052328590916415639
345.31984322807398,-1000.2733026729566,1203.5366539402801,36.259999999999998,0.052004036395450932
345.30132124614818,-1000.1870239934841,1202.1025660160301,35.93,0.052097230731348247
345.28279524917275,-1000.4038366711468,1202.2384646223099,35.93,0.052504570536524256
345.26428123935807,-999.75652999428996,1198.9916800250601,36.189999999999998,0.053055323661325982
345.24576391611112,-999.93545533585302,1195.6457132870801,36.189999999999998,0.053345276458308499
345.22724893771601,-999.80883333442785,1195.38464491184,36.100000000000001,0.053071883613460241
345.20873492687662,-999.75658532800276,1195.38464491184,36.100000000000001,0.052451602072888355
345.19021500419763,-1000.0758246651644,1197.4109646571801,35.850000000000001,0.051925661451764457
345.17169080156805,-1000.3069419979357,1198.6431120208599,35.850000000000001,0.051729637721405326
345.15315680764206,-1000.8356720017481,1197.60289163624,36.240000000000002,0.051974654197418306
345.13463222111091,-1000.3276726843985,1197.60289163624,36.240000000000002,0.052553083128341171
345.11610942065442,-1000.2312246490006,1197.8284356389599,35.869999999999997,0.052898050174858692
345.0975899408644,-1000.0519086628569,1196.3862414820501,35.869999999999997,0.052838957765186691
345.07906723767894,-1000.2259720133242,1195.95255803496,35.920000000000002,0.052562477060556834
345.06053972161732,-1000.4858673285069,1197.6677414974899,35.920000000000002,0.052107077922223341
345.04200925533337,-1000.6451793310921,1196.8885894881,36.159999999999997,0.052109011966127376
345.0234784641234,-1000.6627253392461,1194.3141453640601,36.159999999999997,0.05245082183610901
345.00495429979014,-1000.3048739966,1194.0275661978201,35.850000000000001,0.052990690909209485
344.98643415048144,-1000.0880626709529,1191.86797045087,35.850000000000001,0.05335873924817483
344.96791815902463,-999.86353866772959,1191.86797045087,35.920000000000002,0.053254081354760417
344.94940649303709,-999.62996332657758,1191.2542809551101,35.920000000000002,0.052749891252286511
344.93089866720993,-999.4225946649434,1189.2589556287501,36,0.052179164359501165
344.91238574186423,-999.69796866844808,1189.67761870356,36,0.051852672675144394
344.89386668428392,-1000.0291093375228,1189.67761870356,35.859999999999999,0.05187186412560435
344.875334028358,-1000.7634200007728,1189.89410279919,35.859999999999999,0.052216125451514932
344.85680652471609,-1000.485196662803,1190.51542169039,35.93,0.052692446243327987
344.83827762512334,-1000.5605780083746,1190.4288757358599,35.93,0.052932368385926791
344.8197573909755,-1000.0926439814058,1188.8004766464801,36.030000000000001,0.052883501883765352
344.80124624549387,-999.60185600987006,1188.25259068639,36.030000000000001,0.052611556735401015
344.78273340397533,-999.69344199921227,1187.92357300801,35.890000000000001,0.052419175493918176
344.76421787403706,-999.83861666686664,1188.6378751561499,35.890000000000001,0.05252175964227139
344.7457020253828,-999.85582733117667,1188.6378751561499,36.280000000000001,0.052781320276590403
344.72718670860496,-999.82710600151802,1189.8805129385601,35.939999999999998,0.053074044284454884
344.7086786230372,-999.4366206619369,1189.1616808368799,35.969999999999999,0.053242022792304618
344.69016815949374,-999.56503134706247,1186.6544707601599,35.969999999999999,0.05303494218572196
344.67163939546936,-1000.5532573164023,1187.6274570974699,35.850000000000001,0.052816154840177036
344.65310746182712,-1000.7244166801958,1187.5645145850799,35.850000000000001,0.052569691712326963
344.63456830319757,-1001.1145659944295,1187.07861746295,35.939999999999998,0.05257637861185991
344.61602781381481,-1001.1864266693204,1187.07861746295,35.939999999999998,0.05292847339459545
344.59749089658027,-1000.9935306644767,1187.6195892834201,36,0.053220418169209194
344.57896261993841,-1000.5269386614115,1189.45588939856,36,0.05333993997099732
344.5604450493579,-999.94881134864659,1189.1035066966399,35.890000000000001,0.053056482641406576
344.54192909618519,-999.86147132591361,1189.44659107287,35.890000000000001,0.052560016314354877
344.52340960295049,-1000.0526346732654,1189.44659107287,35.979999999999997,0.052420387258993152
344.50489349456791,-999.86985265765827,1190.0629031733199,35.979999999999997,0.052469570391327124
344.48637595607408,-999.94707866917065,1193.0293074881199,35.890000000000001,0.052805503625230461
344.46784821856784,-1000.4978253351566,1195.5224508669901,35.890000000000001,0.053130429651469954
344.44933502003721,-999.71272065386597,1195.5224508669901,35.880000000000003,0.053104031832116705
344.43081537779017,-1000.06068134267,1195.08137644307,35.880000000000003,0.053049879559107484
344.41230077607412,-999.78849266600196,1192.3376551076999,36.030000000000001,0.052737888565204692
344.39378269844434,-999.9761920064177,1193.78652498561,36.030000000000001,0.052521322955065182
344.37526147708655,-1000.1459533200992,1193.78652498561,35.859999999999999,0.052508731482682952
344.35674188038257,-1000.05822201525,1195.9017748715601,35.859999999999999,0.052767262476696483
344.33822542635812,-999.88851732134481,1196.0519785943,35.939999999999998,0.053012676331313145
344.31971305360491,-999.66812867226486,1195.8173746845,35.939999999999998,0.053002803274437162
344.30121600524683,-998.84061133765431,1200.7261753947901,36.140000000000001,0.052600587822633313
344.2827266620248,-998.42453399102612,1200.7261753947901,36.140000000000001,0.052144902034595486
344.2642323362345,-998.69359267457037,1202.19459559853,35.869999999999997,0.051835350074850836
344.24573796491353,-998.69605133147866,1201.94115661873,35.869999999999997,0.051828262705723945
344.22723355600016,-999.23808132187594,1203.2464984949199,36,0.052055093559252988
344.20872430109887,-999.49976467223132,1204.47697692835,36,0.052244022700575217
344.19021346813571,-999.58498000789996,1204.93521749201,36.280000000000001,0.052352722523690366
344.17169550744455,-999.96987732399305,1204.5165544172,36.280000000000001,0.052189432704872953
344.15317976225919,-999.85024001117631,1204.5165544172,35.93,0.051743804170268491
344.13465989856792,-1000.0726393273357,1204.3758874387599,35.93,0.051356860331608967
344.11613891729633,-1000.1329886663663,1206.5989025353099,36.119999999999997,0.051300610513015314
344.09763467808637,-999.22891733796246,1206.5989025353099,36.119999999999997,0.051553758483266453
344.07914107251861,-998.65470065895499,1204.7780996296499,35.850000000000001,0.051797362450824072
344.06064902122228,-998.57077000194113,1203.9519791545799,36.280000000000001,0.051766162117052886
344.04216134092587,-998.33473600388095,1208.82358656211,35.93,0.051214852273455715
344.02366446124688,-998.83150266546943,1210.09459615881,35.93,0.050628485362605058
344.00515983812352,-999.24964866196115,1210.09459615881,36.030000000000001,0.050136698415992692
343.98664862124701,-999.60571133189865,1210.65130360738,36.030000000000001,0.050044113562511879
343.96812422304924,-1000.3175026799454,1210.4753506750301,36.259999999999998,0.050368466310105366
343.94959582946922,-1000.533253321852,1209.739114015,36.259999999999998,0.050789602100259686
343.93107036645694,-1000.375002662527,1209.739114015,35.899999999999999,0.050958445712468999
343.91254349922235,-1000.4508306678957,1208.08329678575,35.899999999999999,0.050797776007118191
343.89402791650622,-999.84146667184348,1208.4852705580299,35.969999999999999,0.05020379296323263
343.87551953187648,-999.45277000497049,1210.58573849031,35.969999999999999,0.049707888533021174
343.85700960125922,-999.53625333167531,1210.5502141177899,36.210000000000001,0.049488624150074018
343.83850360082721,-999.32402332747313,1209.84330294648,36.210000000000001,0.049726769532235787
343.81999327490132,-999.55759999865666,1209.12852396113,35.93,0.050083234287997908
343.80148481164201,-999.45701600455561,1209.1945659154101,35.93,0.050221080367355418
343.78297720104933,-999.41097200213756,1209.5626842454301,36.009999999999998,0.050132768220144806
343.76445513425944,-1000.1916066559526,1209.5626842454301,36.009999999999998,0.049757750489970373
343.74591972471592,-1000.9121153500998,1210.0121033206101,36.259999999999998,0.049371265083536856
343.72737154260483,-1001.6018339987727,1209.5517169894799,36.259999999999998,0.049157646594499407
343.70880715859266,-1002.4767366562164,1210.43672686061,35.93,0.049320400386752131
343.69024788133328,-1002.2009720081313,1212.9858986122499,35.93,0.049876606916055131
343.67169280639513,-1001.9740466602717,1211.9885935769801,36.140000000000001,0.050378654984261723
343.65314192138271,-1001.7477906700682,1208.62140758293,36.140000000000001,0.05057761445676693
343.6346045695185,-1001.0170006665066,1206.1239726691199,36.140000000000001,0.05034243689078776
343.61606653469141,-1001.0538806630273,1205.2439695887499,36.140000000000001,0.049912727748065155
343.59753903104928,-1000.4851966737951,1205.5298334991701,36.009999999999998,0.049642891519966564
343.57901533444442,-1000.2796166628855,1205.9773452254899,36.009999999999998,0.049648868544935491
343.56047915191357,-1000.9538566672041,1206.3361652298199,35.859999999999999,0.049879226005841118
343.54194539909889,-1000.8226519923185,1207.39855854494,36.280000000000001,0.050229864810437244
343.52340629220993,-1001.1117720046693,1205.91583322475,36.07,0.05034445887942051
343.50485437445684,-1001.8035586656699,1203.6587242673299,36.07,0.050257790012552955
343.48630125530866,-1001.8684340034247,1203.6587242673299,36.090000000000003,0.049983562070886202
343.46774570644442,-1001.9996386673184,1201.6679288945099,36.090000000000003,0.049724420524975568
343.44919180807415,-1001.9105119944045,1202.3543360655699,36.280000000000001,0.049841149405262811
343.43065088924692,-1001.2096166722113,1203.7366871519901,36.280000000000001,0.050230470182457541
343.41211126909883,-1001.1394879952923,1204.0916924585899,35.920000000000002,0.050848156420739123
343.39358525971613,-1000.4045066663386,1202.1354677838599,35.920000000000002,0.051208905253381655
343.3750749327653,-999.55765534336149,1199.84974859354,36.240000000000002,0.051314500673963301
343.35656740598768,-999.40644599242148,1200.1673221787601,36.240000000000002,0.051159468591858687
343.33805841082722,-999.48573866424601,1198.09689499103,36.119999999999997,0.050928539912288712
343.31954811079015,-999.55620200350484,1198.09689499103,36.119999999999997,0.050774437059411398
343.30101872897541,-1000.5866179942581,1200.90951930398,35.869999999999997,0.050940074854073307
343.28248259818508,-1000.951062677444,1199.4506358445401,35.869999999999997,0.051274651454488146
343.26393783402489,-1001.4172646514807,1197.6417538692699,36.280000000000001,0.051647617174443411
343.24539060704933,-1001.5502566800354,1197.6417538692699,36.280000000000001,0.051804026580028167
343.22684656311122,-1001.378372657849,1198.2635495976899,36.140000000000001,0.051723984588247826
343.20830049924712,-1001.4874486621125,1198.39038829689,36.140000000000001,0.051625343042246648
343.18976299112353,-1001.0254386729878,1197.41644828516,35.859999999999999,0.051745714415888398
343.17124353618539,-1000.0505666609376,1196.4169974824199,35.859999999999999,0.052004103654055563
343.15273563274093,-999.42678600132763,1193.01857865078,36.299999999999997,0.052307603048367603
343.13423532992607,-999.01635200090846,1195.74727961389,36.299999999999997,0.052697379143185639
343.11574075681483,-998.70694800586011,1195.74727961389,36.07,0.052763248484580957
343.09724821708647,-998.59714533166857,1196.41342120331,36.07,0.05273245275298747
343.07875771179033,-998.48728599373248,1194.72041067128,35.850000000000001,0.052472221559017186
343.06025234775302,-999.28965801406957,1193.79177019498,35.850000000000001,0.052376130806471431
343.04173707030861,-999.82498199595773,1193.79177019498,36.350000000000001,0.052644591780842201
343.02320460375324,-1000.753193992095,1192.8476325091899,36.350000000000001,0.052936528286217331
343.00466067054322,-1001.3723933412523,1193.16735186188,36.020000000000003,0.053216545946171152
342.98612193411117,-1001.0917673286151,1193.16735186188,36.020000000000003,0.05318014675812207
342.96759372266672,-1000.523418001723,1193.67542191451,36.049999999999997,0.052997351932563767
342.94907324223448,-1000.105943341447,1193.85924266091,35.850000000000001,0.052866086154795169
342.93056212882726,-999.6001239899141,1193.79606172992,36.259999999999998,0.052773397832018343
342.91206658197552,-998.7595299931213,1194.21281745587,36.259999999999998,0.052866224813748169
342.89357311298761,-998.64732534774987,1194.5547097390499,36.119999999999997,0.053112625871826857
342.87509170154311,-997.99621800107354,1194.7061055548299,36.119999999999997,0.053187880866224994
342.85660637335803,-998.20772199486737,1195.3345770042599,35.850000000000001,0.053179713171269676
342.83810793525936,-998.9156573283899,1196.0627074316401,35.850000000000001,0.05280738593021183
342.81959240428398,-999.83867267109122,1196.0627074316401,36.32,0.052345449935546823
342.80105372683948,-1001.0885820017784,1196.7016692998,36.32,0.052251659540089763
342.78250490212366,-1001.6365346560201,1197.5976464268699,36.170000000000002,0.05224010078577216
342.76395662274069,-1001.6070866784171,1196.4766021343,36.170000000000002,0.052477525958653633
342.74541192895066,-1001.413464663165,1195.8598131966401,35.880000000000003,0.052623774648633465
342.72688224291369,-1000.6030459954073,1196.4117522730501,35.880000000000003,0.052621743325556164
342.70837666466684,-999.30122533217047,1196.4117522730501,36.159999999999997,0.052414219832688111
342.68987872740752,-998.88861200347048,1195.42112295879,36.159999999999997,0.051976096721760533
342.67140074633323,-997.81097801006194,1199.19362058563,36.229999999999997,0.051607200876215661
342.65292201191369,-997.85165865441797,1203.4975532886399,36.229999999999997,0.051460256795663385
342.63444070497525,-997.9905746768485,1202.59990723132,35.950000000000003,0.051603133064229589
342.61595082882718,-998.45331199542147,1202.9289249097001,35.950000000000003,0.051994636242375651
342.59745216307408,-998.92795066789131,1202.9289249097001,36.189999999999998,0.052089827755322317
342.57894696150623,-999.2808846637447,1202.6192191385301,36.189999999999998,0.051811687233093505
342.56043494575317,-999.64885066613886,1203.2341007273301,36.210000000000001,0.05142133786634679
342.54191465986418,-1000.095438004142,1202.06251168996,36.210000000000001,0.050924175105297155
342.52338720796303,-1000.482402662051,1202.06251168996,35.960000000000001,0.050878083956372097
342.5048602434444,-1000.45608400706,1202.6244643478899,35.920000000000002,0.050960167625080224
342.4863364237039,-1000.286265985666,1205.29403749633,36.210000000000001,0.051183778175441841
342.46783564695062,-999.04194467846708,1205.29403749633,36.210000000000001,0.051350315208888615
342.44934358840749,-998.57116132802537,1203.55429691724,35.880000000000003,0.051235638352051652
342.43086525653075,-997.82992134285598,1203.5998348712701,36.229999999999997,0.050824764698622835
342.41238743170391,-997.80254065210875,1205.7065016873501,35.920000000000002,0.05042252027557894
342.39389871867905,-998.39050333996261,1205.7065016873501,35.920000000000002,0.050305587550336164
342.37540305385187,-998.7659006687785,1206.9803723073401,36.189999999999998,0.050553597717692633
342.35689565746924,-999.39940466205258,1205.8760173173,36.189999999999998,0.050909479870134867
342.33837420845703,-1000.1582466596006,1206.99586951683,36.259999999999998,0.051153267002427033
342.31984150079012,-1000.7662140125168,1206.99586951683,36.259999999999998,0.05114671359927251
342.30130495399993,-1000.9735266699265,1204.7244554429601,35.979999999999997,0.050901678499356201
342.28276812160493,-1000.98894933204,1203.2619957044101,35.979999999999997,0.050642009204465273
342.26423948796293,-1000.5462166675375,1203.0300143992899,36.100000000000001,0.050369866396382808
342.24572484691362,-999.79061666057021,1203.5953049177299,36.100000000000001,0.050391263025654512
342.22722386217282,-999.05317600419642,1203.0271533759999,36.32,0.050684910056542659
342.20873726014821,-998.27650932938684,1203.0271533759999,36.32,0.0510241888012119
342.19025651200013,-997.96039999634127,1201.7933370820699,35.93,0.051127195149319307
342.17178034388905,-997.71307799781516,1203.7049774771899,35.93,0.050840053920335658
342.15329602256804,-998.15335133489771,1203.7049774771899,36.159999999999997,0.050518066731507168
342.13479323829625,-999.15035067654662,1204.45098930013,36.159999999999997,0.050368015143182246
342.11626819024696,-1000.3525946632773,1203.6885265932699,36.259999999999998,0.050747332472565271
342.09772716690145,-1001.2152606559563,1203.6885265932699,36.259999999999998,0.051240861007870564
342.07917075397529,-1002.0462980127195,1202.22034480814,35.979999999999997,0.051884224844215329
342.06062995207418,-1001.2033026602984,1200.4190922283001,35.979999999999997,0.052208217485438448
342.04209655627164,-1000.8033733376644,1199.0903853285799,36.100000000000001,0.05212834000782357
342.02357368440749,-1000.2350806635249,1199.0903853285799,36.100000000000001,0.051861750991911683
342.00506346196289,-999.55201200814452,1196.8332763711501,36.310000000000002,0.051548817306638628
341.98656176838278,-999.09145332535695,1196.2281699452601,36.310000000000002,0.051593560096606247
341.96805680170377,-999.26820066867049,1196.9498630702301,36.140000000000001,0.052107609815797165
341.94955074953077,-999.32681733921731,1196.9498630702301,36.140000000000001,0.05273330231873443
341.93103745993818,-999.71763800065844,1196.77391013788,36,0.053171688271107999
341.91251289306172,-1000.3266113301461,1196.59008939148,36,0.053170908037585535
341.89397758080247,-1000.9068619999434,1196.2045665031201,36.189999999999998,0.052882477427000675
341.87542620839514,-1001.7741099955712,1196.3261599929499,36.189999999999998,0.052713204384338713
341.85687460937049,-1001.786347330848,1196.3261599929499,36.32,0.052748089648918521
341.83831249881473,-1002.3539700097956,1196.57387692617,36.32,0.053211827244508854
341.81975392314803,-1002.1630860020633,1192.8478709277999,35.93,0.054015101241452285
341.80119938734595,-1001.9449333120328,1191.9039716606101,35.93,0.054725906293487489
341.78265989137043,-1001.1327826792791,1191.9039716606101,35.960000000000001,0.055093855289023247
341.76413801395063,-1000.1813806692589,1191.26787081574,35.960000000000001,0.054921825518656674
341.74563155198786,-999.34894598785581,1192.5915709247099,36.119999999999997,0.054583841321623652
341.72712904090139,-999.13559866914466,1193.85662005623,36.119999999999997,0.054399318378064727
341.70862821138286,-999.04479400193998,1193.85662005623,35.859999999999999,0.054452165746533901
341.69011283665424,-999.83023534611402,1194.1415302922201,35.859999999999999,0.054779145875135986
341.67157801799993,-1000.8802073305967,1195.0854295593999,35.909999999999997,0.055175106969408909
341.6530450516297,-1000.7801839942936,1192.22226050165,35.909999999999997,0.055331169729748483
341.63450505481478,-1001.1598280041983,1192.22226050165,36,0.055316818044566451
341.61596918996304,-1000.9367019961268,1192.6793089722801,36,0.054891057726276837
341.59742732325924,-1001.2608020053442,1193.9283840570899,35.909999999999997,0.054556375570325673
341.57888390951854,-1001.3443419957935,1193.9283840570899,35.909999999999997,0.05460285685087151
341.56034896771604,-1000.8868573348814,1196.0584158966999,36.189999999999998,0.055016291633489804
341.54183384651867,-999.81654465998861,1196.67830427626,35.82,0.055632612980646937
341.52332792990126,-999.31949733974102,1194.0471165236399,35.950000000000003,0.055944602938045124
341.50483194117288,-998.78339133222767,1194.0471165236399,35.950000000000003,0.055938881516495731
341.48635081635814,-997.98073999425549,1194.7595113229199,36.049999999999997,0.055675891541352961
341.46786153730881,-998.4210686650506,1196.3445182257301,36.049999999999997,0.055301697510721039
341.44936604943223,-998.75634533679647,1196.2911124576499,35.890000000000001,0.054960115287235954
341.43085148600005,-999.78642533517814,1196.2911124576499,35.890000000000001,0.054909014659449404
341.41232498921005,-1000.4308266623534,1197.8980538723499,36.210000000000001,0.055046537899377412
341.39378980112326,-1000.9001566839302,1196.3376040861101,35.899999999999999,0.055265926446090449
341.37524790130851,-1001.2625899965489,1194.3730347601199,36.259999999999998,0.055215004830913364
341.35670936666679,-1001.0808706542338,1194.3730347601199,36.259999999999998,0.055005149912484258
341.33818561728407,-1000.2824666678622,1196.35262445839,36.07,0.054783443405202921
341.31967274369151,-999.69517399718416,1196.86498604595,36.07,0.054724115048041103
341.30116446358039,-999.44712599924173,1197.0345016758999,35.869999999999997,0.054943417708989292
341.28266963072849,-998.7209740028535,1199.3626593783699,35.869999999999997,0.055075847650786394
341.26418035270387,-998.4210133313378,1199.3626593783699,36.259999999999998,0.055099792985441202
341.24570995982731,-997.40121533486649,1200.5802632069899,36.259999999999998,0.054948949772017398
341.2272309398025,-997.8670813385155,1200.8360863728601,36.159999999999997,0.05451479202684982
341.20874235613599,-998.38351799183442,1200.5712032998999,36.159999999999997,0.054129173773358442
341.19023538816054,-999.37627067437825,1200.5712032998999,35.869999999999997,0.053921195979016123
341.17170672760506,-1000.547669996402,1201.1984826563,35.869999999999997,0.05403456381440306
341.15315682461721,-1001.694761341506,1200.4949093455,36.210000000000001,0.054393725262024954
341.1346139955433,-1001.3127699906464,1200.4949093455,36.210000000000001,0.054448758146048166
341.11608212606183,-1000.7209520027479,1201.34034172777,36.280000000000001,0.054081447637552051
341.09755926144442,-1000.2346893374406,1201.6538621966699,36.280000000000001,0.053556856394995085
341.07904640750621,-999.69411266491579,1202.05988908528,35.960000000000001,0.053030720193065373
341.06053602260499,-999.56078466597342,1201.0218144681201,35.960000000000001,0.052859854574513976
341.0420357518766,-999.01461933242479,1201.0218144681201,36.119999999999997,0.052940306352827024
341.02353593024702,-998.99036799726559,1202.71124872103,36.119999999999997,0.053094572692321637
341.005038634568,-998.85396666894394,1206.1149127620399,36.280000000000001,0.053283947821504404
340.98653403111109,-999.24858667017293,1206.9922932377201,36.280000000000001,0.053270244968256053
340.96802478241983,-999.49942932838735,1206.0374267145901,35.909999999999997,0.052787358359659885
340.94949534370386,-1000.5896906641177,1206.5342910926699,35.909999999999997,0.052281746425481619
340.93095143635799,-1001.3709966761323,1207.74784180496,36.210000000000001,0.051957738281268089
340.91239650423455,-1001.9663346641992,1207.74784180496,36.210000000000001,0.052088911954854891
340.89383484898752,-1002.3293833417848,1206.96082198153,35.880000000000003,0.052445073512054116
340.87528059880248,-1001.9295099903994,1206.1754710883499,36.210000000000001,0.052652427306808809
340.85674168128384,-1001.1015460069838,1206.3004024386901,35.840000000000003,0.052587040175568082
340.83823053580261,-999.60185598788598,1204.0843014817599,35.840000000000003,0.052151815546766601
340.81974700713585,-998.11054800402098,1204.0843014817599,36.259999999999998,0.051557881143689005
340.80125897604944,-998.35367866616286,1203.12657393534,36.259999999999998,0.051047406680010635
340.78276053071602,-998.91604800594644,1207.09862793668,36.079999999999998,0.050978092473427827
340.76425673337025,-999.20505666936799,1207.09862793668,36.079999999999998,0.051393575139177534
340.74573880579021,-999.96808932179647,1209.5507633150501,35.859999999999999,0.051982192739167869
340.72721370598777,-1000.3553893345411,1208.45618348791,35.859999999999999,0.05217120880174176
340.7086816678393,-1000.7300600154128,1209.3142520563899,36.280000000000001,0.051980925110118023
340.69014462641985,-1001.000236651002,1206.83708272422,36.280000000000001,0.051513174549553217
340.67160120027165,-1001.3450120019775,1206.83708272422,36.039999999999999,0.051220033527714447
340.6530474705803,-1001.9014033332118,1204.0421013882301,36.039999999999999,0.051361320339065028
340.63450230906187,-1001.4387219968796,1205.21249833256,35.829999999999998,0.05184524071770065
340.61596706819762,-1000.9030066669228,1205.41944568389,35.829999999999998,0.052315552411729596
340.59745251925926,-999.78564267201705,1205.7856566650501,36.280000000000001,0.052592002060100437
340.57895411944452,-998.91358999756596,1205.7856566650501,36.280000000000001,0.052428681194998224
340.56046792719746,-998.2543813402682,1203.3225540307201,35.920000000000002,0.051890551631881915
340.54197825283944,-998.44241533203194,1201.2952806109499,36.159999999999997,0.051428575279896444
340.52347663065444,-999.08759799233644,1203.0321601667599,35.880000000000003,0.051326144285072692
340.5049633420989,-999.71758199643386,1204.31127599612,35.880000000000003,0.051791351290412083
340.48643652039522,-1000.4483719999954,1202.3519518794999,36.259999999999998,0.052564715344210144
340.46789878461743,-1001.0377320014973,1200.97198497915,36.259999999999998,0.053079682921814586
340.44935563165416,-1001.3302600165597,1200.97198497915,36.189999999999998,0.053126657795338553
340.43081701837036,-1001.0851173243306,1199.8402118492399,36.189999999999998,0.052845300069074785
340.4122900993828,-1000.4536253281676,1201.12409605075,35.890000000000001,0.052514864756649821
340.3937648309136,-1000.3644973362142,1198.9227770474899,35.890000000000001,0.052446557425743189
340.37524511623457,-1000.0645926689231,1198.9227770474899,36.259999999999998,0.052844010714953579
340.35674358614818,-999.08262466330325,1198.5260484845701,36.259999999999998,0.053346912481083773
340.33824718764208,-998.80551933233824,1197.1687313519401,36.259999999999998,0.053818950227432133
340.31976263866659,-998.16564467439912,1198.7411020685599,36.259999999999998,0.053933971662815286
340.30127718009874,-998.21476266571642,1198.7411020685599,35.969999999999999,0.053634495580610876
340.28277974265427,-998.86162200127205,1197.84345601123,35.969999999999999,0.053114987285184108
340.26426101517296,-1000.0112839897496,1197.6980206606399,36.159999999999997,0.05290326248639423
340.2457185896792,-1001.2909766638677,1197.8599068951501,36.159999999999997,0.053034837660176463
340.22715848664194,-1002.2455640117163,1197.8599068951501,36.280000000000001,0.05352397655756902
340.208599338716,-1002.1939880010266,1196.48518520417,36.280000000000001,0.053942925823348246
340.19005225454316,-1001.5425453324906,1195.9656710583799,36.189999999999998,0.054062563506228969
340.17151224530875,-1001.1604986589101,1195.1784128163399,36.189999999999998,0.053911599220843764
340.15298604758021,-1000.4146773413037,1194.64411671688,35.979999999999997,0.053522272249251629
340.134471985,-999.75937932875502,1193.4601299119099,35.979999999999997,0.05320789808944023
340.1159700451235,-999.10475333392583,1193.0426589301401,36.189999999999998,0.053218689015925295
340.09746728050601,-999.14928934427826,1194.7564118810201,36.189999999999998,0.053419065153489168
340.07896296265437,-999.2331639860754,1198.3703611338599,36.259999999999998,0.053700035854999745
340.06045641066657,-999.35380734141575,1198.3703611338599,36.259999999999998,0.053610329832804199
340.04194241327184,-999.75585931759417,1198.69532569591,35.93,0.053185081737706266
340.02341316806178,-1000.5792413420294,1198.62952216023,35.93,0.052709534967716042
340.00488265624699,-1000.6476379989924,1196.3888640867301,36.030000000000001,0.052325611722498389
339.98634119828404,-1001.2387299984662,1194.56472332057,36.030000000000001,0.052216580755500022
339.96778919671618,-1001.8080846643941,1198.53868467077,36.240000000000002,0.052416740613310003
339.94925158512353,-1001.0310260039803,1198.1071469911501,36.240000000000002,0.052619022835819373
339.93073151343197,-1000.0838713455609,1198.1071469911501,35.890000000000001,0.052706702717460634
339.91223076875309,-999.04021265851111,1197.55663842638,35.890000000000001,0.052325282666280379
339.89374586277773,-998.18492266953308,1201.4457227523001,36.009999999999998,0.051759882931654108
339.87526860295065,-997.77203066073366,1202.7033809069801,36.009999999999998,0.051345841748653136
339.85678956325916,-997.86814334129554,1202.7033809069801,36.170000000000002,0.05135133449025471
339.83830222032105,-998.31651865951142,1202.5341036956399,36.170000000000002,0.051711638358513758
339.81980896037038,-998.63603733629213,1206.1733253208799,35.850000000000001,0.05205866466915423
339.80131185303713,-998.84379599397903,1204.9528604689699,35.850000000000001,0.052025647212333104
339.78280776283958,-999.22087066855784,1204.9528604689699,35.890000000000001,0.051685794149663469
339.76428979593834,-999.9702126678369,1203.4584526370099,35.890000000000001,0.051128142000956868
339.7457583693581,-1000.6970353299288,1202.64163048764,36.020000000000003,0.05059819875140676
339.72721672202465,-1001.2489560071438,1203.6491875230299,36.140000000000001,0.050418530074826655
339.70868050741973,-1000.9555886651763,1205.9473044809499,35.859999999999999,0.050648165239601008
339.69015495230877,-1000.3799759915602,1206.2353141588301,35.859999999999999,0.051186742880685733
339.67164936786423,-999.30156000550255,1205.8998591780501,35.939999999999998,0.051490521675072988
339.65317077003721,-997.84428266170914,1206.9975384470899,35.939999999999998,0.051292898132222861
339.63470415108651,-997.19742333714544,1208.89845000487,36.079999999999998,0.050700494192923766
339.61623462227169,-997.35455600045759,1209.9451076918999,36.079999999999998,0.050207559647833008
339.59776235848148,-997.50224466972531,1210.5874074205601,35.82,0.049947527127897906
339.57927000087648,-998.5873106710593,1211.7208494807301,35.82,0.04995108272300252
339.5607574263334,-999.67902532466223,1213.0047336822399,35.909999999999997,0.050118688705967966
339.54223526330878,-1000.1968033313725,1213.0047336822399,35.909999999999997,0.050217596200486284
339.52369470149381,-1001.1903380065655,1211.54799599028,36.159999999999997,0.050178244705758789
339.50515203488897,-1001.3039966623055,1207.2085389147401,36.030000000000001,0.049971013010513647
339.48661340297537,-1001.0861233338782,1205.4988390802,35.850000000000001,0.049693864874066324
339.46807895476547,-1000.8602033360463,1206.5915115584701,35.850000000000001,0.049528370924137324
339.44955936322219,-1000.0579433351505,1209.61775894377,35.890000000000001,0.049548180157192832
339.4310538574199,-999.29731332441372,1210.2574360677499,35.890000000000001,0.049719446239638622
339.41255526306168,-998.92409534586295,1210.2574360677499,35.950000000000003,0.049835856387635678
339.3940814532715,-997.5857286669418,1209.6983444331099,35.950000000000003,0.049640569428035845
339.37560681771618,-997.63031998902306,1212.75844726067,36,0.049337311123229102
339.35711638898778,-998.48315133208473,1211.8145479934899,36,0.04907591371155888
339.33860469195054,-999.63164001282075,1211.8145479934899,35.810000000000002,0.049060419618970806
339.3200664305063,-1001.0661179873119,1209.7000133633601,35.810000000000002,0.049230494633050591
339.30150841259268,-1002.1329673367726,1207.93213938858,35.920000000000002,0.049420577576612168
339.28294389818512,-1002.4837780085694,1210.1892483460001,35.920000000000002,0.049592430394147374
339.26437758427181,-1002.5809513179119,1210.1892483460001,36.119999999999997,0.049380850457664348
339.24581328509873,-1002.4721553457636,1211.0086931000601,36.119999999999997,0.04902643980060082
339.22725332486419,-1002.2378526641717,1208.6569319554501,35.909999999999997,0.048918309105024371
339.20870221944455,-1001.7596926615013,1206.8737991897799,35.909999999999997,0.049011709374967315
339.19017398833336,-1000.5244800045029,1205.4969317313401,35.869999999999997,0.049249119025927719
339.17166247239516,-999.62186066394054,1205.4969317313401,35.869999999999997,0.049450618944144528
339.15315960430877,-999.15487666427873,1212.1871962770499,36.329999999999998,0.049598460180498245
339.1346561567284,-999.18616934079864,1210.0101959717499,36.329999999999998,0.049603382740957852
339.11613568249402,-1000.105608657123,1210.01377225086,36.090000000000003,0.049500273955377268
339.09760661319763,-1000.5697420032799,1210.01377225086,36.090000000000003,0.049385811301824546
339.0790519345926,-1001.9526446705696,1209.01432144813,35.880000000000003,0.049433750626598126
339.06047690970371,-1003.0513440017888,1206.5893657910101,35.880000000000003,0.049857512735812001
339.04190113043222,-1003.0920806613615,1204.4385915325399,36.25,0.050573468007220249
339.0233299312099,-1002.8447580033155,1204.4385915325399,36.25,0.050977646479460619
339.00476985403702,-1002.2441673356042,1203.3602241707099,36.189999999999998,0.05114003292222763
338.98622950020979,-1001.179106669844,1205.9403903413299,36.189999999999998,0.050907019119658253
338.96770777904936,-1000.1729426627778,1206.2233932284601,36.009999999999998,0.050587646869915563
338.94919154648147,-999.87655866616728,1203.0810359812999,35.869999999999997,0.050542741597877042
338.93068391622234,-999.41203399392566,1203.9844040852099,36.229999999999997,0.050600042776962201
338.91217501834575,-999.48048533607357,1203.0858043534499,36.229999999999997,0.05103638395368261
338.89366813418508,-999.37174467565421,1203.0858043534499,36.210000000000001,0.051497533494372638
338.87516163392604,-999.35101398919153,1201.99265503796,36.210000000000001,0.051750930863468131
338.85663368843211,-1000.5090566718778,1201.7117979182999,35.950000000000003,0.051715810677318216
338.83808960620968,-1001.3804400106569,1201.9719126191001,35.950000000000003,0.051325676549749684
338.81953320569147,-1002.0456279845515,1201.9719126191001,36.159999999999997,0.050972838788015666
338.80097048460499,-1002.3869386690712,1203.84349868816,36.159999999999997,0.050946426474493059
338.78242044502474,-1001.7021373342149,1203.1616214706401,36.280000000000001,0.051137751174589817
338.76388130606171,-1001.1135040026413,1203.1616214706401,36.280000000000001,0.051450106417624507
338.74535750597533,-1000.2852046643898,1201.75256750018,35.960000000000001,0.05157940090388597
338.72685617664195,-999.07178400413864,1200.0819683172699,35.939999999999998,0.051536859117603244
338.70835528916052,-999.04792399506368,1202.02937150352,36.119999999999997,0.051374433358905708
338.68985611013574,-998.95566734001795,1202.02937150352,36.119999999999997,0.051121283323584017
338.6713574899137,-998.92549198899906,1200.93026172283,36.280000000000001,0.051086090715644232
338.65286229281492,-998.74064333506396,1201.4807702876101,36.280000000000001,0.051211508824503461
338.63436014598778,-999.11592866642252,1202.1795752262601,36.079999999999998,0.051573456981723061
338.61584538801236,-999.79693067248297,1200.4331589261501,36.079999999999998,0.051684992177024318
338.5973179557655,-1000.4813413297826,1200.4331589261501,36.100000000000001,0.051616753144076689
338.57878743153094,-1000.6483086646961,1201.19395270276,36.100000000000001,0.051373909748412272
338.56024842916042,-1001.1061280099324,1199.3326186338199,36.299999999999997,0.051135353538938527
338.54170732200015,-1001.2197866546802,1199.3326186338199,36.299999999999997,0.051209786909246019
338.52318144920986,-1000.3971306736298,1200.82321176806,36.189999999999998,0.051398737769532944
338.50467023853082,-999.60537666955861,1200.82321176806,36.189999999999998,0.051585515548657077
338.48617584755556,-998.69711266374713,1202.3607733679701,35.939999999999998,0.051714318493779859
338.46769742460503,-997.83483932718445,1204.7738080947199,35.939999999999998,0.051519956644461781
338.44921063424681,-998.2866793448319,1206.1964519258099,35.880000000000003,0.051286520642545325
338.4307187060989,-998.56411998666465,1203.8635258511899,36.189999999999998,0.051156458340461092
338.41221430339499,-999.2377460110082,1202.78587374519,36.259999999999998,0.051138866684375693
338.39368728092592,-1000.4592133296719,1203.61223263886,36.259999999999998,0.051418821223601086
338.37516190174068,-1000.3704760042831,1203.61223263886,35.960000000000001,0.051575427248735359
338.35662532908634,-1000.9749233350465,1204.38828520635,35.960000000000001,0.051671142373193236
338.33808478692589,-1001.1892766633052,1203.1225208190101,36.090000000000003,0.051576534493557286
338.31955034492603,-1000.8598679922025,1204.2213921810901,36.090000000000003,0.051199139823422758
338.30101835851855,-1000.7272660036688,1204.2213921810901,36.280000000000001,0.050962452470832739
338.28249616341969,-1000.1985353403363,1209.4191562436999,36.280000000000001,0.050634166429887321
338.26399933546901,-998.82870933522918,1207.6019296171601,35.890000000000001,0.050682760770407106
338.24550905679018,-998.47504865845565,1207.6019296171601,35.890000000000001,0.05087718884915321
338.22702787298772,-997.98392533208391,1207.7933797589999,36,0.050927321951798547
338.20854396145688,-998.13122266427513,1207.51085370908,36,0.050938189442427902
338.19004501629638,-998.94303866766472,1210.06479383287,36.140000000000001,0.050768289302877835
338.17154474556799,-999.01461933242479,1210.06479383287,36.140000000000001,0.050521260121584213
338.15303383395064,-999.58922733751683,1207.8961381788399,35.829999999999998,0.050452845168849382
338.13451150845674,-1000.2055766707053,1208.4945688837299,35.829999999999998,0.050384696162596131
338.11598581779026,-1000.3872959910365,1208.39777092907,35.93,0.050408257589136002
338.09746020474086,-1000.3831046656444,1208.5358153028301,35.93,0.050357393918474547
338.07893910651848,-1000.1393040083105,1208.5358153028301,36.090000000000003,0.050240659881108721
338.06042745398764,-999.62923666764118,1210.4460251862999,36.07,0.050202238681832226
338.04192199992605,-999.29451932366146,1210.5018151404599,35.850000000000001,0.050026945153473723
338.02342677075325,-998.74237533303585,1211.77330157439,35.850000000000001,0.04989490326621708
338.00494159158035,-998.19967533645456,1214.97526347342,35.890000000000001,0.04977024573902171
337.98645632134566,-998.20459267225522,1214.97526347342,35.890000000000001,0.049782807213837078
337.9679782171234,-997.81762800335434,1215.91797064757,36,0.049883421095992211
337.94949296654323,-998.20353132899504,1214.59307844556,36,0.049756739506340658
337.93099690022234,-998.78758132758821,1214.59307844556,35.939999999999998,0.049623104017071311
337.91248213603706,-999.79726600533479,1214.99862849696,35.939999999999998,0.049558793082332152
337.89395362553086,-1000.5395673337648,1213.8287083898399,35.850000000000001,0.04955458040844634
337.87541816320987,-1000.9149653330925,1211.2251771956901,35.850000000000001,0.049705008669505966
337.85688648932097,-1000.7103900016987,1210.16969802018,35.920000000000002,0.049749724558392973
337.83835876422228,-1000.4971553289724,1211.3167299409799,35.920000000000002,0.049707594647122391
337.81984164897545,-999.92422332861986,1210.8360780282101,36.229999999999997,0.049712773823893691
337.80133269934566,-999.48328000733761,1210.8360780282101,36.229999999999997,0.049610797103674879
337.78282997302495,-999.14722132095847,1211.6486086426501,36,0.049666295654490114
337.76434035040745,-998.43962134227183,1212.1945872538799,36,0.049690837041987332
337.74585133935807,-998.40659666777992,1211.9566454835699,35.890000000000001,0.049954573111341945
337.72735822118523,-998.62838133345201,1211.9566454835699,35.890000000000001,0.050300368004234625
337.70885672938277,-999.08055733247954,1210.8370317026399,36.280000000000001,0.050539285356583342
337.69033702814818,-1000.0638666695065,1210.91475616869,36.280000000000001,0.050661295861292845
337.67180071522228,-1000.9608979975729,1211.1684335671,36.140000000000001,0.050571343557094764
337.65325507976553,-1001.4643146634461,1210.2557671375,36.140000000000001,0.050578975223856959
337.63469881688889,-1002.0381953390902,1205.98044466739,35.880000000000003,0.05073226678064257
337.61614559322226,-1001.8740779981616,1205.98044466739,35.880000000000003,0.051084020067069295
337.5976033363952,-1001.2818686621946,1201.2974263784199,36.240000000000002,0.051422291944408137
337.5790679785926,-1000.9093213383555,1203.0409816552401,36.240000000000002,0.051741343406764326
337.56055768372846,-999.55592266388578,1203.0409816552401,36.189999999999998,0.051806841251027073
337.54204994895071,-999.41767799965476,1204.03876352772,36.189999999999998,0.051682611098780917
337.5235435201111,-999.34715733713142,1202.3931982986001,35.909999999999997,0.051523044498136723
337.50502983418517,-999.73904000135281,1202.8624061181999,35.909999999999997,0.051400490724357858
337.48650476750623,-1000.3536006618328,1202.8624061181999,36.159999999999997,0.0515647470531852
337.46796430295052,-1001.1850860084249,1202.7224543955899,36.159999999999997,0.051942884719009756
337.44941610222224,-1001.6028393268164,1198.615693881,36.299999999999997,0.052409308647113372
337.43086145570373,-1001.9509120020856,1198.06184745572,36.299999999999997,0.052730801195670689
337.41230631660488,-1001.9775113377195,1198.06184745572,35.960000000000001,0.052758749164654811
337.39374793445694,-1002.1526359874791,1199.6137141720901,35.960000000000001,0.052512918282425651
337.37518799387652,-1002.2367913428953,1197.8003022432699,36.100000000000001,0.052338215622961648
337.35664533450625,-1001.3036059957408,1197.8003022432699,36.100000000000001,0.052377656113171356
337.33811462814793,-1000.6581433472893,1196.94437944226,36.280000000000001,0.052588288161512217
337.3195977136545,-999.91338264747117,1195.8140368239899,36.280000000000001,0.052824690934964447
337.30108819902466,-999.51379000970485,1197.6467606600199,36.030000000000001,0.052935173734694481
337.28258207544445,-999.33067333175745,1196.12278892074,36.030000000000001,0.052927265764953997
337.26407075403688,-999.6113560081393,1193.77269670638,36.07,0.05283763529238214
337.24555139119741,-1000.0455933319046,1194.32249001533,36.07,0.05276057248189861
337.2270209311236,-1000.6448439872481,1197.1596714448499,36.310000000000002,0.052814049025761096
337.20847950523449,-1001.2369980114862,1197.1596714448499,36.310000000000002,0.053013356205053409
337.18993567654326,-1001.3667493245315,1197.7762219639101,35.950000000000003,0.053369879936136212
337.17139030703709,-1001.449953333601,1195.42565291234,36.119999999999997,0.053835819572323147
337.1528531310866,-1001.0075013277574,1190.2624595478101,36.07,0.053943202102714097
337.13432244335809,-1000.6571373377418,1193.3526031199201,36.07,0.053945609061410833
337.11580858980255,-999.7480919988011,1193.3526031199201,36.25,0.053598168816794335
337.09729973744447,-999.47802733868514,1195.97520780268,36.25,0.053264670485076049
337.07879909624688,-999.03462466799886,1196.2043280845101,36.009999999999998,0.05307408670236767
337.06030431617285,-998.71812399787666,1195.2322954216399,36.009999999999998,0.053011584616554509
337.04181059366653,-998.66101534137943,1195.2322954216399,36.119999999999997,0.053248180912866441
337.02330873865452,-999.10017064947328,1192.85287771855,36.119999999999997,0.053545631884914513
337.00479456534566,-999.76535867832763,1190.77839741449,36.299999999999997,0.053710813313642282
336.98627066798764,-1000.290457333042,1189.0069471606,36.299999999999997,0.0536182522716767
336.96774105955564,-1000.5988553295349,1190.2553069895901,36.039999999999999,0.053296038463696273
336.94922611324699,-999.80710066594384,1193.4758655400101,36.039999999999999,0.052898058462417304
336.93070592461726,-1000.0901860060015,1192.4404135275399,36.07,0.052727022112097718
336.91219470153084,-999.60604666475035,1192.4404135275399,36.07,0.05271993887860791
336.89368294551866,-999.63482465815355,1192.65952022785,36.229999999999997,0.052936431020682281
336.87517993980254,-999.16230867220418,1192.65952022785,36.229999999999997,0.05308390698707327
336.85668272897539,-998.84938466599522,1193.0634013490001,36.210000000000001,0.053228689354019629
336.83819559506185,-998.3052313295575,1192.1929350129301,36.210000000000001,0.053293657387488425
336.8197094286914,-998.25298400463612,1191.3763512821599,35.969999999999999,0.053016933507927175
336.80122161801245,-998.34177666373785,1191.3684834681101,35.969999999999999,0.052850148127000202
336.78273046906179,-998.52204333670829,1195.47452872688,36.170000000000002,0.052597685207719909
336.7642250408764,-999.29312201001369,1192.6874152049299,36.170000000000002,0.052509537583020523
336.74571319380243,-999.63974199395409,1192.6874152049299,36.280000000000001,0.052599721687061569
336.72719371297546,-1000.0519646560895,1191.6710366810601,36.280000000000001,0.052674070214011937
336.70867472680243,-1000.0252533449825,1191.17679490766,35.939999999999998,0.052835934067116341
336.6901623333456,-999.66924666827754,1191.17679490766,35.939999999999998,0.052840833863760872
336.67165670337039,-999.30401866241073,1191.7814244963399,36.079999999999998,0.052650293539133884
336.65315214544461,-999.24612799128056,1193.48421019127,36.079999999999998,0.0525193661449034
336.63465183641989,-999.01668733376039,1201.6021253588301,36.259999999999998,0.052349824049706492
336.6161486754815,-999.17069067446062,1200.91381083892,36.259999999999998,0.052367619548101194
336.59763382023465,-999.80218333014352,1200.91381083892,35.899999999999999,0.052467098254770084
336.57911888737044,-999.80637466652752,1198.8622187211799,35.899999999999999,0.052629937938894311
336.56060038755561,-999.99899000172013,1194.9714654649999,35.979999999999997,0.052766253553862649
336.54208926174061,-999.60079400709014,1194.9714654649999,35.979999999999997,0.052741471048769473
336.52356580624706,-1000.2665966534555,1193.49327009836,36.140000000000001,0.052555512842303649
336.50503915321008,-1000.4392639983224,1194.6059697396699,36.140000000000001,0.052146356959538752
336.48650479606169,-1000.8552860112377,1198.37417583158,35.829999999999998,0.051725123907716941
336.46797025680263,-1000.8651199903431,1198.8715170468699,35.829999999999998,0.051415216996848506
336.44943493107411,-1000.9075893403834,1198.8715170468699,35.899999999999999,0.051445479825436451
336.43090846741984,-1000.4290373301252,1197.4271771224901,35.899999999999999,0.051750356529590417
336.41239947846907,-999.48540334238612,1195.0201028609399,36.07,0.052125936160269094
336.39389983792591,-998.98058932988897,1197.90377591893,36.07,0.052420418293471736
336.3754030886173,-998.82446266513239,1199.0243433742901,35.859999999999999,0.052418055842184993
336.35689511377774,-999.43064133434802,1199.0243433742901,35.859999999999999,0.052321474581544708
336.33838545013595,-999.52183665712539,1199.8366355701301,35.899999999999999,0.052152234643520756
336.31987367445686,-999.63588667192573,1201.33509651841,35.899999999999999,0.052039086202693971
336.30135907274081,-999.78849266600196,1201.2270928892001,36,0.052137892278534381
336.28283393982719,-1000.3571773367379,1200.5075455317001,36,0.052377232872230783
336.26431067887648,-1000.2560913381346,1198.0096337806699,35.899999999999999,0.052415631303010427
336.24578597541972,-1000.3339866633352,1195.8672041734701,35.899999999999999,0.052415490559649107
336.2272600570866,-1000.3995899900578,1195.26305142201,35.850000000000001,0.052148511432879095
336.20873389144452,-1000.4129446728197,1195.26305142201,35.850000000000001,0.051899465424916635
336.19021144902484,-1000.211890660634,1196.78153953332,35.979999999999997,0.051793379504382682
336.17169643130853,-999.81095668046828,1197.7633473591,35.979999999999997,0.051751366510912847
336.15318244633352,-999.75518865189065,1197.7633473591,36,0.051895823955853397
336.13467686188915,-999.30155999451051,1198.7589834641201,36,0.052212510880071859
336.11618406966693,-998.61078000257737,1198.2032296899799,35.869999999999997,0.052393945972398513
336.09768532630869,-998.93214134475556,1196.1072917112499,35.869999999999997,0.052463985560606857
336.07916958733335,-999.84990466733245,1196.1072917112499,35.920000000000002,0.052435601956187794
336.06064771612341,-1000.1810453364071,1196.39911608685,35.920000000000002,0.052393150206166542
336.04212068641976,-1000.4596039962365,1197.5082394490501,36.140000000000001,0.052385612699700247
336.02358823953091,-1000.7521320003069,1196.4355941338099,36.140000000000001,0.052544844018381477
336.00505561671611,-1000.7616319985761,1194.96788918589,35.939999999999998,0.052827213783303108
335.98652260377781,-1000.7826986664186,1192.5908556688901,35.939999999999998,0.053049121051674163
335.96798890270372,-1000.8198580025582,1189.56079358587,35.909999999999997,0.053119333455651903
335.94946130800002,-1000.4901139986036,1191.0151470917599,35.909999999999997,0.053007000429455241
335.93094436761737,-999.91478066460706,1190.6610954595899,36.259999999999998,0.052799272042099499
335.91243390511119,-999.56497533184574,1190.6610954595899,36.259999999999998,0.052659580898239279
335.89393326391365,-999.03462466799886,1191.1713112796899,36.039999999999999,0.052545356255822032
335.87542589339517,-999.39800799693251,1191.1713112796899,36.039999999999999,0.052656880064228639
335.85691618939506,-999.5240160073904,1190.7607544375401,35.850000000000001,0.052891017664346063
335.83839078433323,-1000.3718733399151,1190.7607544375401,35.850000000000001,0.053171450276053404
335.81985757065422,-1000.7935386660635,1188.99788725351,36.280000000000001,0.053286186105157715
335.80132331698775,-1000.8496979877494,1188.7465940411801,36.280000000000001,0.053099207581838968
335.78277712998761,-1001.4940980068772,1190.1740062444201,36.229999999999997,0.052908572051658588
335.76422676444457,-1001.7197393246093,1191.0192002080901,36.229999999999997,0.052743488914792691
335.74567630886423,-1001.7246013376893,1187.54901737559,35.909999999999997,0.052824169405215331
335.72713149918519,-1001.419722670853,1190.67850001794,35.909999999999997,0.05301546098418608
335.70859577713571,-1000.928990670566,1190.67850001794,36.159999999999997,0.053084509243676643
335.69007265277787,-1000.2487153234418,1192.25206282759,36.159999999999997,0.053031492151446112
335.67154381734582,-1000.5571133309267,1187.45865672334,36.299999999999997,0.053047553323601011
335.65302589597525,-999.96775401092873,1184.89064990171,36.299999999999997,0.052933761233974225
335.63450330350628,-1000.2199933232714,1184.89064990171,36.049999999999997,0.052836458723274381
335.61598414140735,-1000.0347533432516,1185.54415530493,36.049999999999997,0.052605890162084543
335.59746390725934,-1000.0926439923979,1191.9554700798401,36.030000000000001,0.052393828000180269
335.57893377314826,-1000.6272419968536,1189.67237349419,36.030000000000001,0.052306749341080441
335.56040593112368,-1000.5034693298935,1189.67237349419,36.189999999999998,0.052383927005719075
335.54186968339496,-1000.9573773488768,1185.5496389329001,36.189999999999998,0.052480658314446121
335.52333441666661,-1000.9044033320431,1189.8898112642501,36.259999999999998,0.052550340892973918
335.50480958902472,-1000.3406926608524,1192.2792425488501,36.259999999999998,0.052498691814816312
335.48629809274081,-999.62079933167206,1192.2792425488501,35.960000000000001,0.052456677788709431
335.4677770141974,-1000.1382413460107,1192.59943873876,35.960000000000001,0.052403375092032058
335.44926599288885,-999.59515066088102,1194.2216389443399,36.159999999999997,0.05221261022065167
335.43075617919754,-999.52993933075459,1195.03941476815,36.159999999999997,0.052077047941992735
335.41225396613584,-999.11950533033541,1195.03941476815,36.32,0.051962467333727544
335.39375465053098,-998.96304266221523,1193.47920340052,36.32,0.051918498548484099
335.37525577677775,-998.93918267512458,1194.65341504257,35.93,0.051899401261780491
335.35675903471611,-998.82407132805577,1194.65341504257,35.93,0.051942377663278
335.33825847217281,-999.03037733838198,1195.07946909421,36.049999999999997,0.051799324436587982
335.31975054182726,-999.42823865968035,1197.0645424204499,36.049999999999997,0.051590548822138704
335.3012422751604,-999.44640001081711,1197.0645424204499,35.859999999999999,0.051260069018995304
335.28273124661729,-999.5955413274454,1200.69279678974,36.310000000000002,0.051004100182126512
335.26421863275306,-999.68114867070267,1202.1399977374101,35.93,0.050958928966456193
335.24570603855545,-999.68008666792241,1201.6505243361601,35.93,0.05101566202397393
335.22719495102484,-999.59872665428202,1203.16782035444,36.049999999999997,0.051165603924585891
335.20869617556792,-998.93387467275932,1202.1769526215701,36.049999999999997,0.051221677831331004
335.19020094639512,-998.74237533303585,1202.8943542116101,36.280000000000001,0.051121571004296956
335.17170297602462,-998.89040000566729,1202.8943542116101,36.280000000000001,0.050932172064820293
335.1532048431975,-998.89917266349607,1203.58672184786,35.93,0.050615865941849178
335.13470357801242,-999.06831999720248,1204.8391347931799,35.93,0.050397994416923671
335.11619494090121,-999.46640400536762,1204.8391347931799,36.079999999999998,0.050368376278118555
335.09769355256805,-999.07496999049488,1205.0732618657701,36.079999999999998,0.050374424711374523
335.07918983904949,-999.20053000013206,1202.9496673285601,36.310000000000002,0.050328483599951346
335.06067989601229,-999.53692400837099,1203.92193841004,36.310000000000002,0.050240911337084949
335.04217199256806,-999.42678599033547,1203.92193841004,35.920000000000002,0.049893053041175348
335.02365481108649,-999.92780000352479,1205.8495528518599,35.920000000000002,0.049602920182865419
335.0051372994937,-999.94562601081793,1207.8866014345399,36.039999999999999,0.049356284245759725
334.98662635580251,-999.59095932449679,1211.02419030955,36.039999999999999,0.049417653226856741
334.96811392406181,-999.67131399910136,1211.9766726466,36.259999999999998,0.049690644567642009
334.94960509137036,-999.47696533590488,1210.7504857481099,36.259999999999998,0.050051567248894542
334.93109284175301,-999.6614793384922,1209.2930328003199,35.920000000000002,0.050240641256391175
334.91257638774073,-999.88851666182484,1208.12788106535,35.920000000000002,0.05018589914875294
334.89406641882715,-999.53832133301091,1208.12788106535,35.969999999999999,0.049807752172299831
334.87554986858038,-999.89371332625274,1207.46603101087,35.969999999999999,0.049413723038947512
334.85702264433348,-1000.4701093335415,1207.2009095193,36.159999999999997,0.049091471975832433
334.83849578329654,-1000.4504959945637,1208.1231126932,36.159999999999997,0.049003467172999582
334.81995566334581,-1001.1664773379708,1209.65948220008,35.859999999999999,0.049114548083518124
334.80141251037037,-1001.3302606760794,1209.65948220008,35.859999999999999,0.04923553516898533
334.78286582872852,-1001.5208086584641,1208.51650339562,36.280000000000001,0.049323757280748691
334.76431826439517,-1001.5684740024207,1207.9328546444001,35.969999999999999,0.049221922334289132
334.74577902816071,-1001.1187566603019,1208.2957277650501,36.119999999999997,0.049058115108739253
334.72724068806184,-1001.0703653389128,1209.76390955018,36.119999999999997,0.048969938527659379
334.70870293262971,-1001.0387933337656,1210.39738779037,35.859999999999999,0.049029956049852254
334.69018065887678,-1000.2027826589612,1208.1467161353501,35.859999999999999,0.04927515466264451
334.67165385062975,-1000.447645341059,1206.79774365398,35.969999999999999,0.049505357939826286
334.65312457333346,-1000.5809739995212,1206.79774365398,35.969999999999999,0.049644823496153838
334.6345932823088,-1000.6897153304525,1204.681301675,36.07,0.049464856790709853
334.61604719256809,-1001.4888459977444,1204.19445087844,36.07,0.049244703521199876
334.59750055645674,-1001.5183500125479,1204.19445087844,35.859999999999999,0.0491311277025741
334.57894867803714,-1001.8014346601096,1199.8490333377199,35.859999999999999,0.049233766682265132
334.56039470102485,-1001.9147586645015,1201.44953745002,35.920000000000002,0.049334480954532231
334.54184950743212,-1001.4404540058437,1201.44953745002,35.920000000000002,0.049352734867240067
334.52330944024709,-1001.1636279925141,1205.2439695887499,36.079999999999998,0.04931138001246492
334.50476392792592,-1001.4576653406656,1205.20582261155,36.079999999999998,0.049331209943450742
334.48623406597534,-1000.6125453341566,1199.51000207782,35.869999999999997,0.049358858824064614
334.46771980262957,-999.77022066942345,1201.2058736331301,35.869999999999997,0.049396976829867101
334.44920606497527,-999.74183333159317,1201.2058736331301,35.93,0.04951143119423277
334.4306963620125,-999.52395999217367,1203.1344417493899,35.93,0.049707178647058051
334.41217371780237,-1000.2227873460074,1200.6305695331801,36.140000000000001,0.049951658066922623
334.39364321943219,-1000.646911988584,1198.33936671488,36.140000000000001,0.050062924217220486
334.37511021996301,-1000.7819713369704,1198.33936671488,35.840000000000003,0.050080551036500665
334.35656759887644,-1001.3015386759089,1199.2503642142301,35.840000000000003,0.049927672372911798
334.33802134667911,-1001.4976186555733,1200.25768283101,35.950000000000003,0.049803235260293184
334.31947867282724,-1001.3043879993819,1198.09451080495,35.950000000000003,0.049726517042197618
334.30093579201241,-1001.3155640023904,1193.7061779148801,36.090000000000003,0.049793252517129127
334.28240355311124,-1000.7409006635855,1193.7061779148801,36.090000000000003,0.049978678838163343
334.26388154530861,-1000.188421340108,1195.68648286897,35.859999999999999,0.050152952060660914
334.24537100414824,-999.56922266146262,1195.81308314956,35.859999999999999,0.050137643191364156
334.22686940886427,-999.08614533398372,1195.81308314956,35.950000000000003,0.0499743326752271
334.20836956033321,-998.99182067760239,1194.9709886277899,35.950000000000003,0.049856633156213727
334.18987190144458,-998.87357998593768,1194.18706824625,36.140000000000001,0.050038995424910464
334.17137354819778,-998.91107532544095,1192.6220885064699,36.140000000000001,0.050310229671569735
334.15286952216053,-999.21740601309409,1191.87488459049,35.829999999999998,0.050514297969012245
334.13434822319738,-1000.1501440079554,1194.3427555969699,35.829999999999998,0.050735555382176119
334.11581427480252,-1000.8332133228557,1195.68195291542,35.920000000000002,0.050725716476824084
334.09727436283953,-1001.1552460012497,1194.5425503900699,35.920000000000002,0.05075578783988776
334.07875030922213,-1000.298895339523,1194.5425503900699,36.079999999999998,0.050651229297230933
334.06022251997541,-1000.5006193249166,1195.92442463928,36.079999999999998,0.050613103024021826
334.04169658819762,-1000.4003160004664,1195.92442463928,35.840000000000003,0.050858774531658345
334.02318659962975,-999.53938266527928,1196.5526576701,35.840000000000003,0.051077690179659567
334.00467542828392,-999.60325267499036,1195.6976885435199,36.280000000000001,0.051382026735453529
333.98617420862968,-999.06586132930227,1193.3082572589201,35.93,0.051425038319687151
333.96767812264187,-998.78864334136028,1195.25804463125,36.07,0.051313299267624138
333.9491733049752,-999.26015399926598,1195.25804463125,36.07,0.051143236664119608
333.93066902644443,-999.23104066201904,1196.74649199802,35.869999999999997,0.050893342124879233
333.91215508700009,-999.75272999498236,1197.2500320971101,35.869999999999997,0.050781603079330002
333.89361789760494,-1001.0082273381659,1198.70867713793,35.939999999999998,0.050963765634433625
333.87508816500019,-1000.6055606565402,1198.70867713793,35.939999999999998,0.051096561879237619
333.85655352224694,-1000.8707086733513,1196.28252938778,36.100000000000001,0.05127986583251911
333.83801949624694,-1000.8374039997202,1196.9310280002401,36.100000000000001,0.051206653522444925
333.81949654676549,-1000.2392719999091,1200.5266190202999,35.859999999999999,0.051065786843945991
333.80097240830861,-1000.3034766719601,1199.2968558426901,35.859999999999999,0.051125598450820341
333.78245685766672,-999.83973466287944,1199.2968558426901,35.93,0.051140277132645851
333.76394644690129,-999.56218133109371,1197.30081526051,35.93,0.051351987448054817
333.74544098559255,-999.29491067173001,1196.70929869524,36.189999999999998,0.051424721666919949
333.72694346329638,-998.86620399322874,1198.5913751830301,36.189999999999998,0.051356076983076697
333.70845324256794,-998.47191933584349,1198.5913751830301,35.869999999999997,0.051188432711321771
333.68995811790131,-998.73673199781888,1197.4207398200899,35.869999999999997,0.050984453408140132
333.67146687788886,-998.52696067250895,1201.5756608934,36.030000000000001,0.050838447900419699
333.65296474244451,-999.11531399395153,1205.05156577248,36.030000000000001,0.050828898734948037
333.6344535069382,-999.60671734144614,1205.05156577248,35.859999999999999,0.050924003331121251
333.61593538377781,-999.97865066332588,1208.8598261904499,36.259999999999998,0.051131020821657255
333.59741415620994,-1000.1462886639431,1207.7890882240599,35.920000000000002,0.051203260409614766
333.57889880737031,-999.82883733997028,1205.4072863349099,35.920000000000002,0.051064180828915368
333.56039172866679,-999.38224999097508,1204.92591916632,36.170000000000002,0.050850027342693394
333.54189459648143,-998.84513800689035,1205.59611387206,36.170000000000002,0.050583263447977117
333.52340321262955,-998.53472800229417,1204.9893385159201,36.280000000000001,0.050580313229981688
333.50491505840756,-998.3603279889436,1204.9893385159201,36.280000000000001,0.0506737103918357
333.48642650164209,-998.38206533348159,1206.12063480862,35.960000000000001,0.05070481345722206
333.46795269185179,-997.58572867793384,1207.2652825433399,35.960000000000001,0.050531654717572864
333.44947206683952,-997.95375066256872,1207.77835938673,36.170000000000002,0.050302614569950548
333.43098477564189,-998.3137246697512,1206.3447482996901,36.170000000000002,0.050117875347451941
333.41248900112333,-998.77182400313461,1206.3447482996901,36.25,0.050022420985934846
333.39397722544442,-999.63588666093369,1206.4131744400499,36.25,0.049996192885050507
333.3754531780495,-1000.2985593251674,1212.1922030677999,35.960000000000001,0.050125734669870678
333.35693555574068,-999.95160467888695,1212.1922030677999,35.960000000000001,0.050318002078843467
333.33841926522234,-999.87968798877944,1211.0532773796699,36.259999999999998,0.050439535527016521
333.31991049046917,-999.47383667281292,1208.92872916803,36.259999999999998,0.050418688400294252
333.30141255941987,-998.88827665962685,1208.67242916494,36.140000000000001,0.050152723369517545
333.28291712224694,-998.75360734026913,1208.67242916494,36.140000000000001,0.049938495382593373
333.2644303515554,-998.28561734205175,1207.6581964085301,36.030000000000001,0.04981827922409119
333.24593149125923,-998.93845599420411,1207.2416791011899,36.030000000000001,0.049811825150117367
333.22742565328383,-999.315250669644,1204.6689039074099,36.259999999999998,0.0500139335356194
333.20891458644445,-999.59760932878123,1204.6689039074099,36.259999999999998,0.050243399004926616
333.19039348823446,-1000.1393033377988,1204.70919665208,36.159999999999997,0.050263876715057075
333.17186900518521,-1000.3220846609101,1204.70919665208,36.159999999999997,0.05007944897420176
333.15334384639499,-1000.3585746723699,1206.8552025383999,36,0.04989762480446825
333.13481556976552,-1000.5269379908996,1208.6802969789901,36,0.049735933743927908
333.11627935514798,-1000.9555893466801,1204.91209088708,36.189999999999998,0.050066403211540822
333.09773683754332,-1001.2959506524205,1205.19580903003,36.189999999999998,0.050436870926291927
333.07919013728389,-1001.521814008492,1204.31842855435,36.280000000000001,0.050787549045597243
333.06066529101241,-1000.3416986594078,1203.1988147734201,36.280000000000001,0.05087204070706404
333.04213681258028,-1000.5378353357928,1203.1988147734201,35.909999999999997,0.050744833429228066
333.02360798956818,-1000.5564426542311,1202.79731783835,35.909999999999997,0.050562650171308801
333.00508285769143,-1000.3571213435051,1198.68078216085,36.009999999999998,0.050371327538114588
332.98655508809878,-1000.4995580036402,1198.68078216085,36.009999999999998,0.050318932370630468
332.96802239388893,-1000.7654873315965,1199.4668483098601,36.159999999999997,0.050489726580487719
332.94948016190108,-1001.2805273417792,1200.7035256270799,36.159999999999997,0.050731162638413568
332.93093332503724,-1001.5291906497287,1201.2278081450199,35.840000000000003,0.05104199569220081
332.91238164114804,-1001.7909300153004,1199.9753951997,35.840000000000003,0.051077217281354864
332.89383253082735,-1001.6519573181336,1199.9753951997,35.909999999999997,0.050971983002019744
332.87527935993819,-1001.8712280151688,1198.96712290849,35.909999999999997,0.050977091821053942
332.85673772606174,-1001.2482293262236,1198.0725762930599,36.009999999999998,0.051165542867503112
332.83820481764212,-1000.7770546606896,1198.0725762930599,36.009999999999998,0.051511397787284183
332.81968404435804,-1000.1217573406369,1196.4234347848201,35.909999999999997,0.051945868051210313
332.80116540172844,-1000.0067019977928,1196.6611381365201,35.909999999999997,0.052167989520830051
332.78264737687635,-999.97334201243302,1195.93825291851,35.840000000000003,0.052245659752934201
332.76413153443212,-999.85549198733293,1195.93825291851,35.840000000000003,0.052184522567201935
332.7456151652716,-999.88393466986815,1195.44734900562,35.939999999999998,0.052074961777806954
332.72709348239511,-1000.1708753319541,1194.6033471349899,35.939999999999998,0.052136760204216169
332.70855833259265,-1000.8980893311225,1197.06549609488,36.07,0.052374047736736352
332.69001870725941,-1001.1397679944313,1195.17936649077,36.07,0.052665264040159192
332.67147228535811,-1001.5067826724631,1193.53117865696,35.829999999999998,0.05301457416126891
332.65293892162958,-1000.8016413396925,1193.53117865696,35.829999999999998,0.053168938799749842
332.63440891065414,-1000.6205926740731,1193.54453009898,35.93,0.053218110565137602
332.61589317271614,-999.84984865211595,1194.1889755951099,35.93,0.053029380123498546
332.59738318311111,-999.53943866950385,1194.5704453671499,36.259999999999998,0.052942692618275222
332.57887139502469,-999.63655666711747,1196.13852454883,36.259999999999998,0.053045977324864352
332.56036090560508,-999.56642866071036,1194.9802869534799,35.920000000000002,0.053237230624409174
332.54185722416037,-999.1987980131521,1194.3775647136599,35.920000000000002,0.053524102809203659
332.5233497294692,-999.40471332393759,1194.3775647136599,35.859999999999999,0.053657292290256911
332.50483517432116,-999.78597799387705,1195.8507532895501,35.859999999999999,0.05366812562834454
332.48631823393845,-999.91478066460706,1195.0637334661201,36.280000000000001,0.053501720020913204
332.4677944131605,-1000.2863220118745,1195.5393785881299,36.280000000000001,0.053220824859052093
332.44927189933338,-1000.2157466641663,1195.5393785881299,35.93,0.052992853656063113
332.43074668881502,-1000.3613679916181,1196.93746530264,36.049999999999997,0.052933457004402724
332.41222572098764,-1000.1322626779418,1195.6829065898501,35.880000000000003,0.052927736611622825
332.39371263939518,-999.70640599342528,1195.6509584964499,35.880000000000003,0.052988645104379721
332.37520508675317,-999.40784266853359,1195.6509584964499,36.25,0.052963726016192522
332.35670926670389,-998.77428266004301,1195.81975887057,36.25,0.052934953325613723
332.33822797218539,-997.98990400015282,1196.97680437288,36.280000000000001,0.0529069101639002
332.31974533965439,-998.06215667164008,1199.05557621188,36.280000000000001,0.052806276625001133
332.30125474329623,-998.49220334052495,1200.7853032094599,36.049999999999997,0.052822823123134653
332.28275970245664,-998.73220533957476,1200.7853032094599,36.049999999999997,0.052842472992793071
332.26424921924706,-999.56609331686661,1201.5995027541501,36,0.052958953502394789
332.24574421946926,-999.2699880003554,1201.7413618256301,36,0.053036506800210187
332.22722615529636,-999.97546533648938,1201.7413618256301,36.159999999999997,0.052910703753041632
332.20870742885199,-1000.0112279965169,1201.80120489612,36.159999999999997,0.052796124167439271
332.19018219866672,-1000.3624300053905,1202.6449683481401,36.25,0.052634320322699706
332.17164929645696,-1000.7767193278377,1203.0827049115501,36.25,0.052493934832303198
332.15311316566664,-1000.951062677444,1204.1815762736301,35.890000000000001,0.052464401552732534
332.13458976812365,-1000.2634673198515,1204.1815762736301,35.890000000000001,0.052401096455740058
332.11607480939529,-999.8077713316477,1203.71713682617,36.090000000000003,0.052251903754171984
332.09756408611094,-999.57905735504778,1201.3873101934601,36.030000000000001,0.052100068168401341
332.07905650035798,-999.40963065973824,1201.58042926555,36.189999999999998,0.051983819441340368
332.06054685533337,-999.52083132908172,1202.30426815799,36.189999999999998,0.051938613055961487
332.04203870458036,-999.44014066210525,1203.3914570083,35.880000000000003,0.051927954579172472
332.02351695133331,-1000.1746753422539,1203.3914570083,35.880000000000003,0.051851689616275898
332.00499435265448,-1000.220328656123,1205.2759176821601,35.950000000000003,0.05185732307498013
331.9864636587161,-1000.6574726705935,1207.85465334113,35.950000000000003,0.051900556103170667
331.96793045745687,-1000.7928680003596,1206.14829136709,36.159999999999997,0.051685619262513312
331.94939090353091,-1001.135912001891,1207.95931910984,36.159999999999997,0.05160821187857248
331.93085984637037,-1000.6770866690912,1208.0031881336199,35.840000000000003,0.051438572509087628
331.91232975675308,-1000.624839333178,1208.0031881336199,35.840000000000003,0.051336613386241757
331.89380281191359,-1000.4550213337681,1203.2877449140201,35.950000000000003,0.051273418995961079
331.87528557248157,-999.93092932613695,1205.2089220534499,35.950000000000003,0.051137906387897385
331.85677244638276,-999.70880933860474,1205.2089220534499,36.100000000000001,0.051060055076688329
331.8382753007532,-998.84586399531474,1206.2284000192201,36.100000000000001,0.050919955186260447
331.81978493722221,-998.4796306723963,1204.0101532948199,35.880000000000003,0.050703251937184536
331.8012898705062,-998.73360266421469,1204.0101532948199,35.880000000000003,0.050638773373270114
331.78278509217301,-999.2580299937058,1205.7959086651699,35.979999999999997,0.05065055874633255
331.76427253625934,-999.6780193370987,1205.5574900576501,35.979999999999997,0.050764334279976328
331.74574423374071,-1000.5283360080352,1208.5107813490399,36.170000000000002,0.050930485338609173
331.72720985693843,-1000.8563473215221,1208.68649586278,36.170000000000002,0.050865251370872132
331.70867144544451,-1001.0742206719333,1208.68649586278,35.869999999999997,0.050855433154901077
331.6901365947038,-1000.8819399990806,1208.1259737164901,35.869999999999997,0.05077407694571303
331.6716140477655,-1000.217534666363,1205.6581027100201,36.020000000000003,0.050724841033880676
331.65309571040751,-999.99021733289919,1205.9298999226,36.020000000000003,0.050745994471936541
331.63458579323446,-999.53552734325081,1205.69911071051,36.280000000000001,0.050732660004882059
331.61608960893835,-998.79395199225348,1205.69911071051,36.280000000000001,0.050700814981124498
331.59760184482718,-998.33926200260487,1205.1323896804299,35.920000000000002,0.050765658832303863
331.57910533559254,-998.81149867091904,1204.19206669236,35.920000000000002,0.050805971656960942
331.56060171313578,-999.19561266433141,1202.5410178352599,36.07,0.050814002753555583
331.54209332850627,-999.45276999397834,1201.71299001133,36.07,0.05074515628331356
331.52357366660488,-1000.0617426749383,1205.72891303646,36.280000000000001,0.050719941244564144
331.50504878722222,-1000.3434866616044,1204.4703012073401,36.280000000000001,0.050895577297186738
331.4865220565801,-1000.4434546751868,1204.4703012073401,35.920000000000002,0.051274984659167237
331.46799122086412,-1000.6651286624416,1200.5454540902899,35.920000000000002,0.051610049695278069
331.44945979945692,-1000.6967559903097,1200.4541397636101,36,0.051672450372387546
331.43093525224697,-1000.3255493383581,1203.8401608276599,36,0.051589507822418577
331.41241676587651,-999.99826400230381,1203.8401608276599,35.880000000000003,0.051547610722865338
331.39390315135824,-999.73518398682847,1203.1666282614001,36.229999999999997,0.051611399071198785
331.37538424900021,-1000.0207273352663,1196.3187690161201,35.880000000000003,0.051965292339239168
331.35686968660497,-999.78636934194537,1198.1421945264599,35.880000000000003,0.052273858124291285
331.33834070216051,-1000.5651600003313,1198.1421945264599,36.039999999999999,0.052622326958866879
331.3198130360496,-1000.4939699911439,1197.8301045692101,36.039999999999999,0.052706285689848136
331.30128303128402,-1000.6202573412212,1196.9250675350499,36.259999999999998,0.052627962505439871
331.2827482778149,-1000.876687330428,1195.20487728177,36.259999999999998,0.05233796727446368
331.26420864524692,-1001.140158671988,1195.43757384271,35.960000000000001,0.052076069022425321
331.2456601123456,-1001.6207766720466,1198.3863351805601,35.960000000000001,0.051973107163815022
331.22711225516059,-1001.5842879906187,1198.5289095078599,36.100000000000001,0.052216228928953161
331.20857446144436,-1001.0408606755814,1198.5289095078599,36.100000000000001,0.052606699365015046
331.19004161718522,-1000.7735899942337,1196.70691450917,36.259999999999998,0.052945365504115764
331.1715164397778,-1000.3595800004135,1195.0799459314301,36.259999999999998,0.052943351781464733
331.15300367690133,-999.68919532911525,1194.9893468605701,35.969999999999999,0.052673778388094804
331.13448899032119,-999.79307532847065,1194.9893468605701,35.969999999999999,0.052326332988231722
331.11598638817293,-999.1405160049452,1196.9155307907499,36.119999999999997,0.052174003796455405
331.09747454730865,-999.63940667209442,1196.9155307907499,36.119999999999997,0.052186062350768989
331.07895303311102,-1000.1617666707613,1197.7316376843,36.25,0.052374091198481743
331.06042034613574,-1000.7650966650319,1198.11120010748,36.25,0.052607574813658006
331.04188897025921,-1000.6942973334013,1195.5596441697701,36,0.052717790630198304
331.02335148180254,-1001.0243766592157,1194.39949922556,36,0.05262088341695071
331.00482428343201,-1000.4687120089015,1197.20044102674,36.170000000000002,0.052262312837409092
330.98630389302463,-1000.101081998879,1198.2001302480901,36.170000000000002,0.051873213504781954
330.96778480956795,-1000.0305066621627,1198.05922485104,36.32,0.051845575991521398
330.94928134233345,-999.18723066207485,1198.05922485104,36.32,0.05187532863593311
330.93078134477798,-998.99986799553471,1194.7921746721499,35.960000000000001,0.051988699581444524
330.91229414567908,-998.308751340718,1194.7921746721499,35.960000000000001,0.051945522420282185
330.89380982435807,-998.15335133489771,1197.71041842823,36.07,0.051796453901410647
330.87532062393831,-998.41682266546547,1197.9342935007001,36.020000000000003,0.051492337761007659
330.8568204183951,-999.01109933225609,1198.11549164241,36.259999999999998,0.051216242004457783
330.8383033610865,-999.92109466552768,1198.11549164241,36.259999999999998,0.050977282232974944
330.81977108907415,-1000.7426886657822,1202.3123743906499,35.880000000000003,0.050994935965345503
330.80123679712341,-1000.8517653405573,1202.7195933723001,35.880000000000003,0.050933053716002881
330.7827019846668,-1000.8798726572647,1200.9498120486501,36.030000000000001,0.050956433022658579
330.76417959398771,-1000.2090966708739,1200.9498120486501,36.030000000000001,0.050666731681855842
330.7456718136915,-999.42013599704308,1200.3027439478301,36.299999999999997,0.0500462545680097
330.72717003627156,-999.09598067609659,1199.7972964998801,36.299999999999997,0.049595962177940309
330.70867621650621,-998.66626732852819,1201.5675546607399,35.920000000000002,0.049322114013229633
330.69018582813578,-998.48097200380369,1200.3075123199801,35.920000000000002,0.049403244623689453
330.67169588680252,-998.45683199558994,1200.3075123199801,36.090000000000003,0.049630862966883856
330.65321070762963,-998.19967533645456,1202.7739528148099,36.090000000000003,0.049719105789808628
330.63472161172831,-998.41117867072853,1206.43439369612,36.32,0.049614877341095751
330.61622002265443,-999.08580999013975,1206.0383803890199,36.32,0.049338404915068058
330.59771862191354,-999.07564000767093,1206.1566360183499,35.909999999999997,0.048996616775857343
330.57919951155554,-1000.0319593315074,1206.1566360183499,35.909999999999997,0.048687374223728992
330.56065980759269,-1001.1440139940164,1206.2098033678301,36.07,0.048539792706687013
330.54211992770377,-1001.1535140032776,1207.4305066383499,36.07,0.048566646875689963
330.52357781988883,-1001.2738220037821,1207.3701867306499,36.280000000000001,0.048670747010750991
330.50505436439488,-1000.2665966754396,1204.8710828865901,36.280000000000001,0.048639602544618674
330.48655144353103,-999.15772664727137,1204.7707086528201,35.93,0.048379465518475849
330.46806016419754,-998.52908400755734,1206.31089285742,35.93,0.047973325061896457
330.44957225003691,-998.34736467623418,1206.31089285742,36.039999999999999,0.047646548812447224
330.4310767155925,-998.75885999792945,1210.0519192280699,36.039999999999999,0.047537443337011556
330.41256660285188,-999.54608799228458,1212.3016372086599,36.280000000000001,0.047675430157491282
330.39405610722235,-999.56676399356218,1212.3016372086599,36.280000000000001,0.047885129856913261
330.37554044069145,-999.84599267056763,1213.68994876026,35.920000000000002,0.047958094837895412
330.35701056528393,-1000.6132720040849,1210.2920067658399,35.920000000000002,0.047830440515338746
330.33846656067885,-1001.3762486742729,1208.332205812,36.049999999999997,0.047599987850508174
330.31991000493838,-1002.054009986808,1208.332205812,36.049999999999997,0.047436903961054613
330.30134774537026,-1002.3620166792003,1207.66129585043,35.850000000000001,0.047402151139046403
330.28278623293829,-1002.3216713237282,1209.14449800783,36.280000000000001,0.047528086640999889
330.26423523098777,-1001.7541053305088,1210.6405747700401,35.909999999999997,0.047614510281707288
330.24570271890127,-1000.7556526709873,1211.1550821250801,35.909999999999997,0.047665596428148486
330.22718080837052,-1000.1831686604636,1209.59224815276,36,0.047568953079009713
330.20866900682722,-999.6372833370458,1208.3658228356601,36,0.047450549902220827
330.19016153179012,-999.40365200266126,1208.87270079526,36.210000000000001,0.047296052799184307
330.1716439094817,-999.95160465690276,1208.18772413584,36.210000000000001,0.047326717107612139
330.15311801702472,-1000.3981926764098,1207.7788362239401,35.869999999999997,0.047560530824671016
330.13458171134579,-1000.9605066604965,1207.7788362239401,35.869999999999997,0.047942640053502759
330.11603755669142,-1001.3843513369101,1204.58855683667,35.960000000000001,0.048158589958127038
330.09749534539503,-1001.2794100052864,1205.4666525681801,35.960000000000001,0.048009073364340418
330.07894994380263,-1001.4516859910929,1205.4666525681801,36.119999999999997,0.047725535316851857
330.06039701919747,-1001.8579286771115,1206.9643982606401,36.119999999999997,0.047571644601984681
330.04185109813568,-1001.4797373365517,1206.9665440281101,35.869999999999997,0.047829677863719007
330.02331073188896,-1001.1797773245559,1203.83420036247,35.869999999999997,0.048228001430652
330.00477421718517,-1000.9717940014425,1200.2698421799901,35.960000000000001,0.048667484274200555
329.98625621820992,-999.97194466580902,1200.3513813437701,35.960000000000001,0.048976552979550905
329.96775510307407,-999.06021733456532,1203.00760305018,36.07,0.04887596186528196
329.94925819130862,-998.83323533395344,1203.00760305018,36.07,0.048585508220806858
329.93075473751861,-999.18650466265854,1200.7454873019999,35.850000000000001,0.0482171070208256
329.91223137308657,-1000.261679328647,1200.5099297177701,35.850000000000001,0.048203054402844038
329.89369216271609,-1001.1173600061736,1198.5243795543199,35.93,0.048653866263291552
329.87514951576554,-1001.3029353300371,1199.4694709145399,35.93,0.049295366433824948
329.85660008671601,-1001.6691686749396,1199.73340031307,36.079999999999998,0.049709290683554945
329.83805569819754,-1001.3969799982714,1200.0845909219499,36.079999999999998,0.049758339301936551
329.81952389391358,-1000.7174313320676,1201.08141912,35.869999999999997,0.049498335775836143
329.80099890485201,-1000.3494093254486,1201.08141912,35.869999999999997,0.049203102367323524
329.78248508233321,-999.74641601604549,1198.0370519205401,36.259999999999998,0.049001727666068751
329.76397864727176,-999.34749331851094,1196.30398706245,35.920000000000002,0.049155734277498739
329.74547725895081,-999.07496933097514,1199.82423780253,36.07,0.049632510378589331
329.72698355714829,-998.6598973343747,1197.9273793610801,36.07,0.050199249131214714
329.70848841282719,-998.73779334107905,1197.9273793610801,35.840000000000003,0.050581603612058171
329.68998388697526,-999.2443960043006,1196.511411251,35.840000000000003,0.050528595844094408
329.67147285222228,-999.59587666029734,1197.12390865373,35.920000000000002,0.050260982377117396
329.6529526242839,-1000.092308670538,1197.12390865373,35.920000000000002,0.050080010865546004
329.63442121011104,-1000.6963653347369,1198.3260152728601,36,0.050200826178465746
329.61588644318533,-1000.8774139893644,1196.6327663222301,36,0.050414764434058873
329.59734786922235,-1001.0829940002742,1195.61662621696,35.890000000000001,0.050722782817050768
329.57883315160507,-999.79475133320989,1196.7457767421899,35.890000000000001,0.050737969584191751
329.5603241885309,-999.48400600675427,1197.96195005917,36.210000000000001,0.050476163418625861
329.54181697944438,-999.38929067281617,1197.0473762807101,35.840000000000003,0.050097016825082136
329.52331377296281,-999.17315000188069,1199.42178719303,35.969999999999999,0.049747898146698472
329.50479795638279,-999.85409532221263,1199.5030879382,35.969999999999999,0.049818666246605268
329.48627632628393,-1000.1680253379692,1200.33445362263,36.090000000000003,0.050235050215396169
329.46775587792592,-1000.1042113324829,1200.33445362263,36.090000000000003,0.05068612699355577
329.44923267492584,-1000.2529620045307,1200.1432418994,35.869999999999997,0.050814237653752356
329.43071182403702,-1000.1259479955172,1199.4816302635199,35.869999999999997,0.050570689552408725
329.41218690533339,-1000.3456099966529,1200.9150029319501,36.210000000000001,0.050056618115881552
329.39365193765434,-1000.8882546705132,1201.3460637743499,35.869999999999997,0.049736075515040945
329.37512297182724,-1000.5641546612956,1200.8656502802,36.25,0.049645146362249107
329.35659159698764,-1000.6942413401687,1200.8656502802,36.25,0.049995502671708637
329.33807286951856,-1000.0112833302297,1202.92534863059,35.939999999999998,0.050488779730885711
329.31956716192599,-999.30820999879495,1203.5151962656,35.939999999999998,0.050631832953504617
329.30106817744445,-998.94516200271335,1205.47595089387,35.859999999999999,0.050421655185061129
329.28257999734586,-998.36172532457556,1207.11913193692,35.859999999999999,0.049771268133565624
329.26409467537019,-998.20738668399952,1207.11913193692,36.259999999999998,0.049279458409092848
329.24559927132123,-998.75181864557669,1209.1385375426501,36.259999999999998,0.049201319398036639
329.22709253719768,-999.36364267253691,1212.7384200976401,36,0.049487556231563951
329.20857794169126,-999.78815734414206,1210.0984108565301,36,0.050049623888051731
329.19006225549384,-999.84705466235573,1210.0984108565301,35.880000000000003,0.050514881605579848
329.17155070748157,-999.62359266191243,1207.90829752783,35.880000000000003,0.050530335347971904
329.15303936020985,-999.61275267325948,1207.11484040199,36.299999999999997,0.050189776559606443
329.13452978039527,-999.51730998788935,1209.1559421009899,36.299999999999997,0.04961325993408159
329.11601956416052,-999.55167667529258,1212.1123328342801,35.909999999999997,0.049140812418909843
329.09750761256794,-999.64538599968296,1211.86723850575,36.159999999999997,0.0491118265615514
329.07900317882712,-999.23942200475562,1213.2791534994999,35.909999999999997,0.049360475192335065
329.06051731046921,-998.23689132534673,1211.9514002742101,35.909999999999997,0.049680328620002406
329.04203775753086,-997.89585867239873,1211.9514002742101,36.159999999999997,0.049610310748519647
329.02355547683948,-998.04315733462158,1213.54999703765,36.159999999999997,0.049307572969933412
329.00507100546918,-998.16145399753486,1216.4241333513401,36.280000000000001,0.048875178530184346
328.98656590220986,-999.27557600185969,1217.5826093653,36.280000000000001,0.048566429559635013
328.96805250188896,-999.7236173282472,1217.4300214564801,36,0.048558925180401398
328.94952532317291,-1000.4676506656411,1217.11960042949,36,0.048720515856529326
328.93099596827153,-1000.5851646763855,1217.11960042949,36.119999999999997,0.048979082047934969
328.91247696243215,-1000.0263153257785,1215.0630015209899,36.119999999999997,0.049179354687297956
328.89396310783951,-999.74814800302568,1212.8151908892601,35.810000000000002,0.048990417269816226
328.87545412509877,-999.48506799854226,1211.2456811959401,36.280000000000001,0.04864699104072414
328.8569528288765,-999.06999600194194,1213.03286707793,36.100000000000001,0.04832068871285311
328.83845049887668,-999.12581999077611,1212.5641360955401,36.100000000000001,0.048167584462749352
328.81994770116046,-999.15107667596294,1212.5641360955401,36.039999999999999,0.048421973148756403
328.80144332535804,-999.23629333067129,1212.31141237157,36.039999999999999,0.048670815301382002
328.78294272348154,-999.03250133295023,1214.83364282055,36.280000000000001,0.048871375617997481
328.76444049179025,-999.1205113288911,1214.83364282055,36.280000000000001,0.04881062545925751
328.74592758508635,-999.69696201037266,1213.00807154275,36.210000000000001,0.048633899743105051
328.72740268086403,-1000.3448280040038,1211.96689748369,36.210000000000001,0.048475960895183287
328.70886411311113,-1001.0826586564305,1211.976434228,36,0.048450457138198552
328.69031436638272,-1001.686323335025,1212.5891700493301,36,0.04868909819672898
328.67176713214837,-1001.5506486546476,1212.5891700493301,35.920000000000002,0.049024300860987767
328.65322809770379,-1001.1078600079044,1212.3104586971399,36.159999999999997,0.049285421975582805
328.63469768316043,-1000.6423853413319,1210.91952454084,36.280000000000001,0.049234414468941327
328.61617307696292,-1000.3287346651947,1210.91952454084,36.280000000000001,0.049118590026449971
328.59764481997513,-1000.525877340135,1207.4178704521501,35.899999999999999,0.049071124654195025
328.57910771440743,-1001.0037006579379,1205.72438308291,35.899999999999999,0.049268206992028558
328.56058133559264,-1000.4244559976881,1209.78274462017,36.030000000000001,0.049479289186665269
328.54205153779009,-1000.6090813382126,1212.4299064195,36.030000000000001,0.049683312989318232
328.52352597750615,-1000.3802553311796,1212.4299064195,36.189999999999998,0.049907239153092663
328.504995037284,-1000.6707719976586,1210.47868853553,36.189999999999998,0.049903863625218564
328.48645618392607,-1001.0980813295357,1205.0508505166599,35.869999999999997,0.0498973371233482
328.46790346730864,-1001.8466973403904,1206.12254215748,35.869999999999997,0.049811718570900436
328.44934181827142,-1002.3290480089329,1204.94904577125,35.899999999999999,0.049963355487928338
328.43077382176551,-1002.6718113188293,1204.94904577125,35.899999999999999,0.050458795283984816
328.41221383565443,-1002.2392499998035,1202.75845560532,36.030000000000001,0.051048651545041845
328.39366729164215,-1001.5133766615309,1199.6993064521901,36.030000000000001,0.051405962767214895
328.37513279790113,-1000.8626620149387,1198.1307504332999,35.869999999999997,0.051415612308346084
328.3566117773085,-1000.1351120014145,1200.46463018234,35.869999999999997,0.051153793721009387
328.33809404427154,-999.95758399548367,1199.3733882157101,35.890000000000001,0.050928166337872269
328.31957855261743,-999.83654932505078,1199.3733882157101,35.890000000000001,0.05093540996190022
328.30105542101239,-1000.2491066715102,1199.4279860768299,35.960000000000001,0.051133521936985893
328.2825287038271,-1000.4427280052585,1198.7635134176601,35.960000000000001,0.051520794832270539
328.26399981044443,-1000.5602426645306,1196.7965599055999,35.960000000000001,0.051917368545139543
328.24546886297526,-1000.671163334735,1196.7965599055999,35.960000000000001,0.052056408794234642
328.22693472003709,-1000.8437186601607,1196.12708045567,35.890000000000001,0.051835624292403029
328.20839617918506,-1001.0812060090695,1196.6384883688099,35.890000000000001,0.05148227740437071
328.18985645555551,-1001.1450759967967,1196.46444278532,35.920000000000002,0.051316862104012102
328.17131821997549,-1001.064721322192,1193.58196182036,35.920000000000002,0.051635857673895648
328.15279359412347,-1000.3297960084549,1193.58196182036,35.979999999999997,0.052023218526122343
328.1342789727409,-999.78955465778995,1193.2705871189301,35.979999999999997,0.052360257958572333
328.11578277602484,-998.79462266894905,1195.3343385856599,35.859999999999999,0.052237816974488697
328.09728800837053,-998.71745333217314,1194.2235462931999,35.859999999999999,0.051866010238888691
328.07879112246906,-998.83183867982518,1194.2235462931999,36.299999999999997,0.051434463300426718
328.06028809812346,-999.16331465976771,1193.0526725116599,35.93,0.051130424775939286
328.04177707579004,-999.59520600558574,1190.7795895075301,36.119999999999997,0.051170833819245476
328.0232570434199,-1000.0817479885285,1192.4282541785501,36.119999999999997,0.051585955339473993
328.0047315141851,-1000.3785786779124,1192.4282541785501,35.890000000000001,0.052092069134444113
327.9862142043828,-999.93472932544466,1191.08142746466,35.890000000000001,0.052454931036627704
327.96769580803704,-999.99340267072773,1190.5023086669801,35.899999999999999,0.052364496512504369
327.94919238114807,-999.18505200430582,1191.6254987270199,35.899999999999999,0.051865562181275832
327.93068634139507,-999.32614666252164,1191.59378905222,36.259999999999998,0.051462363654319034
327.91219035887656,-998.78305599937573,1191.59378905222,36.259999999999998,0.051232336303031131
327.89369627316046,-998.68062866936521,1192.15288068686,35.979999999999997,0.051395367418889421
327.87520477340752,-998.54098665851029,1192.15288068686,35.979999999999997,0.051725797571793131
327.85671221402464,-998.59820667492886,1192.86050711399,35.850000000000001,0.051989980664902229
327.83822059113589,-998.54763599228295,1193.4272281440799,35.850000000000001,0.052081565893557322
327.81972035972836,-999.0124960083682,1190.63653834302,36.280000000000001,0.051708098291029764
327.80121021490129,-999.54782066076825,1190.2374255940199,36.280000000000001,0.051351417268134185
327.78269814017267,-999.65203534444765,1190.2374255940199,36.140000000000001,0.05105089706651806
327.7641760092223,-1000.1950713224085,1190.6053055054299,36.140000000000001,0.050995461647016141
327.74565310528408,-1000.236812661497,1191.10669983705,35.859999999999999,0.051257635155350409
327.72713279972839,-1000.0965000069223,1189.73579284379,35.859999999999999,0.051564484210924993
327.70862198538271,-999.58397466886424,1189.73579284379,36.299999999999997,0.051686576466780022
327.69011300367907,-999.48501199431769,1189.88408921767,36.299999999999997,0.051457729810262746
327.67160908837053,-999.21142666352137,1194.2929261079901,36.189999999999998,0.050902622228859509
327.6531024970493,-999.35593134697604,1194.71111234559,36.189999999999998,0.05058211792006527
327.63459600301229,-999.35067799681974,1194.71111234559,35.869999999999997,0.050497718367054939
327.61608655979035,-999.50993398418848,1195.2644819336499,35.869999999999997,0.050742407839096455
327.59756822241991,-999.99021800341109,1196.2913508762499,36.240000000000002,0.051117864339460528
327.57904582553078,-1000.2094320147178,1197.84989331363,36.240000000000002,0.051239469198566846
327.56051903590134,-1000.4466399910314,1196.6666217645,36.259999999999998,0.051075285308017367
327.54199445661749,-1000.327281325338,1195.0949663036999,36.259999999999998,0.050746952701715864
327.52346778391359,-1000.4403260120946,1194.6264737399199,36,0.050364890035797548
327.50495405350625,-999.74144199451644,1196.77915534725,36,0.050185048533066712
327.48644130304933,-999.68852467440365,1196.77915534725,36.07,0.050121573730022205
327.46793337993836,-999.42784799311562,1197.8997228026101,36.07,0.050233147211059606
327.44942822390118,-999.27842600683641,1196.0028643611499,36.259999999999998,0.050514620828186627
327.43092832465425,-998.99455933364959,1196.0028643611499,36.259999999999998,0.050664019465021665
327.4124332703704,-998.73293132799938,1195.31478825984,36.119999999999997,0.050620986138821579
327.3939396523827,-998.65537133565067,1199.2131709114501,36.119999999999997,0.050408627006745588
327.3754415392097,-998.89811134221986,1199.2131709114501,36.020000000000003,0.050227082229555742
327.35692807472856,-999.72708198371106,1201.48673075279,36.020000000000003,0.050397422170914717
327.33841263482714,-999.83375467577082,1200.2476692494999,35.840000000000003,0.050623381712252107
327.31989533744456,-999.93405865974091,1197.9722020592901,36.280000000000001,0.050841391904883501
327.30137327788901,-1000.19121600038,1201.1627198651699,36.07,0.050849419920462102
327.28284019355567,-1000.7865539994389,1198.89535890762,36.07,0.05081977385363888
327.26431797776553,-1000.1996526658373,1198.89535890762,36.079999999999998,0.050809769363826571
327.24579762770389,-1000.0989033301177,1195.6228251007601,36.079999999999998,0.050844753995448411
327.22728908061731,-999.46154267379143,1194.8753827661701,36.259999999999998,0.050907917321938514
327.20878901166662,-999.00372333954726,1195.39561216779,36.259999999999998,0.051058491492801596
327.19029202850612,-998.83709066697384,1195.39561216779,36.119999999999997,0.051137248263248031
327.17180301021011,-998.40698798287212,1197.91712736096,36.119999999999997,0.051043754859336016
327.15330726777779,-998.77009134564275,1199.0643977003599,36.009999999999998,0.050871154911491474
327.13480434691354,-999.15772666925545,1199.0643977003599,36.009999999999998,0.050892146925761481
327.11629663801239,-999.41628066402268,1196.23913720121,36.259999999999998,0.05105907821689902
327.09778127674076,-999.82950866519388,1194.2373745724401,36.259999999999998,0.051348661598511064
327.07924725695068,-1000.8370686668684,1195.31407300402,36.189999999999998,0.051675008398780538
327.06071437439499,-1000.7756580065613,1195.1939100258201,36.189999999999998,0.051934755304498134
327.04217938602471,-1000.889371996014,1192.32215789821,35.969999999999999,0.052163918614800388
327.02364833611114,-1000.6766953320148,1189.5266997250001,35.969999999999999,0.052214380768371302
327.0051268674444,-1000.1593080028611,1191.2688244901699,36.240000000000002,0.052187284454834899
326.98660867288891,-999.9825059963465,1192.85049353248,36.240000000000002,0.05226411857051106
326.96809554679004,-999.70880933860474,1192.85049353248,36.25,0.052398497039389549
326.94958083434574,-999.79447199359061,1191.3935174219,36.25,0.052672930893525045
326.93106668070379,-999.76429666455567,1189.4828307012101,35.979999999999997,0.052915289995644335
326.91254755792608,-1000.0326299972112,1188.72012957574,35.979999999999997,0.052951645723169363
326.89402041853089,-1000.4655273415848,1188.72012957574,36.210000000000001,0.052738609828698914
326.87547920685194,-1001.2254306604093,1189.9391639160101,36.210000000000001,0.052529587937539542
326.8569359887037,-1001.3337800057362,1191.99433231286,36.210000000000001,0.052465819235772253
326.8383768076668,-1002.1957759922312,1190.35496596753,36.210000000000001,0.052771813552643966
326.81981879079007,-1002.1329113435399,1187.61863560899,35.969999999999999,0.053181501319415583
326.80126874397547,-1001.7025279897874,1187.5556930966,35.969999999999999,0.053447599833950275
326.78272217925939,-1001.5144946685356,1188.70653971512,36.210000000000001,0.053553307019935867
326.76418283333317,-1001.1246800166418,1189.1223417666399,36.210000000000001,0.053437973066201273
326.74564745587645,-1000.9103826596319,1189.1223417666399,36.140000000000001,0.053183135262871425
326.72712019851861,-1000.4718973247461,1185.91203521634,36.140000000000001,0.053058897870766814
326.70860470686426,-999.83654933604294,1188.7439714365,36.009999999999998,0.053059016875214998
326.69008789066669,-999.90807466708986,1188.94805776454,36.009999999999998,0.053090216182659349
326.67156602566666,-1000.1807100035552,1188.94805776454,36.280000000000001,0.053264681872784922
326.65304495332106,-1000.1379066616867,1186.5674479684201,36.280000000000001,0.053263508408509193
326.63451732033349,-1000.4921813294276,1185.19940199845,35.899999999999999,0.053167055456024757
326.61598355406153,-1000.8233786842306,1185.19940199845,36.25,0.05285000531775412
326.59745538813576,-1000.5209599933426,1185.7382280514501,35.93,0.052521152223704098
326.5789285726421,-1000.4480366561515,1188.5143743174499,35.93,0.05244592618731489
326.56040147877775,-1000.4630686736846,1187.67251821429,36.119999999999997,0.052602486691536346
326.54187643693831,-1000.3522593304255,1187.67251821429,36.119999999999997,0.052864367351087092
326.52335833344443,-999.97758867153789,1188.6195169233699,36.299999999999997,0.053009003814947331
326.50485662743216,-999.09212466157237,1190.5795562958201,36.299999999999997,0.052819987757055216
326.48636815551845,-998.37748334152491,1190.24338605921,35.960000000000001,0.052440292720875546
326.467871737358,-998.80658066460671,1189.0245901375499,35.960000000000001,0.052064604431253401
326.4493769365925,-998.7192413343696,1189.0245901375499,36.039999999999999,0.051781259886879663
326.43087158600008,-999.28893199266918,1190.77601322842,36.039999999999999,0.051761263369329846
326.41235759585186,-999.75546800250197,1194.3954461092301,36.259999999999998,0.051753007707458255
326.39383207385185,-1000.3781880003555,1193.62893028604,36.259999999999998,0.051854268347520091
326.37529627419747,-1000.9331813364382,1193.62893028604,35.909999999999997,0.051954491061956945
326.35676378695064,-1000.754311328588,1192.0744409649899,35.909999999999997,0.051854175198691468
326.33823608255562,-1000.4960373329599,1190.1189315460799,35.960000000000001,0.051451602743924393
326.31971994725933,-999.87130599751492,1195.281886492,35.960000000000001,0.051023463400045037
326.30122409512342,-998.77601533951884,1195.281886492,36.119999999999997,0.050699595985961729
326.28273259538292,-998.54098598799828,1198.76685127817,36.119999999999997,0.050665748616473563
326.26423797053093,-998.70974200661215,1195.1571935602699,35.880000000000003,0.050809034658341377
326.24574583955564,-998.57507266527045,1196.31757692308,35.880000000000003,0.050818398593804388
326.22724662845661,-998.95739934898199,1196.31757692308,35.920000000000002,0.050590593982875402
326.20874639082717,-999.01283198974795,1198.7594603013299,35.920000000000002,0.050117890872222785
326.19023743396281,-999.48367067390234,1197.7285382424,35.969999999999999,0.049760776256571708
326.17171457554315,-1000.2343546641085,1197.7285382424,35.969999999999999,0.049606658936394363
326.15319405579027,-1000.1080666545114,1194.6267121585299,35.890000000000001,0.04954223624907525
326.13466363503704,-1000.6427206741837,1198.3794210409401,35.890000000000001,0.049529121152357816
326.11612899849371,-1000.8703733404994,1200.7853032094599,35.840000000000003,0.049568920715893729
326.09761332575312,-999.8463279924274,1200.7853032094599,35.840000000000003,0.049465788116355235
326.07910864365442,-999.25283332927779,1200.4820347406901,36.299999999999997,0.049190229425113759
326.06061331720991,-998.74762800168821,1200.0926971546101,36,0.048977986179626364
326.04212524059261,-998.35613733406319,1203.8187031529801,36.009999999999998,0.048811969656726316
326.02363551449406,-998.44520932179216,1205.37247721821,36.009999999999998,0.048818174335316232
326.00513918118531,-998.80199867265003,1205.37247721821,35.859999999999999,0.048753369804138504
325.98663249260488,-999.36118334511673,1208.7339411656801,35.859999999999999,0.048713085964563238
325.96811282965456,-1000.0617993166987,1208.2351694387401,35.920000000000002,0.04866834212485991
325.94958290975308,-1000.6156746787526,1208.2351694387401,35.920000000000002,0.048620276566161025
325.93104149007405,-1001.2366626676425,1206.5314300693799,36.020000000000003,0.04843778184532558
325.91248987862946,-1001.7870180075437,1206.4167507191601,36.020000000000003,0.048343430589939992
325.89394095560488,-1001.641843328897,1207.37543194001,35.890000000000001,0.048255108094578447
325.87539578787676,-1001.4390573187395,1204.4037824158399,35.890000000000001,0.048285992822671923
325.85685405776542,-1001.2534260126354,1203.17974128482,36.259999999999998,0.048288629493953523
325.83832189544444,-1000.7367653314261,1203.17974128482,35.950000000000003,0.048159071135033905
325.81979927088884,-1000.2217260027471,1207.87324999252,36.07,0.047957026920606681
325.80129451118523,-999.25702399515023,1209.1082583794901,36.07,0.047714654354105317
325.78278810820984,-999.34576067201112,1207.4274071964501,35.850000000000001,0.047689926699484173
325.76427772951865,-999.56044932212967,1207.4274071964501,35.850000000000001,0.047830526400900034
325.7457583987408,-1000.0438620044443,1205.5834776858701,35.939999999999998,0.04805409039872955
325.72722048808646,-1001.047175336022,1206.4641960220599,35.939999999999998,0.048235633103113747
325.70866716093832,-1001.8796659996658,1208.2261095316501,36.07,0.04827518017131905
325.6901138720865,-1001.8775979983301,1208.0379972503199,36.07,0.048213770812953138
325.67155929800009,-1001.9470006648405,1206.9553383535499,35.850000000000001,0.048127159889379878
325.65300301545693,-1002.0392573308784,1205.56392736005,35.850000000000001,0.048220205222651476
325.63445567153082,-1001.5565720109876,1205.56392736005,36.310000000000002,0.048390394078604862
325.61590671643233,-1001.643575315877,1204.99339163225,35.909999999999997,0.048597481927081534
325.59737372316039,-1000.7816366856224,1205.5353171271499,36.079999999999998,0.048715433929008629
325.57885971955557,-999.75619466143826,1203.51471942839,36.079999999999998,0.048743233903780978
325.56035104932096,-999.46819266708394,1199.9234199432599,36.039999999999999,0.048599906468291654
325.54184784906175,-999.17281399851697,1200.4167080422301,35.840000000000003,0.048336025527673743
325.52334299207405,-999.26227733431449,1204.0287499462099,35.93,0.048107580385397232
325.50481605343219,-1000.4546866604359,1202.4592402528799,35.93,0.048154350377257508
325.48627621908639,-1001.1510546758574,1202.4592402528799,36.030000000000001,0.04847578290299754
325.46773101927158,-1001.4407899982152,1200.34089092504,36.030000000000001,0.048781542317840473
325.44917907565434,-1001.80495533079,1198.8319395580199,35.850000000000001,0.049004275354895696
325.43062957520993,-1001.6730239969679,1198.59280569468,35.850000000000001,0.049012335429447704
325.41208010062951,-1001.6716273428398,1198.59280569468,36.25,0.049027745719865033
325.39354334585204,-1000.9847579846637,1199.3826865414001,35.899999999999999,0.04903831519730429
325.3750151281975,-1000.5237533455668,1197.01447451287,36,0.049105894031779132
325.35649351671623,-1000.1670199879416,1196.97966539617,36,0.049096123423164773
325.33798315769161,-999.55938733034156,1196.97966539617,36.07,0.049119021537850492
325.31948595928401,-998.8487140112835,1196.56934697263,35.880000000000003,0.04905742903551269
325.30098766398766,-998.90794600282902,1194.3029396895099,35.969999999999999,0.049055355291876379
325.28249485832094,-998.6115060019938,1193.85948107952,35.969999999999999,0.049000350348491713
325.26399434129632,-999.02791933000162,1195.2430242589701,36.020000000000003,0.049034193583157012
325.24547756339507,-999.90600666575426,1195.2430242589701,36.020000000000003,0.049094607424243625
325.22694622062971,-1000.6925093312046,1196.16427375844,35.850000000000001,0.04924007794963909
325.20839866250617,-1001.5681386695687,1196.66948278779,35.850000000000001,0.049338145183339441
325.18985585309878,-1001.3117079988581,1196.0267062219,36.299999999999997,0.049422411240582012
325.17132096302464,-1000.884064004641,1194.54803401804,35.950000000000003,0.049449304744649702
325.15279398506175,-1000.4568099954845,1193.5080520520301,36,0.049444565347703313
325.13428346977776,-999.56782533682269,1193.03026116255,36,0.049517911141739035
325.11577957517278,-999.21030866750868,1193.03026116255,36.07,0.04955513195652498
325.09726925443204,-999.55731999951774,1193.4317580976201,35.850000000000001,0.049724675087412275
325.0787732388024,-998.78484400157254,1194.52967578526,35.93,0.049732140157025588
325.06026724560496,-999.32363266090852,1194.52967578526,35.93,0.049689316914553541
325.0417522868766,-999.8077713316477,1194.3193905734299,36.020000000000003,0.04966333819276867
325.02322754408647,-1000.3361106688953,1194.9755185813301,36.020000000000003,0.049556116052915863
325.00468980830863,-1001.0377320014973,1194.9802869534799,35.899999999999999,0.04964008617079177
324.98615378099981,-1000.9454746759399,1194.96002137184,35.899999999999999,0.049702566529498012
324.96761703966655,-1000.9840319962393,1194.96002137184,36.259999999999998,0.049809765902889519
324.94907971367894,-1001.0156033308748,1195.3691477023499,35.960000000000001,0.049868599620390835
324.93055754961716,-1000.196859335597,1199.29804793573,35.960000000000001,0.049745890622312411
324.91204753518514,-999.54077933039957,1198.9406584430501,35.960000000000001,0.049552777774273297
324.89354678429623,-999.04054800235485,1198.9406584430501,36.189999999999998,0.049480488523252104
324.87505465332094,-998.57507266527045,1199.8261451513899,35.869999999999997,0.049445428368468804
324.85655900297547,-998.76511865414545,1199.4763850541599,35.939999999999998,0.049580771273940907
324.83806904198769,-998.45789333885023,1201.2413980056499,35.939999999999998,0.049733894151611995
324.81957884816035,-998.47046667749078,1201.94139503734,36.07,0.049835282069024628
324.80107334753103,-999.29703398479444,1202.01077485213,36.07,0.049991539368372959
324.78256123450632,-999.65410333479133,1202.5059702999599,35.859999999999999,0.049962798753052012
324.7640449181236,-999.88108466489155,1201.59211177732,35.859999999999999,0.049880007275868186
324.74552813296299,-999.90639867334255,1202.9437068633699,35.880000000000003,0.049722666546266496
324.72700967246914,-999.99686666667185,1202.9437068633699,35.880000000000003,0.049740255080217635
324.70849496725918,-999.79408133801803,1204.26669171651,36.259999999999998,0.049825083060152001
324.68998394492598,-999.59520599459381,1201.66363735958,36.259999999999998,0.049911089653502008
324.67149248450625,-998.53886266394204,1201.8984796879899,35.960000000000001,0.049900337013160205
324.65300918246925,-998.09830999823248,1205.9747226208101,35.93,0.049819316090209793
324.63453555480248,-997.57589400633265,1208.23493102013,35.869999999999997,0.049677491187020424
324.61606010070386,-997.67452132604353,1208.7522993984601,35.869999999999997,0.04958384463568561
324.59757355766675,-998.27332400255034,1208.7522993984601,36.280000000000001,0.049545543472476569
324.57908091445671,-998.6027333441649,1207.49678701124,36.280000000000001,0.049584169562780313
324.560580286716,-999.03389799807053,1208.99644005256,36.090000000000003,0.049740583113569263
324.5420672113334,-999.70607066057335,1210.3728306737901,36.090000000000003,0.049716911996059536
324.52354731555567,-1000.0743719958195,1210.3728306737901,36.049999999999997,0.049673574463696829
324.50502341716054,-1000.2905133372668,1209.08918489089,35.869999999999997,0.049554946738933216
324.4864967972469,-1000.4374753366061,1208.0046186452601,36.229999999999997,0.049419259232523813
324.46799244732108,-999.23489599503944,1207.1458348209701,36.229999999999997,0.049248142168377515
324.44949779659248,-998.71113934224422,1207.1458348209701,35.890000000000001,0.049214009196885185
324.43101747686404,-997.93726533815527,1209.45015066268,36.259999999999998,0.049213154445358308
324.41254749997529,-997.37875199091195,1209.36598889422,36.049999999999997,0.049275214684240461
324.3940748067406,-997.52543467261614,1212.19053413755,36.049999999999997,0.049349127538708785
324.37560007390124,-997.63557332818732,1212.19053413755,36.07,0.049355342568095859
324.35711245880248,-998.33121533320036,1213.0767361017199,36.07,0.049328926126874832
324.33860545150617,-999.37839399843483,1213.0719677295599,36.280000000000001,0.049396919913306747
324.32008572440742,-1000.0652633346268,1210.8127130046701,36.280000000000001,0.049507389251911588
324.30155122445672,-1000.8629973367985,1210.8127130046701,35.899999999999999,0.049563899842606028
324.28301276122221,-1001.0770146616936,1208.3860884173,36.140000000000001,0.049470062877314654
324.26448638758023,-1000.4241766690608,1209.5159541983501,36.020000000000003,0.049229103859233701
324.24596148956778,-1000.3444926711519,1208.08997250676,36.020000000000003,0.049069650061719393
324.22744433498775,-999.92634732318822,1207.61242003589,36.189999999999998,0.049121220491731503
324.2089341187654,-999.55167600478092,1207.61242003589,36.189999999999998,0.04920843264395286
324.19042525916052,-999.47841866476961,1209.0610514952,35.880000000000003,0.049239302888868984
324.17191804490125,-999.3895700014433,1209.7655784804299,36.25,0.049308844738080788
324.15340674317304,-999.61029332385533,1212.2563376732301,36.009999999999998,0.049429245076448802
324.13489002423449,-999.90282267994132,1212.41369395419,36.009999999999998,0.049391364064818512
324.11636467712344,-1000.3687439953191,1208.92562972613,36.259999999999998,0.049372169505862526
324.09782707795074,-1001.0303553272846,1211.57159943242,36.259999999999998,0.049220052438661691
324.07927417299993,-1001.8568673448435,1211.13124026433,35.890000000000001,0.049290777079469321
324.06071833851843,-1002.0150619999437,1211.13124026433,36.240000000000002,0.049462667151121395
324.04215668224708,-1002.3294386535135,1207.5296887790801,35.979999999999997,0.049631075102247776
324.0235921295556,-1002.4858453393934,1205.68695136153,35.979999999999997,0.049727612903788895
324.00503952366665,-1001.8407180018096,1205.68695136153,36.009999999999998,0.049693767602628169
323.98649660353101,-1001.317687326447,1206.01096224916,36.030000000000001,0.049621067528366099
323.96795909540742,-1001.0254386729878,1201.92661308367,36.280000000000001,0.049511774761922346
323.94942983777764,-1000.5799120077332,1202.2398951339601,36.280000000000001,0.049479894551764679
323.93090584935806,-1000.2953746578506,1202.2398951339601,35.899999999999999,0.049696465341373876
323.91237935258022,-1000.4308260028334,1204.4354920906401,35.899999999999999,0.049857374079098106
323.89384725544426,-1000.7332453422493,1204.0859704120101,35.979999999999997,0.049971244825216164
323.87530571987639,-1001.2429206643387,1204.4245248346999,35.979999999999997,0.050052728303002121
323.85676565166665,-1001.1636833262269,1204.4245248346999,36.090000000000003,0.050068455222574214
323.83822348590138,-1001.2769513263941,1202.59513885917,36,0.050149982168008672
323.81967645966677,-1001.5394166693984,1201.96404480506,35.939999999999998,0.050250367362684428
323.80112442602461,-1001.809816673358,1203.9376740381299,35.939999999999998,0.05030077467473975
323.78257255380248,-1001.8010999977696,1203.9376740381299,36.159999999999997,0.050440706937010145
323.76402915351844,-1001.3436153368573,1203.4276966366399,35.850000000000001,0.050547943551083864
323.74549606297523,-1000.7868893322908,1202.70028146509,35.920000000000002,0.050539593734208813
323.72697839513569,-999.95406333579513,1202.70028146509,35.920000000000002,0.050329994413703248
323.70846808060503,-999.55698465567377,1201.4883996830499,36.189999999999998,0.050150089794518647
323.68996045655558,-999.41169867206588,1201.4883996830499,36.189999999999998,0.050106801923794735
323.6714438928517,-999.8944400071731,1198.97451388532,36.030000000000001,0.050330197227650177
323.65293066224706,-999.71445265183786,1197.4569794484401,36.030000000000001,0.050540536432499963
323.63441250080251,-999.98071800514185,1198.0749604791399,36.049999999999997,0.050640974396903446
323.61589585948133,-999.89863134355721,1198.81882653461,35.869999999999997,0.050615672438123691
323.59736651700007,-1000.5844939886978,1197.59383172915,36.189999999999998,0.050582787429166602
323.57883185459258,-1000.8717700056195,1198.04062819965,36.189999999999998,0.050512307006715856
323.56029850430866,-1000.8009153292841,1198.04062819965,35.890000000000001,0.05046733655091392
323.54177844503704,-1000.0832006688651,1198.1286046658299,36.280000000000001,0.050544442812557953
323.52325760034569,-1000.1256133331772,1197.86634419755,36.07,0.050685282593640274
323.50474225253095,-999.82878199526556,1198.24566820212,36.07,0.05087955027859134
323.48623861661736,-999.19633933425973,1197.99389815258,36.07,0.050908046672094968
323.46773579923484,-999.15213865675912,1197.96457266385,36.07,0.050764649904584694
323.44924097983954,-998.72024734391709,1200.04596710753,36.259999999999998,0.050570339799888842
323.43074133308653,-998.98092466274079,1200.04596710753,36.259999999999998,0.050533575322742816
323.41223942529626,-999.10302067643397,1200.74596413922,35.850000000000001,0.050591189003080766
323.39373078093848,-999.46679532045994,1197.8420254995899,36.310000000000002,0.050797696330813866
323.37520878037043,-1000.1880306735433,1200.0905513871401,35.93,0.050918066668968788
323.35668446702476,-1000.3129206660045,1200.7967473026199,35.93,0.050992050934777489
323.33816453814813,-1000.0761593384963,1201.4397622871099,36.119999999999997,0.050995266061325005
323.31964479759267,-1000.065989993563,1201.4397622871099,36,0.050780363386644038
323.3011185605431,-1000.416800676352,1200.93526851359,36.159999999999997,0.050522671606155416
323.28259552725928,-1000.2437973281214,1204.15034343604,36.159999999999997,0.050433185980013083
323.26407400683956,-1000.1621026631329,1204.15034343604,35.859999999999999,0.050482500549761604
323.24556249711105,-999.62152534208053,1203.4505848229601,35.859999999999999,0.050611574618392982
323.22705261823472,-999.53345931993124,1201.2528420988101,36.280000000000001,0.0506194918946909
323.20854559230867,-999.37940000798244,1204.72850855929,35.880000000000003,0.05048214768080702
323.19003542056794,-999.54927400062491,1204.72850855929,36.259999999999998,0.050280810231430009
323.17151673965424,-1000.0087693396088,1203.8868908747299,35.950000000000003,0.050227792115111754
323.15299097034568,-1000.3915426611335,1202.6263716967501,36.079999999999998,0.05027850572364112
323.13446320696289,-1000.4992226707884,1202.28590992521,36.079999999999998,0.050282430736558872
323.11594203735808,-1000.1431586598275,1202.82807383872,35.969999999999999,0.050193176911277282
323.09742290112348,-1000.0333566671395,1203.66182370923,35.890000000000001,0.050103230815929052
323.07890852706191,-999.77619932650043,1203.67589040707,35.850000000000001,0.049973486197620626
323.06039579006182,-999.68779800447533,1203.0428890041001,35.850000000000001,0.049861885807563955
323.04189767688882,-998.89811134221986,1203.91979264257,36.310000000000002,0.049682939420601341
323.02339502921006,-999.14297465086179,1205.98306727208,36.310000000000002,0.049498301619223313
323.00489535555556,-998.98237734307747,1209.98087048303,36.259999999999998,0.049592154093815309
322.98639513759264,-999.01176999795985,1209.98087048303,36.259999999999998,0.04987103657665444
322.96789341916048,-999.09279533826805,1208.2778463694899,35.950000000000003,0.050076485308922912
322.94938267001237,-999.58045399818388,1206.9093235623,36.079999999999998,0.050290126567067876
322.93087419433328,-999.45768667025948,1209.3249808937301,36.039999999999999,0.050218940396123089
322.91236423783965,-999.53765065631524,1207.7030191067499,36.039999999999999,0.050087125139621054
322.8938467510863,-999.94428467941066,1207.7030191067499,35.829999999999998,0.049981867063223141
322.87532964928391,-999.92349732920331,1206.2689311825,36.240000000000002,0.049855101645549293
322.85681085040738,-1000.015139333762,1207.15608682109,36.25,0.049836148191975932
322.83829332535811,-999.94635265876218,1207.4140557544299,36.25,0.049823548441195083
322.8197898074198,-999.18996866959458,1207.4140557544299,35.969999999999999,0.049794846109574721
322.80128836114824,-999.0780986645791,1205.7394034551901,35.969999999999999,0.049785445961181216
322.78278658993838,-999.09564533225296,1203.48181766055,36.119999999999997,0.04978391446089811
322.76429149735799,-998.73499934032702,1206.30016402008,36.119999999999997,0.049765478411410997
322.74578883002476,-999.14403599412196,1206.30016402008,35.850000000000001,0.049690160274503993
322.72728335525943,-999.29563733066618,1207.4278840336699,36.299999999999997,0.049659139999821099
322.70877844033333,-999.26540600839849,1207.52444356971,35.880000000000003,0.049833000326068591
322.69026959418505,-999.47769200583321,1201.6467096384399,35.880000000000003,0.049976006974374966
322.67174895749383,-1000.1143813259439,1201.6467096384399,36.159999999999997,0.050141113915631655
322.65322201988891,-1000.4546306672033,1203.0335906784001,36,0.050108925330494727
322.63469784830863,-1000.3052653336766,1205.82428047946,35.880000000000003,0.050136667370725668
322.61617866655558,-1000.0358146645281,1202.82568965264,36.210000000000001,0.050182134533701322
322.59767023743211,-999.45517266864624,1199.59344859045,35.880000000000003,0.050235959807420856
322.57916186522232,-999.45209932827481,1197.68490763723,35.880000000000003,0.050186630757141207
322.56065712620995,-999.25590666964922,1200.6541729753201,35.960000000000001,0.050061416499547734
322.54214924760493,-999.42544466992001,1200.6541729753201,35.960000000000001,0.050102621314378336
322.52363823250624,-999.59481532802909,1201.4457227523001,35.950000000000003,0.050254418623165716
322.50512271498769,-999.83794600116289,1198.4478471812999,36.140000000000001,0.050514151031660633
322.4866046052839,-999.97792400438971,1198.2070443877001,35.840000000000003,0.050836238595537979
322.46808060961735,-1000.295765994927,1196.2582106898101,35.840000000000003,0.050984420302077234
322.44954196425931,-1001.0868493332946,1196.2582106898101,36.259999999999998,0.051085560889990729
322.43099977261721,-1001.2783486730181,1198.02203154827,35.950000000000003,0.051089245831994909
322.41245690525921,-1001.314837332462,1196.7679496726901,36,0.05097064397017885
322.39391419933315,-1001.3061200083459,1196.7679496726901,36,0.050826315866234754
322.37537538529642,-1001.0959579834953,1195.8023543122199,35.869999999999997,0.05090348525308544
322.35684253482719,-1000.7739253380777,1196.25534966652,35.869999999999997,0.051085248382224169
322.33830522849388,-1001.0145419986064,1191.4707650507401,35.890000000000001,0.051403063245530865
322.31978143461737,-1000.2848693315378,1193.1177607915099,35.890000000000001,0.051495219682061867
322.30126049266659,-1000.1308653423097,1193.1177607915099,36.280000000000001,0.051506823962788287
322.28273877666652,-1000.1726640046625,1193.5252181917699,35.950000000000003,0.051412333012759312
322.26421168901243,-1000.4627333188484,1192.1624174311701,36.030000000000001,0.051365123237003013
322.24567526537049,-1000.966876665642,1192.1624174311701,36.030000000000001,0.051297158418961361
322.22714563832108,-1000.5998606685706,1193.3149329799301,36.049999999999997,0.051326164968347007
322.20861706882715,-1000.5427526715935,1193.41912191142,35.869999999999997,0.051460480322196619
322.19008573227165,-1000.6921739983527,1190.02141833561,35.890000000000001,0.051723123637845328
322.17154722350608,-1001.0794733405857,1189.1705023253601,35.890000000000001,0.051877352713248844
322.15302025898785,-1000.4560839850761,1189.59798688865,36.259999999999998,0.051768580461626489
322.13448553862952,-1000.8748993502155,1189.59798688865,36.259999999999998,0.051591288719917583
322.11596082171593,-1000.3347133332635,1192.59514720382,36.009999999999998,0.051457721533696134
322.09744424455562,-999.89516665511735,1192.17791464065,36.009999999999998,0.051321211373815928
322.0789322029384,-999.65024733125904,1192.3061838515,35.859999999999999,0.051263900891023097
322.06041811448165,-999.76077666438698,1192.3061838515,35.859999999999999,0.05130813042780822
322.04190604698761,-999.65164467788293,1193.20669093212,36.280000000000001,0.051464416711831253
322.02339149080245,-999.78603399810163,1193.2507983745099,36.280000000000001,0.051658647136965892
322.00488729609867,-999.22651400377504,1192.89746199816,35.899999999999999,0.051635399250626074
321.98638182237039,-999.29558132644172,1192.4106112016,36.189999999999998,0.051410420689041308
321.96786879354318,-999.70355666995249,1195.4761976571299,35.960000000000001,0.051137676676126738
321.9493592064814,-999.5177013359579,1195.11427821091,35.960000000000001,0.050870208067996137
321.93084672299995,-999.67410799985373,1195.11427821091,36.119999999999997,0.050755671949431605
321.91233006823455,-999.89935733198172,1194.40116815581,36.119999999999997,0.050638769234986808
321.89380881480253,-1000.1476853290633,1194.4984429476799,36.32,0.050634340276868882
321.87529939123471,-999.50887266291215,1196.4570518084799,36.32,0.050534430064702582
321.85679661317295,-999.15001533270254,1198.0027196410599,35.93,0.050344139126503054
321.83829545871612,-999.06234066961372,1197.3883148894699,36.07,0.050050803563416416
321.81979107670384,-999.23662866352322,1196.82064018496,36.039999999999999,0.049836635595645537
321.80128890917285,-999.11704667342724,1195.75490900933,36.039999999999999,0.049685967256547885
321.78278328540767,-999.3036833185671,1195.75490900933,35.840000000000003,0.049612767371908513
321.76427713595069,-999.33207067838157,1195.28212491061,36.299999999999997,0.049551408738555319
321.74576653581477,-999.5724073397713,1194.7123044386301,36.189999999999998,0.049388972624582403
321.72724626958029,-1000.0943766608818,1195.9902281749501,36.189999999999998,0.04933536052924517
321.70873383783959,-999.67131399910136,1195.9902281749501,35.979999999999997,0.049129996659671604
321.69022702612352,-999.36783266789723,1195.57275719318,35.979999999999997,0.048976931715931267
321.67172001260496,-999.37873000179843,1201.07760442228,36.240000000000002,0.048769250934507326
321.65321216090121,-999.42399200057537,1203.3487800775499,36.240000000000002,0.04861848325829031
321.63469959256787,-999.67869000280234,1202.1795752262601,35.859999999999999,0.048498835211584886
321.61618562725931,-999.75412666010266,1202.1795752262601,36.259999999999998,0.048476305480243259
321.59767892522223,-999.36191000405302,1203.3092025886999,35.950000000000003,0.048380798347369997
321.57917334077786,-999.30155999451051,1202.40392713594,35.950000000000003,0.048205132281506767
321.56066096801248,-999.6681293317846,1202.2069933661201,36.119999999999997,0.047977581206891211
321.54214488549388,-999.86845600353013,1202.2069933661201,36.119999999999997,0.047783244195618753
321.52361790753082,-1000.4568100064763,1202.02198052668,36.299999999999997,0.047606591958726983
321.50509048149399,-1000.4810059859389,1201.68509503425,36.299999999999997,0.047489647865316668
321.48656185406168,-1000.5458813456775,1203.3699993336199,35.950000000000003,0.047336773327797781
321.46803514307408,-1000.4423933319264,1203.82013366462,35.950000000000003,0.047204613485421557
321.44951580609876,-1000.0441966667843,1204.07381106303,36.030000000000001,0.047010848710590948
321.43099354476533,-1000.2021120042496,1205.3848749858,36.030000000000001,0.046843477623954723
321.41246718458018,-1000.4234499991325,1205.3848749858,35.859999999999999,0.046701495429156137
321.39394489840731,-1000.2034533356568,1205.48739498703,36.280000000000001,0.046584105332211509
321.3754221890124,-1000.226307324192,1209.76200220132,35.920000000000002,0.046525392676900916
321.35689942062976,-1000.2294926620207,1209.76200220132,35.920000000000002,0.046653403999571033
321.3383722036296,-1000.4697180074571,1208.1705579960999,36.090000000000003,0.046773961639929591
321.31984435539516,-1000.5038046627451,1205.5326945224599,36.030000000000001,0.046887522974360239
321.3013153709507,-1000.5651600003313,1207.3859223587399,36.240000000000002,0.04677683114878009
321.2827878673088,-1000.485196662803,1207.9004297137801,36.240000000000002,0.046618138950503596
321.26425419830872,-1000.8181260045862,1207.9004297137801,35.880000000000003,0.046399730360880354
321.2457175666666,-1000.9781086728752,1207.11674775085,35.880000000000003,0.046318562492843211
321.22718701035802,-1000.6500406626681,1206.3569076486699,35.960000000000001,0.04627322881138643
321.20865445895072,-1000.7577759950439,1207.8751573413799,35.960000000000001,0.046355954058735126
321.19013235386427,-1000.1936746682802,1209.18192972921,35.979999999999997,0.046325303205122265
321.17161386749387,-999.99826400230381,1208.4869394882801,36.100000000000001,0.046240993675752969
321.15309930509886,-999.78636933095345,1208.56061083801,35.850000000000001,0.04615041324040129
321.13458793196293,-999.61414933837955,1208.8617335393101,35.850000000000001,0.046162255526563639
321.11606341061736,-1000.3241526622459,1208.8617335393101,36.299999999999997,0.046265616811953056
321.09753525091361,-1000.5206240009707,1207.7187547348401,35.890000000000001,0.046424500435856948
321.07900333591363,-1000.7234100001365,1206.9965847726601,36.039999999999999,0.046712532635811745
321.0604694651235,-1000.8290226679754,1207.78479668913,36.039999999999999,0.046942170915799462
321.04193330845698,-1000.952459991092,1206.2589176009801,35.859999999999999,0.047154565242417783
321.02339958771591,-1000.8209200163304,1206.2589176009801,35.859999999999999,0.047259582213433071
321.004855551037,-1001.3779806612529,1205.6535727564799,36.25,0.047257652292545679
320.98631562561741,-1001.1559726601859,1204.34632353143,35.93,0.047244570322043135
320.96778583506182,-1000.6086900011362,1201.54013652088,36.159999999999997,0.047205260227654484
320.94925886434572,-1000.4564186693999,1200.19235613255,36.009999999999998,0.047141085893718675
320.93073343340745,-1000.373270664555,1199.3209361220499,35.859999999999999,0.04694679338191754
320.91220833981464,-1000.3550540126814,1199.3209361220499,35.859999999999999,0.04698844937466326
320.89368574734573,-1000.2199933232714,1199.3640898900101,36.240000000000002,0.047172275893791367
320.87516470812346,-1000.1361179999702,1197.61481256662,35.850000000000001,0.04746569320598798
320.85663792574059,-1000.446248675939,1198.5246179729199,35.93,0.047766446238862788
320.8381135078767,-1000.3185646497495,1198.5246179729199,35.93,0.048006664342812248
320.81959360486445,-1000.0747626623842,1196.5445514374401,36.079999999999998,0.048173133075043131
320.80106707600015,-1000.4325586713172,1196.2393756198101,36.079999999999998,0.048296690609284806
320.78254638135792,-1000.1175106815321,1195.7730288235,35.880000000000003,0.048150048701579261
320.76402576329627,-1000.1133753273884,1196.30160287638,35.880000000000003,0.048010287183086829
320.74550608793828,-1000.0624693338746,1196.30160287638,36.210000000000001,0.047964047021154727
320.7269806704569,-1000.3725439946267,1197.7018353583601,35.93,0.048090684122530508
320.70844358454343,-1001.0026393256695,1192.99020683649,36.100000000000001,0.048350946355864705
320.68991451524687,-1000.569742014272,1195.4895490991501,36.100000000000001,0.048497579982525407
320.67139162992606,-1000.2358073224613,1195.4895490991501,36,0.048505595573483419
320.6528692526914,-1000.2083706714575,1196.0050101286199,35.859999999999999,0.048506062278001381
320.63434713416052,-1000.1944006676968,1194.7115891828,35.93,0.048582294138906162
320.61582486041982,-1000.2027819994413,1194.0423481514899,35.93,0.048519960709612869
320.59729342659267,-1000.6974266670053,1194.0423481514899,36.189999999999998,0.048502326636836027
320.57876301929628,-1000.6419940042555,1196.0135931984901,36.189999999999998,0.048570502543152108
320.56023215667904,-1000.6665813317862,1195.4382890985401,35.899999999999999,0.048652377190488344
320.54170810307403,-1000.2988946690114,1194.4254868537801,35.899999999999999,0.04870766152539889
320.52319459927162,-999.72920532975149,1196.08321143189,35.859999999999999,0.048554666967893435
320.50467639850626,-999.98284132919821,1196.08321143189,35.859999999999999,0.048368734623153838
320.48615533961731,-1000.1371800027505,1196.5059276230199,36.259999999999998,0.04828490214217878
320.46763085035798,-1000.322420004754,1197.6782319162201,36.259999999999998,0.048342969061431276
320.44910560776538,-1000.3631000005821,1198.60234243898,35.960000000000001,0.048477142633990077
320.43057926619758,-1000.4224446600969,1198.16865899189,35.969999999999999,0.048709729071991573
320.41205456997545,-1000.3335959967706,1198.8038061623299,35.840000000000003,0.048833381804051529
320.39353817493833,-999.88533200550023,1197.85656903464,35.840000000000003,0.048952589021196327
320.37504272535801,-998.75427733546076,1197.85656903464,36.259999999999998,0.048794448371405584
320.35654941883934,-998.63855200841692,1198.24352243465,36.259999999999998,0.048570965109997428
320.33805161093835,-998.88162665534219,1203.01880872474,36.119999999999997,0.048387773951092936
320.31955124913594,-999.01953732774507,1205.4234988002199,36.119999999999997,0.048240412853513048
320.30104845244443,-999.15102134225015,1205.4234988002199,36.07,0.048398911545010727
320.28254761050613,-999.04546466764384,1205.9794909929601,35.82,0.048459985603297236
320.26404682029641,-999.04267132641144,1205.16099991333,36.299999999999997,0.048466693193025386
320.2455454578394,-999.07357267684688,1208.6123476758401,36.299999999999997,0.048291079909917427
320.22704475869142,-999.03775399061078,1208.6123476758401,35.93,0.04798966149808237
320.20853818083947,-999.35520400653593,1209.8068248995301,36.009999999999998,0.047810294969922333
320.19001798601226,-1000.0905206683415,1208.8066588409699,35.869999999999997,0.047987281447183575
320.17151115359258,-999.36895066391014,1209.4389449881201,35.869999999999997,0.048334636826662503
320.15301233881485,-998.93599799681567,1208.96353828472,36.259999999999998,0.048616139424393121
320.13452061141993,-998.55327932749992,1208.8252554923599,36.259999999999998,0.048668853309511421
320.11603856976535,-998.03024934463303,1211.30576268503,35.899999999999999,0.048470734103930845
320.09755297564215,-998.22208265420068,1209.4656478721699,35.899999999999999,0.048162089657298568
320.07906267729635,-998.47611067222761,1209.4656478721699,36.280000000000001,0.04787482942305251
320.06056905309879,-998.65570666850249,1211.48696082675,35.950000000000003,0.047812764020781558
320.04206097374083,-999.43628532908497,1215.5546206897,36.039999999999999,0.047912172358517781
320.02355441450629,-999.35419866750021,1215.5546206897,36.039999999999999,0.04821449518331495
320.00505419655553,-999.01176933843988,1215.8271331581,35.829999999999998,0.048434201413803786
319.98655134708656,-999.15387132524302,1215.8271331581,35.829999999999998,0.048471718192993729
319.96805322045691,-998.89883800115615,1214.58378011987,35.969999999999999,0.048268058652500216
319.94955078698757,-999.1314073437527,1215.1743430107001,35.969999999999999,0.048006344581752569
319.93104613178997,-999.25138067092496,1216.91265307816,35.93,0.047883225809558318
319.91253696071607,-999.49523799200324,1216.2455578143099,35.93,0.04803049688349717
319.89402801108628,-999.48328000733761,1214.0146749037101,35.890000000000001,0.048263377203122786
319.87552263462965,-999.29032865778913,1212.7882495866099,35.890000000000001,0.048435268309651024
319.85702010388889,-999.13666000141291,1212.7882495866099,36.259999999999998,0.048454529090503483
319.83851967793828,-999.023001334681,1212.4177470705199,35.979999999999997,0.048251408661254692
319.82001662667898,-999.16476799962436,1213.09127963677,35.890000000000001,0.047900793660438694
319.80150556606168,-999.59727333640944,1216.26939967506,35.890000000000001,0.047509656797716404
319.78298635843203,-1000.03721200016,1216.26939967506,36.259999999999998,0.047407712167411437
319.76446692314818,-1000.0495053286693,1214.5902174222699,35.920000000000002,0.04755761991141056
319.74594208929642,-1000.341027993704,1213.0760208458901,36.07,0.047922473813005809
319.72741694396308,-1000.3578480024415,1213.0760208458901,36.07,0.048187643086303432
319.70889128537016,-1000.3855640150485,1213.5743157356201,35.890000000000001,0.048109499949177251
319.69035119853083,-1001.1646893247823,1214.7110956562899,35.890000000000001,0.047972275768511048
319.67180860332104,-1001.3001413292849,1213.84587452959,35.93,0.047795985728504631
319.65326882795051,-1001.1478700085406,1212.51645237404,35.93,0.047791973798813427
319.63473877145702,-1000.6230506494776,1212.51645237404,36.119999999999997,0.047891650132428
319.61621703683954,-1000.1736693436982,1211.7895140397,36,0.048138153629811865
319.59769759534561,-1000.0498406725133,1208.73489484011,35.890000000000001,0.048284379553941062
319.57916725219769,-1000.6385299863274,1208.8591109346301,35.890000000000001,0.048305887941695824
319.56065050016042,-999.90461001162612,1208.8591109346301,36.25,0.047999567658985699
319.54211998317271,-1000.6479173386115,1211.3865865929799,35.899999999999999,0.047583211626762233
319.52357595890129,-1001.3773106550691,1210.7485783992499,36.020000000000003,0.047435675638164629
319.50503006370366,-1001.4783406714315,1209.1344844263199,36.020000000000003,0.047591507645547183
319.48648649992595,-1001.3524439989109,1209.1344844263199,35.869999999999997,0.048021527213460022
319.46794029945693,-1001.4948253253331,1206.48160058041,35.869999999999997,0.048296100772416681
319.44939812749396,-1001.2772859997261,1207.68537612979,35.880000000000003,0.048410323335514496
319.43085987845689,-1001.0654480031124,1209.14759744973,35.880000000000003,0.048412915522591436
319.41232510532109,-1000.8777493332083,1208.8805686093101,36.119999999999997,0.048408343768254973
319.39379783554307,-1000.4725680124338,1207.7204236651,36.049999999999997,0.048458462376527407
319.3752646994692,-1000.7893479891991,1206.5378673717801,35.890000000000001,0.048604636550334826
319.35674281583954,-1000.1817160021108,1206.5378673717801,35.890000000000001,0.048811810299843002
319.33822547913593,-999.93618199478931,1205.6957728500099,36.299999999999997,0.048943274753478774
319.31971024722225,-999.82252333904944,1202.6058676965099,35.950000000000003,0.048855459317309433
319.30118315232102,-1000.4631246669169,1202.50954657907,36.119999999999997,0.048529977598397771
319.2826481453211,-1000.8903779945696,1203.56359524293,36.119999999999997,0.04817812600830295
319.26410927333336,-1001.0990873390833,1203.56359524293,35.840000000000003,0.048079752475889449
319.24556083149378,-1001.6158593362461,1199.2155550975299,35.840000000000003,0.048342066715778814
319.22701416329636,-1001.5200826590478,1199.2155550975299,35.939999999999998,0.048818357502900561
319.20847401746931,-1001.1678746626111,1199.00217044379,35.939999999999998,0.049257783430295868
319.1899459809012,-1000.5139746781902,1199.0975378868,36.07,0.049344627188181139
319.17142146577788,-1000.3238166588822,1198.2838151793301,36.079999999999998,0.0492055776215366
319.15290441571625,-999.92070332845128,1197.810792662,35.829999999999998,0.048885809043129495
319.13439115198781,-999.71624133553837,1198.2022760155501,35.829999999999998,0.048714637141538716
319.11588476246902,-999.34503401307495,1196.94914781441,36.280000000000001,0.048640107520420341
319.09737624124705,-999.46014598668739,1196.94914781441,35.880000000000003,0.048773904432254211
319.07886402371611,-999.6597466700083,1197.0902916300599,36.049999999999997,0.048976357403223321
319.06034814193828,-999.85761600388514,1194.95310723223,36.049999999999997,0.048978962001079075
319.04183042235798,-999.95685733654716,1194.95310723223,35.82,0.048823896791538236
319.0233067319632,-1000.2792813190415,1194.90661560376,35.82,0.048640268956215975
319.00477334960487,-1000.8026473492401,1195.8676810106899,35.939999999999998,0.048620308644472206
318.98624214240766,-1000.6851886502245,1195.8967680808,35.939999999999998,0.04881886868185252
318.96771458702477,-1000.4879906745473,1195.8967680808,36.159999999999997,0.04912827370465267
318.94920716476554,-999.40080199768454,1196.87643013912,36.009999999999998,0.049271784303858764
318.93070898535802,-998.90168800613287,1194.91376816198,35.890000000000001,0.049316449511293922
318.91222432049375,-998.17190267109515,1192.25277808342,35.890000000000001,0.049114834715716683
318.89373708827151,-998.31054000243444,1192.25277808342,36.189999999999998,0.048801625768041063
318.87524332748148,-998.66308266121132,1191.2893284904201,35.869999999999997,0.048591169627884748
318.85673174634587,-999.62538132362874,1196.96321451225,35.969999999999999,0.048660049213553221
318.83820613328385,-1000.3831053471483,1196.24795868968,35.969999999999999,0.048959632925728053
318.81967314725932,-1000.7812453265619,1196.24795868968,35.859999999999999,0.049268685070006507
318.80113979697524,-1000.8009153402761,1194.23427513054,35.859999999999999,0.049470729304178618
318.78260119714827,-1001.0843906544025,1195.0518125357401,35.899999999999999,0.049255407521344385
318.76405938114812,-1001.2580640088166,1195.9091658483901,35.899999999999999,0.048911706021300391
318.74552786971606,-1000.7016173328776,1195.9091658483901,36.189999999999998,0.048681668313312221
318.72700191827153,-1000.4013780032464,1194.09384657071,35.960000000000001,0.048653271257945739
318.70848769425942,-999.76809665287124,1191.97502040565,35.869999999999997,0.048963091230056738
318.68998290867904,-999.25842134177412,1191.97502040565,35.869999999999997,0.049345531600329035
318.67148837488884,-998.70482467081172,1193.8461296375001,36.240000000000002,0.049400800420646512
318.65299384730872,-998.70448932696786,1195.0634950475101,35.909999999999997,0.04913981383058872
318.63449971604928,-998.68308800777743,1198.1846330385999,36,0.048668128959912273
318.61599557412359,-999.22366398780628,1196.5383525536499,36,0.048279880235846916
318.59747433930875,-1000.1466800010195,1196.5383525536499,35.920000000000002,0.048250203130677558
318.57893814953093,-1000.9542480042807,1195.9911818493799,35.920000000000002,0.048603278898661721
318.56039185180248,-1001.5000773344657,1195.4943174713001,35.899999999999999,0.049120773456781466
318.54185756606182,-1000.8514299967135,1195.1939100258201,35.899999999999999,0.049456606307697284
318.52333229034565,-1000.3648886732906,1195.1939100258201,35.979999999999997,0.0493272859637807
318.50482300338268,-999.50149599969143,1196.17381050275,35.979999999999997,0.048705633306542963
318.48631974516064,-999.17594399164091,1196.72098120701,35.960000000000001,0.047988265548866899
318.46782555492587,-998.68627267509419,1198.0864045722999,35.960000000000001,0.047590316593465617
318.44933326874076,-998.58345399701511,1198.0864045722999,36.189999999999998,0.047853639758631487
318.43084656944472,-998.28176198704728,1196.1142058508599,35.859999999999999,0.048517898344728992
318.41236560087657,-997.9723026802701,1196.84376678989,36,0.04902957525287957
318.39388160345669,-998.13586067144843,1196.84376678989,36,0.049001636602666217
318.3753895252471,-998.5722233198137,1200.53472525295,35.880000000000003,0.048502836792310933
318.3568761456296,-999.72249934322633,1200.53472525295,35.880000000000003,0.047977477729860094
318.33834940153082,-1000.4441813341231,1200.8553982800699,35.859999999999999,0.047692129808543593
318.3198175848396,-1000.7181013272594,1200.4240990190599,35.859999999999999,0.047859951019695222
318.30128737207406,-1000.6314893374623,1201.02133763091,36.310000000000002,0.048425565995128116
318.28276057003711,-1000.4473099972154,1201.00274097952,35.939999999999998,0.049077037512363815
318.26425834455546,-999.1201760070312,1197.2459789807799,35.950000000000003,0.049368237243926312
318.24576760435809,-998.49997065931836,1194.3089001547,35.950000000000003,0.049165824631295443
318.22728499149406,-998.06109465786801,1196.7548366492799,35.850000000000001,0.048590252795187382
318.20880410675312,-997.96777601103406,1198.62499220669,35.850000000000001,0.048095514586339871
318.19031456898779,-998.43503932833096,1198.9084719310399,35.93,0.048077055771612788
318.17182232108655,-998.58138666619141,1198.9084719310399,35.93,0.048549133873042508
318.15332170058019,-999.03350734249796,1197.5997921943399,36.140000000000001,0.049174926769348627
318.13481451116058,-999.38822865904399,1195.83096454513,36.140000000000001,0.049691702128841143
318.11630244366654,-999.65164467788293,1196.8528266969699,35.909999999999997,0.049698706722938336
318.09778508729624,-999.93724399756957,1195.9675784072399,35.909999999999997,0.049280002723012591
318.07924972329624,-1000.9096560006955,1195.9675784072399,35.890000000000001,0.048978548083387495
318.06070200891372,-1001.5765766540659,1196.2052817589399,35.890000000000001,0.049040897035823185
318.04215487921005,-1001.5450040003907,1196.2548728293,36.210000000000001,0.049682102269297188
318.02362027474095,-1000.8686413315354,1194.10338331501,36.210000000000001,0.050498536898526875
318.00509696825935,-1000.2585500060351,1193.0254927904,35.979999999999997,0.051094042140005659
317.98659346893839,-999.18896333055886,1192.4306383646301,35.950000000000003,0.051195911241042495
317.96809555651856,-998.88727067206332,1190.48561936445,35.829999999999998,0.050680901240843484
317.94959199924699,-999.19209266416283,1189.2551409310299,35.829999999999998,0.050020661832437863
317.93107778144457,-999.76776133101157,1189.05105460299,36.280000000000001,0.049634861445016977
317.91255093386428,-1000.4497693356273,1189.8108947051601,36.280000000000001,0.049749769065192302
317.89401156724682,-1001.1257973421428,1192.2523012462,36.159999999999997,0.05016972414245955
317.87546109925916,-1001.7252713328811,1192.2508707345601,36.159999999999997,0.050748218260402725
317.85691107829632,-1001.7011319951791,1189.22343125623,35.93,0.050999538773091206
317.83835680223473,-1001.9309073260314,1189.22343125623,35.93,0.050903409724631532
317.81980826312349,-1001.6211120048986,1187.68610807492,36.159999999999997,0.050557714166008447
317.8012662463704,-1001.2689046679816,1189.4136893050299,36.159999999999997,0.05025318927903779
317.78273842504939,-1000.5023513338806,1190.6212795521401,35.859999999999999,0.050307212190084341
317.76421688497538,-1000.1631639954012,1191.7067994721899,36.280000000000001,0.050835739814133724
317.74570442735808,-999.67271133473332,1189.9417865206899,36.039999999999999,0.05147781223149029
317.72720110396284,-999.17946334328167,1187.5108703983899,36.039999999999999,0.051768517326445621
317.70870959075307,-998.54171332843862,1189.7088515411399,36.07,0.051522202176319323
317.6902096387409,-998.99740865712261,1189.7088515411399,36.07,0.05094703804844232
317.67168750158021,-1000.1954066772443,1186.03601289225,36.25,0.050594973279150975
317.65315227313596,-1000.9023359902272,1186.03601289225,36.25,0.050596137433408815
317.63460474709888,-1001.5664060010852,1186.4394171761801,36.159999999999997,0.050943953290642975
317.61605710516056,-1001.5726646682931,1186.4394171761801,36.159999999999997,0.051263973318919638
317.59751519808646,-1001.2629820041373,1190.97413909127,36,0.05142478583290587
317.57899026696288,-1000.3462806733486,1190.12656094152,36,0.051246924956737376
317.56048600809879,-999.22997865923878,1190.12656094152,36.159999999999997,0.050839598600473233
317.54198337283958,-999.14230399614985,1186.4303572690901,36.159999999999997,0.050560903429811961
317.52348303795054,-999.0180840098725,1188.01274156722,36.280000000000001,0.050639072428867928
317.50499184967902,-998.52416666076488,1191.04208839441,36.280000000000001,0.050922168620469027
317.48649903780245,-998.61184133484562,1191.08619583681,35.93,0.051371676637104208
317.4679949279506,-999.2219320008262,1193.0386058138099,35.93,0.051442807948824075
317.44948604971609,-999.47942466332506,1191.4969910975699,36.119999999999997,0.051035071833303657
317.43096642609879,-1000.0596753331225,1192.51146227258,36.119999999999997,0.050450410280709658
317.41243839677787,-1000.5135833301217,1191.34249583989,35.840000000000003,0.04991514194153146
317.3939032790617,-1000.8963566736306,1191.34249583989,36.310000000000002,0.049777474867862534
317.37535515490146,-1001.5987046541767,1189.0920626034799,35.909999999999997,0.050027652947904094
317.35681728977778,-1001.0447166791135,1191.5925969591899,35.909999999999997,0.050390618331597019
317.33828931839503,-1000.5104546670298,1192.0601358485401,36.07,0.050478989474280304
317.31977614574078,-999.71132332922593,1192.0601358485401,36.07,0.050160372628563793
317.30128339906184,-998.60832066416515,1194.1741936414501,35.880000000000003,0.049497704537611403
317.28279951959263,-998.12949133681491,1196.16904213059,36.299999999999997,0.048881992706864538
317.26431104665437,-998.37753866424555,1195.8981985924499,35.920000000000002,0.048818547895076683
317.24581874079013,-998.58451667030715,1196.81348762673,35.920000000000002,0.049028749479310067
317.22731345539506,-999.28541133298052,1196.72551116055,36.07,0.049402218114271118
317.20879834662964,-999.81587333476512,1196.72551116055,36.07,0.049536232319768829
317.19027057082707,-1000.4998933364922,1197.69134493963,36.280000000000001,0.049300112042267405
317.17173584944447,-1000.8749546619445,1198.95353304786,36.280000000000001,0.048726860224877301
317.15319685948145,-1001.1054580037486,1198.5491750895001,35.939999999999998,0.04810331078782662
317.13464965940756,-1001.5488039887066,1198.5491750895001,35.939999999999998,0.047667847111792172
317.11610052217293,-1001.653410668982,1199.79372022077,36.009999999999998,0.047763973056437585
317.09756823049372,-1000.7437506795543,1199.06964290972,36.009999999999998,0.048192946445771274
317.07905696808649,-999.60816998880682,1194.6217053677699,36.259999999999998,0.048425541153011391
317.06055848445675,-998.91811600728204,1194.6217053677699,36.259999999999998,0.048225088452728111
317.04206886804957,-998.43928598743605,1196.06199217582,35.890000000000001,0.047484020599788512
317.02357360058022,-998.74444334536349,1202.00624489859,35.890000000000001,0.046697055099206672
317.00506776260505,-999.31525065865208,1204.49724250999,36.07,0.046280998124413018
316.98654583965435,-1000.1838393371594,1203.20310630835,36.07,0.046402883405036045
316.96800905901227,-1000.9861546717678,1203.20310630835,36.240000000000002,0.046786054347192005
316.94946091622222,-1001.5997106637241,1203.50136798637,36.240000000000002,0.047081513327156412
316.93090686781483,-1001.9186139975219,1205.12142242449,35.909999999999997,0.047002004254666059
316.91234785649397,-1002.1866113268139,1203.46608203245,35.909999999999997,0.046544656575409411
316.89379599049391,-1001.800764005398,1203.46608203245,36.020000000000003,0.045865838305420806
316.87525293479007,-1001.3250080074271,1201.9928934565701,36.159999999999997,0.045530165859292017
316.85671623796298,-1000.9816286620518,1202.7663234193701,36.280000000000001,0.045570181686500941
316.83819365274081,-1000.2196019971867,1201.44023912433,36.280000000000001,0.045895152208547757
316.81968577516068,-999.42538932521529,1201.4624120548301,35.979999999999997,0.046238607418854105
316.80119239103709,-998.64274267428925,1201.4624120548301,35.979999999999997,0.046201866742434872
316.78270489908658,-998.32456532891604,1201.93185829304,35.869999999999997,0.045827310532830484
316.76420508366664,-998.9900326754057,1202.39057569391,36.280000000000001,0.045302804142790649
316.74569240460499,-999.68466933039099,1203.4789566372599,36,0.044961314034479359
316.72715813232094,-1000.8507033377773,1203.65729375569,35.899999999999999,0.045057578628510668
316.708598386284,-1002.2262859945984,1202.04105401529,36.299999999999997,0.045548204545442117
316.69004605979006,-1001.825630672548,1200.4236221818501,36.299999999999997,0.046059071199298036
316.67149750722223,-1001.621838663835,1200.4236221818501,35.880000000000003,0.046312359887262504
316.65295365887653,-1001.3678106677918,1200.10628701523,35.880000000000003,0.046042523652853697
316.63441731283967,-1000.9626859887776,1202.3216727163399,35.950000000000003,0.045364530139674876
316.61588080538274,-1000.9714026753583,1202.3216727163399,35.950000000000003,0.044927845396689779
316.59735037220997,-1000.6433913288954,1202.58369476601,35.979999999999997,0.044985821259257076
316.57883292477771,-999.94216134436203,1200.7040024642899,35.979999999999997,0.045553674511625952
316.56032292999993,-999.53971799813121,1196.3793273424301,35.909999999999997,0.046076943269572145
316.54182497825929,-998.88939399611957,1198.5520361127899,35.909999999999997,0.046179551220280592
316.52333204220997,-998.61854666185093,1198.5520361127899,36.07,0.045794597309448418
316.50481917585199,-999.69478333061943,1199.90816115238,36.100000000000001,0.045154982557277755
316.48629137935808,-1000.501010672985,1197.9955670828299,35.840000000000003,0.044689302641420334
316.46775151292599,-1001.1527873333492,1199.5553016132501,35.840000000000003,0.044654033453458919
316.44919898567906,-1001.8364713317126,1199.5553016132501,36.240000000000002,0.045138194950504723
316.43065144618515,-1001.5671326710135,1199.2181777022099,36,0.045877794424296757
316.41210995614819,-1001.2404619964383,1196.42486529647,36.280000000000001,0.04656180739134929
316.39358615502471,-1000.2852606686142,1191.6197766804401,36.280000000000001,0.046723205594760335
316.37507938159251,-999.36576533707353,1191.6197766804401,35.920000000000002,0.046433728806817662
316.35657151125923,-999.42499799913082,1191.72205826307,35.920000000000002,0.045985757480113056
316.33806793329643,-999.19320998966373,1192.88387213753,36.189999999999998,0.045812275882917919
316.31956328534562,-999.25098934484072,1192.88387213753,36.189999999999998,0.045965585023641814
316.30105203534572,-999.60749999361508,1190.6441677384601,36.189999999999998,0.046458844513740161
316.28254546370385,-999.35486866269207,1190.6441677384601,36.189999999999998,0.046963686535677569
316.26402690592596,-1000.0021200058361,1188.93923627606,36.009999999999998,0.047297202463547461
316.24550207828406,-1000.3406926608524,1188.2251725465301,36.009999999999998,0.047257455685413043
316.22696507722236,-1000.9980573337128,1188.6121259465399,36.259999999999998,0.046947663647019709
316.20841263379026,-1001.8319453329887,1189.2687307916599,36.259999999999998,0.046616936519058939
316.18985927353094,-1001.8814540018624,1191.1941994660101,35.920000000000002,0.046692810338460344
316.17131430759247,-1001.4281606773342,1190.32420996716,35.920000000000002,0.047042257046735189
316.15278304244447,-1000.6883179948204,1190.32420996716,36.170000000000002,0.047415470084994041
316.13425900124696,-1000.2982246628275,1188.6381135747599,36.170000000000002,0.047620778072272746
316.11574709001235,-999.64320667140191,1190.1976096865701,36.280000000000001,0.047453534277032652
316.09723727633343,-999.52993866024281,1190.1976096865701,36.280000000000001,0.047257622286022372
316.07873625846906,-999.05496467690477,1188.1460175688301,35.93,0.047066912260432241
316.06022900487653,-999.39169399601155,1191.5618409588101,35.93,0.047033228392828037
316.04171995797515,-999.48853267599009,1192.4287310157699,36.189999999999998,0.047215914564124641
316.02320239361751,-999.94847531230687,1192.4287310157699,36.189999999999998,0.047328160661945194
316.00467143993825,-1000.671498678579,1192.90461455639,35.850000000000001,0.04752462316106907
315.98613245102473,-1001.1054013290121,1192.39439873629,36.229999999999997,0.047488476454508821
315.96758915422225,-1001.3380273353529,1190.1117789878599,35.899999999999999,0.047391845527140854
315.94905254224687,-1000.977046670095,1192.5310125983999,35.899999999999999,0.047339156472536614
315.93053393893831,-1000.0045786627443,1192.5310125983999,36.259999999999998,0.047445568361148098
315.91203327290128,-999.03596599940613,1194.2681305728099,36.259999999999998,0.047588860618175979
315.89354546223473,-998.34177599322595,1193.1506625593499,36.039999999999999,0.047752657484582926
315.87507925306164,-997.17529534802668,1196.5514655770601,36.039999999999999,0.047654543697739818
315.85661023751851,-997.32683932833072,1196.5514655770601,35.859999999999999,0.047499724771015737
315.83813324466672,-997.75761399717578,1197.89185498856,35.859999999999999,0.047373418802531181
315.81964807791354,-998.19900467075104,1197.5599762868901,36.32,0.047346062755841273
315.80113621841963,-999.64041267064977,1194.6612828566199,36.32,0.047524017809811435
315.78261654306164,-1000.0624693338746,1194.6612828566199,35.950000000000003,0.047661006037695366
315.76409373018521,-1000.2318953256963,1196.3626380399,35.950000000000003,0.047723934464192257
315.74557126706173,-1000.2130086676387,1197.79601070833,35.880000000000003,0.047574953907555208
315.72705142303698,-1000.0715773355475,1198.4764574142,35.880000000000003,0.047254291262504924
315.70853757569154,-999.74775665495724,1198.90894876825,36.189999999999998,0.046938109307981465
315.69002734601236,-999.55240267470924,1198.9172934195201,36.189999999999998,0.046819475367040002
315.67154662993835,-997.95866799836938,1202.02698731744,35.859999999999999,0.046941728021168291
315.65307761439499,-997.32683933932287,1202.02698731744,35.859999999999999,0.047243722814445832
315.63461783653082,-996.8280046654063,1201.78761503549,36.259999999999998,0.047492977848461952
315.61615882544453,-996.78659865916973,1203.4300808227199,35.890000000000001,0.047487997354885826
315.59767991511114,-997.86115800415928,1207.90352915567,36.189999999999998,0.047224553098217235
315.57918848055562,-998.53746599882174,1207.90352915567,36.189999999999998,0.046805743543772947
315.56068093412347,-999.40750733568177,1208.80999670148,35.840000000000003,0.046622316455902181
315.5421600573581,-1000.1273453311493,1203.8702015721999,35.840000000000003,0.04669806092127958
315.52363177346922,-1000.5273299984879,1201.67293568527,35.920000000000002,0.046964021820286757
315.50510508214808,-1000.4413313401384,1203.35617105438,35.920000000000002,0.047207519211273662
315.48658084020991,-1000.3090646624722,1203.35617105438,36.090000000000003,0.047246647169493707
315.46807048014819,-999.55944333456614,1204.95190679454,36.090000000000003,0.046967043431099011
315.44956448695052,-999.32363267190055,1205.91750215501,35.840000000000003,0.046707547988889195
315.43107236321003,-998.57468198771403,1205.91750215501,35.840000000000003,0.046499226659426185
315.41259021808662,-998.03583666463351,1205.8047301536501,35.899999999999999,0.046686359372982558
315.39411067134586,-997.89552399906665,1206.5257080228,35.899999999999999,0.047035179003707073
315.37563281444454,-997.80427267206483,1208.8965426560101,36.119999999999997,0.04734886499489159
315.35715320250642,-997.8990446587552,1210.4481709537699,36.119999999999997,0.047477641043004871
315.33864921580238,-999.21528201852584,1210.4481709537699,36.020000000000003,0.047360224027066751
315.32011909409886,-1000.6265719906698,1211.22446193987,35.869999999999997,0.04712536000067697
315.30156394156796,-1001.9782366666242,1210.21642806726,35.950000000000003,0.046911838771271454
315.28299597816061,-1002.6700239981366,1208.27140906708,35.950000000000003,0.046876251908694239
315.26443751218528,-1002.1571626677071,1208.27140906708,36.009999999999998,0.046900150674125403
315.24588300949375,-1001.943145342812,1208.2752237648001,36.009999999999998,0.046928468065807999
315.22734435067889,-1001.0875760032229,1206.8428047708001,35.909999999999997,0.046917304610571094
315.20882531897536,-1000.0277119908988,1206.0488708077501,35.909999999999997,0.046780902063969752
315.19031671393816,-999.46467200739562,1206.0488708077501,36.299999999999997,0.046609010951334851
315.17180986288884,-999.36995666246548,1205.58967656966,35.960000000000001,0.04646839056053801
315.15330510317284,-999.2570246656619,1210.15038611297,35.909999999999997,0.046610747366664755
315.13479780406163,-999.39415200439203,1207.9893598543799,35.909999999999997,0.04684532991793456
315.11628421540752,-999.73378732170818,1207.9893598543799,36.210000000000001,0.047166333021771277
315.0977575623703,-1000.4392640093145,1204.4540887420301,35.880000000000003,0.047198149068996359
315.07920107183963,-1002.0504886566076,1204.72803172207,36.229999999999997,0.047135331349821938
315.06063991640741,-1002.3023933395862,1207.4603089642901,36,0.046915156351983706
315.04206548859258,-1003.0191020014496,1207.0161350984699,35.909999999999997,0.046778661716874344
315.02348615581485,-1003.2839699971378,1204.7103887451201,35.909999999999997,0.046875730354518461
315.0049204731111,-1002.5468660036474,1204.9457079107401,35.939999999999998,0.047070376788470328
314.9863764229753,-1001.3787073311812,1204.9457079107401,35.939999999999998,0.047357552164092598
314.9678538957038,-1000.2164726635829,1203.6999706864301,36.020000000000003,0.047487166395536413
314.94935158537044,-999.124757998988,1202.81376872227,36.119999999999997,0.047379807668925591
314.93085404340735,-998.86726600700092,1204.08310938872,35.899999999999999,0.047244546521927014
314.91235480643235,-998.95879665163807,1205.57584829043,35.899999999999999,0.047044679526945882
314.89384225051867,-999.6780193370987,1205.57584829043,36.25,0.046998695990689024
314.87531731939509,-1000.3462806733486,1204.13460780795,35.939999999999998,0.047204642454218931
314.85679255074098,-1000.3375073230236,1204.38113264813,36.210000000000001,0.047594157768386866
314.8382565368766,-1000.9447486765232,1204.39043097382,36.210000000000001,0.047885702102922215
314.81971459876553,-1001.2646579978846,1201.2812139131099,35.890000000000001,0.047941017483914009
314.8011649089508,-1001.6832499946537,1201.88226722267,35.890000000000001,0.047732594738419315
314.78260665821,-1002.1455400049011,1202.8314116992201,36.020000000000003,0.04745872070933619
314.76405323379021,-1001.8849186683183,1200.7221222784699,36.020000000000003,0.047389400299195972
314.74551614062955,-1001.0030306737381,1201.47314089216,35.829999999999998,0.047554283719822531
314.72700025265448,-999.85795065523325,1203.5047058468699,36.25,0.047677510104888549
314.70850076216061,-998.97248666725181,1204.2011265994499,35.859999999999999,0.047816693158751512
314.69001327020987,-998.32456533990796,1202.08110834135,35.859999999999999,0.047833320369490409
314.6715155399134,-998.87743601145405,1197.99938178055,36,0.047799333305969527
314.65301983058021,-998.76830399197388,1197.99938178055,36,0.047638602559209708
314.6345111862222,-999.46679533145198,1197.6458069855901,35.829999999999998,0.047512096877132037
314.61599603295059,-999.81827666895265,1201.53155345101,36.299999999999997,0.047415988518664007
314.59746948339529,-1000.4336759858261,1203.57766194077,35.939999999999998,0.047494891204206344
314.57893161206169,-1001.0450520119655,1204.3966298576199,35.939999999999998,0.047653763457703578
314.56039032277766,-1001.2296213372736,1201.3386727975201,36.07,0.047696527721801614
314.54185742677777,-1000.7763839949858,1198.74157890577,36.07,0.047675326671503718
314.52332364188885,-1000.8243840012823,1198.74157890577,36.259999999999998,0.047691894900408156
314.50480432353072,-1000.0431913387407,1198.56991750835,36.259999999999998,0.047723500888738966
314.48630029128378,-999.21774133495387,1201.11241353898,35.909999999999997,0.047696570145413952
314.46780892192606,-998.53394531714935,1204.6109681857799,35.909999999999997,0.047614983183268879
314.4493320315309,-997.75208134037621,1204.6109681857799,36,0.047342645828646099
314.4308444433334,-998.3297626638556,1204.0750031560699,36.140000000000001,0.047216709286116904
314.41233954702494,-999.26440065837073,1202.95157467742,36.259999999999998,0.047153594594531653
314.39381292711107,-1000.4374753475981,1200.84443102413,36.259999999999998,0.047172972308247976
314.37526571254307,-1001.5495866738513,1200.84443102413,36.030000000000001,0.04731562298643173
314.35670951485179,-1002.0346753279294,1200.6498814403899,36.030000000000001,0.047525259557797288
314.33816025446913,-1001.6600606622745,1200.6148339050801,36.259999999999998,0.047611534190179411
314.31961933564207,-1001.2096166612193,1200.0054359442499,36.259999999999998,0.047405153107160057
314.30108568630851,-1000.8170640127981,1202.6990893720499,36.100000000000001,0.047021601350932758
314.28255928680233,-1000.425573334181,1206.7548283046301,36.100000000000001,0.046640690417094358
314.26403245888895,-1000.4487073218553,1206.5264232786201,36.039999999999999,0.046508396040410217
314.24552058593821,-999.64113934057809,1205.1187998198,36.039999999999999,0.046743110031130124
314.2270206794567,-998.99495000021432,1205.8674342474301,36.280000000000001,0.046954374342597673
314.20853143350632,-998.41928132237376,1205.8674342474301,36.280000000000001,0.047206778293071065
314.19004258388907,-998.39787933267144,1207.1765908213399,36.210000000000001,0.047270779810423255
314.17154050741982,-999.11212933762658,1205.87172578236,36.210000000000001,0.047107699019491515
314.15302054645696,-1000.0778919959881,1206.4312942542199,36.009999999999998,0.046813221032510843
314.13448619553105,-1000.8549499968821,1206.4312942542199,36.009999999999998,0.04647831535837222
314.11594072253098,-1001.4555420056171,1209.0641509371001,36.299999999999997,0.046256539518255715
314.09740220134569,-1001.0801440062895,1208.10451604182,36.299999999999997,0.04640943991363327
314.07887409338269,-1000.5178300002186,1206.8273075613099,35.93,0.046693329796828692
314.06035763418527,-999.88879666096398,1204.7401910710601,36.090000000000003,0.046983508184193661
314.04186580846914,-998.55858867088887,1206.874276027,36.030000000000001,0.04696549331016947
314.0233839106665,-998.02248134433592,1210.20665290435,36.030000000000001,0.046644016272948334
314.00490968487668,-997.60819264843224,1210.20665290435,36.280000000000001,0.046326182792659196
313.98643206080254,-997.79170000393594,1212.8433242849501,36.280000000000001,0.046228671246745685
313.96794867495072,-998.1028359969564,1214.1500966727799,36.100000000000001,0.046281174028730006
313.94944967804946,-998.94583266841698,1211.62500520051,36.100000000000001,0.046604935910075217
313.93094890129635,-999.04194466747515,1209.6251499206001,36,0.046882868442958525
313.91243144766662,-999.94249600670207,1209.47756880254,36,0.047087623842804203
313.89389987103692,-1000.705138003558,1205.9799678301799,36.240000000000002,0.046852957452316553
313.87536013395072,-1001.1458026557328,1207.36637203293,36.240000000000002,0.046425285858823322
313.85681440122232,-1001.4695673320987,1207.36637203293,36.189999999999998,0.046057589357193278
313.83828426711131,-1000.6272419968536,1208.8066588409699,36.189999999999998,0.045962296428214935
313.81978180053102,-999.13319533495712,1206.8015583516999,36.039999999999999,0.046134462778418636
313.8012970311359,-998.17754733634399,1204.30674604258,36.039999999999999,0.046389263333534721
313.78282122003696,-997.69379934316146,1202.70504983724,36.259999999999998,0.046590010942583172
313.76434666311121,-997.62607398943805,1202.7102950466001,36.259999999999998,0.046684562958040694
313.74585888555561,-998.33998800202153,1204.7566419549801,36.140000000000001,0.046590331733837233
313.72736612438268,-998.60910333831816,1206.7388542579199,36.140000000000001,0.046416343086813451
313.70886187897548,-999.22925198931057,1206.7388542579199,36.030000000000001,0.046316200034024917
313.69034455467897,-999.93551201058938,1206.83755956144,36.030000000000001,0.04653935011049886
313.67182048140728,-1000.2999566717915,1205.10997833132,36.259999999999998,0.047015593292095911
313.65327580107407,-1001.4127379932368,1203.6489491044199,36.259999999999998,0.047453015835424023
313.6347243324322,-1001.7793066599988,1201.2602330756499,36.170000000000002,0.047712908647077522
313.61617208355563,-1001.8214393361638,1201.2602330756499,36.170000000000002,0.04769186592387567
313.59762786474096,-1001.387815992374,1200.8120060935,36.009999999999998,0.047606382928602212
313.57909611840745,-1000.7143020094555,1199.92246626883,36.009999999999998,0.047583026391868254
313.56057585838266,-1000.0940413390218,1198.9542483036801,35.829999999999998,0.047571317596588329
313.54206710433328,-999.4727186658082,1200.7099629294801,36.310000000000002,0.047790842746140268
313.52356860724689,-998.91884266621832,1198.68578895161,36.009999999999998,0.048025172822435014
313.50506697264188,-999.08826866903212,1198.68578895161,36.009999999999998,0.048272866337634945
313.48655232538295,-999.79095198243022,1197.7206704283601,36.170000000000002,0.048430642736461797
313.4680236844938,-1000.5466080156058,1198.1839177827701,36.170000000000002,0.048420441655597744
313.4494750998519,-1001.6235706618069,1198.1193063401299,36.25,0.048453402187512734
313.43091624479018,-1002.1781733313248,1198.1193063401299,36.25,0.048655134929253115
313.41235283451857,-1002.4241546689552,1198.9854811412699,35.890000000000001,0.049006429810933817
313.39378980816053,-1002.4034233339648,1198.06184745572,35.890000000000001,0.049319454578743614
313.37522778866673,-1002.3490526630031,1195.4900259363701,36.210000000000001,0.049545138872741541
313.35667504618516,-1001.8480940055105,1195.0847143035801,36.210000000000001,0.049618802344242846
313.33813999365441,-1000.8928366624699,1195.0847143035801,36.25,0.049699837755052385
313.31962610077784,-999.75021533384938,1192.2608843160699,36.25,0.049623842861654034
313.30112757161737,-998.92057466419055,1190.5848015051799,35.920000000000002,0.049568358802158374
313.28263375183963,-998.66626799903986,1191.1829937914599,35.920000000000002,0.049585446509786711
313.26414029009891,-998.64693399968132,1192.0119752898199,36.189999999999998,0.049820273290405392
313.24563119146916,-999.49132600623034,1191.95499324262,36.189999999999998,0.05003620353034708
313.22710664322244,-1000.3256053205987,1192.3634043173099,36.240000000000002,0.050128779056914902
313.20857372859274,-1000.7773900045333,1192.1571722218,36.240000000000002,0.050006259436491979
313.19003480382713,-1001.1019373440602,1191.09740151136,35.93,0.049877931472250225
313.17149357974068,-1001.2261006665931,1191.09740151136,35.93,0.049886432368627755
313.15296215212339,-1000.6970913341534,1190.40884857283,36.140000000000001,0.049934841486059776
313.13443019158029,-1000.7258693275566,1190.40884857283,36.140000000000001,0.050070452399012894
313.11591049759267,-1000.0634753324301,1193.04838097672,36.259999999999998,0.050079467606857969
313.09739909859258,-999.61554600349973,1193.04838097672,36.259999999999998,0.050003409596802294
313.07889847085187,-999.03389799807053,1193.7483780084101,35.950000000000003,0.049817003307482732
313.06040254628402,-998.77992666577177,1193.5087673078499,35.969999999999999,0.049671742855433978
313.04190568729621,-998.83038533996853,1191.3870801195001,36.119999999999997,0.049632358263192913
313.02340494261716,-999.04021266950303,1189.4806849337399,36.119999999999997,0.049795175182077177
313.00490567874084,-998.96024932098283,1191.9924249640001,36.299999999999997,0.049886019488662108
312.98639843758031,-999.39102267078806,1192.0842161278999,36.299999999999997,0.049773617129223173
312.96787895055547,-1000.0522993404136,1192.0842161278999,36,0.049363581664010225
312.94935739185206,-1000.1641699829647,1191.63575072715,36,0.048892753617259185
312.93082834841988,-1000.5683453381599,1190.79699406588,36.140000000000001,0.04851943192962397
312.91230797767901,-1000.100020007091,1190.72236904173,36.140000000000001,0.048335921020448244
312.8937915309013,-999.88812599526034,1190.72236904173,35.840000000000003,0.04846968067816524
312.87528384891363,-999.41482733515807,1194.1663258274,36.280000000000001,0.048704981385858125
312.85678284449386,-999.05423866649642,1193.35117260828,35.969999999999999,0.048841487415393688
312.8382877777903,-998.73360199370291,1194.5101254594499,35.969999999999999,0.048764268348991328
312.81979114541963,-998.81814801568362,1194.5101254594499,36.159999999999997,0.048355099019757229
312.80130362759274,-998.32596265355596,1194.97671067437,36.159999999999997,0.047845703856801793
312.782812120605,-998.54137733606683,1194.0297119652901,36.240000000000002,0.047421686144371943
312.76431264976526,-998.97142534597549,1194.2543022935699,36.240000000000002,0.047353648894159085
312.74580005556811,-999.68008664593856,1193.9655773598599,36.009999999999998,0.047387499361354841
312.72727459876552,-1000.3746673406673,1194.3882935510001,35.890000000000001,0.047537058383842687
312.70874073522236,-1000.828631330899,1196.01097059381,36.229999999999997,0.047463180697047365
312.69020963253075,-1000.6795453479835,1195.33553067869,36.229999999999997,0.047270368998785048
312.67168904758029,-1000.1115873251917,1195.33553067869,36.189999999999998,0.046857827239180888
312.65317842156793,-999.57380466441123,1198.1185910843101,36.189999999999998,0.046508416741393867
312.63467598809882,-999.13140733276066,1198.9475725826701,35.869999999999997,0.046246954140464223
312.61617334662975,-999.14263932900178,1198.9475725826701,35.869999999999997,0.046376631489583139
312.59767654559261,-998.82725600636456,1200.1241684107999,36.280000000000001,0.046431569176805847
312.57916892050622,-999.41175466529842,1200.1241684107999,36.280000000000001,0.046268169663151032
312.56064893367898,-1000.0792886721003,1200.45127874032,35.920000000000002,0.045919486630380084
312.54212307329624,-1000.3964606674459,1200.6315232076099,36.159999999999997,0.045485817313173388
312.52358649443221,-1000.9752586569065,1198.6104486716299,36,0.045199323857227712
312.5050462316666,-1001.1741893450354,1196.03147459405,35.859999999999999,0.045146765192948524
312.48650346158018,-1001.3095846638097,1201.7930986634599,36.299999999999997,0.045072322509162703
312.4679612689136,-1001.2784039957388,1200.8332253495701,36.299999999999997,0.044994871645767147
312.44942292985183,-1001.0703093346883,1200.8332253495701,36.100000000000001,0.044856151147757505
312.43089271088888,-1000.6318239998024,1200.05264282854,36.100000000000001,0.044680392990536472
312.41236590159252,-1000.4477020048034,1197.7948186153001,35.850000000000001,0.044385638707091286
312.3938661772346,-998.98511532861312,1197.7948186153001,35.850000000000001,0.044085424804798982
312.37537540495055,-998.50170333879407,1202.5562766261401,36.32,0.043980525809055281
312.35688142271613,-998.6750406568691,1203.0312064923301,36.32,0.044137921393200122
312.3383834854568,-998.88861200347048,1199.91555212922,36.049999999999997,0.044397172622752605
312.31986974159264,-999.74216866444476,1199.91555212922,36.049999999999997,0.044551950156872952
312.30134034012343,-1000.5876793375185,1200.5707264626899,36.07,0.044326927096020416
312.28280279992583,-1001.0271706709597,1202.96325718919,35.859999999999999,0.044054470743666786
312.26425765185201,-1001.4379959864713,1204.30007032157,36.310000000000002,0.043775121587250131
312.24571244480245,-1001.441180675772,1202.9851917010801,36.310000000000002,0.043772853296869953
312.22716943464212,-1001.3225486580229,1202.9851917010801,36.119999999999997,0.043928231007256464
312.20862903528405,-1001.1815653377445,1202.7260306747,36.119999999999997,0.044220975705316155
312.19010043371605,-1000.5444846695653,1201.59401912618,35.840000000000003,0.044422210713352436
312.17158666397535,-999.74356600007673,1200.9805680490199,35.840000000000003,0.044403760184148412
312.15308128132102,-999.29066333112132,1200.9805680490199,36.280000000000001,0.044189670848238584
312.13458786408648,-998.6445306654939,1199.8535632912599,36.280000000000001,0.043909971902865615
312.11609349896298,-998.69571666913862,1202.9193881654001,36.030000000000001,0.04386532741656609
312.09759340414831,-999.00511999367552,1202.61111290587,36.030000000000001,0.043977705971003568
312.07907384571621,-1000.0561553329539,1202.61111290587,35.850000000000001,0.044332842033305071
312.06054024916051,-1000.8142140078213,1201.17225660947,35.850000000000001,0.044721210788959659
312.04199154758027,-1001.6298853332395,1200.62270171913,36.280000000000001,0.044865097019103413
312.0234349649383,-1002.0554626671446,1198.9714144434199,36.280000000000001,0.044825002551076992
312.0048724135554,-1002.3777746741657,1199.1809843994399,36,0.044763468003839707
311.9863245170618,-1001.5864106551553,1200.52495009004,35.909999999999997,0.044738072897452665
311.96779253064193,-1000.7272666741804,1197.6856228930501,35.93,0.044931796277440428
311.94927318641982,-1000.044587992869,1195.7582468698299,35.93,0.04523039174964863
311.9307671477037,-999.32609066928899,1196.95606195403,36.210000000000001,0.045337985365667785
311.91225383223451,-999.7190353362904,1197.35898940074,36.210000000000001,0.045420920684938304
311.89374654554331,-999.39348132769635,1195.94325970927,35.939999999999998,0.045330692076133487
311.87524418346902,-999.12755201073219,1195.94325970927,35.939999999999998,0.045319525520339216
311.85673517588884,-999.48640932994965,1196.19884445653,36.170000000000002,0.045356913990559085
311.8382156040123,-1000.0568813323703,1197.01662028034,35.890000000000001,0.045550879507141637
311.81968116925924,-1000.8594766661181,1196.0286135707599,36.159999999999997,0.045873785600251814
311.80113311650621,-1001.5948486616363,1196.0286135707599,36.159999999999997,0.046187091823029588
311.78258034814826,-1001.8494913301505,1196.03195143127,36.020000000000003,0.046280813921138308
311.76402325328411,-1002.083122664535,1196.8714233483599,35.82,0.046097733495407828
311.74547166045693,-1001.786012668508,1195.03273904714,35.939999999999998,0.045913844892666568
311.72692497985179,-1001.5207526762235,1193.7157146591801,35.939999999999998,0.04597281312758069
311.70838077966675,-1001.3868099938184,1193.7157146591801,36.140000000000001,0.046183527962757466
311.68983949761724,-1001.2292306707088,1193.2884685145,36.140000000000001,0.046452177282146692
311.67131302671601,-1000.4294286672016,1194.75521978798,35.93,0.046643151173270531
311.65279852225945,-999.78324065686922,1191.70513054194,35.93,0.046585369860093317
311.6342870715186,-999.61834000425199,1191.70513054194,36.189999999999998,0.046465107140916818
311.61577703120997,-999.54217666603142,1192.0861234767599,35.869999999999997,0.046092228339566998
311.5972639299506,-999.70746800719746,1196.04315710582,36.259999999999998,0.045798266718743083
311.57874520971609,-1000.010892663665,1196.83923683634,36.259999999999998,0.045767667603442225
311.56021284664195,-1000.7476060015827,1196.83923683634,35.939999999999998,0.045951793177557473
311.54166441720992,-1001.6151893300623,1196.0693831526501,35.960000000000001,0.046274779989583244
311.5231158594691,-1001.6221180034541,1195.09282053623,35.869999999999997,0.046326908180187844
311.50457492098775,-1001.2106779934876,1195.9930891982401,35.869999999999997,0.046226577831709456
311.48605202324683,-1000.236478010149,1197.44744270413,36.280000000000001,0.046010892842558146
311.46754321641981,-999.47556865979277,1197.39618270352,36.280000000000001,0.045840544629517886
311.44904266628402,-999.0297073321982,1198.5770700665801,35.93,0.045794122345462498
311.4305485484939,-998.68236066733721,1198.5770700665801,35.93,0.045880574935425938
311.4120538843211,-998.71186533066873,1199.48472970542,36.119999999999997,0.045929100978190272
311.39355241217271,-999.07949601120322,1199.1528510037499,35.829999999999998,0.046119467466624153
311.37505798911121,-998.69884532123899,1197.6949212187401,36.32,0.046029031898261102
311.35655957687652,-998.91426067426164,1198.7053392774301,36.32,0.045949710122885505
311.33805987114818,-998.98410933005766,1201.4442922406499,36.079999999999998,0.045819211131152393
311.3195567888518,-999.1664440043636,1203.3652309614699,36.079999999999998,0.045592930787568944
311.30104123201227,-999.84006933621163,1206.7739017932299,35.859999999999999,0.045576267357182232
311.28251894480246,-1000.2035093288895,1206.7739017932299,35.859999999999999,0.045549989576949765
311.26400299887655,-999.86107999982926,1208.5010061861301,36.280000000000001,0.045549808482985316
311.24549424379023,-999.47277465904074,1206.7204960251399,36.280000000000001,0.045510250039080914
311.22700145779004,-998.6104440102057,1208.02750683159,36.119999999999997,0.045328071959206448
311.20852108630862,-997.94005999842716,1205.0577646562799,36.119999999999997,0.045165665860713286
311.19004067550611,-997.94218333347567,1205.0577646562799,35.859999999999999,0.045079155313206665
311.17156413693829,-997.73308266287745,1205.0715929355099,35.859999999999999,0.045108969021011365
311.15307888637034,-998.20353066947519,1206.53739053457,36.280000000000001,0.045149171099059769
311.13459210946917,-998.28595266391176,1210.3449356967101,36.280000000000001,0.045173800440242155
311.11610124612355,-998.50662066360269,1210.3449356967101,35.890000000000001,0.045027585905857384
311.09760193671616,-998.96270799987519,1209.9520218315099,36.159999999999997,0.044809099703168362
311.07910122514824,-999.03842466730646,1209.7543728058799,35.890000000000001,0.044611210221164654
311.06059983061721,-999.07530467481899,1211.49435180358,35.890000000000001,0.044647272062180221
311.04209845575292,-999.07424267203885,1211.49435180358,36.189999999999998,0.044876517106529346
311.0235883885432,-999.54362932438414,1211.9058623201699,36.189999999999998,0.045276895776300216
311.00508337633346,-999.270659325579,1212.72554549283,35.890000000000001,0.045516902785868583
310.98658428838286,-998.95074933370574,1215.0930422655399,36.240000000000002,0.045544371626528378
310.96810203253096,-998.04181600321419,1216.23530581418,35.909999999999997,0.045293241528610681
310.94962430497549,-997.7972879944482,1216.23530581418,35.909999999999997,0.044974718853978503
310.93114961766656,-997.63311468227107,1215.87410162379,36.159999999999997,0.044708644142816827
310.91266695306177,-998.06388865862004,1213.6911408533001,36.159999999999997,0.044706697687726872
310.89416253174068,-999.23875133905187,1213.94601034474,35.909999999999997,0.045008056068805979
310.87563812629634,-1000.3178939950379,1214.8665445883901,36.210000000000001,0.045361668903116319
310.85710454214814,-1000.8135440016374,1213.0135551707201,35.890000000000001,0.045610550381239554
310.83856556564194,-1001.1047313338203,1213.54379815385,35.890000000000001,0.045672543347268189
310.82002773260496,-1001.0429839996378,1212.8552452153299,36.210000000000001,0.045552846664640129
310.80149416812344,-1000.8124819988573,1212.8552452153299,36.210000000000001,0.045396527265801304
310.78296448207408,-1000.6030466659191,1216.7066594012599,36.280000000000001,0.045395250335486456
310.76444579391364,-1000.009160665693,1216.9512768925799,36.280000000000001,0.045513649375824028
310.74593465464204,-999.60152066602632,1216.9512768925799,35.979999999999997,0.04589272042727563
310.72742551669126,-999.49344934127885,1215.21463575538,35.909999999999997,0.046195275038073982
310.70891895124703,-999.35453398936022,1214.09478355584,36.189999999999998,0.046291576902506605
310.6904056885557,-999.71618533131357,1213.11917461385,36.189999999999998,0.046197014553757701
310.67188326476548,-1000.2108846730705,1213.11917461385,36.159999999999997,0.046036092353890501
310.65334614055547,-1001.0047073379972,1211.3327039876799,36.159999999999997,0.046051054573870973
310.63479334529626,-1001.8509439994953,1208.88199912095,35.859999999999999,0.046060816903068943
310.61623539982719,-1002.1290553290156,1211.3458170111001,35.859999999999999,0.046231297572115471
310.59766948844447,-1002.5592146658697,1211.3458170111001,36.280000000000001,0.046409325044822175
310.57909799118522,-1002.8608520016446,1210.6927884450899,36.280000000000001,0.046687067184308033
310.56055137474078,-1001.5172879987759,1207.2409638453701,36.100000000000001,0.046832304858699936
310.54201945351872,-1000.723745992508,1209.1154109377201,36.100000000000001,0.046708540370803131
310.52350225961743,-999.92847066922866,1209.1323386588499,35.859999999999999,0.046545070491879656
310.50500120967899,-999.05669667487678,1209.1323386588499,35.859999999999999,0.046378029510586484
310.48649803528394,-999.17141733339702,1207.9218873884499,36.310000000000002,0.046539336645506114
310.46798485020992,-999.71199399492968,1206.6289432798601,36.310000000000002,0.046751977249445201
310.44946672808641,-999.97859467009334,1205.62210150028,36.020000000000003,0.046996963733183759
310.4309421218889,-1000.3287346651947,1205.62210150028,36.020000000000003,0.047171739870483564
310.41240672477778,-1000.9114440028922,1204.7666555364899,36.07,0.04721389255147234
310.39386090098759,-1001.4744846678992,1203.17306556381,35.869999999999997,0.047093469441961251
310.37529993388904,-1002.2922233241411,1202.4587634156701,36.280000000000001,0.046896910700372267
310.35674246234561,-1002.103463343953,1204.97717916693,36.280000000000001,0.046722002123961305
310.33818558790131,-1002.0712199915982,1202.75630983786,35.93,0.046682702377927141
310.31964036222234,-1001.4421866633355,1201.6347887080699,35.93,0.046762846826925539
310.30111322800013,-1000.4652480019655,1201.6347887080699,35.859999999999999,0.04677142326926275
310.28260384375307,-999.50674933885557,1199.81255529077,35.859999999999999,0.046697792916241238
310.26410283313589,-999.05457332883634,1198.3942029946099,36.229999999999997,0.046554684853531619
310.24560907234564,-998.66308267220336,1196.9214912559401,36.229999999999997,0.046445985013724919
310.22711110093849,-998.8904559879079,1196.9214912559401,35.859999999999999,0.046412490520926449
310.20861030453085,-999.04300601073533,1201.6934396855199,35.859999999999999,0.046456922878375828
310.190093617679,-999.90109000046562,1202.81186137341,35.939999999999998,0.046457398890469008
310.17155785734565,-1000.9310580013898,1201.03254330546,35.939999999999998,0.046554145713789123
310.15302071244446,-1001.0058246634983,1201.03254330546,36.07,0.046562758374959934
310.1344800926791,-1001.1934673291776,1197.82152149934,36.07,0.046557495370369892
310.11593936218526,-1001.1994466677581,1196.7913146962301,35.880000000000003,0.046400630634134271
310.09739625371617,-1001.3278573308999,1197.09362949057,35.880000000000003,0.046282018423353062
310.07885937579027,-1000.9914079999402,1196.45323711076,36.299999999999997,0.046188440169163035
310.06033236677763,-1000.4584866817275,1195.50480789003,35.950000000000003,0.046143750151772911
310.04182181838269,-999.569613328027,1194.7075360664801,35.960000000000001,0.046076815996903123
310.0233253815926,-998.80758666316228,1196.4932914368301,35.960000000000001,0.045937516006715848
310.00483165908651,-998.66101533038761,1196.4932914368301,35.909999999999997,0.045833471752931905
309.98633999687655,-998.54975933832338,1195.05562723346,35.909999999999997,0.045756117132815681
309.96782915045679,-999.58570666683636,1194.5022576454001,36.049999999999997,0.045792578412620147
309.9493049468025,-1000.3069973316485,1193.0178633949599,36.049999999999997,0.045775928426870623
309.93076301490129,-1001.2643226650328,1193.5621730759301,35.859999999999999,0.045790333928259201
309.9122187050246,-1001.3927333391665,1193.5621730759301,35.859999999999999,0.045765626974825259
309.89366761822214,-1001.7586873334577,1196.01263952406,35.939999999999998,0.045720455757119388
309.87511366088899,-1001.9136959912096,1198.36440066867,35.939999999999998,0.04561638045053687
309.85656553775323,-1001.5986493314558,1199.3063925869899,36.020000000000003,0.045537986906152385
309.83802858843205,-1000.9952633439527,1198.4764574142,36.140000000000001,0.045566939647270155
309.81949822666672,-1000.6395353253631,1195.37510816754,35.869999999999997,0.045593831072629085
309.80098292955569,-999.82604399873799,1196.5216632511199,35.869999999999997,0.04562820515377871
309.78247934641973,-999.19348934027494,1196.5216632511199,36,0.045443496979600463
309.76398040746909,-998.94270333481302,1195.85432956866,36,0.045166889000266025
309.74549144817286,-998.40380199651588,1196.20122864261,36.189999999999998,0.044972837586519522
309.72699513348169,-998.80099332262228,1194.34847764355,36.189999999999998,0.044891334447714967
309.70848824311093,-999.37208001949807,1194.34847764355,35.93,0.044993409478522768
309.68996544988886,-1000.230833993428,1193.1776038620001,35.93,0.045140388740589815
309.67143004035819,-1000.912114657604,1198.5935209505001,36.020000000000003,0.045358406171247666
309.65288815295071,-1001.261920001357,1199.2479800281501,36.020000000000003,0.045622631708528205
309.63436146162962,-1000.4413313401384,1199.2479800281501,36.32,0.045786417199846725
309.61584776950622,-999.73937466369273,1199.1523741665301,36.32,0.045686836043287771
309.59734126304949,-999.35134866252361,1197.9977128503001,35.939999999999998,0.045489209389906055
309.57884509840744,-998.79289067097716,1199.3338107268601,35.939999999999998,0.045418620321946497
309.56034826424695,-998.829044668081,1199.3338107268601,36.07,0.045409804832376312
309.54185927182715,-998.40559066922435,1199.6439933352499,36.07,0.045415527292262309
309.52337094271616,-998.36977199398018,1199.1199492359101,36.310000000000002,0.04545302441328343
309.50488217071597,-998.39368800727948,1199.1199492359101,36.310000000000002,0.045452491483408561
309.48638786458025,-998.69253133131019,1197.8725430813499,35.920000000000002,0.045420360859275269
309.46788908188898,-998.93426532833178,1195.7127089158,35.920000000000002,0.045213669340480787
309.44937824788894,-999.58503600113261,1196.7302795327,36.030000000000001,0.045118103220480626
309.43085753980245,-1000.1182366699564,1196.7302795327,36.030000000000001,0.045224524407100224
309.4123357141234,-1000.1785866685068,1199.61299891627,36.229999999999997,0.045610845295907837
309.39382070986414,-999.81022999954814,1199.61299891627,36.229999999999997,0.046020938695255087
309.37532300543205,-998.87603933534172,1200.51374441549,35.890000000000001,0.046184151957256205
309.35683539654332,-998.3308799893565,1200.90975772259,35.890000000000001,0.046169799236180226
309.33835594086418,-997.89060667425804,1201.5837671260599,36.25,0.046051236705357809
309.31987851961719,-997.78074733632207,1198.5608576012701,35.960000000000001,0.045960060212074834
309.30139690637026,-998.00711533497474,1197.4884507046299,36.159999999999997,0.045964187019126461
309.28290328838278,-998.65537132465863,1199.58701128805,36.159999999999997,0.046042763736794827
309.26440677398779,-998.8117773290345,1199.58701128805,35.859999999999999,0.046219539101558529
309.24590131267905,-999.29491067173001,1198.4962461586299,35.859999999999999,0.04639863968038721
309.22739022514821,-999.59872666527417,1194.31748322457,35.960000000000001,0.046480688161270337
309.20887170049389,-1000.0003313331276,1193.94102024329,35.960000000000001,0.046440421915607571
309.1903481984321,-1000.2691113365726,1193.94102024329,36.079999999999998,0.046433296257284096
309.17182372158027,-1000.3217499985702,1196.5099807393501,36.009999999999998,0.046556142889006474
309.15329191730876,-1000.7174306615556,1198.4616754605399,35.869999999999997,0.046937187300496189
309.13477224297526,-1000.0624140111538,1197.4827286580501,35.869999999999997,0.047470135614239101
309.11626159730861,-999.57486599667959,1197.4827286580501,35.899999999999999,0.047795068890718377
309.09776417228392,-998.86095133556819,1196.3914866914099,35.899999999999999,0.047873932245470631
309.07926866370366,-998.75746333280927,1195.4757208199201,36,0.047867563035820154
309.06076268292577,-999.32296200619692,1196.35500864446,36,0.047772843393630027
309.04224280681478,-1000.0733099930394,1196.1049075251699,35.920000000000002,0.047825291344683642
309.02370851383955,-1000.8518206632781,1194.21949317688,35.920000000000002,0.048017130329785725
309.00515605798773,-1001.8326159986923,1193.50495261013,35.880000000000003,0.048351687281802412
308.98659662343204,-1002.209466007845,1193.5416690756899,35.880000000000003,0.04877435974743486
308.96804190654331,-1001.9547119904015,1192.7358141822599,36.240000000000002,0.048982515526024256
308.94949506244444,-1001.5295813382772,1191.95022487047,35.939999999999998,0.048779126044851191
308.93095146761738,-1001.3541206631701,1191.0010803939199,36.030000000000001,0.048490344641984963
308.91241441998784,-1001.0005719948457,1191.0010803939199,36.030000000000001,0.048302472041641703
308.89389730472857,-999.92422399913164,1191.0127629056899,35.840000000000003,0.048384513290808596
308.87538045540748,-999.90986333979833,1191.0127629056899,35.840000000000003,0.048766696001954372
308.85687250644435,-999.4292440097081,1189.63565702863,35.880000000000003,0.049208877605079464
308.83836052897533,-999.64678332432288,1190.13633610443,35.880000000000003,0.049643353044200617
308.81985848562948,-999.11034067591027,1189.3426405599901,36.189999999999998,0.049741419239971475
308.80135004201225,-999.4559553318071,1189.3996226071899,36.189999999999998,0.049537515477049966
308.78282468869133,-1000.369079328171,1187.35089151274,35.899999999999999,0.049243987437989557
308.76428041813591,-1001.3906099931261,1186.51976424691,35.899999999999999,0.049047998883445652
308.74572374546909,-1002.0603240097126,1186.51976424691,36.189999999999998,0.049259116260411358
308.72716463585209,-1002.191919318187,1187.14847411495,35.890000000000001,0.049657240097263237
308.70861657791352,-1001.5951286827595,1187.61243672519,36.25,0.049967366375822497
308.69008528069145,-1000.6900499927925,1187.5397190499,36.25,0.050027798857911102
308.67156852864196,-999.90461067114597,1187.5397190499,35.890000000000001,0.049870425007590514
308.65306760804918,-999.04971200825253,1186.4339335482,35.890000000000001,0.049535029880181956
308.6345686246172,-998.94510532797676,1187.9385933802801,35.850000000000001,0.049238517462238618
308.61607516183955,-998.64698999291409,1187.9385933802801,35.850000000000001,0.049017872669909937
308.59757958911104,-998.76092733974542,1188.75779971573,36.259999999999998,0.049138637258427625
308.57908078055561,-998.93566199345207,1189.1125666037301,36.259999999999998,0.049505126143850879
308.5605797047408,-999.05809399951693,1185.3643876748499,35.969999999999999,0.049723343308457395
308.5420716843704,-999.43310000224824,1185.3643876748499,35.969999999999999,0.049640972989027157
308.52355192414825,-1000.0670519963431,1185.86387465762,35.859999999999999,0.049299104141078624
308.50502998154326,-1000.1849006694275,1189.9672973116999,35.859999999999999,0.048855230626166063
308.48649434434572,-1000.9244086676173,1193.3638087944801,36.280000000000001,0.04864147243373234
308.46794865093835,-1001.4674439970502,1191.79119965925,36.280000000000001,0.048656789590994821
308.44941214969145,-1000.9710673315142,1191.79119965925,35.899999999999999,0.048784033078097283
308.430886770494,-1000.3704766638029,1189.84951851958,36.189999999999998,0.048933849775385431
308.4123761838149,-999.57168066984298,1190.74144253033,35.960000000000001,0.048963764884565823
308.39388142235805,-998.7171186698331,1187.5010952354801,35.960000000000001,0.048644338841414808
308.37539417669137,-998.31126600185098,1188.9730917183299,36.140000000000001,0.048201307658090303
308.35690911549398,-998.19330466079748,1188.9730917183299,36.140000000000001,0.047929848845339865
308.33841671856788,-998.58943400610769,1192.0901765930901,36.280000000000001,0.047817857311584465
308.31991440823458,-999.124757998988,1193.0176249763499,36.280000000000001,0.047850141094743226
308.30140768654337,-999.36297132532923,1193.0176249763499,35.920000000000002,0.047795138216021993
308.28289357220984,-999.76217401101098,1197.5525853100501,36.07,0.047573268209706476
308.26436146265434,-1000.7339159969611,1197.99652075726,36.020000000000003,0.047565446135094391
308.24582141513582,-1001.1625660007257,1196.86236344127,36.020000000000003,0.047595988343605553
308.22727227790119,-1001.653410668982,1197.37472502884,36.189999999999998,0.047598404608249066
308.20872323795066,-1001.6481573298178,1196.9970699545199,36.189999999999998,0.047469127708775649
308.19018250124697,-1001.1997820006101,1200.2471924122799,36.210000000000001,0.047450989692427073
308.17165649806168,-1000.4041720039987,1200.2471924122799,36.210000000000001,0.047287863367758511
308.15314886781493,-999.41203332341399,1197.2943779581001,35.960000000000001,0.04704718788437208
308.13464358862956,-999.28507601112074,1199.0062235601199,35.960000000000001,0.046572150249840162
308.1161332358148,-999.55905199748975,1199.30949202889,36.159999999999997,0.046146358874680861
308.09762598118539,-999.3917499892442,1199.30949202889,36.159999999999997,0.045943193963873634
308.07911277024704,-999.71339067104179,1198.7661360223501,35.829999999999998,0.045963411942479028
308.06058441598759,-1000.5311300087876,1198.5560892291201,36.280000000000001,0.046040598931791542
308.04205123438282,-1000.7918066570994,1200.8041382794499,35.950000000000003,0.045942569986677118
308.02351468139517,-1000.9738613322666,1205.8846003871699,35.950000000000003,0.045798459194106189
308.0049698251359,-1001.4222380024978,1206.68902476895,36,0.045505658623522301
307.98642655524685,-1001.3365740064883,1206.38837890486,36,0.045266927522420175
307.96787873013591,-1001.5825559926466,1207.60121436134,36.259999999999998,0.045167700283533729
307.94934044902476,-1001.0671800010844,1205.9093959223501,36.259999999999998,0.045144508284577667
307.93081471179005,-1000.3898106741535,1205.9093959223501,35.890000000000001,0.045318152339417044
307.91229296475308,-1000.1743399984098,1203.6491875230299,35.890000000000001,0.045539103456310424
307.89379374020996,-998.95812532641457,1203.95484017787,36.07,0.045307037519288544
307.87530260367902,-998.52137267100454,1203.31683198414,36.07,0.044892875270432848
307.85680337291365,-998.95846132977817,1203.31683198414,35.899999999999999,0.04438790079574606
307.83828967458038,-999.73970999654455,1205.5462843830901,36.189999999999998,0.044077940078848854
307.81976183980254,-1000.5030780038089,1203.00259625943,35.909999999999997,0.044182016406872873
307.80123090579002,-1000.6704366757988,1201.4678956828,35.909999999999997,0.044477114239280531
307.78269999143225,-1000.6693753215465,1204.01349115533,36,0.044718799697272063
307.76417130604949,-1000.5490106682895,1204.1815762736301,36,0.044778715809947023
307.74564709617289,-1000.3073333350121,1205.3839213113699,36.189999999999998,0.044628045426541495
307.72712375037031,-1000.2606733410835,1205.3839213113699,36.189999999999998,0.044298730799097429
307.70859096509889,-1000.7704046564052,1201.3782502863701,35.880000000000003,0.04406845818053115
307.69006568938272,-1000.3648886732906,1200.24600031924,35.880000000000003,0.044046510016819029
307.67154604609891,-1000.0607373249106,1203.62439198785,35.960000000000001,0.044226632980420955
307.6530317372347,-999.77267866681188,1203.49421542814,35.960000000000001,0.044452718764640096
307.63452184593825,-999.53413000761873,1200.5642891602899,36.170000000000002,0.044472299311234004
307.61600235891348,-1000.0522993404136,1195.96424054673,36.170000000000002,0.044242642405918076
307.59747788206181,-1000.3217499875781,1195.5410475183801,35.899999999999999,0.043877578447464108
307.57894885208628,-1000.5676186792236,1195.5410475183801,35.899999999999999,0.043632234963001441
307.56040596506176,-1001.3158993242504,1198.9635466293701,36.25,0.043482052997582565
307.54186494172848,-1001.2152599964363,1199.2572783538401,36,0.043526395320806023
307.52333192361726,-1000.7829780060376,1201.1338712136601,36.189999999999998,0.043881747662047194
307.5048021330619,-1000.6086899901442,1201.1338712136601,36.189999999999998,0.04410889827745014
307.48628804460498,-999.76077667537891,1197.6996895908901,35.899999999999999,0.044166371224604539
307.46778176476556,-999.33911132724677,1194.21281745587,35.899999999999999,0.043952676153917028
307.44927164581486,-999.54642333612833,1194.7523587646899,35.960000000000001,0.043733181014552397
307.43075858387652,-999.70534467214907,1193.15829195479,35.960000000000001,0.043669766232900288
307.4122382390002,-1000.0986233199867,1193.7114231242399,36.159999999999997,0.043896691249167896
307.39371464691357,-1000.2739726791406,1192.9315558590399,36.159999999999997,0.044109177675896907
307.37518210791359,-1000.7571059998519,1192.71364125176,35.840000000000003,0.04439439728580067
307.35664548351849,-1000.9777173357988,1192.8304663694501,35.840000000000003,0.044450601570861059
307.33809862700008,-1001.5302519929892,1192.8304663694501,35.979999999999997,0.044391057969228612
307.31954620944458,-1001.8305479973566,1190.6455982501,35.979999999999997,0.044136328824842239
307.30098874411101,-1002.1031280111011,1190.8456314618099,36.159999999999997,0.044091082078275341
307.28243768422226,-1001.7572339936011,1191.46051305062,36.159999999999997,0.044188879227210806
307.26389957177781,-1001.0580719994115,1190.72928318134,35.890000000000001,0.044498531561597207
307.24537404358034,-1000.3785226626957,1190.72928318134,35.890000000000001,0.04465277202898426
307.22686039697521,-999.73691667729622,1192.3231115726401,35.979999999999997,0.044577285234336045
307.2083502780248,-999.54642332513617,1192.7479735312399,35.979999999999997,0.044291405424738167
307.18984178888905,-999.45841332919565,1191.36276142153,35.960000000000001,0.044176311540288705
307.17133069617284,-999.59900667540512,1190.22645833808,36.140000000000001,0.044085698006609234
307.15281893292587,-999.6352153357102,1188.6457429702,35.859999999999999,0.044139756093674563
307.13428898714801,-1000.6170720033928,1190.69709666933,35.859999999999999,0.044472841541356098
307.11575132898776,-1001.0335406541212,1189.8001658678299,35.979999999999997,0.044726048491609702
307.09719801528388,-1001.8789400112413,1189.8001658678299,35.979999999999997,0.044949313425699189
307.07865137296284,-1001.5186853344079,1191.7103757513,36.140000000000001,0.044846807916535024
307.06010563402481,-1001.4699026539586,1191.4385785387301,36.140000000000001,0.044575258054427386
307.04157034762954,-1000.9054653458152,1191.4385785387301,35.869999999999997,0.044488302539891049
307.02305483632108,-999.83761065731926,1189.26944604748,35.869999999999997,0.044606877488413167
307.00454736128398,-999.40365200266126,1189.61467619117,36,0.04494330845540994
306.98605818674082,-998.41542532983351,1189.88957284565,36,0.04512799903852547
306.96758214901234,-997.70603733795826,1189.88957284565,36.140000000000001,0.045140799557113358
306.94910555146919,-997.73626733019421,1192.5913325060999,36.140000000000001,0.044886441900292444
306.93062639485174,-997.87445734221626,1192.2401418972199,35.869999999999997,0.044581418237820643
306.91213273754323,-998.65749465970703,1191.2969578858599,35.869999999999997,0.044313526396281021
306.89361637561723,-999.88354400330354,1191.2969578858599,36.280000000000001,0.044315856782284134
306.87510094295038,-999.83336400920632,1191.63813491322,35.939999999999998,0.044456229858848499
306.85657540129631,-1000.3792493216318,1193.8888065682399,36.030000000000001,0.044707294753054336
306.83804609812341,-1000.5823713351531,1195.6466669615099,36.07,0.044823903596052789
306.81952025120995,-1000.3957333270058,1195.3672403534899,35.850000000000001,0.044712756449592446
306.80099114879022,-1000.5715306649965,1194.57426006487,35.850000000000001,0.044615593639235542
306.78248039343208,-999.58078934202774,1195.2802175617501,35.939999999999998,0.044455911137346753
306.76398759397523,-998.6111706691421,1194.9197286271699,35.939999999999998,0.044467368474207784
306.74551461512345,-997.54085799424934,1196.7607971144701,36.049999999999997,0.044562856986027494
306.72704714556789,-997.2433560016259,1197.1529957238399,36.049999999999997,0.044618470391608496
306.70858784267909,-996.80235599461525,1197.1529957238399,35.840000000000003,0.044597436990230756
306.69012373830873,-997.06163599979095,1196.34857134206,35.840000000000003,0.044462433500730252
306.67165552162953,-997.28370067559422,1196.73743209093,36.280000000000001,0.044169101029855211
306.65316888751846,-998.27824199787074,1196.8690391622799,35.93,0.043953194600818098
306.63466536233335,-999.19035999567916,1204.85343990963,36.090000000000003,0.043947130646048174
306.61615113727157,-999.76815333859963,1204.25810864664,36.090000000000003,0.044113704937886487
306.59762545281473,-1000.3869606691767,1204.25810864664,35.869999999999997,0.044497849634796173
306.57909903467913,-1000.4265793217445,1203.55501217306,35.869999999999997,0.044771332510206353
306.56058173627162,-999.93411400444586,1200.08769036385,35.899999999999999,0.044771665697786782
306.54207392388895,-999.42186866552686,1201.2177945635101,35.899999999999999,0.044634856490450986
306.52357728530859,-998.81848333754363,1201.2177945635101,36.009999999999998,0.044428200150728618
306.50509580245688,-998.00007399361402,1201.8937113158399,36.009999999999998,0.044182583482572139
306.48662247281487,-997.55980066752352,1202.5922778358799,35.859999999999999,0.044155041164483641
306.46816395533341,-996.75994400081504,1204.64434679083,35.859999999999999,0.044101371126055666
306.44969532990132,-997.3057733310003,1204.64434679083,35.880000000000003,0.044203067408066225
306.43121445861726,-997.96704934110596,1204.68869265183,35.880000000000003,0.044220952942315296
306.41271328450631,-999.06340199088993,1205.1650530296599,36,0.044218069973153827
306.39418014843221,-1000.7893480001912,1206.76078876982,36,0.044219572507285781
306.37562862804941,-1001.7821006717431,1206.76078876982,35.890000000000001,0.044258067169945646
306.35706913554327,-1002.2125953304568,1209.36145894068,35.890000000000001,0.044468567806112844
306.33851409993838,-1001.9719226657035,1210.3039276962199,35.950000000000003,0.044625158310954496
306.31996952928392,-1001.4068153403842,1206.22267797264,35.950000000000003,0.04478645511563608
306.30144374134557,-1000.3925486706809,1206.22267797264,36.090000000000003,0.04484741327369577
306.28292387144444,-1000.0729746601875,1206.87666021307,36.090000000000003,0.044717129525008399
306.26442755676533,-998.80099267409435,1204.1930203667901,35.859999999999999,0.044528589474120576
306.24593223755562,-998.74723732413167,1205.3200251245501,35.859999999999999,0.044407701743685621
306.22743490359244,-998.85603401075957,1204.2597775769,35.950000000000003,0.044427549256981273
306.2089344383088,-999.02512531825744,1204.2597775769,35.950000000000003,0.044590589700770331
306.19041444423476,-1000.0796799981847,1206.62512858214,36,0.044678946334628267
306.17187604618522,-1001.0734946725169,1210.1933014623301,36.119999999999997,0.044659307844129394
306.1533247389753,-1001.7705893358826,1209.08870805367,35.880000000000003,0.044827676484007019
306.13476341486421,-1002.311502000779,1206.87904439915,35.880000000000003,0.044919476955300734
306.11619821232097,-1002.520937333717,1207.2092541705699,35.93,0.044963439518259665
306.09764499590131,-1001.873686661085,1210.5826390484101,35.93,0.044872285798155324
306.07910093851859,-1001.3790986682576,1210.5826390484101,36,0.044860234480850421
306.06058963160501,-999.61057333398628,1210.8160508651799,36.119999999999997,0.044881398274385219
306.04208176645682,-999.42471799999169,1204.9805170274401,35.880000000000003,0.04489492935243989
306.0235775003456,-999.23037000730733,1205.21512093724,35.880000000000003,0.044858341823850567
306.00507992009881,-998.8693333268327,1205.21512093724,36,0.04472546589052892
305.9865766225555,-999.17806733768134,1205.6747920125499,36,0.044733926453809095
305.96805951971601,-999.92355333342812,1203.37715189185,36.280000000000001,0.044873622763500778
305.94953495906162,-1000.3262753377745,1201.9652368980901,36.280000000000001,0.044946261777830294
305.93099941292581,-1000.9194913318166,1201.9652368980901,35.920000000000002,0.045051763043612039
305.91245946785187,-1001.1570339924542,1203.82275626931,35.920000000000002,0.044961000477587755
305.89390610240741,-1001.8817340010015,1206.2686927638899,36.07,0.044830517021821038
305.87534298500003,-1002.4083399992535,1204.2232995299501,36.07,0.044835597889428251
305.85680122176535,-1001.2552146743519,1203.1761650057001,35.850000000000001,0.044818234944231115
305.8382724836049,-1000.5518606622744,1203.1990531920301,36.299999999999997,0.04486060184458502
305.81975937613583,-999.70780332905736,1201.0613919569701,35.93,0.045017089903607713
305.80126527076544,-998.68169000163357,1201.4132978216801,35.93,0.045103781543857455
305.78277251682709,-998.60871267175344,1200.06146431702,36.020000000000003,0.044990051542322052
305.76427893196296,-998.65358266294209,1200.06146431702,36.020000000000003,0.044754776686381177
305.74577599764189,-999.15845333918378,1202.19268824967,36.280000000000001,0.044531198217587629
305.72726075951851,-999.82285866090933,1202.1075728067799,36.280000000000001,0.044379099781007451
305.70873216416061,-1000.5441493257215,1203.22122612253,35.909999999999997,0.044405230628773627
305.69019615753081,-1000.9443580099587,1203.22122612253,35.909999999999997,0.0445199095586198
305.67164138787643,-1001.9575613358583,1203.8957123632099,36,0.044731973772770627
305.6530913803702,-1001.700405336243,1201.9490244327801,36,0.044898288329012763
305.63454712223455,-1001.3899393274223,1201.8696310364801,36.229999999999997,0.045004035864787274
305.61601705228395,-1000.6237773303977,1203.15446891242,36.229999999999997,0.044905996565415246
305.59749731276543,-1000.0659340003305,1201.25665679653,35.890000000000001,0.044735349304105172
305.57899276725942,-999.24545732557692,1203.8210873390501,35.890000000000001,0.044562080879999896
305.56050385969132,-998.40100867726744,1203.8210873390501,35.939999999999998,0.044410306338080928
305.54202434503702,-997.89379133058299,1201.25165000578,35.939999999999998,0.044292305692292533
305.52352768058034,-998.81988066218355,1201.4328481474899,36.189999999999998,0.044195142889060068
305.50500554964191,-1000.1950706738807,1200.17638208585,36.189999999999998,0.044157896187510572
305.48646708018515,-1001.0773506650572,1200.17638208585,35.899999999999999,0.044130450124304069
305.46790469644429,-1002.3687220062056,1198.50435239129,35.899999999999999,0.044182238895069503
305.44934003303695,-1002.4918239964702,1202.4344447177,36,0.044061712302420633
305.43076704774057,-1002.9412060057373,1203.2231334713899,36,0.043994266948853999
305.41220875664203,-1002.1477193221904,1203.2231334713899,35.859999999999999,0.043939200947368778
305.39366401214829,-1001.4162026596925,1203.0295375620799,36.240000000000002,0.043871677991117693
305.37512254072834,-1001.2394566793864,1202.5493624865201,35.93,0.043844132591198931
305.35659833086419,-1000.3073326645003,1203.6005501270899,35.93,0.043860345875086248
305.33809975617282,-998.92303333209065,1204.79979572294,36.07,0.043813540706596529
305.31961420654318,-998.21968000151696,1203.8790230606801,36.07,0.043731246976347914
305.30113610232087,-997.81762800335434,1204.78382167623,36.259999999999998,0.043479485648551246
305.28265194346932,-998.14457798457295,1204.78382167623,36.259999999999998,0.043312652650089808
305.26414335083967,-999.46400200121161,1207.5878629193101,35.93,0.043275865419713594
305.24561805029646,-1000.3662293341861,1208.1028471115601,35.93,0.043394758053029295
305.22706730808659,-1001.7400793335155,1207.5563916631199,36.100000000000001,0.043467259452849072
305.20850757550608,-1002.2255593466541,1207.6984891531999,36.100000000000001,0.043452359323402655
305.18995244883956,-1001.9768399905121,1209.9908840645401,36.299999999999997,0.043336293759854892
305.17140351960512,-1001.642178661749,1206.72144969957,36.299999999999997,0.043298520354379033
305.15286805211116,-1000.9152446727117,1206.72144969957,35.93,0.04331886665823894
305.13435987548161,-999.44153799773721,1205.5958754534599,35.93,0.043390125247716724
305.11586875240749,-998.52064600107622,1207.14273537907,36.159999999999997,0.043318517921868117
305.09739010801241,-997.84679733383405,1206.40435295157,36.159999999999997,0.04323225261700965
305.07892144325933,-997.30789666604858,1206.35285453234,36.259999999999998,0.043163667960054788
305.06044522962958,-997.71553600619563,1207.4772366854199,36.259999999999998,0.043205394299749178
305.04196819124712,-997.76007265408396,1207.24454012448,36,0.04321181940227941
305.02347143470371,-998.82485334268893,1208.38584999869,36,0.043181049535669029
305.00495670983946,-999.79514267028628,1211.4531053844801,36.280000000000001,0.043221473079861905
304.98641955251856,-1001.0064953292018,1211.3396181272999,36.280000000000001,0.04341885862094011
304.96786807043225,-1001.7800326594155,1211.3396181272999,35.93,0.043471061307158013
304.94930842270367,-1002.2209773437052,1210.8873380288301,36.049999999999997,0.043556407715673456
304.93076910782719,-1001.1230033303985,1210.1892483460001,36.07,0.043504242262199094
304.91224900404939,-1000.0856040030527,1209.20577158997,36.07,0.043625900940158176
304.89375071496306,-998.90761065898539,1209.20577158997,35.840000000000003,0.043692217316299971
304.87527090849386,-997.90954933654018,1208.1958303685001,36.280000000000001,0.043666122685535401
304.85679665683955,-997.60958933553627,1207.77144524711,35.979999999999997,0.043533136030031734
304.83833126000002,-997.13142933286611,1208.7782870266799,35.979999999999997,0.043386600699507574
304.81986883821003,-996.97077665839333,1207.8932771555501,36.159999999999997,0.043344127219326074
304.80139267630864,-997.71274267595538,1205.1640993552301,36.159999999999997,0.043420251460641768
304.78289970817292,-998.6202793303346,1206.6334732334001,36.170000000000002,0.043477055926446552
304.76438613297523,-999.73306067376393,1209.51023215177,36.170000000000002,0.043624791634336822
304.74584237465439,-1001.3629493252239,1209.51023215177,36,0.043777480924951949
304.72728620282709,-1002.0332786738014,1210.4491246282,35.890000000000001,0.04388885573236128
304.70872233104933,-1002.4490759993065,1209.2784892652601,36.210000000000001,0.044025532480026816
304.69016624303703,-1002.0287526640852,1207.71565529295,36.210000000000001,0.044155515112320499
304.67162568225922,-1001.1902820023408,1204.9850469809801,36.210000000000001,0.044367116770210893
304.65310068593845,-1000.3498013220449,1204.9850469809801,36.210000000000001,0.04452283701096816
304.63459769987662,-999.16124733993581,1205.0253397256499,35.850000000000001,0.044614386022825199
304.61610840840751,-998.42173933075424,1204.1236405520001,35.850000000000001,0.044546982061862299
304.59762772545685,-997.95687933665272,1201.12123502746,36.25,0.044424366202638274
304.57913252835806,-998.74064333506396,1198.7618444874099,36.25,0.044402095171202437
304.56061772587663,-999.79933399567858,1201.1455537254301,36.189999999999998,0.044245118692768197
304.54208144503701,-1000.9591653400814,1203.2274250063199,36.189999999999998,0.044303996902412844
304.52352847593829,-1001.8603313297954,1203.2274250063199,36,0.044467154271127095
304.50496229239519,-1002.5739113285666,1201.63860340579,35.890000000000001,0.044909986774106195
304.48639072270373,-1002.8647633388897,1198.15053917772,36.240000000000002,0.045485358895603373
304.46781435877767,-1003.1236520069889,1198.15053917772,36.240000000000002,0.045782468391698174
304.44925548404944,-1002.1792353231131,1200.24862292393,35.909999999999997,0.045822869159862639
304.43072057432101,-1000.8851253369093,1200.45986181019,36.210000000000001,0.045867635768266378
304.4122069411851,-999.73618933685623,1198.54202253127,35.859999999999999,0.04591040416433749
304.39370945096317,-998.8644719842647,1198.54202253127,35.859999999999999,0.046103410416264562
304.37522698711138,-998.05304799945554,1195.4599851918199,36.259999999999998,0.046417177138170902
304.35674043165432,-998.2739946792459,1195.5040926342101,36.259999999999998,0.046687761525144762
304.33823542462954,-999.27037933743179,1193.17712702478,36.100000000000001,0.046941425849746449
304.31972188875312,-999.7309373277235,1194.1377155944999,36.100000000000001,0.04698149859616195
304.30119317645688,-1000.5504639971541,1194.1377155944999,35.850000000000001,0.046859470512603051
304.2826502635678,-1001.3172960113544,1193.7419407060099,35.850000000000001,0.046707470381726526
304.26410212077769,-1001.5997106637241,1193.57457084353,36.329999999999998,0.046702354321816096
304.24554824829625,-1001.9091139992527,1193.57457084353,36.329999999999998,0.046921148893174149
304.2270053478149,-1001.3166259941787,1193.6162940998399,35.920000000000002,0.047196445784563126
304.20847900004946,-1000.4227793334289,1193.56765670391,36.020000000000003,0.04749676419998404
304.18996960234557,-999.5074760087839,1190.93480002103,35.840000000000003,0.047768816983814806
304.17147697156804,-998.60206198596518,1188.4287820373499,35.840000000000003,0.047960651831244247
304.15300637069134,-997.41244734209977,1188.4287820373499,36.280000000000001,0.047863996078043994
304.13453120945678,-997.65870666733372,1187.2579082558,36.280000000000001,0.047664779962764872
304.11605404069127,-997.76711333592505,1188.08522082391,36.119999999999997,0.047386937468178597
304.09756171620984,-998.58552199835083,1191.5649404007099,36.119999999999997,0.047356848499599757
304.07905024580248,-999.6194019960401,1194.6541302983901,35.880000000000003,0.047415810526885371
304.06052015618525,-1000.624839333178,1194.13437773399,35.880000000000003,0.047526919384149123
304.041973111321,-1001.540422667954,1190.7397736000701,36.210000000000001,0.04753855884842588
304.0234208241481,-1001.8235073374996,1190.0814998246999,36.210000000000001,0.04751361493135306
304.00488488065429,-1000.9409486662237,1190.0814998246999,35.899999999999999,0.047448355085198242
303.98636657640742,-999.9884293307025,1189.1969667907899,36.259999999999998,0.047413400482083708
303.96786077775306,-999.31312733459561,1190.6024444821401,35.969999999999999,0.047270554226351034
303.94937414365438,-998.27824132735884,1193.02096283686,35.969999999999999,0.047057329984826569
303.93089600011109,-997.81975133840285,1193.02096283686,36.079999999999998,0.046859503618258844
303.91242801729624,-997.27107200324099,1194.75808081127,36.079999999999998,0.04670415487320926
303.89395957295079,-997.29599465263163,1193.8997738241901,36.280000000000001,0.046649599038598055
303.87548105998764,-997.83970001023249,1193.8997738241901,36.280000000000001,0.04662958697164718
303.85698290748161,-998.90023532579607,1193.0800906515201,35.920000000000002,0.046690821447951829
303.83846664904934,-999.87795534227939,1192.8163996716,36.240000000000002,0.046720121880182923
303.81992205977792,-1001.4078206574361,1195.5577368208999,35.979999999999997,0.046603996301552993
303.80136872020984,-1001.8803366763616,1197.5199219608201,35.979999999999997,0.046299478659529686
303.78281174124692,-1002.0768639973271,1197.5199219608201,36.07,0.045833979832547826
303.76426018774077,-1001.7838893334595,1196.8959804649301,36.07,0.045559275898736332
303.74572490134585,-1000.9054653238313,1194.28791931724,36.240000000000002,0.045379365073551663
303.72720701309885,-999.96596533822014,1193.81918833484,36.240000000000002,0.045492940890548991
303.7087141287779,-998.61575333161068,1193.0011740924299,35.869999999999997,0.045573717611426964
303.6902411830493,-997.53906934352494,1192.0589437555,35.869999999999997,0.045549982329966869
303.67177124445669,-997.37668400056828,1193.23267856034,35.979999999999997,0.045187544702582239
303.6532908864321,-997.93933332849883,1196.6804500437299,35.979999999999997,0.044773165137264481
303.63479052462952,-999.01953733873711,1199.5536326829899,36.100000000000001,0.044397732449840528
303.61626343077785,-1000.4630679921805,1200.45127874032,36.100000000000001,0.044373662931674961
303.59772268061727,-1001.2005086705384,1199.96609687401,35.840000000000003,0.044521164772005503
303.57916207776537,-1002.2725540029229,1199.1719244923499,35.840000000000003,0.044624313924066558
303.56058796143219,-1003.0022819927124,1197.9066369422201,35.909999999999997,0.044556993787258393
303.54202315522207,-1002.499535344015,1197.9066369422201,35.909999999999997,0.044258913637170799
303.52346021992582,-1002.3985059981642,1197.8470322903399,35.960000000000001,0.043861816323782575
303.50492109337034,-1001.1128339964575,1202.05035234098,35.960000000000001,0.04347510843912665
303.48640911074085,-999.64706199343061,1202.05035234098,35.920000000000002,0.04309126382861983
303.46791966301237,-998.43017733723514,1203.6954407328899,35.920000000000002,0.043007419957086124
303.44945325929638,-997.18580066334766,1200.35328869263,35.869999999999997,0.043027937002891994
303.43099021974069,-997.00413600621721,1198.7985609529701,35.869999999999997,0.04307224724882204
303.4125133179507,-997.75269666137513,1198.7985609529701,36.240000000000002,0.042985077538736573
303.39402308480248,-998.47259000154725,1200.68874367341,35.969999999999999,0.042667744896983571
303.37551091280267,-999.65728799111605,1203.8933281771299,35.950000000000003,0.042420966136790021
303.35697623693829,-1000.8724966755478,1205.54080075512,35.950000000000003,0.042283611581065424
303.33841913482735,-1002.0835139906195,1203.9698605501501,35.850000000000001,0.042266667722037556
303.31984355735796,-1003.0811833494441,1202.9227260259099,35.850000000000001,0.042415553081466988
303.30126391930844,-1003.3004546730233,1204.6340947907099,35.960000000000001,0.042380073830947308
303.28269992540754,-1002.4556706478942,1204.6340947907099,35.960000000000001,0.04225125019196533
303.26415912972851,-1001.2029666679268,1202.7548793262099,36.07,0.041995795650890309
303.24564113695067,-999.97161000346898,1201.7883302913101,36.07,0.04161427315877643
303.22714619441979,-998.72689666669771,1198.83074746498,35.829999999999998,0.041322185559649935
303.20866224253086,-998.13340200354821,1199.64017863753,35.829999999999998,0.041281544698587892
303.19018882906187,-997.56432732576752,1199.64017863753,35.950000000000003,0.041437817527592409
303.17170690434568,-998.02393467320053,1200.1654148299001,35.950000000000003,0.04159287860373527
303.15320549739494,-999.07597534052252,1202.64616044118,36.140000000000001,0.041667593434506746
303.13468693341957,-1000.002454668176,1202.64616044118,36.140000000000001,0.041541535819812597
303.1161369652346,-1001.6982819902025,1201.78999922156,35.869999999999997,0.041416037004658214
303.09757046297545,-1002.5911219928767,1200.0445365958899,35.869999999999997,0.041317633464092958
303.0789927931234,-1003.1941720099923,1200.1146316664999,35.93,0.041492331986087871
303.06041650060507,-1003.1197959924646,1199.9866008742599,35.93,0.041739916844379887
303.04185446248147,-1002.3500586725506,1201.24712005223,36.119999999999997,0.042093862887847548
303.02330806644454,-1001.5053859963507,1201.24712005223,36.119999999999997,0.042337032244872161
303.00477655501243,-1000.7016173328776,1201.29337326209,35.869999999999997,0.042409245957058112
302.98627132135795,-999.28261734322041,1194.71611913635,35.869999999999997,0.042293578801697755
302.96779222890137,-997.87099265377651,1194.71611913635,36.259999999999998,0.042132743527967552
302.9493127090617,-997.89407134071394,1193.73073503145,35.920000000000002,0.042087670627771551
302.9308195070617,-998.63290800268817,1198.11263061912,36.079999999999998,0.042175302907755667
302.9123063861482,-999.70852932847379,1199.3364333315401,36.079999999999998,0.042353429731219965
302.89376774079017,-1001.0868493332946,1199.3364333315401,35.859999999999999,0.042445098769170242
302.87520886606177,-1002.1792353341051,1197.7118489398799,35.859999999999999,0.042515506757617789
302.85663255490135,-1003.1208026615319,1195.2313417472101,35.93,0.042564542968070357
302.83804293101218,-1003.8396900141405,1194.41595010948,35.93,0.042728899667264786
302.81946513181492,-1003.2011566546328,1194.41595010948,36.039999999999999,0.04304244803457602
302.80089431028415,-1002.8243626606966,1194.32701996887,36.039999999999999,0.043449350115226985
302.78235029843211,-1001.3766400113493,1193.3788291667499,35.850000000000001,0.043711760597377906
302.76383316971601,-999.92495066905997,1194.2283146653499,35.850000000000001,0.043706224413368709
302.74533803885168,-998.73706667115073,1194.2283146653499,36.280000000000001,0.043356573827773005
302.72685352816058,-998.16357732159122,1196.4909072507501,35.899999999999999,0.042986915348928387
302.708361528605,-998.56797600118887,1196.1974139448901,36.259999999999998,0.04278266078456551
302.68985403391383,-999.40471332393759,1196.1974139448901,36.259999999999998,0.042940409235629376
302.67133468348163,-1000.0449233367126,1194.1100590360199,35.960000000000001,0.043396423057833047
302.65279348525939,-1001.2247040014729,1193.7116615428499,35.960000000000001,0.043825250530035283
302.63423564325922,-1002.123468009015,1193.74313279905,35.850000000000001,0.044092606340124886
302.6156770272346,-1002.1652653303444,1194.57902843702,35.850000000000001,0.043818343224882018
302.59712129728393,-1002.0094173346951,1194.57902843702,36.280000000000001,0.043374813255471489
302.57858319725926,-1001.0574013337077,1196.35524706307,36.280000000000001,0.043068718570064696
302.56006010497543,-1000.2469833254697,1195.9728236166,35.950000000000003,0.043022961663951781
302.54155848382709,-999.08754201009583,1195.18628063038,35.950000000000003,0.04342654512229701
302.52308003501241,-997.83623599230441,1195.0594419311799,35.850000000000001,0.043804525497123013
302.50460669191358,-997.56052733745184,1195.0594419311799,35.850000000000001,0.044112859505741057
302.48613613037054,-997.41032332554732,1193.6439506583199,36.240000000000002,0.044163937368898308
302.46766215811135,-997.59450199528271,1193.90788005684,36.240000000000002,0.043761528408076525
302.44916923550608,-998.61782068441835,1195.5806250072301,35.909999999999997,0.043218897453449742
302.43065765438268,-999.62538066410889,1198.5053060657201,35.909999999999997,0.042984771226792312
302.41212054259267,-1001.0040366613015,1197.7371213122799,35.850000000000001,0.043022016886748317
302.39356498027161,-1002.0003653372468,1195.8350176614499,35.850000000000001,0.043427070807631647
302.37502313322233,-1001.259740662084,1195.8350176614499,36.299999999999997,0.043650771387130298
302.3564894900988,-1000.8167286689543,1197.4858280999499,36.299999999999997,0.043682452910632351
302.33798054046906,-999.48328000733761,1200.1813888766001,35.969999999999999,0.043514678250384374
302.31949773927158,-998.07126466232103,1199.66330524246,35.969999999999999,0.04309687453775788
302.30102851572832,-997.338071335564,1199.66330524246,36.119999999999997,0.042929355471158767
302.28256591802466,-996.9802759971426,1200.09722710815,35.880000000000003,0.042878424544742465
302.26410736846913,-996.76167599878704,1203.24745216935,36.299999999999997,0.043048080470210311
302.24565140385187,-996.62208933263685,1203.24745216935,36.299999999999997,0.043212133977559179
302.22718307023473,-997.29001532504276,1205.77349731606,36.020000000000003,0.043150929534647164
302.20869726812361,-998.23331400191398,1205.97162317891,36.020000000000003,0.042969143635790255
302.19018095793837,-999.88075000255151,1204.4080739507799,35.869999999999997,0.042777632671012242
302.17165092109877,-1000.6219893391931,1204.4190412067201,35.869999999999997,0.04272515782071002
302.15311230160512,-1001.0854526571825,1204.5804506040199,36.280000000000001,0.042885867874221301
302.13457304570375,-1001.1198186740739,1204.5804506040199,36.280000000000001,0.043062720865689005
302.11604695249383,-1000.4090333355746,1206.82087025891,36.020000000000003,0.043176371195601859
302.09753800907413,-999.48294466349375,1207.7256688744601,36.020000000000003,0.043091235895309291
302.07905368051854,-998.15374200146232,1207.7256688744601,35.869999999999997,0.042836646440884522
302.06059357151861,-996.84588599542019,1206.81896291005,35.869999999999997,0.042641069730615877
302.04214562455576,-996.18913599503071,1207.3258408696499,36.259999999999998,0.042537853323614198
302.02369469528395,-996.35018067709177,1208.15553762383,36.259999999999998,0.042658230915469351
302.00523688561725,-996.72172200237537,1210.7743276088599,36.030000000000001,0.042892609612012959
301.98675149844462,-998.21090732170387,1210.7743276088599,36.030000000000001,0.043163283004646807
301.96824802603697,-999.18751001268618,1211.58065933951,36.119999999999997,0.043099750242430679
301.94971718928389,-1000.6651846666661,1210.5981362579,35.850000000000001,0.042739285985669048
301.93116580446923,-1001.7747799907629,1211.99979925153,36.280000000000001,0.04223692851025327
301.9126012714321,-1002.484784007125,1213.2669941505201,36.280000000000001,0.041882500267215905
301.89402787635788,-1002.9633340058481,1208.6991320489799,36.039999999999999,0.042040267341572429
301.87546711104937,-1002.2813266607519,1207.6553353852401,36.039999999999999,0.042444237819989072
301.85694584416069,-1000.1484119879997,1207.6553353852401,35.850000000000001,0.042777110098651858
301.83845150491379,-998.69431933350677,1210.2364552302899,35.850000000000001,0.042814582375724254
301.81998129313587,-997.39143600797001,1211.17320193925,36.329999999999998,0.042435067393543989
301.80152181432118,-996.81185599288449,1212.28590158056,36.329999999999998,0.041844156678155414
301.78305509913577,-997.20262001256538,1212.28590158056,36.100000000000001,0.041519064043571488
301.76457324582725,-998.02007865867608,1213.7683884821399,36.100000000000001,0.041570621022025515
301.74606115867914,-999.65270599915925,1212.8860012156999,35.880000000000003,0.042049630230353068
301.72752173411124,-1001.1289266647549,1212.4272838148199,35.880000000000003,0.042586235528159391
301.70896170246925,-1002.241708667704,1212.4272838148199,36.299999999999997,0.042987376870109104
301.6903827204938,-1003.2650266753357,1212.98923647275,36.299999999999997,0.04303598258551377
301.67179539696298,-1003.715470665399,1210.48131114022,35.899999999999999,0.04282462513641315
301.6532193590001,-1003.1060499946103,1210.1377499267801,36.229999999999997,0.04269099793938419
301.63466100995049,-1002.1508486777782,1212.06274176392,35.899999999999999,0.042734561069050235
301.6161369553086,-1000.298950662244,1210.7550157016501,35.899999999999999,0.043184466450650869
301.59763131290123,-999.30468999862637,1209.11421884468,36.210000000000001,0.04374554381818236
301.57914001391367,-998.53014532883378,1207.5437554769201,36.210000000000001,0.044065044365903125
301.56067476607416,-997.12338333397327,1207.5437554769201,36.310000000000002,0.043995138265320317
301.54220138469162,-997.56259465728363,1209.00311577357,36.310000000000002,0.043597754297749543
301.52370593511108,-998.75427734645291,1208.35604767275,36.07,0.043308436868318631
301.50519081391349,-999.81654467098053,1208.2795152997401,36.07,0.043327212335812909
301.4866403055679,-1001.7274506611623,1207.6913365949799,36.030000000000001,0.043715142331455632
301.46806274023453,-1003.1885280042634,1207.6913365949799,36.030000000000001,0.0442209053349586
301.44947407870364,-1003.7877226663745,1206.5896042096099,35.890000000000001,0.044583034605683983
301.43088559930874,-1003.7778873242614,1206.1003692269801,36.170000000000002,0.044604760280588802
301.41231613544454,-1002.7510486679332,1205.7868487580799,36.32,0.044307146834815611
301.39376850488884,-1001.5720500068138,1203.95960855002,36.32,0.043883680670464401
301.3752333612963,-1000.8977539982706,1202.9735091893101,35.909999999999997,0.043760456343140935
301.35673563202471,-998.8773806667491,1202.3195269488699,35.909999999999997,0.04382051321485099
301.33825555858022,-997.92396600009806,1202.3195269488699,36.119999999999997,0.044152760459253544
301.31978698488894,-997.30297933024804,1201.37944237941,36,0.044532432740574578
301.30131116758031,-997.69413466502135,1200.71806916214,36.229999999999997,0.044567392519087687
301.28281819219762,-998.62067066741099,1200.71806916214,36.229999999999997,0.044377273371755614
301.26429886143194,-1000.0438613449245,1199.23748960942,35.880000000000003,0.044013433577552774
301.24575585127161,-1001.3225486580229,1199.8073100813999,35.880000000000003,0.043655922637715505
301.22718730941978,-1002.7012599999202,1200.98605167699,35.979999999999997,0.043519577009710077
301.20860853543201,-1003.2537953386144,1200.98605167699,35.979999999999997,0.043695631127467556
301.19003884287645,-1002.7633980006673,1201.52225512531,36.140000000000001,0.043947428673080047
301.17147625217279,-1002.3798979982221,1199.54051965958,36.140000000000001,0.044116268136624726
301.15294201196298,-1000.8489713288133,1197.80316326656,35.840000000000003,0.044017705236326379
301.13443478320971,-999.39035267559643,1198.2118127598501,35.840000000000003,0.043759948259861008
301.11595542583973,-997.88529797939714,1198.55990392684,35.93,0.043478594679615665
301.09748033599999,-997.65485134530525,1198.55990392684,35.93,0.043369077349523409
301.07899934674066,-997.973420005771,1200.8122445121101,36,0.043382051718756851
301.06050307862972,-998.7984779909774,1199.3891238438,36,0.043454812839720365
301.04199039335816,-999.68500466324292,1199.3891238438,35.869999999999997,0.043407952831343501
301.02345080011116,-1001.1380353369395,1198.8917826285101,35.869999999999997,0.043249950848037309
301.00488586971596,-1002.5062413415319,1199.12090291034,35.909999999999997,0.043063641843387013
300.98630699846899,-1003.259047336755,1198.6376283928901,35.909999999999997,0.042898901220403872
300.96771990880245,-1003.7028419930456,1198.6376283928901,35.969999999999999,0.042818654327011409
300.94914788483942,-1002.889294002676,1198.9828585365799,35.969999999999999,0.042868264849968363
300.93058877003705,-1002.1921993283183,1200.2772331568301,35.939999999999998,0.043045949812456311
300.91206084419764,-1000.5079953286174,1199.9937534324799,35.939999999999998,0.043139639821872515
300.89355940413571,-999.07776334271921,1196.24795868968,35.869999999999997,0.043006684213671431
300.87507475788908,-998.17089732106774,1197.24955525989,35.869999999999997,0.042679741350381772
300.85659910303707,-997.68536200719223,1201.3596536349801,35.920000000000002,0.042333581172259709
300.83811993917283,-997.87484866830084,1202.1614554120799,35.920000000000002,0.042108947206523348
300.81962305432108,-998.83178199409679,1201.40733735649,35.950000000000003,0.042143852138228424
300.80110073400016,-1000.2052973310862,1200.65298088228,35.950000000000003,0.042354815329231167
300.78255784697524,-1001.3158993462342,1201.06043828254,35.869999999999997,0.042517948894165297
300.76399288450637,-1002.5079733175201,1201.06043828254,35.869999999999997,0.042466955883118052
300.7454287146914,-1002.4651700086273,1200.10628701523,35.939999999999998,0.042158516337894351
300.72687273120977,-1002.0231080098287,1198.4547613209199,35.939999999999998,0.041981365319801886
300.70833776974075,-1000.8879193266694,1198.0787751768601,36,0.041953847848715455
300.68982188796286,-999.85761600388514,1198.0787751768601,36,0.042032057216490989
300.67133384446913,-998.35434866135472,1199.8971938964401,35.859999999999999,0.042110256220238271
300.65286350954341,-997.39808599027049,1203.5364155216701,35.859999999999999,0.042028673405943608
300.63440881876545,-996.5533020091093,1204.9528604689699,35.93,0.041910826954056839
300.61595143129625,-996.69892333656094,1203.47728770701,35.93,0.041667266433181506
300.59748144096289,-997.37947800132031,1203.47728770701,36.039999999999999,0.04136539788644971
300.57898970113581,-998.55395066371545,1203.36546938008,36.039999999999999,0.041188292413696731
300.56046853151855,-1000.1431593303391,1205.2012926580101,35.880000000000003,0.041225186240795651
300.54193199095067,-1000.9731906665628,1204.9292570268201,35.880000000000003,0.04142405050856169
300.52337518892591,-1002.0673093358569,1204.9292570268201,35.920000000000002,0.041596572853518227
300.5048253500986,-1001.6912966750501,1202.7920726289799,35.920000000000002,0.041557110640883382
300.48629190876539,-1000.8058319945729,1202.29687718116,36.030000000000001,0.041399829914150525
300.4677791645185,-999.68818933055968,1202.47831374148,36.030000000000001,0.041130740810865277
300.44929120586431,-998.34976732891778,1202.1006586671699,35.840000000000003,0.04118178143496877
300.43082652923471,-997.09253799875432,1202.1006586671699,35.840000000000003,0.041410957154828495
300.41237585970379,-996.33615466910646,1200.38046841389,36.280000000000001,0.04184514491567938
300.39393452513588,-995.8320666670179,1200.97699176991,35.960000000000001,0.042230267493616316
300.37549018341974,-995.99445266949431,1203.95078706155,35.909999999999997,0.04228613856972295
300.35701612011121,-997.59941866057159,1205.4111010326301,35.909999999999997,0.042097894468176016
300.33851668755563,-998.96935800415952,1206.12063480862,35.859999999999999,0.04194608372391144
300.31998856717269,-1000.5185006769144,1202.39224462417,35.859999999999999,0.041935445946681173
300.30143566222227,-1001.8568673228594,1202.39224462417,35.960000000000001,0.042285204147184195
300.28286417739514,-1002.8601806654291,1200.31538013403,35.960000000000001,0.04277809729417522
300.26429692801241,-1002.6314666668451,1201.07522023621,35.920000000000002,0.04320674057714808
300.24574404892593,-1001.8554706687312,1200.4639149265199,35.920000000000002,0.043444574503518102
300.2272066649877,-1001.0187326644788,1198.8076208600501,35.899999999999999,0.043487875821728986
300.20869595412353,-999.57838666735995,1199.21698560917,35.899999999999999,0.043394533505868783
300.19020989227147,-998.2473400098994,1198.28500727236,36.049999999999997,0.043319122237842483
300.17174133720977,-997.30197333169247,1198.28500727236,36.049999999999997,0.043437092869576012
300.15326858601247,-997.52856465474792,1199.96848106009,35.850000000000001,0.043737794176962809
300.13478710419747,-998.00001801137341,1200.1441955738301,35.850000000000001,0.044247553581925697
300.11628724324686,-998.99249133231399,1199.61442942791,35.960000000000001,0.044685419022531196
300.09776382500007,-1000.2645853268564,1200.3141880409901,35.960000000000001,0.04472665695950559
300.07920672392584,-1002.0834580083789,1200.3141880409901,36.159999999999997,0.04461960660359935
300.06062165523463,-1003.5937093250379,1199.1662024457701,36.159999999999997,0.0444209979248004
300.04202728987656,-1004.0957293367829,1199.8490333377199,35.890000000000001,0.044555814112911485
300.02343204079017,-1004.1434506629799,1197.9447839194299,35.890000000000001,0.045004326649314468
300.00485772991368,-1003.0127873300172,1194.32272843393,35.950000000000003,0.045718813525697823
299.98631654411099,-1001.2240333467613,1193.2364932580599,35.950000000000003,0.046371425398296563
299.96781531928417,-999.06614064693747,1191.29576579282,36.189999999999998,0.046540841255293501
299.94934150224685,-997.58612001501024,1192.0420160343699,36.189999999999998,0.046191502152562416
299.93089056677763,-996.35051533943181,1192.2193994783599,35.890000000000001,0.04562658154178225
299.91243005523449,-996.86762332896626,1192.2193994783599,35.890000000000001,0.045250525904913505
299.89395537413583,-997.63277932743529,1192.01316738286,35.969999999999999,0.045394152403532194
299.8754496530986,-999.30893600920353,1193.66612358882,35.969999999999999,0.04592287043074969
299.85691199596306,-1001.0334853204084,1193.29585949133,36.090000000000003,0.046545634466410885
299.83834484385176,-1002.6262140091845,1193.29585949133,36.090000000000003,0.047065291757542482
299.81977563972822,-1002.7370226709398,1191.6605462623299,35.850000000000001,0.047218113511084764
299.80120486269146,-1002.821959986029,1189.6270739587601,35.850000000000001,0.047051565107842003
299.78264707244449,-1002.1206733377512,1188.1050095683299,35.899999999999999,0.046772033805078959
299.76410537440739,-1001.2516940036713,1188.96522390428,35.899999999999999,0.046584536841983583
299.74557903388893,-1000.4223879963525,1189.68405600596,35.979999999999997,0.046901947090492148
299.72707695017272,-999.11252067470309,1187.28842583757,35.979999999999997,0.047448401646686775
299.70859949580262,-997.78253598704646,1187.4004825831,35.899999999999999,0.047889090046664015
299.69013379990116,-997.14757867589981,1189.3173681875901,35.899999999999999,0.047872857088119884
299.67166652488908,-997.23285065332902,1189.7129046574701,35.869999999999997,0.047558634030202072
299.65319379956793,-997.52716734109993,1188.8841615777201,35.869999999999997,0.047175765251529299
299.63469505000006,-998.93247666661546,1188.8841615777201,35.969999999999999,0.047037772209375731
299.61616712414821,-1000.5079959991293,1188.8662801821599,35.969999999999999,0.047027442821170051
299.59760866438273,-1002.1568273348552,1188.52200371289,36,0.047316706426659312
299.57904086965448,-1002.660915325952,1188.8843999963301,36,0.047518158744847425
299.56047833690127,-1002.37676867561,1188.8843999963301,35.789999999999999,0.047649305518167838
299.5419307270372,-1001.5709326593291,1187.8909096587799,35.789999999999999,0.047435617702401886
299.52340177467897,-1000.5634273428394,1187.8601536584099,35.960000000000001,0.047139905180220938
299.50490219311115,-998.97740466257221,1187.8601536584099,35.960000000000001,0.046889756088314527
299.48642648549395,-997.68821133066524,1188.16389896439,36.030000000000001,0.046848498495410423
299.46795617127179,-997.39696799425781,1188.98763525339,36.030000000000001,0.046939310717577509
299.44948548554322,-997.41702934504838,1190.80939183347,35.859999999999999,0.047128143616231077
299.43100670559255,-997.85411733331034,1190.62032587771,35.859999999999999,0.047219794036791808
299.41251628411118,-998.48275999500834,1189.8573863336301,36.280000000000001,0.047192747398125311
299.39401216804947,-999.22226733367813,1189.6273123773699,35.950000000000003,0.046915030109916177
299.37548000572849,-1000.7367653314261,1189.98923182359,35.969999999999999,0.046555053230769049
299.35693286980251,-1001.5453400037546,1191.05329406897,35.969999999999999,0.046345166236878538
299.33837068164183,-1002.358160675668,1191.8806066370701,35.869999999999997,0.046330123307549584
299.31980300383952,-1002.6546013250312,1193.1172839543001,35.869999999999997,0.046404221409939439
299.30125576444442,-1001.550927334747,1193.1172839543001,35.960000000000001,0.046291081234890827
299.28273127517286,-1000.3224206642737,1197.36828772644,35.960000000000001,0.045916306686568674
299.26423112137047,-999.00830533150395,1199.39150802988,35.93,0.045646026528962755
299.24574972958027,-997.99515666880541,1196.7543598120601,35.93,0.045411382909211061
299.22726499227161,-998.17581466786021,1197.67107935799,35.920000000000002,0.04531704510782622
299.20877467530863,-998.47711600027139,1199.6830939868801,35.920000000000002,0.045174558950932364
299.19027219629623,-999.13386667117265,1200.00567436286,36.020000000000003,0.045143560403152837
299.17175081869129,-1000.1543906670604,1197.1732613054801,36.020000000000003,0.045073709137978958
299.15321633116054,-1000.8623266601029,1197.1732613054801,35.850000000000001,0.044848491538931883
299.13466819458012,-1001.5993753418643,1198.3953950876501,35.850000000000001,0.044375491439176892
299.11610289476545,-1002.5261899913776,1198.3953950876501,35.920000000000002,0.04403423518397289
299.09754902124689,-1001.9091700034774,1200.5173206945999,35.920000000000002,0.043886573982484363
299.07899976087646,-1001.6600600027547,1199.16596402716,36.009999999999998,0.044018949063020986
299.06046231795068,-1001.0219179913153,1199.4506358445401,36.009999999999998,0.044228438698663365
299.04195144565438,-999.58710400246821,1199.4506358445401,35.850000000000001,0.044086307494928846
299.0234559432962,-998.75712734043759,1200.78840265136,35.850000000000001,0.043734932933076259
299.0049802946545,-997.68502665235633,1206.8461426313099,35.909999999999997,0.043306875354794883
298.98650987591355,-997.4026120109786,1206.8461426313099,35.909999999999997,0.042940978375788516
298.96803585191361,-997.59729599603497,1206.31089285742,36.039999999999999,0.042818073805657171
298.94953574985192,-999.00551133075192,1206.1745174139201,36.039999999999999,0.042872792107479719
298.93101215776528,-1000.2739726791406,1205.10950149411,35.890000000000001,0.043041860273973991
298.91246857535793,-1001.3534499974663,1204.0380482718999,35.890000000000001,0.043289927351377044
298.89392035392581,-1001.6039573338211,1205.54795331335,35.920000000000002,0.043088250483585749
298.87536891114814,-1001.7779099948788,1205.54795331335,35.920000000000002,0.042601708951314932
298.85681701927143,-1001.80216134103,1208.82620916679,36.07,0.042149311767863989
298.83827402877785,-1001.3214866552427,1207.56664366324,36.07,0.041978697601624815
298.8197415032347,-1000.7563793299238,1204.38780836914,35.890000000000001,0.04224697231457121
298.80123172161723,-999.52820734377451,1204.38780836914,35.890000000000001,0.04241857471222768
298.78274593191361,-998.2326439957302,1204.7833448390199,35.909999999999997,0.04243484077581694
298.76427548109882,-997.40434399795879,1207.63411612917,35.909999999999997,0.042201661400593504
298.74581071340742,-997.09745533455487,1208.33721260276,36.159999999999997,0.041893564372102336
298.7273281657408,-998.05757399817946,1205.8667189916,35.960000000000001,0.041590925928599913
298.70880946517281,-1000.009830671877,1206.70690616452,35.969999999999999,0.041416557506655613
298.69026912480263,-1001.1783799889239,1209.91149066824,35.969999999999999,0.041413864946768922
298.67170455140734,-1002.4869633463982,1209.91149066824,35.859999999999999,0.041796078702163939
298.65312813574076,-1003.1264459967489,1207.7557096190101,35.859999999999999,0.0422094131087156
298.63455600829622,-1002.8948820041803,1201.7790319656201,36,0.042385693843182352
298.61599289708647,-1002.4080053259216,1203.8883213863801,36,0.042203265343022038
298.59745539517297,-1001.025103329144,1203.8883213863801,35.939999999999998,0.041751817086253418
298.57893376507411,-1000.1680253379692,1204.4261937649501,35.939999999999998,0.041529248575169868
298.56042827169136,-999.2966426697019,1199.8421191980999,35.93,0.041545437028136012
298.54193236058029,-998.77919999584344,1198.4921930423,35.93,0.041721609109155289
298.52345111780255,-997.98710999940079,1198.4921930423,36.119999999999997,0.04204027354696184
298.50495729906169,-998.66621200580732,1200.0934124104299,36.119999999999997,0.042208569737773156
298.48645474865441,-999.13772199320124,1201.64051075465,35.840000000000003,0.042192562375107469
298.46794050393851,-999.76921465987596,1198.5982893226501,35.840000000000003,0.041898151650802538
298.44939312070375,-1001.5586946755244,1198.5982893226501,35.979999999999997,0.041672167255745754
298.43081718620999,-1003.1004626636177,1197.3604199123899,35.979999999999997,0.041721916449461938
298.41221572624698,-1004.4788380021516,1198.1960771317599,36.189999999999998,0.042019646822399441
298.39360723788894,-1004.8583713336386,1198.1960771317599,36.189999999999998,0.04230127153042805
298.37501837458024,-1003.7986186702441,1197.5876328453601,35.920000000000002,0.042513231229211156
298.35644765653097,-1002.8187746591923,1196.07057524569,35.920000000000002,0.042491211668407546
298.33790782941992,-1001.1506639983008,1190.8732880202899,36.07,0.042314500449477765
298.31939875561721,-999.48998534533484,1190.8732880202899,36.07,0.041930177772188548
298.30090402728393,-998.71532999712451,1193.37048451549,36.25,0.041748936195393598
298.28241891330845,-998.19615467676624,1193.37048451549,36.25,0.041834515420918837
298.26393086980272,-998.35434930988254,1193.17903437364,35.93,0.042143635866820302
298.24542841666664,-999.13246934653273,1191.96119212642,35.93,0.042378233952835173
298.2269104497654,-999.9702126678369,1192.65761287899,36.039999999999999,0.042374960874036915
298.20835816156779,-1001.8235626712122,1193.7932007066199,36.039999999999999,0.042202580301618303
298.18978276000001,-1003.0716846592227,1191.16320504704,36.280000000000001,0.042124140179257294
298.17120073776545,-1003.4292006690167,1189.4661413986901,36.280000000000001,0.042185509173992525
298.15262784250609,-1002.9363440036494,1189.07918799867,35.979999999999997,0.042292317373355537
298.13406366027158,-1002.4658406633391,1191.46766560884,35.979999999999997,0.042504071157837893
298.11552547643208,-1001.0619273324318,1192.9313174404299,36.189999999999998,0.04253635389716405
298.09701206369147,-999.72428799395095,1193.1659213502301,36.189999999999998,0.042464405098008404
298.07854008550612,-997.48682200761186,1193.1659213502301,36.240000000000002,0.042053715633198298
298.06007757886425,-996.97535866134206,1194.3305962479801,36.240000000000002,0.041609917665059643
298.04161242209875,-997.11846533865287,1193.80536005561,36.030000000000001,0.041526257990490423
298.0231399182224,-997.51520932345829,1192.8776732537401,36.030000000000001,0.041816150766894773
298.00464192198751,-998.8917966817794,1192.8776732537401,36.240000000000002,0.04228584675194804
297.9861255662716,-999.8832086594598,1190.8151138800499,36.240000000000002,0.042553793437853031
297.96759573018517,-1000.6111486690365,1192.99044525509,36.159999999999997,0.04251427741430408
297.9490523557655,-1001.3422186607452,1192.99044525509,36.159999999999997,0.042281099083931031
297.93051050148142,-1001.2601313396407,1193.32590023588,36.039999999999999,0.041948499988147835
297.91197208997528,-1001.0742213314533,1193.1642524199799,36.039999999999999,0.041589240244185845
297.89343922709878,-1000.7745953332694,1193.25151363033,36.259999999999998,0.041564904770582257
297.87493346672852,-999.31105999277975,1193.1396953034,36.259999999999998,0.041698455400820698
297.85644884014812,-998.16983534027145,1192.3285952006099,35.890000000000001,0.041971301861182676
297.83797974698768,-997.33103066471483,1191.7463769610399,35.890000000000001,0.042073214421725791
297.81951585681492,-997.05006933021775,1196.4098449241901,36.25,0.041810340344570728
297.80104928339489,-997.19496468023715,1196.4098449241901,36.25,0.041494828964558084
297.78257784433345,-997.45770931889251,1196.0073943146899,36.140000000000001,0.041141016416043966
297.76409234127181,-998.21716532939206,1196.0073943146899,36.140000000000001,0.041053227877698342
297.74558826349397,-999.22020000285431,1194.96693551146,36.030000000000001,0.0411166995755037
297.72707212923461,-999.87125000428227,1196.3423724582599,35.850000000000001,0.041270179464687334
297.70854843883939,-1000.2792813410255,1196.4825625994899,36.280000000000001,0.041358795840044559
297.69001933745682,-1000.5714746607717,1195.90535115067,36.280000000000001,0.041291723032735539
297.67150666461743,-999.68433332702739,1199.5092868219999,35.969999999999999,0.041021305232122107
297.65300146407407,-999.28082934102383,1200.3334999481999,35.969999999999999,0.040784654105490134
297.63451104880232,-998.48242467314833,1200.63676841697,35.909999999999997,0.040674452777216076
297.61604111020972,-997.37668400056828,1200.05073547968,35.909999999999997,0.040775869659762085
297.59757519388887,-997.15948132685276,1200.5957604164801,36.159999999999997,0.04104735640053063
297.5791120508519,-997.00972399672969,1201.6910554994399,36.159999999999997,0.041260497847687629
297.56064341817284,-997.30616466807669,1201.6910554994399,35.869999999999997,0.041372762576535944
297.54216079911117,-998.06142933120009,1199.9658584553999,35.869999999999997,0.041272115578140131
297.5236585011852,-999.12408800379603,1199.9658584553999,35.969999999999999,0.041126355324263404
297.50513242764197,-1000.4079713327944,1201.8820288040699,35.969999999999999,0.040987523067363585
297.4865800618274,-1001.8277539856123,1201.9647600608801,35.909999999999997,0.041033987782155758
297.46803454330865,-1001.4580000139975,1199.1836070041199,35.909999999999997,0.041119454220631992
297.44949193567891,-1001.3008120059806,1203.3535484496999,35.920000000000002,0.041270909000473505
297.4309666009878,-1000.3680733186234,1204.2752747863899,35.920000000000002,0.041242481931662828
297.41246766928396,-998.94231200872855,1203.5693172895101,36.189999999999998,0.041174659915539265
297.39397671487654,-998.51153799940334,1202.3197653674799,36.189999999999998,0.041114702402729013
297.375495336531,-997.99443065839682,1202.2406103897799,35.890000000000001,0.041134436098374166
297.35701684218509,-997.83869468218893,1205.7682521066999,35.890000000000001,0.041353205844307045
297.33853359913599,-998.09512464941179,1205.7682521066999,36.119999999999997,0.041545627433339685
297.32004468535803,-998.40134401011937,1207.6119431986699,36.119999999999997,0.041603406691420569
297.30154103702472,-999.19700999996348,1205.33075396189,36.159999999999997,0.041502666564755236
297.28301323433351,-1000.5013453243331,1204.0099148762099,36.159999999999997,0.041342932316005117
297.26447981265437,-1000.8047706732965,1204.0099148762099,36.020000000000003,0.041181943894852122
297.24592811532119,-1001.791655992733,1203.30777207706,36.020000000000003,0.041205360448093135
297.227373729568,-1001.9368306713797,1204.4102197182399,36.280000000000001,0.041366833151595714
297.2088320056543,-1001.2530913393034,1204.4102197182399,36.280000000000001,0.041634331775206063
297.19030430644443,-1000.4957573338207,1205.2160746116699,35.939999999999998,0.041795185654926709
297.17180298434556,-999.07139333757391,1205.7937628976999,35.939999999999998,0.041683150663904142
297.15331996170357,-998.08322266897062,1207.1436890535001,36.210000000000001,0.041471260285946429
297.13484702218528,-997.53873398868916,1206.7693718396899,36.210000000000001,0.041270325364109454
297.11637286159265,-997.60467199973584,1203.8251404553801,36.189999999999998,0.041369174916758358
297.0978864158148,-998.26807200440953,1202.65140565054,36.189999999999998,0.041489278284547543
297.07937425002484,-999.65695265826423,1204.6867853029701,35.880000000000003,0.041814642024523632
297.06085874595055,-999.8372200127385,1204.6867853029701,35.880000000000003,0.04207754611878689
297.04232041206171,-1001.070029995069,1206.2450893217399,36.299999999999997,0.042186840957629181
297.02376398671606,-1002.0469686674311,1204.08310938872,36.299999999999997,0.042156563663369659
297.00520432554322,-1002.2217033321299,1204.2612080885399,36.009999999999998,0.041981246326142141
296.98663998602461,-1002.4743340035329,1204.2612080885399,36.009999999999998,0.041848074434726726
296.96808193603698,-1002.1346993347446,1203.3089641700899,35.850000000000001,0.041941797562622715
296.94954329170361,-1001.0867939995818,1202.88839374642,35.850000000000001,0.042212251575759523
296.93102741613603,-999.85728064904936,1203.5907749641899,36.280000000000001,0.042486088353371997
296.91253846303709,-998.40346734516777,1203.8625721767601,36.280000000000001,0.042434606912328324
296.89406019014831,-997.82673599403529,1203.8625721767601,36,0.04216113748114822
296.87557850550627,-998.01097066799537,1203.49206966067,35.890000000000001,0.041906502512935075
296.8570924498519,-998.24700533656733,1203.1299117958399,35.899999999999999,0.041807448077604698
296.83858211669144,-999.55799066522138,1202.0696642481901,35.899999999999999,0.0419237785480761
296.8200533464568,-1000.5535926712384,1201.7005922437399,36.119999999999997,0.042236493902773599
296.80150268909864,-1001.7354973415587,1203.5068516143399,36.119999999999997,0.042635637020788021
296.78293466050604,-1002.6735439983053,1199.7040748243401,35.859999999999999,0.042898930193272358
296.76436414320995,-1002.8079339890356,1197.7254388005099,35.859999999999999,0.042823736249443217
296.74580031798757,-1002.4465620086852,1198.5870836480999,35.950000000000003,0.04249701483173892
296.72725035602468,-1001.6979459978309,1198.5870836480999,35.950000000000003,0.042129105164957686
296.70871779219738,-1000.7584466717394,1201.66625996426,36.039999999999999,0.041901963862015293
296.69020595753096,-999.63907198777031,1201.66625996426,36.039999999999999,0.041892642368484619
296.6717004579383,-999.29697800255383,1201.9857408983401,35.880000000000003,0.042077313281217991
296.65321078979019,-998.44207999918024,1201.93138145582,35.880000000000003,0.042228299299206115
296.63471287116045,-998.88760600491491,1199.05176151416,36.009999999999998,0.042312433948956799
296.61620714391358,-999.30927133106343,1199.05176151416,36.009999999999998,0.042158284535812281
296.59768229764194,-1000.3416986703998,1198.9876269087299,35.880000000000003,0.041723852567392958
296.57912917745682,-1001.8684899966571,1199.2618083073901,35.880000000000003,0.04133403922273271
296.56055869327184,-1002.8061459868391,1202.58369476601,35.960000000000001,0.041162755547595756
296.54198191439508,-1003.1460593467187,1200.6422520449501,35.960000000000001,0.041196752954382236
296.52339739724704,-1003.563925992599,1201.9192221068399,36.119999999999997,0.041362792252496471
296.50481949353093,-1003.2068006713536,1203.67326780239,36.119999999999997,0.041423227848577111
296.48626087233333,-1002.1655446699635,1203.6413197089801,35.850000000000001,0.041265897456134355
296.46771743272831,-1001.3457386719058,1203.6413197089801,35.850000000000001,0.04103856782120105
296.44921061996308,-999.36788932064974,1203.24959793682,36.25,0.040656175056249896
296.43071544977778,-998.73919000619924,1203.85947273487,36,0.04041242723154248
296.41223240125919,-998.08462000460258,1206.22720792618,36.210000000000001,0.04028874036017191
296.39374738559263,-998.19084599289727,1206.2822826245199,36.210000000000001,0.04031261428674323
296.37524424327142,-999.16968534641683,1206.2822826245199,35.899999999999999,0.040360985128006219
296.35672193744443,-1000.2045146569332,1205.57060308106,35.899999999999999,0.040408989625144109
296.3381819468396,-1001.1594926603545,1205.2816397287399,36.07,0.040433272309682203
296.31962695055574,-1001.969799330655,1205.2816397287399,36.07,0.040390501833680995
296.30106949144448,-1002.1027920077374,1205.36174838087,36.310000000000002,0.040310212505073516
296.28251651508634,-1001.8607233373837,1205.36174838087,36.310000000000002,0.040257459303006907
296.26396806703713,-1001.616194658106,1209.1256629378399,35.960000000000001,0.040119711512254387
296.2454406606667,-1000.4799440051427,1209.1256629378399,35.960000000000001,0.040029318382770344
296.22692606618523,-999.78810199943723,1209.1402064729,36.119999999999997,0.039973806384061027
296.20843051208652,-998.7599213301977,1209.71551057285,36.119999999999997,0.03990688154287312
296.18995023166661,-997.93514267361854,1211.4976896640901,36.280000000000001,0.039802554792934812
296.17146613697537,-998.14111332910898,1211.26594677758,36.280000000000001,0.039739928514043781
296.15297813175312,-998.35228200104268,1209.1247092634101,35.950000000000003,0.039663862236377939
296.13448306607421,-998.73354665999011,1209.1247092634101,35.950000000000003,0.039609021825071609
296.11597189369144,-999.60330866822278,1209.20100321782,36.119999999999997,0.039460820458124421
296.09744463737053,-1000.4718413315134,1210.5363858385499,36.119999999999997,0.039358961708902518
296.07890516725934,-1001.131386003167,1209.90862964495,36.32,0.039351207930010332
296.06035927828401,-1001.4780046680679,1208.6783896301299,36.32,0.039460430335256529
296.04183417848151,-1000.3553893345411,1210.62770016524,35.939999999999998,0.039522041468011436
296.02331814770366,-999.86566200277809,1210.62770016524,35.939999999999998,0.039505600515643578
296.00482206170369,-998.78864400088014,1210.61458714182,36.079999999999998,0.039413139845877077
295.98634111177773,-997.97129600021071,1211.6419329216401,36.079999999999998,0.039351056841754967
295.96786440453099,-997.74219132407018,1210.58669216474,36.299999999999997,0.039366119438616294
295.9493806740864,-998.12144400789055,1209.9546444361999,36.299999999999997,0.039568751432983315
295.93090042575318,-997.93340999414272,1210.50038462882,35.920000000000002,0.039629432266216111
295.91240956240733,-998.50662067459484,1210.50038462882,35.920000000000002,0.039771890482064316
295.89390948724696,-999.00405866140704,1211.3319887318601,36.039999999999999,0.039882992092345179
295.87539664572824,-999.69344201020408,1207.75237175851,36.039999999999999,0.039971488431227838
295.85686018380238,-1000.9689439964659,1207.75237175851,36.280000000000001,0.039969443656999566
295.83831777692603,-1001.289971324832,1206.3428409508299,36.280000000000001,0.039927746273278553
295.81978036608626,-1001.0201853448156,1207.67774673435,35.939999999999998,0.039844507763180256
295.80124752285184,-1000.7735346605209,1208.8736544696901,35.939999999999998,0.039861726887460473
295.78272017443197,-1000.4768146715387,1209.53598136139,36.079999999999998,0.040002951607462783
295.76420730186413,-999.69511866347136,1208.3660612542701,36.079999999999998,0.040143362975462844
295.74570101582708,-999.33944600057862,1206.29015043856,36.259999999999998,0.040226980212170846
295.72720282401247,-998.9023579903328,1206.29015043856,36.259999999999998,0.0403077000071249
295.70870230698762,-999.02791934099355,1207.4226388243001,35.920000000000002,0.040374735581893931
295.69019533176561,-999.37666198947079,1207.19828691462,35.920000000000002,0.040573790253642307
295.67167765150612,-999.95473401249092,1205.58943815105,36.049999999999997,0.040773826963428357
295.6531385777285,-1001.1099839914806,1205.58943815105,36.049999999999997,0.041042950210909555
295.63458312613591,-1001.994385998666,1206.1265952737999,36.189999999999998,0.041410007203447792
295.61602145019765,-1002.3305006672857,1203.7111763609901,36.189999999999998,0.041721094811936629
295.59746301733344,-1002.1553746655104,1203.7111763609901,35.890000000000001,0.041861636555809309
295.57890587072836,-1002.0859166762791,1200.2173900863399,35.890000000000001,0.04195839580110379
295.56036617917283,-1001.1433439988245,1198.11286903773,35.969999999999999,0.041890849046772129
295.54184668593831,-1000.0526346622736,1199.24225798157,35.969999999999999,0.041951798941089205
295.52334451840733,-999.11704667342724,1199.6442317538499,36.140000000000001,0.041922584382002505
295.50484713891348,-998.85849266766809,1200.7757664651599,36.140000000000001,0.042090166566073159
295.48636062795043,-998.27159200457822,1200.7757664651599,35.869999999999997,0.042367244348854485
295.46786338504944,-998.85111665297518,1200.46033864741,35.869999999999997,0.042686905299937392
295.44934958323449,-999.74529800904077,1196.80657348711,35.960000000000001,0.042947017484981267
295.43082699697538,-1000.2196579904195,1196.80657348711,35.960000000000001,0.043115079813932415
295.41229408234568,-1000.7773900045333,1196.54383618162,36.039999999999999,0.043276371433648306
295.39375128534584,-1001.3110379926743,1196.5590949724999,36.039999999999999,0.043466739983488725
295.37520837866657,-1001.3169606785025,1196.38528780762,35.880000000000003,0.043697283702765384
295.35666610838268,-1001.2825953321229,1196.2141032474201,35.880000000000003,0.043964574326852461
295.33812395607401,-1001.2762246674578,1196.2141032474201,35.909999999999997,0.04422194014537021
295.31959996040746,-1000.295765994927,1194.6560376472501,35.909999999999997,0.044301138781881876
295.30109158199997,-999.45243400160689,1196.26941636436,35.93,0.044286517009288734
295.28259879598761,-998.61044466972555,1196.26941636436,35.93,0.044200982281809929
295.26411793091359,-997.96671399726199,1193.6041347508601,36.07,0.044179885745861985
295.24563349886427,-998.15933066248647,1191.08333481352,36.07,0.044161853285049735
295.22714218745676,-998.53081600552923,1195.13788165306,35.859999999999999,0.044128069032626005
295.20864730907419,-998.72343265976167,1195.13788165306,35.859999999999999,0.044076477905294252
295.19013773546925,-999.51697466602957,1194.6233742980201,35.869999999999997,0.044206800970115707
295.17161138872848,-1000.4227239997161,1190.9386147187499,35.869999999999997,0.044471076170867041
295.15307484195074,-1000.9735259994146,1188.4097085487499,36.25,0.044677071268691138
295.13453036960505,-1001.4015066675073,1192.20604803634,36.25,0.044856458494374377
295.11599627116067,-1000.841315996485,1193.3573714920699,35.920000000000002,0.044748030818855547
295.09747849983938,-999.95965134829146,1193.3573714920699,35.920000000000002,0.044703323189843595
295.07896650996292,-999.64745333050701,1192.0179357550101,35.850000000000001,0.044720978996648252
295.06046193859271,-999.2468539906971,1191.18347062868,35.850000000000001,0.04472048745652734
295.04197021118534,-998.5532799980117,1190.82059750802,36.25,0.044689717593988071
295.0234859612716,-998.14949534235734,1192.2325125017801,36.25,0.044624648157922255
295.00501053407424,-997.67306865669877,1191.2244786291701,36.119999999999997,0.044552851474977243
294.98653120775322,-997.88362133712189,1189.05796874261,36.119999999999997,0.044617639436330195
294.96803684987646,-998.69532534305426,1190.16351582569,35.880000000000003,0.044592349892807477
294.94953427981488,-999.13878332546949,1190.84896932232,35.880000000000003,0.044478210104535801
294.93100587279019,-1000.5339793322605,1192.1903124082501,36.299999999999997,0.04444916731901434
294.912470631926,-1000.9030066669228,1192.4728384581599,36.299999999999997,0.044544807943380692
294.89392855618519,-1001.2720900058101,1192.4728384581599,36.07,0.044695814654210235
294.87539026265432,-1001.067850666788,1192.0157899875401,36.07,0.044610776625152261
294.85686260896307,-1000.4932993254403,1195.94302129066,35.890000000000001,0.044436644146423114
294.83834818316075,-999.77899332725269,1195.94302129066,35.890000000000001,0.044099499158640351
294.81983942186417,-999.47311001387652,1197.0268722804601,36.280000000000001,0.043911754885180052
294.80134421855553,-998.74097866791556,1195.9229941276301,36.280000000000001,0.043861578324046205
294.78284282506183,-999.07524865960238,1190.97914588203,36.100000000000001,0.043662526747766314
294.76433887767899,-999.21315867248541,1192.7963725085699,36.100000000000001,0.04355764326050901
294.74583247469138,-999.34576133153109,1192.7963725085699,35.850000000000001,0.043383382467924461
294.72731225296309,-1000.0919733266942,1197.4951264256399,35.850000000000001,0.043260994266392544
294.70878506182731,-1000.4683213313448,1196.5311999954199,36.240000000000002,0.043095116402241944
294.6902563298766,-1000.5515253404144,1194.20161178131,36.240000000000002,0.042957936722879071
294.67171838713574,-1001.0489080045058,1194.93927895299,36.159999999999997,0.042894927583776811
294.65318532246914,-1000.7854919966589,1195.73535868351,36.159999999999997,0.042874984850475327
294.63464962008641,-1000.9279286677859,1202.4339678804799,35.899999999999999,0.042754163342954614
294.61611632775316,-1000.7977859956802,1202.4339678804799,35.899999999999999,0.042620454396205015
294.59760604633345,-999.55519666446912,1199.60083956728,36.210000000000001,0.042425261606061075
294.57910286572832,-999.17175267724076,1199.60083956728,36.210000000000001,0.042204863081282497
294.56060497297517,-998.88620866928306,1198.7680433712101,36.299999999999997,0.04194883422424265
294.54211104971614,-998.67185598955211,1199.6089457999401,36.299999999999997,0.041706270233335223
294.52360412106168,-999.37414733932985,1201.10716832962,36.030000000000001,0.041597746307819733
294.50509092874074,-999.71238533200608,1201.34987847208,36.030000000000001,0.041489702548761616
294.48657140964207,-1000.0540313273935,1203.98511934103,36.079999999999998,0.041475492627364614
294.46804771924684,-1000.2792813410255,1203.5666946848301,36.079999999999998,0.041446930002600968
294.44952030045687,-1000.4806146598543,1203.5666946848301,36.259999999999998,0.041297037772584255
294.43099481053088,-1000.3764560023836,1201.6204835916101,36.259999999999998,0.041133649648470307
294.41246236260486,-1000.7521880045315,1204.2547707861399,36.07,0.040985182344608649
294.39394144651845,-1000.1294686661976,1204.3074612984001,36.07,0.040765839321047548
294.3754251891113,-999.87789998658275,1204.3074612984001,36.030000000000001,0.040599840387988889
294.35691811040738,-999.38225001295905,1203.7602905941401,36.030000000000001,0.040474115972070727
294.33841294816034,-999.27876133968812,1204.2311673439899,36.259999999999998,0.040365418209140788
294.31990043777779,-999.67556065820645,1204.6848779541101,36.259999999999998,0.04032517266161189
294.30138303691348,-999.93964667223725,1204.6848779541101,36.07,0.040206082375906067
294.28286813613596,-999.80464198705181,1204.97694074833,36.07,0.0400382238935389
294.2643372290247,-1000.668984006454,1203.80821273425,36.090000000000003,0.039807078944596362
294.24580524882731,-1000.7269306598248,1204.1915898551499,36.090000000000003,0.039583042052126136
294.2272715415433,-1000.82019333541,1203.81059692032,36.280000000000001,0.039477073066084487
294.20873364329628,-1001.0465053408302,1202.3519518794999,36.280000000000001,0.039535473213017848
294.19020473646913,-1000.5609686639473,1202.6101592314401,36.049999999999997,0.039612123120126852
294.17168145585214,-1000.2571533189309,1202.6101592314401,36.049999999999997,0.039675100187228148
294.15316535366685,-999.86951800631027,1202.1378519699399,36.119999999999997,0.039701394532603615
294.13465433133319,-999.59520601657766,1203.51066631206,36.119999999999997,0.0395337647460616
294.11613686424681,-999.94322266563836,1200.7221222784699,36.310000000000002,0.039413231932553104
294.09761705332102,-1000.0697899928707,1200.7221222784699,36.310000000000002,0.039261012448438194
294.079098475889,-1000.0031813271124,1203.426266125,36.009999999999998,0.039321549440398521
294.06056985465432,-1000.5455466723455,1203.426266125,36.009999999999998,0.039457006175123793
294.04202533679018,-1001.4039646648959,1203.9882187829301,36.100000000000001,0.039716737549149658
294.02347634235809,-1001.6456993324293,1203.5957817549399,36.100000000000001,0.040015478931364867
294.00491059446915,-1002.5503860038161,1201.0272980960999,35.899999999999999,0.040272551900284878
293.98634671646909,-1002.4494120026701,1197.54757851929,36.259999999999998,0.040406887940462141
293.96779500051849,-1001.7926613317687,1197.85656903464,36.159999999999997,0.040385815210940541
293.94924344081488,-1001.7842239957994,1198.0163095016801,36.159999999999997,0.040209772474581719
293.93070031992607,-1001.3285279966036,1198.0163095016801,36.030000000000001,0.040037193233420372
293.91215656159261,-1001.3629500067276,1198.26211908604,36.030000000000001,0.03999190198677148
293.89361655856783,-1001.1601633370501,1196.4243884592499,36.280000000000001,0.03998912354173062
293.87508253980258,-1000.8370133221636,1196.4243884592499,36.280000000000001,0.040048338066789507
293.85654862970364,-1000.8311453435042,1197.61457414801,35.880000000000003,0.040113981815766822
293.83802165277768,-1000.4567540022518,1196.34165720244,36.240000000000002,0.040166908871735872
293.81949522118504,-1000.4273060026647,1193.6859123332399,35.950000000000003,0.040259859004339413
293.80095465316066,-1001.1906733174334,1193.6859123332399,35.950000000000003,0.040358815128673696
293.78241228560489,-1001.2878480117673,1194.9299806273,36.210000000000001,0.040325208874542384
293.76386236917284,-1001.6954873299305,1196.2369914337401,36.210000000000001,0.04030267190639563
293.74530758708653,-1001.9582326610819,1199.76415631344,36.170000000000002,0.040340740232849996
293.72675957365436,-1001.59272533758,1198.2800004816099,36.170000000000002,0.040405483705112953
293.70821560837027,-1001.3741253392243,1195.7973475214701,36,0.040431477949226004
293.6896862855433,-1000.5834326564294,1194.69466146167,36,0.040494378446279893
293.67117080009882,-999.836214003191,1192.5517550172499,36.210000000000001,0.040609490950561579
293.65266530050616,-999.29697800255383,1191.5253629118599,36.210000000000001,0.040764992843441067
293.63416930453099,-998.78378265831213,1191.5253629118599,36.210000000000001,0.040940411598532268
293.61567453687672,-998.71745333217314,1193.0316916741999,36.210000000000001,0.040824001452774324
293.59717107067917,-999.18717466884254,1197.26982084153,35.960000000000001,0.040714445830228589
293.5786677007037,-999.18197867492643,1198.9130018845799,35.960000000000001,0.040613678805535985
293.56015593227153,-999.63549533484934,1198.9130018845799,36.210000000000001,0.040477137597742532
293.54163658183938,-1000.0449233367126,1196.74410781194,36.210000000000001,0.04054850589019994
293.52311537911123,-1000.1449473215438,1195.6464285428999,36.210000000000001,0.040632539118015835
293.50458147728392,-1000.8306986727149,1196.0438723616401,36.210000000000001,0.040807474615455849
293.48605143319736,-1000.6223806762698,1196.0286135707599,36.009999999999998,0.04092767421207192
293.46753662348158,-999.79972465125115,1198.5193727635601,36.009999999999998,0.040793671377795084
293.44903514513578,-999.07983067354314,1201.9301893627901,36.280000000000001,0.040463024953686803
293.43054129328397,-998.66799999701198,1201.9301893627901,36.280000000000001,0.040209073985487453
293.41205719961738,-998.14105799539607,1202.25515392484,36.119999999999997,0.039965313762011005
293.39356798575301,-998.41754867587395,1199.7832298020401,36.119999999999997,0.040014675916521553
293.37508739386413,-997.95196200085218,1198.6724375095901,36.07,0.040175025865290911
293.35660406595076,-998.0997073228724,1198.6724375095901,36.07,0.04052050204869162
293.33812083634569,-998.09439867197921,1199.1693018876699,36.280000000000001,0.040813995943759632
293.31963757983959,-998.09585133033204,1201.14913000454,36.280000000000001,0.040726643059779612
293.30114188293834,-998.76763266675039,1204.7494893967501,36.119999999999997,0.04054611859109692
293.2826372339506,-999.25104533807325,1204.7494893967501,36.119999999999997,0.04026759311895612
293.26412868788896,-999.46148732908682,1204.1336541335199,36.049999999999997,0.040186586690378612
293.2456158598273,-999.69271532928394,1202.3445609026601,36.049999999999997,0.040228466192151792
293.22710511688888,-999.58011867632399,1208.059454925,36.259999999999998,0.040202294990525592
293.20860205322231,-999.1654379948161,1206.8289764915701,36.259999999999998,0.040168360697139548
293.19010030167914,-999.0945833294727,1204.83055172331,36.020000000000003,0.040164546420245577
293.17161620697544,-998.14111399962064,1204.83055172331,36.020000000000003,0.040035535483945291
293.15313827867908,-997.80812800508511,1203.4973148700401,36.119999999999997,0.039907315120361962
293.13466141517296,-997.75062933055131,1206.7350395602,36.119999999999997,0.039691361086410824
293.11617797654327,-998.10568600193312,1206.7350395602,36.210000000000001,0.039525148976191193
293.09768133175305,-998.81881867039556,1208.1099996697901,36.210000000000001,0.03961094345636483
293.07917806630866,-999.17633399868566,1204.72135600106,35.859999999999999,0.039762031900834133
293.0606682329506,-999.53100133353473,1204.4607644630401,35.859999999999999,0.039921029368850738
293.04214621893834,-1000.188756661968,1204.4607644630401,36.259999999999998,0.039923982701041763
293.02362259374075,-1000.275760670345,1207.5556764073001,36.259999999999998,0.039807428708515349
293.00510368517286,-1000.0210626681182,1209.54074973354,35.93,0.03959932157643347
292.98657980644441,-1000.2894513344866,1211.42401831436,36.039999999999999,0.039365925925120143
292.96806988927159,-999.53552733225888,1213.45701378071,35.880000000000003,0.03902737361791881
292.9495579449262,-999.64499465161464,1213.8256089479501,35.880000000000003,0.038854127953353947
292.93105563459267,-999.12475800998016,1214.69607528401,36.159999999999997,0.038891608516763619
292.91254736690132,-999.44645533353787,1212.4992862342899,36.159999999999997,0.039025906268151403
292.89403418803721,-999.71165866207775,1212.4992862342899,35.880000000000003,0.039213814042274323
292.87551859911122,-999.84180200469518,1210.3704464877201,35.880000000000003,0.03927085962811773
292.85700011895068,-999.99792866945188,1210.75358519001,36.009999999999998,0.039196099258724103
292.83848019730857,-1000.0757686719317,1210.75358519001,36.009999999999998,0.039092186420981376
292.81996021667896,-1000.0789539987684,1210.54926044336,35.899999999999999,0.039053292330321066
292.80143535075302,-1000.342760002668,1211.30290166174,35.899999999999999,0.038995646556405271
292.78290385172841,-1000.7009473266936,1209.58294982707,35.950000000000003,0.039171615831009178
292.7643836041234,-1000.0933706733183,1209.58294982707,35.950000000000003,0.039410764976076415
292.74586566413603,-999.96875931698833,1209.8824035981199,35.979999999999997,0.03959974584329376
292.72735409541991,-999.62471066891715,1209.3721877780199,36.210000000000001,0.039596444829556508
292.70884529583947,-999.47517734470057,1210.62126286283,35.880000000000003,0.039493060779944904
292.69033171443215,-999.73339599562382,1210.97030770425,35.880000000000003,0.039336707237113688
292.67181748317284,-999.76848800093956,1210.97030770425,36.090000000000003,0.039255770126511796
292.65329928240732,-999.98284134019036,1210.97006928564,36.090000000000003,0.039329676782104493
292.6347718698272,-1000.4802793270027,1212.2358336729801,36.170000000000002,0.039453363672202167
292.61624683418518,-1000.3519246680855,1211.0930932871199,36.170000000000002,0.039714148484206971
292.59772077927158,-1000.4069653342391,1209.2956554049999,36.039999999999999,0.039960529857858182
292.57918358366675,-1001.0085626600257,1209.2956554049999,36.039999999999999,0.040074469932536737
292.56065953625921,-1000.2985600066713,1209.4141494529399,36.310000000000002,0.039947274040170525
292.54213492282736,-1000.3291253207672,1209.0579520532999,36.310000000000002,0.039700615322151092
292.52361248661737,-1000.2115553387742,1209.0579520532999,35.890000000000001,0.039492347791999519
292.50510158845685,-999.58850066758851,1207.47771352264,35.890000000000001,0.039543193862438257
292.48658864965432,-999.69869533837641,1206.26440122895,36.25,0.039882741665138444
292.46807444427162,-999.76709066530771,1206.26440122895,36.25,0.040226154437787119
292.44955519834565,-1000.0392800014956,1205.56631154612,36.119999999999997,0.040503613033622009
292.43103704312341,-999.98038200177825,1205.56631154612,36.119999999999997,0.040664310665973147
292.41251674997528,-1000.0958300007381,1207.9493055283201,35.850000000000001,0.040593123484171746
292.39399048809884,-1000.4181413262555,1207.6214799429699,35.850000000000001,0.040430004400582968
292.3754476528149,-1001.31310533449,1203.9700989687601,36.299999999999997,0.040428046554527253
292.35691445155561,-1000.7928680003596,1203.1883243546899,36.299999999999997,0.040556432473665971
292.33838019788897,-1000.8496979987416,1203.19404640127,36.079999999999998,0.040783771420449158
292.31985112238294,-1000.5700773251399,1203.8139347808301,36.079999999999998,0.04103317339649868
292.30132630198767,-1000.3403013457598,1200.1160621781401,35.850000000000001,0.041099198991777275
292.28280593123458,-1000.1000206666106,1198.0234620599099,35.850000000000001,0.041059940644860626
292.26428568362951,-1000.0933706733183,1198.0234620599099,36.280000000000001,0.040904469789920156
292.24576810685193,-999.94914598900255,1199.94797705984,36.280000000000001,0.040628646187480369
292.2272490420246,-1000.0295006745991,1200.9405137229601,36.159999999999997,0.04046654432486893
292.20872817146909,-1000.1270099982974,1202.4125102058099,36.159999999999997,0.040552089410269325
292.19019981722209,-1000.5311293382756,1201.88536666457,35.899999999999999,0.04068216619736291
292.17165249296289,-1001.5555099972155,1200.7097245108801,35.899999999999999,0.040892903796354768
292.15310407698769,-1001.614462660134,1200.7097245108801,36.210000000000001,0.040965174431614855
292.13454980817289,-1001.9305159999471,1200.5146980899201,36.210000000000001,0.04096643584652241
292.11600124318528,-1001.6225093295385,1200.19736292331,36.259999999999998,0.040928046734106431
292.09745187829623,-1001.6657040084837,1200.2357483191199,36.259999999999998,0.040816948233339381
292.07890469062971,-1001.5481339935146,1201.1407853532801,35.920000000000002,0.040606526249795903
292.06036800725929,-1000.9809020031156,1201.1407853532801,35.920000000000002,0.04035458693001704
292.04183743128397,-1000.6511026654481,1201.9030096415299,36.159999999999997,0.040153118055438808
292.02331240909882,-1000.3511979981572,1201.9030096415299,36.159999999999997,0.04007903238072287
292.00479315593833,-1000.0396706680604,1200.59051520711,35.869999999999997,0.040046032521071126
291.98627706617276,-999.86884734060664,1198.0508801997801,36.210000000000001,0.040008360516767399
291.96775492280261,-1000.1957419881121,1199.00455462987,35.890000000000001,0.039942208686749275
291.94924295259244,-999.64639134971071,1199.95441436224,35.890000000000001,0.039839564506825888
291.93072334138265,-1000.0590053269385,1201.7301561510701,36.259999999999998,0.039794517476701881
291.91219859962962,-1000.3360546646709,1201.7301561510701,36.259999999999998,0.039616215769751432
291.89367161546909,-1000.4571446688163,1202.70457300002,36.189999999999998,0.039476953030424144
291.87514109123452,-1000.6483086646961,1202.70457300002,36.189999999999998,0.039470479304998835
291.85661022861728,-1000.6665813317862,1204.82101497901,36.030000000000001,0.039589737232093254
291.83808426476548,-1000.4020479984384,1204.42714743938,35.869999999999997,0.039651122764084383
291.81956475807391,-1000.0533613431937,1203.2805923558001,36.280000000000001,0.039509160235596835
291.80105972620987,-999.27172065784725,1204.0511612953101,36.280000000000001,0.039222132829556125
291.78256509514824,-998.71007732847215,1204.0511612953101,36.090000000000003,0.038898636901206277
291.76406354437046,-999.08374199979619,1201.51677149734,36.090000000000003,0.038668897209054427
291.74556728245676,-998.79814333962941,1202.0184042475701,35.850000000000001,0.03855741789279115
291.72706335472827,-999.21209734021693,1202.0184042475701,35.850000000000001,0.038614956041214739
291.70856088813576,-999.13319599447698,1202.7501109540599,36.280000000000001,0.038834228703578291
291.69005167256785,-999.49764066667103,1202.58607895208,36.280000000000001,0.038977101861612906
291.67153781797543,-999.74814799203364,1204.2986398099199,35.979999999999997,0.038883718144192524
291.65302358671613,-999.76848800093956,1206.0536391799001,35.979999999999997,0.038600274253132311
291.63450691951857,-999.90002866819725,1206.0536391799001,35.850000000000001,0.038269896890718975
291.61599040755573,-999.89164599542903,1207.55186170958,35.850000000000001,0.03812016195373636
291.59747900855547,-999.61554601449166,1208.0801973438499,36.280000000000001,0.038070674563943786
291.57896818179017,-999.58464532357607,1208.0801973438499,36.280000000000001,0.038034277449311024
291.56045289813574,-999.82531733980159,1206.95867621406,36,0.038046258403586372
291.5419507637161,-999.11525866023874,1206.97059714444,35.950000000000003,0.038003767323182155
291.52344797944431,-999.15035067654662,1205.61733312813,35.869999999999997,0.037882465665081397
291.50495508892612,-998.61608798295867,1205.61733312813,35.869999999999997,0.037618333263194817
291.48646562877775,-998.43084801393093,1204.14104511035,36.280000000000001,0.037399972271564719
291.46797177692594,-998.66799999701198,1205.1629072621899,36.280000000000001,0.037214417623443991
291.44946979772834,-999.10687666897434,1207.1415432860299,36.030000000000001,0.037374026661135193
291.4309627448888,-999.38085333684694,1206.5757759303799,36.030000000000001,0.037707101760462235
291.4124522885927,-999.564639988002,1205.26614251925,35.880000000000003,0.038007119046665462
291.39393942119762,-999.69483933484412,1205.26614251925,35.880000000000003,0.038124139731700063
291.37542711985191,-999.66427266873256,1206.83755956144,36.310000000000002,0.038023922177395121
291.35690523518514,-1000.1817720063354,1208.97259819181,36.310000000000002,0.037911159714232034
291.33837864113588,-1000.436078660494,1208.4964762325901,35.939999999999998,0.037990777443630303
291.31985396354327,-1000.332589998215,1207.0921906342701,36.170000000000002,0.038150705186131693
291.30133285290117,-1000.1399746740143,1207.31463519509,35.890000000000001,0.038397590528188398
291.28280941603697,-1000.265590665892,1207.31463519509,35.890000000000001,0.038650238682566229
291.26429132599992,-999.97686200160956,1206.8988331435701,36.159999999999997,0.038743815899437435
291.24577335909885,-999.97021265684498,1205.19557061143,36.159999999999997,0.038735597500435599
291.22725897779009,-999.77659067456887,1200.4753590196799,36.32,0.038660091039476346
291.20873725042003,-1000.1732779846378,1200.4753590196799,36.32,0.038641719149461379
291.19021152043206,-1000.3894193480691,1200.7686139069301,36.210000000000001,0.038810578277281543
291.17168307407417,-1000.5361033268288,1200.6129265562199,36.210000000000001,0.039144846515337575
291.1531503477903,-1000.7672193295687,1201.3710977281401,35.969999999999999,0.039470235089084614
291.1346201743458,-1000.6293660024139,1201.3710977281401,35.969999999999999,0.039707743053687336
291.11609956974081,-1000.112648668452,1201.09548581785,36.090000000000003,0.039776426018584957
291.09758279803708,-999.90567200341422,1202.3033144835599,36.090000000000003,0.039745722382420377
291.0790591407532,-1000.2774933278369,1201.17678656301,36.229999999999997,0.039880322296070012
291.06052232698755,-1000.9879433444764,1202.09946657413,36.229999999999997,0.040216671511921251
291.04198970418503,-1000.7616313390562,1202.1698000633501,35.869999999999997,0.040782852504361256
291.0234493441481,-1001.179441991704,1201.3191224717,35.869999999999997,0.041297259221222946
291.0049070935309,-1001.281533329343,1199.3581294248299,35.950000000000003,0.041760331428489478
290.98637481530869,-1000.743023998634,1195.61948724025,35.950000000000003,0.042014780140570696
290.96785426967926,-1000.1094639901434,1195.61948724025,36.009999999999998,0.042006206800012186
290.94933597785194,-999.9877586759909,1193.2734481422201,36.009999999999998,0.041787508457481026
290.93082328016067,-999.68567532894656,1194.66247494965,35.960000000000001,0.041628678648765897
290.91230886677783,-999.77832267254087,1195.03035486106,35.960000000000001,0.041707766551492886
290.893797779247,-999.59872666527417,1192.9151049751199,35.869999999999997,0.04191093354223021
290.87528362662977,-999.76424133084288,1192.9151049751199,35.869999999999997,0.042222442319668194
290.85676415202465,-1000.0516286747101,1194.7313779272299,35.909999999999997,0.042519575604887123
290.838238474815,-1000.3865693211081,1193.0784217212699,35.909999999999997,0.042871610364398273
290.81972050791353,-999.97021267882906,1189.43300121224,36.07,0.04312666753602961
290.80119576512357,-1000.3361106579035,1189.0164839049,36.07,0.043182976335643504
290.78266794275328,-1000.5024079976251,1194.4657795984499,35.850000000000001,0.043205651976177921
290.76414544859267,-1000.2146846723782,1195.1805585837999,35.850000000000001,0.043297514526606573
290.7456231934691,-1000.2017766713976,1195.1805585837999,35.960000000000001,0.043545879640201492
290.72710465535818,-1000.0010579920639,1191.3808812356999,35.960000000000001,0.043836544381296798
290.70859020369124,-999.78039001435684,1191.9256677538999,36.07,0.044023042748132388
290.69007977946899,-999.56290800102204,1191.9256677538999,36.07,0.043981800680406247
290.67157044592602,-999.50401132034415,1192.8082934389499,36.07,0.043880124063485397
290.65306999409881,-999.02439867031308,1190.62247164517,35.899999999999999,0.043813403080687686
290.6345662743704,-999.20086533298399,1188.9778600904799,35.960000000000001,0.043937285528996513
290.61605757723453,-999.4696453364287,1189.5321833529699,35.960000000000001,0.043986433494878817
290.59754910879025,-999.4572959927026,1189.5321833529699,36,0.04413325338927411
290.57904348501222,-999.30368401106284,1190.94600569558,36,0.044226518117105852
290.56053273586434,-999.58045398719196,1192.2821035721399,35.869999999999997,0.044412750544991421
290.54201636153084,-999.88421400948744,1191.47457974846,35.869999999999997,0.044573511308655875
290.52349578900009,-1000.1109166594881,1190.0459754521801,35.93,0.044636881599182436
290.50498110966674,-999.79268400238595,1189.5805823303001,35.93,0.044610455842651088
290.48646527341975,-999.85515733598481,1193.94268917354,36.009999999999998,0.044595077639704939
290.46794381200004,-1000.1589166657847,1193.94268917354,36.009999999999998,0.044628575229396783
290.44942179177787,-1000.1890919948196,1193.8482754049601,36.119999999999997,0.044738152581695653
290.43089705519759,-1000.3357753360438,1192.4075117596999,35.859999999999999,0.044750701631686873
290.41237982300021,-999.93053865957233,1192.07062626727,35.960000000000001,0.044664886469256697
290.39386142666666,-999.99340201120799,1192.07062626727,35.960000000000001,0.044512006762649457
290.37534569493829,-999.84951333025595,1190.1372897788599,35.93,0.044297789121026443
290.35683580364207,-999.53412999662692,1190.1372897788599,35.93,0.044099356357332926
290.33832020850599,-999.84213734853927,1190.8196438335899,35.890000000000001,0.043807888613404081
290.31979674472854,-1000.2670439837647,1194.46887904035,35.890000000000001,0.043634343900976522
290.30127940906164,-999.9361260125487,1198.3942029946099,36.259999999999998,0.043537316637819692
290.28275787519749,-1000.1628286625496,1200.12989045738,35.969999999999999,0.043473405141869426
290.26423053402465,-1000.4764233344622,1195.8598131966401,35.960000000000001,0.043639097774790039
290.24570737655563,-1000.2505033256384,1197.7023121955799,35.960000000000001,0.043647469323657338
290.22717958108638,-1000.5009553392722,1197.7023121955799,35.869999999999997,0.043615132782984192
290.2086570207037,-1000.2182606657796,1200.50921446195,35.869999999999997,0.043344795705764577
290.1901323948519,-1000.3297959974628,1200.60195930027,35.960000000000001,0.043030004527500679
290.17161089409893,-1000.1610406603529,1202.26731327382,35.960000000000001,0.042653079660405928
290.15309634514836,-999.78564333153702,1202.26731327382,35.899999999999999,0.042289403371140372
290.13458375095058,-999.68008667891445,1202.14118983045,35.899999999999999,0.041939111218913874
290.11607168241983,-999.65170066012354,1202.14118983045,35.920000000000002,0.041805803779687706
290.09756774848165,-999.21243266207694,1200.4934788338501,35.920000000000002,0.041701912677804778
290.07907056353088,-998.84798734135518,1199.79658124406,36.140000000000001,0.041635529038376584
290.06057013758027,-999.023001334681,1198.91896234977,36.039999999999999,0.041434252629187235
290.04206550203696,-999.25031933865694,1201.2197019123701,35.859999999999999,0.041077510562439995
290.02355835193833,-999.38610532399559,1206.19740560024,35.859999999999999,0.040737867561107297
290.00504878453086,-999.51664000368953,1207.93857669098,35.899999999999999,0.040561239128606326
289.98653261818527,-999.87298266177413,1207.93857669098,35.899999999999999,0.040589609294291305
289.96801063004943,-1000.1873593373277,1206.40912132372,36.049999999999997,0.040619191190039719
289.94949479380267,-999.85515732499289,1205.5491454063799,36.049999999999997,0.040556958156761504
289.93097135072838,-1000.2659260097361,1205.5491454063799,35.880000000000003,0.040363108531042212
289.9124427160495,-1000.54627266077,1204.85367832824,35.880000000000003,0.040123907639927861
289.89392557491345,-999.92562134575576,1203.2112125410099,35.950000000000003,0.039830549316079475
289.87541211044447,-999.7270813241912,1204.5032029751801,35.950000000000003,0.039565617014970057
289.85689654739508,-999.84040466906322,1204.5032029751801,36.119999999999997,0.039444940374234426
289.8383790347778,-999.94568133353869,1205.4835802893101,36.119999999999997,0.039496617391605683
289.81985490355567,-1000.3030859944034,1205.5074221500699,35.840000000000003,0.039667565783761891
289.80133846298764,-999.88779067340045,1203.65252538354,35.840000000000003,0.039659413611745416
289.78282642137037,-999.65024733125904,1202.46758490414,35.920000000000002,0.039573688469088722
289.76431327458033,-999.70992666410564,1204.26287701879,35.920000000000002,0.039363675229059578
289.74580481234568,-999.45696067084282,1203.9369587823101,36.170000000000002,0.03917093802376434
289.7272938427779,-999.59235666012864,1202.7229312328,36.170000000000002,0.038966458921604503
289.70876525362968,-1000.5438140038615,1205.1340586106801,35.859999999999999,0.038931228019582792
289.69022896037029,-1000.959836005785,1206.5617092325299,35.859999999999999,0.038993219949106823
289.67168567702464,-1001.3373006654246,1201.0206223750899,35.979999999999997,0.039279879994873389
289.65314091907408,-1001.4169293296209,1201.0206223750899,35.979999999999997,0.039488302755431193
289.63460320296304,-1001.0366699987171,1200.7130623713799,35.979999999999997,0.039381648726357361
289.61606254387664,-1001.1955906642258,1200.1303672945901,36.170000000000002,0.039228484442647885
289.59752782248137,-1000.8749553434482,1199.6561526842299,35.859999999999999,0.039024287838067301
289.57900239154316,-1000.373270664555,1199.6561526842299,35.859999999999999,0.03906695172630225
289.56047435497544,-1000.5139746562063,1197.18399014282,35.93,0.039123620633914953
289.5419465201976,-1000.5030780038089,1196.62299115932,35.93,0.039063914581762706
289.52342427232105,-1000.2013853343212,1198.67219909098,36.119999999999997,0.039038435658345361
289.5048838015681,-1001.1854206597729,1198.4120843901701,36.119999999999997,0.038993796331363531
289.48634302554336,-1001.2019053356585,1198.4120843901701,35.859999999999999,0.039110813906070102
289.46779472649388,-1001.6081486702051,1197.81031582478,35.859999999999999,0.039169221295508136
289.44924102267913,-1001.9000059975798,1200.14109613193,35.979999999999997,0.039192045940296717
289.43068570767883,-1001.9870100169491,1200.6689549289899,35.979999999999997,0.039320165910714751
289.4121239355062,-1002.3356973207216,1200.6689549289899,36.079999999999998,0.039450552103389075
289.39356559887653,-1002.1501780010827,1197.62458772952,36.079999999999998,0.039567025372928791
289.37501744987662,-1001.600045996576,1195.07708490814,35.869999999999997,0.039650847522648025
289.35647196343228,-1001.4562679940418,1195.53365654155,35.869999999999997,0.039661766757288934
289.33793780083943,-1000.8447800144131,1195.53365654155,35.920000000000002,0.039785833400119583
289.31940626974063,-1000.7026793356576,1192.69504460037,35.920000000000002,0.039841219158796931
289.3008702693333,-1000.9440219956031,1191.7480458912901,36.039999999999999,0.039860841086188356
289.28234631195039,-1000.2936986750954,1190.04073024282,36.039999999999999,0.039869090548980766
289.26382929397545,-999.91897064897546,1189.8082721004801,35.859999999999999,0.039852630964160252
289.2453146280987,-999.79195734344978,1191.4113988174699,35.859999999999999,0.039770284450749253
289.22679549807401,-1000.0330213342877,1192.6118365063501,35.899999999999999,0.039703969125360943
289.20826281007402,-1000.7651519987447,1193.3108798636099,35.899999999999999,0.039752381335411674
289.18972899827162,-1000.8258373301469,1193.3108798636099,36.049999999999997,0.039953043057677509
289.17119317274086,-1000.9345786610781,1192.8264132531201,36.049999999999997,0.040193604718528113
289.15265841927175,-1000.876687330428,1192.0205583596901,35.869999999999997,0.040301414617761606
289.13412738177772,-1000.676024677303,1192.0205583596901,35.869999999999997,0.040444987301598644
289.115604172568,-1000.2532973263907,1190.5797947144299,35.909999999999997,0.040350480831480601
289.09708113202475,-1000.2441893357096,1190.28963926907,35.909999999999997,0.040346497874657883
289.07857683383946,-999.23210200527922,1191.6765203090299,36.030000000000001,0.040188321010104645
289.06007506885186,-999.09530932888924,1191.6765203090299,36.030000000000001,0.040146214877576851
289.04158214003718,-998.61815599528632,1190.2469623383199,35.850000000000001,0.04013173385241614
289.02308514341979,-998.83781733690216,1188.3300767338401,35.850000000000001,0.040090139949593796
289.00458267061742,-999.13353132732891,1188.9864431603501,35.93,0.04011730560207203
288.9860809646172,-999.09212401304455,1190.92717062559,35.93,0.04003675137224047
288.96757564714829,-999.28714331996071,1190.92717062559,36.090000000000003,0.039953773631189619
288.94906303949369,-999.68081334884278,1190.6167495985901,36.090000000000003,0.039826705015767093
288.93055331686418,-999.52502199495393,1192.1140184538399,35.880000000000003,0.039597006725175424
288.91205102619756,-999.12369599620774,1193.54429168037,35.880000000000003,0.039322744631984721
288.89354596120995,-999.27350933055561,1193.54429168037,35.969999999999999,0.039133734799430449
288.87505557904939,-998.48063667095187,1193.0202475810299,35.969999999999999,0.038992319679924017
288.85656506650622,-998.48767733080888,1193.4207908416699,36.229999999999997,0.038916665233098773
288.83807862074099,-998.26807132290594,1196.2172026893099,36.229999999999997,0.038879104988295887
288.81959279171616,-998.23476734177063,1196.2172026893099,35.880000000000003,0.038735567483327404
288.80109065108667,-999.11559399309033,1196.0255141288701,35.880000000000003,0.038768938852935718
288.78259119887673,-998.97041933642788,1193.18356432719,36.119999999999997,0.038700882972712868
288.76409248138265,-998.93074467963561,1193.18356432719,36.119999999999997,0.0386549749769197
288.74559347103713,-998.94655865684126,1194.15011336209,36.210000000000001,0.038638109752399105
288.72710170430855,-998.55540334405225,1193.79844591599,36.210000000000001,0.03865347969099197
288.70861724639508,-998.16072732760654,1193.79844591599,36,0.038563807814213709
288.6901229278518,-998.69320133749397,1191.7392244028099,36,0.038501682377522814
288.67163564388898,-998.31333399219466,1195.23253384024,35.840000000000003,0.038343590370372035
288.65314303276557,-998.60100066468885,1199.27682867966,36.259999999999998,0.038183365633882936
288.63464632279016,-998.82233867056391,1198.5475061592499,35.960000000000001,0.03798700661932173
288.61614385619771,-999.13319599447698,1198.5475061592499,35.960000000000001,0.03778005950178949
288.59762837075317,-999.836214003191,1200.2099991095099,36.189999999999998,0.037696185626378692
288.57910613633328,-1000.2006586753849,1202.44374304339,36.189999999999998,0.037683601386119807
288.56058362871624,-1000.2154113203226,1201.02324497977,36.189999999999998,0.037662573153016202
288.54206098450612,-1000.2227873460074,1198.60472662505,36.189999999999998,0.03768903927338179
288.52354755211121,-999.7253493262192,1198.60472662505,35.859999999999999,0.037656253618235623
288.50504392344459,-999.19594799718334,1198.36964587803,35.859999999999999,0.037534790524949901
288.4865398322097,-999.22092668377456,1199.7109889639601,36.259999999999998,0.037270459449638811
288.46804586445683,-998.67425865322798,1200.8089066516,36.259999999999998,0.03694923388264279
288.44955175183946,-998.68208133871019,1200.8089066516,36.07,0.03690266049995071
288.43105913450637,-998.60133598654886,1202.3099902045701,36.07,0.037031533812988369
288.41256237898767,-998.82479800897613,1201.45454424078,35.859999999999999,0.037279125931697944
288.3940534355678,-999.48294467448579,1202.7110103024299,35.859999999999999,0.037470677251557311
288.37554309620987,-999.55832532756142,1205.7868487580799,36.259999999999998,0.037415101089508296
288.35702954687662,-999.73166399765182,1206.4749248594001,36.259999999999998,0.037394586122818298
288.33850772740743,-1000.1782513356549,1205.5398470806899,35.920000000000002,0.037258289131956841
288.31998531085196,-1000.2104939955141,1203.46107524169,35.920000000000002,0.037172126277395551
288.30146005480231,-1000.3638266815026,1205.5257803828499,36.25,0.037090646937078676
288.2829358780495,-1000.3055446513118,1205.5257803828499,35.93,0.037285613110106225
288.26442482985186,-999.59660267070592,1205.94849657398,36.07,0.037564094067509039
288.2459153276298,-999.51311999252891,1202.7291301165999,36.07,0.037828288559522555
288.22741351193838,-999.09804733640863,1203.4014705898101,35.880000000000003,0.03794582457095242
288.20892223260489,-998.52908400755734,1203.4014705898101,35.880000000000003,0.037846964684605022
288.19042733456803,-998.72449399203003,1202.5074008116001,35.979999999999997,0.037747281081412891
288.17192436817288,-999.16018533715567,1202.1054270393199,35.979999999999997,0.037777287256438481
288.15340989682721,-999.78145266566469,1204.2652612048701,35.950000000000003,0.037886691802127954
288.13488701875303,-1000.2354160073687,1204.65364511653,35.950000000000003,0.038122436446452614
288.11636051576551,-1000.4311613246934,1205.52387303399,35.899999999999999,0.038386029714092697
288.0978259113088,-1000.8686406610236,1205.52387303399,35.899999999999999,0.038480866290571569
288.07928048385185,-1001.4530826781969,1204.9294954454299,36,0.038486110667594289
288.06075189469141,-1000.5438146633815,1202.6571276971299,36,0.038422968038016717
288.04221781074057,-1000.8405333443161,1202.6711943949699,35.899999999999999,0.038304551398677764
288.02368433732107,-1000.8075646520647,1200.9762765140899,35.899999999999999,0.038323406548379471
288.00516143958015,-1000.236478010149,1200.9762765140899,35.899999999999999,0.038455738179180486
287.98664326469139,-999.98144399356624,1199.28612700535,35.899999999999999,0.038686025267896558
287.96812291360504,-1000.0989586638304,1196.53429943732,36,0.038925613174400554
287.94960814941993,-999.79726599434287,1198.2959745283099,36,0.039206385199433279
287.93109409407413,-999.75898867318233,1198.2959745283099,35.850000000000001,0.039398606045085535
287.91258227907423,-999.63800999598209,1198.94471155938,35.850000000000001,0.039408962355338042
287.89406484509874,-999.94143467443371,1197.1599098634599,35.909999999999997,0.039452346460588393
287.87553144308657,-1000.8037086595244,1196.75364455624,35.909999999999997,0.039558637262786044
287.85700309503699,-1000.5307946759357,1196.6842647414501,36.020000000000003,0.039704549652414739
287.8384716477654,-1000.6981526664218,1197.0173355361601,36.020000000000003,0.039793295374060858
287.81993508753101,-1000.9742526583509,1201.43761651964,35.859999999999999,0.039766789928401186
287.80139921646912,-1000.9370373399705,1201.43761651964,35.859999999999999,0.039710426290121476
287.78286299461723,-1000.9559800022527,1200.6958962316401,35.850000000000001,0.039759690142185264
287.76432816974068,-1000.8805433339603,1199.47519296112,35.850000000000001,0.039936889788872366
287.74579372153096,-1000.8602033250544,1197.3012920977201,35.960000000000001,0.040096781328417479
287.72725673909883,-1000.9970513351574,1200.90928088537,35.960000000000001,0.040169520720645634
287.70872699511125,-1000.6061753290113,1203.48467868384,35.93,0.040140976708182653
287.69020488279023,-1000.1940653348449,1203.48467868384,35.93,0.039946802169210427
287.67167077917293,-1000.8415953361044,1201.0156155843299,35.869999999999997,0.039871320546500354
287.6531364996419,-1000.8510946748537,1199.6039390091801,35.869999999999997,0.039822501647420946
287.63459499614805,-1001.2411886663665,1199.95203017617,35.979999999999997,0.039851817611343779
287.61605442812345,-1001.1906733284252,1200.1003265500501,35.979999999999997,0.039822279165941644
287.5975115276421,-1001.3166259941787,1201.54967326518,35.890000000000001,0.039658364327316453
287.57896220932105,-1001.6631893363586,1201.54967326518,35.890000000000001,0.039503800998312348
287.56041982832085,-1001.2885740111839,1201.12814916708,35.890000000000001,0.039303073038476279
287.54188642008637,-1000.804044662888,1198.9714144434199,35.890000000000001,0.039100245473074113
287.52335280904953,-1000.8149959894783,1203.73334929149,36.009999999999998,0.038946822489865952
287.50481882856798,-1000.8349460023318,1203.73334929149,36.009999999999998,0.038816483901291429
287.48629059124693,-1000.5248153373549,1206.61201555872,35.859999999999999,0.038693477922456393
287.46775722130872,-1000.8019766615523,1206.3478477415899,35.859999999999999,0.03861407750056374
287.44923367371626,-1000.2715699934809,1200.9829522350999,35.909999999999997,0.038428965753180847
287.4307084249138,-1000.363435333434,1200.9829522350999,35.909999999999997,0.038193000685730102
287.4121947451975,-999.7387046794928,1202.0265104802299,36.100000000000001,0.037833987221938647
287.39368315786425,-999.62571599696082,1204.30674604258,36.100000000000001,0.037509258835265284
287.3751585651234,-1000.3280080062583,1204.4221406486199,35.869999999999997,0.037366095925951193
287.35663863623455,-1000.076159998016,1204.6474462327301,35.869999999999997,0.037472240835036932
287.33812168965437,-999.9151153269471,1204.6474462327301,35.969999999999999,0.037511198055178566
287.3196067371357,-999.80743600978792,1206.9195755624301,35.969999999999999,0.037365770993767602
287.30109869709878,-999.43416199403646,1209.9682342968299,36.210000000000001,0.03701612146055383
287.28258764267906,-999.59693866307748,1212.88671647152,36.210000000000001,0.036759340310426505
287.26407433343218,-999.7186993329268,1213.1175056836,35.909999999999997,0.036559296347143784
287.2455652999754,-999.48780666558162,1211.0995305895201,35.909999999999997,0.036461091504022589
287.22705102939511,-999.77061133598818,1214.19015099885,36.07,0.036299140714399845
287.2085397090371,-999.61129933340294,1214.19015099885,36.07,0.036185536942311532
287.1900342415185,-999.29524600458194,1212.59346158427,36.299999999999997,0.036043197741089286
287.17152814380262,-999.32927665564534,1212.59346158427,36.299999999999997,0.035864105456740097
287.15302541748144,-999.14722134294266,1209.4065200575001,35.890000000000001,0.035607964837960297
287.13452491288899,-999.02724799378609,1209.4065200575001,35.890000000000001,0.035478097070610157
287.11601930256808,-999.3029573301427,1211.17034091596,36.119999999999997,0.035481745791338073
287.09751608988887,-999.17348467521265,1212.0374693915201,36.119999999999997,0.035548040430602286
287.07900925746918,-999.36895066391014,1209.7310077823399,36.259999999999998,0.035602951210230604
287.06050013916052,-999.49238866853034,1209.75484964309,36.259999999999998,0.035612957758803236
287.04200830828387,-998.55886733999625,1209.75484964309,35.93,0.03549151536568694
287.02351303356789,-998.74483466045592,1210.7573998877299,35.93,0.035333954211534263
287.00501712866674,-998.77886466299162,1213.0996242880401,36.119999999999997,0.035223710452523427
286.98651337685192,-999.20259800146766,1213.0996242880401,36.119999999999997,0.035270762947662508
286.96799709254327,-999.87935266691943,1214.0447156482601,35.859999999999999,0.035393882756157811
286.94946850339505,-1000.5438140038615,1213.25936475508,36.25,0.035615054274396839
286.93093420523439,-1000.8521006734093,1212.66784818981,36,0.035760378885103521
286.91239941865439,-1000.8784753216327,1212.4244227915301,36,0.035811057314967878
286.89386806864201,-1000.692900668281,1212.4244227915301,36.259999999999998,0.035710945317420591
286.8753458145556,-1000.201720667173,1213.10510791601,36.259999999999998,0.035644149823742914
286.85682272849368,-1000.2466473440902,1210.41193132543,36.030000000000001,0.03553468423583022
286.83830261127162,-1000.0863299914772,1210.0771916004601,36.030000000000001,0.035484694977917786
286.81978954312353,-999.70567999400873,1211.3117231502199,36.090000000000003,0.035536621385787621
286.80127778711119,-999.63482466914547,1211.3117231502199,36.090000000000003,0.035730147118067039
286.78276209367914,-999.84744532892046,1210.23955467219,36.280000000000001,0.035980332430435497
286.76423985924703,-1000.2006593349048,1210.4271901163099,36.280000000000001,0.036177547242391736
286.74570778177775,-1000.7321833394694,1210.4271901163099,35.950000000000003,0.036233730821786707
286.72717286583963,-1000.8854606587689,1210.89568268009,35.950000000000003,0.036206922189573915
286.70862899161733,-1001.3692080034239,1210.3935730926501,36.189999999999998,0.036299712962037246
286.6900807639754,-1001.6042926666728,1210.05954862351,36.189999999999998,0.036531889603938918
286.67154026734562,-1001.1868180063968,1207.53111929072,36.25,0.036828671073806538
286.65299977072829,-1001.1868173358851,1207.53111929072,36.25,0.037176582131098083
286.63446966869151,-1000.6255099878896,1208.0887804137201,35.950000000000003,0.037476463867862124
286.61594456890123,-1000.3553886750215,1206.71191295527,35.950000000000003,0.037593311728170889
286.59743877024687,-999.31312733459561,1204.12769366833,36.140000000000001,0.037647943112405775
286.57893513433328,-999.19633933425973,1202.56509811462,36.140000000000001,0.037698064826120911
286.56042631508649,-999.47623932549652,1202.47402220655,36.310000000000002,0.037754459512924533
286.54191692359251,-999.50714067593231,1205.17077507624,36.310000000000002,0.038075959316810522
286.52340929851852,-999.41175399478675,1204.2731290189199,35.909999999999997,0.038347077661003863
286.50489909574083,-999.55094999437233,1201.11861242278,35.909999999999997,0.038642315198639796
286.48638227229611,-999.90846601515841,1201.2831212619701,36.189999999999998,0.039048109003256677
286.46785521672831,-1000.4610006613568,1200.3962040419799,36.189999999999998,0.039412334771255664
286.44932111311118,-1000.8415953251123,1200.3962040419799,36.259999999999998,0.03962116729819419
286.4307874441111,-1000.8181260045862,1200.0984192011899,36.259999999999998,0.039757145568368131
286.41225368404923,-1000.8230433403869,1199.98731613008,35.93,0.039967143290140207
286.39372179595051,-1000.7219573307917,1199.98731613008,35.93,0.040313821908853124
286.37519679343211,-1000.3501359953769,1194.8033803466999,36.189999999999998,0.040888392047329816
286.35667817045663,-1000.0056406765165,1194.5196622037499,36.189999999999998,0.041173106682856793
286.33815902077782,-1000.034082655564,1193.6394207047699,36.280000000000001,0.041256930891539909
286.31965265091355,-999.34397266981466,1194.1811077810701,36.280000000000001,0.041137873715764543
286.3011521980618,-999.02445399303406,1192.5100317609299,35.920000000000002,0.041010804057730749
286.28265007606194,-999.11458799453487,1192.5100317609299,35.920000000000002,0.040957823187590704
286.26413901543214,-999.59727400692145,1190.99297416126,36.159999999999997,0.040974801197328305
286.24561858053079,-1000.1034846735465,1194.0027706626399,36.159999999999997,0.04107256730873185
286.22709250595068,-1000.4080273260271,1194.0027706626399,36.32,0.041304635298814493
286.20856478809878,-1000.4967640028882,1193.74980852006,36.32,0.04151345231054928
286.1900357705432,-1000.5669480025279,1188.29216817524,36,0.041764807996406764
286.17150892917294,-1000.4494339917836,1187.81962249513,36,0.041791783236556884
286.15298879333329,-1000.087335341505,1191.0292137896099,36.049999999999997,0.041710212826120148
286.13446808419752,-1000.118293333701,1191.0292137896099,36.049999999999997,0.041726361961934424
286.11595678350619,-999.61023733062268,1191.1565293260301,36.280000000000001,0.041694881183034091
286.09745067233348,-999.33000332557367,1191.1565293260301,36.280000000000001,0.041740940265861295
286.07894903772853,-999.08826866903212,1190.15278698835,36.020000000000003,0.041730890261039273
286.06045297760505,-998.78724666524818,1190.86470495042,36.020000000000003,0.041648629644385114
286.04194779570372,-999.27982267195637,1190.2371871754201,36.140000000000001,0.041607593495641491
286.02344242545678,-999.28999333592935,1190.2371871754201,36.140000000000001,0.041496505342821823
286.00493953045668,-999.15633000413516,1189.9324881949999,35.859999999999999,0.041380092092638952
285.9864269497038,-999.67936065751394,1187.20211830164,36.280000000000001,0.041378054565597136
285.96790980133341,-999.92601200132844,1189.6177756330701,35.939999999999998,0.041354852216047469
285.94939206209881,-999.95791866881552,1191.6221608665201,35.939999999999998,0.041189999830510159
285.93086425318529,-1000.5016813276968,1191.6221608665201,36.25,0.040916277924151444
285.91234001123451,-1000.3090653439762,1193.60771102997,36.25,0.040788522204900861
285.89381218266652,-1000.5027426709571,1192.6380625531699,36.119999999999997,0.040873649222927272
285.87528582869163,-1000.4231146442967,1192.6380625531699,36.119999999999997,0.040946488997735835
285.85676697186426,-1000.018268678358,1192.8864947422101,35.869999999999997,0.041150552115097994
285.83825170165426,-999.82459134038504,1195.14717997875,35.869999999999997,0.041167045845335794
285.81973467643206,-999.91936199704389,1192.69933613531,36.280000000000001,0.041072390347351148
285.80123018370369,-999.24260733159235,1194.06356740756,36.280000000000001,0.040829499355729146
285.78271949974078,-999.57693399801519,1194.06356740756,36,0.040297756598618478
285.76420593075301,-999.73272534091222,1194.6577065775,36,0.039964532486284385
285.74568612501236,-1000.0695099937317,1194.1725247111899,35.869999999999997,0.039838626977012431
285.72715832334586,-1000.5012899906203,1193.48874014482,35.869999999999997,0.040088515313509619
285.70863373577777,-1000.3277286776312,1193.48874014482,36.259999999999998,0.040312558411572809
285.6901166070619,-999.92495065806804,1191.7087068210501,36.259999999999998,0.040394361657542885
285.67161329090118,-999.17907267671706,1194.6491235076301,35.920000000000002,0.040159011268262768
285.65311493041963,-998.91146600299771,1198.6941336028699,35.920000000000002,0.039748971659881178
285.63461664133337,-998.90761065898539,1198.6941336028699,35.840000000000003,0.039382278916067728
285.61610558070362,-999.59727400692145,1201.3951780074999,35.840000000000003,0.039195492865872976
285.59759946954313,-999.33000266605393,1202.0186426661801,36.259999999999998,0.039210706536333677
285.57909136430879,-999.43768265372489,1200.9619713976299,36.259999999999998,0.039399575650563956
285.56058218702481,-999.4955733358471,1201.0578156778599,35.859999999999999,0.039533190434778542
285.54207589477789,-999.33978133343055,1200.5263806016901,35.859999999999999,0.039300061761362512
285.5235628328395,-999.70534467214907,1199.9603748274301,35.93,0.038842026969932032
285.50505121962965,-999.62711333259278,1202.5572303005699,35.93,0.03830542994971009
285.48653479872837,-999.88672867062041,1202.5572303005699,36.100000000000001,0.037923928140870526
285.4680210745185,-999.74110733217651,1203.27725449529,36.100000000000001,0.037822535050909087
285.44950977381501,-999.61023799014254,1203.787708734,35.850000000000001,0.037932959904495051
285.43100095975319,-999.47595933734954,1203.86853264195,35.850000000000001,0.038072497886276473
285.41249475234576,-999.3352000009935,1200.92072497853,36.310000000000002,0.038072552743669393
285.39399957491366,-998.73958133228371,1201.2709619129901,35.950000000000003,0.037784388085876336
285.3755005190369,-998.94901734672578,1203.6656384069499,36.039999999999999,0.037432376082445158
285.35699703317277,-999.18823666063054,1203.6656384069499,36.039999999999999,0.037192250076570829
285.33848308750618,-999.75306599834596,1204.0544991558199,35.829999999999998,0.037206832533233446
285.31995484398766,-1000.5251499996949,1202.8943542116101,35.829999999999998,0.037466969541870503
285.30142218185182,-1000.7637553336244,1203.48944705599,35.920000000000002,0.037752228477475454
285.28289428187657,-1000.5065986634975,1202.96516453805,35.920000000000002,0.037810353352846243
285.2643669738149,-1000.4746353322657,1202.96516453805,36.07,0.037594552464485904
285.24584160082708,-1000.3701413419431,1200.8413315822299,36.07,0.037328620542418318
285.22731822191349,-1000.262461332288,1200.06432534031,35.859999999999999,0.037160774485893069
285.20878827613586,-1000.6170719924006,1201.51987093924,35.859999999999999,0.037268805833358155
285.1902710822344,-999.92847068022058,1201.51987093924,36,0.037469110555103435
285.17175690995066,-999.76530332263087,1201.50294321811,36,0.037651725318723663
285.15324382835814,-999.70640599342528,1202.0231726197201,35.890000000000001,0.03785764074126121
285.13473994616055,-999.20963867231671,1200.0817298986599,35.890000000000001,0.037752189158898705
285.11621567730862,-1000.3105180023289,1200.0817298986599,35.920000000000002,0.037747087580740739
285.09767522620979,-1001.1843593384966,1198.7749575108201,35.920000000000002,0.037618441929466284
285.07912256237023,-1001.8438473354136,1200.46057706601,36.020000000000003,0.037724213269224476
285.06055726151868,-1002.5262459846102,1202.4938109509701,36.020000000000003,0.038084523340633815
285.04198478948155,-1002.9134900041225,1197.7516648473299,35.840000000000003,0.038506235517726611
285.02341184248144,-1002.9391380044017,1197.7516648473299,35.840000000000003,0.038764137358127282
285.00484617944443,-1002.5458040008672,1194.6968072291399,36.310000000000002,0.038764974515130987
284.98629843195079,-1001.5783646562627,1196.7410083700399,35.939999999999998,0.038421421008688103
284.96776469155566,-1000.8219813376066,1198.8333700696701,36.100000000000001,0.038102500963798025
284.94923835827154,-1000.4219973407797,1198.03156829257,36.100000000000001,0.037941800227836185
284.93072015025939,-999.9832326552829,1196.56696278655,35.829999999999998,0.038147645280016178
284.9121923744691,-1000.4998926769722,1195.6247324496201,35.829999999999998,0.038491468880180395
284.89366574730866,-1000.4378666626906,1197.9164121051299,36,0.038675474410696631
284.87513821158012,-1000.4869293422789,1197.9164121051299,36,0.03861152980929413
284.85659985285184,-1001.0713713264763,1196.80919609179,36.259999999999998,0.038304604177565475
284.83806232507419,-1001.026499994264,1195.60089058887,36.259999999999998,0.038055353285293102
284.81952208818512,-1001.1727920094036,1198.0749604791399,35.920000000000002,0.038148697674162513
284.80096891729636,-1001.8712279931847,1198.0749604791399,35.920000000000002,0.038424709603097205
284.78242352812345,-1001.4510153363813,1197.38640754061,36.159999999999997,0.038810957015901017
284.76388677333313,-1000.9847586771596,1197.1320148863799,36.159999999999997,0.039102739346305183
284.7453598740247,-1000.4525626548757,1197.1320148863799,36.189999999999998,0.039082917694735757
284.72684581246904,-999.75932400603426,1194.7239869504001,36.189999999999998,0.038810200570281346
284.70833212033341,-999.73937532321258,1193.2019225599699,36.07,0.038266713835968864
284.68981756414826,-999.78603399810163,1197.92022680285,36.07,0.037907822471279856
284.67130582676526,-999.63381868158206,1197.92022680285,36.280000000000001,0.037963111984235208
284.65279312907421,-999.68567531795452,1196.6616149737399,36.280000000000001,0.038339550505334732
284.63427697514817,-999.87231200706242,1192.66500385582,36.07,0.03879479857129018
284.61576202883953,-999.80710066594384,1195.08614481522,36.07,0.038642743609890055
284.59724572487659,-999.88041399918779,1195.08614481522,36.049999999999997,0.038107316932827373
284.57872865514821,-999.92176533123143,1199.10016049149,36.049999999999997,0.037439802871207656
284.56020627687644,-1000.2084266756821,1196.3938708774899,36.310000000000002,0.037016649222968788
284.54167825997524,-1000.5129126644181,1194.85821662643,36.310000000000002,0.037049577674129933
284.52315364137041,-1000.3294046603864,1196.31566957422,36.049999999999997,0.037320003739096642
284.50462733291363,-1000.4206566688922,1197.75452587062,36.049999999999997,0.037796135165874628
284.48611094512364,-999.88494065743168,1197.8065011270601,36.07,0.038071406185766717
284.46761353355538,-998.86022468762405,1197.8065011270601,36.07,0.037916568624147315
284.4491251061358,-998.37508065586519,1196.3533397142101,36.280000000000001,0.037364664793592496
284.43063972517308,-998.21057198885194,1196.4336867849499,36.280000000000001,0.036878446126195612
284.41214417832111,-998.75953000411346,1199.2668150981399,36.189999999999998,0.036659298668377215
284.39363457883962,-999.51837200166153,1200.38332943718,36.189999999999998,0.036869443329740022
284.37513206050619,-999.13599000622128,1199.57771296235,36.020000000000003,0.037179879013269357
284.35662345546922,-999.46467199640358,1199.07488811909,36.020000000000003,0.037467400030404635
284.33811780582727,-999.30508066519099,1200.2493381797501,36.280000000000001,0.037526408622232117
284.31962070572837,-998.84340533840634,1201.3761045189001,36.280000000000001,0.037128268221051454
284.30111907112342,-999.08826866903212,1201.3761045189001,36.07,0.036675905185867566
284.28261248601245,-999.35559599214014,1204.8176771184999,36.07,0.036279286986961902
284.26410776562966,-999.25490067109365,1204.2449956232299,36.090000000000003,0.036247847599851078
284.24560474749399,-999.162979326916,1205.3562647529,36.090000000000003,0.03649013530548955
284.22710721898773,-998.86653933707271,1205.3562647529,36.280000000000001,0.036690807381605871
284.20861608969136,-998.52098200443993,1206.6871174200901,36.280000000000001,0.036610740558090139
284.19011695621003,-998.95320799061392,1206.8830975154799,35.960000000000001,0.03640758494936213
284.17161941424695,-998.86726600700092,1206.0326583424401,35.960000000000001,0.036119605522391941
284.15311165360498,-999.41907466477471,1206.0326583424401,36.210000000000001,0.036001436214384119
284.13459259498757,-1000.0291653417472,1206.45346718472,36.210000000000001,0.036133030021840346
284.11607308830867,-1000.0533606616899,1208.1028471115601,36.210000000000001,0.036264066060765418
284.09755415386434,-1000.0224599927582,1207.1689614259001,36.210000000000001,0.036377933705104774
284.07904823207417,-999.31977666836826,1206.8432816080201,36.009999999999998,0.036319281075257684
284.06054963046915,-998.92448667194731,1208.4449778133601,35.840000000000003,0.035913170630290495
284.04205060150628,-998.94756399587698,1209.3957912201599,36.280000000000001,0.035503967143222223
284.02354676483952,-999.20718000441639,1210.3523266735499,36.280000000000001,0.035283386499780807
284.00504328517286,-999.18790199829039,1210.7943547718901,36.039999999999999,0.035348942296497848
283.98652749446899,-999.85269800856486,1210.7943547718901,36.039999999999999,0.035703160490411605
283.96801335427148,-999.76357066513913,1212.1428504160499,35.869999999999997,0.035923377917968839
283.94949777776543,-999.84113132799962,1212.9525200072001,35.869999999999997,0.036041515154179256
283.9309891333952,-999.46679599097183,1212.4382510707701,36.240000000000002,0.035914422744136601
283.91247744258021,-999.63130400945715,1211.1255182177399,36.240000000000002,0.035653835579229486
283.89395703354324,-1000.1020879974344,1211.2020505907601,35.880000000000003,0.035524090966213499
283.8754327584939,-1000.3108526646689,1211.2020505907601,35.880000000000003,0.035607257025617046
283.85691219940742,-1000.1101906710637,1209.79275820169,35.950000000000003,0.035990467292049307
283.83840111912355,-999.59833532819778,1209.4580184767301,35.950000000000003,0.036384734425952213
283.81990132956798,-998.98863599929359,1212.9837528447799,36,0.03650686600140178
283.80141044035798,-998.50801733971514,1214.83984170435,36,0.036233859131367445
283.78291573065451,-998.71432398757702,1214.83984170435,35.899999999999999,0.03588093754486802
283.76442072292605,-998.7304173373783,1212.8690734945601,35.899999999999999,0.035706345613285589
283.74590731639512,-999.72395267209095,1211.6583838055601,36.119999999999997,0.035933121624484816
283.72738675732103,-1000.1101900005518,1211.21993198632,36.119999999999997,0.036235781798351054
283.70886777734563,-1000.0249186716505,1211.21993198632,35.850000000000001,0.036564020233975328
283.69033867596301,-1000.5714746607717,1212.69788893436,35.850000000000001,0.036714625446441433
283.67180641016074,-1000.7423533219383,1211.9175448319399,36.25,0.036667564678603291
283.65327537266671,-1000.676024677303,1208.5889826523,36,0.036592453512857184
283.63474441277782,-1000.6718340004387,1208.5889826523,36.259999999999998,0.036600664681771228
283.61621959859258,-1000.339966001916,1210.7452405387401,36.259999999999998,0.036860725116696878
283.59770041062967,-1000.0361499973798,1207.9535970632501,35.899999999999999,0.037360497639601732
283.57918393798764,-999.88952267137245,1207.9535970632501,35.899999999999999,0.037892423561854065
283.56068804653091,-998.77813866357519,1205.95302652753,36.090000000000003,0.0380384849585867
283.54219691620983,-998.52103733815261,1204.83055172331,36.090000000000003,0.037803605409461628
283.5236963929753,-999.02825466285356,1206.9276817950799,36.299999999999997,0.0374072955741361
283.50519078887669,-999.30262132677888,1206.9276817950799,36.299999999999997,0.037074237022649843
283.4866694567902,-1000.151932669672,1203.42173617145,35.909999999999997,0.037207601389224812
283.46813665909883,-1000.7710753331007,1203.42173617145,35.909999999999997,0.037592321430665265
283.44959090670358,-1001.4706293458707,1202.8032783035401,36.229999999999997,0.038077922335822148
283.43105077433353,-1001.1671479816906,1202.8018477918899,36.229999999999997,0.038392779726008297
283.41252011971619,-1000.6553493355451,1203.37739031045,36.119999999999997,0.038229527153369094
283.39399245981491,-1000.4936346692842,1202.52027541641,36.119999999999997,0.037758262414526518
283.37545571228378,-1000.9843666805632,1199.92890357124,36.07,0.037349394205553665
283.35693041690132,-1000.3659506540866,1200.19426348141,36.07,0.037225038848151697
283.33840456998763,-1000.3957333379977,1200.4357815308299,36.259999999999998,0.037567520301668759
283.31988814907413,-999.88672933014016,1200.9941579096501,36.259999999999998,0.038165443895252699
283.30137182027153,-999.88175534158722,1198.7639902548799,35.899999999999999,0.0386787019679714
283.28285045507408,-1000.1537206608766,1198.05302596724,35.899999999999999,0.038701542145469489
283.26432426460491,-1000.4142853337153,1198.05302596724,36.229999999999997,0.03830030560448016
283.24578511218505,-1001.1142306725696,1199.97563361831,36.229999999999997,0.03776467715445337
283.22722770583948,-1002.0999426622805,1196.98181116364,36.170000000000002,0.037393399209834269
283.20866175513595,-1002.5613379899261,1197.69873591646,36.170000000000002,0.037479516533508513
283.19009713724688,-1002.4893660100738,1197.69873591646,35.969999999999999,0.037853057602472769
283.17152913453089,-1002.6721466626734,1198.1147763865899,35.840000000000003,0.03832930905860088
283.15297641170383,-1001.8470326622502,1196.39005617977,36.259999999999998,0.038476965085505049
283.13443778600009,-1001.0857880010262,1196.39005617977,36.259999999999998,0.038208024989323734
283.11591957902471,-999.98317667304229,1196.0765357108801,35.979999999999997,0.037677183544821365
283.09740463375294,-999.80704467271153,1196.80705032433,35.979999999999997,0.037179457846355769
283.07888491286423,-1000.0649279907828,1198.3756063432199,35.890000000000001,0.036954477225196458
283.06036563382713,-1000.0410680036923,1198.3756063432199,35.890000000000001,0.037232723302350938
283.04184718575323,-999.99619598997617,1197.7609631730299,36.229999999999997,0.037630921636241009
283.02332434700008,-1000.2332926723202,1197.1711155380101,36.229999999999997,0.037952541479451346
283.004797901963,-1000.4280320020813,1197.0573898622299,35.890000000000001,0.037830844516366785
282.98626967085198,-1000.5244799935111,1196.51308018125,35.890000000000001,0.037287731337336531
282.96773352039497,-1000.9521246802242,1196.8595024179799,35.93,0.036816659074467718
282.94920519822239,-1000.5293973183198,1197.80793163871,35.93,0.036526602796993636
282.93067588885185,-1000.5827060084853,1198.23613145782,36.140000000000001,0.036637937237718951
282.9121607800742,-999.81587399428474,1198.64144309061,36.140000000000001,0.036897260905142198
282.89365550813579,-999.28468467404434,1199.38220970419,35.880000000000003,0.037017750243674201
282.87515563993821,-998.99288266939038,1199.6616363122,35.880000000000003,0.036887748991344747
282.85666117134559,-998.70130400013124,1199.9472618040199,35.960000000000001,0.036527461683750484
282.8381592252594,-999.10508865578549,1201.1393548416299,35.960000000000001,0.036056215569829006
282.81965408266666,-999.27770000741998,1201.1393548416299,36.009999999999998,0.035752954172810672
282.80114699672833,-999.38264066853185,1201.4905454505099,36.009999999999998,0.035702590311101637
282.78263790429628,-999.49099133289837,1200.9407521415701,35.859999999999999,0.035910886813307473
282.7641211719137,-999.90354865737379,1199.54552645034,35.859999999999999,0.036033616505855771
282.74561000781489,-999.60286133791385,1200.8553982800699,35.969999999999999,0.035945421284384577
282.72710237651859,-999.41208999815035,1200.3280163202301,35.969999999999999,0.035687312490735902
282.70860378216054,-998.92409533487091,1199.1065977938899,35.869999999999997,0.035352440968935445
282.69010455140739,-998.95846067025832,1199.1065977938899,35.869999999999997,0.035160195291954903
282.67160509919745,-998.97041933642788,1201.67269726666,35.960000000000001,0.035094486342115511
282.65311120906176,-998.6700673278358,1204.60977609274,35.960000000000001,0.035082559197532927
282.63462192379012,-998.4214046684142,1208.08043576246,36.159999999999997,0.035114642229372633
282.61613601093848,-998.23929398902271,1207.3327550092599,36.159999999999997,0.03507780636103823
282.59764634280253,-998.44207933966038,1207.3327550092599,35.82,0.034876249516897509
282.57915013987662,-998.79495800180086,1206.5066345342,35.82,0.034635127002632153
282.56063914961743,-999.5934739966217,1207.9240331559199,35.960000000000001,0.034556983862045525
282.54212652333342,-999.68181933640631,1207.9240331559199,35.960000000000001,0.034664543346082065
282.52360718532094,-1000.0442526710091,1207.20973100778,36.189999999999998,0.034922564188488249
282.50509516956788,-999.64885066613886,1206.28538206641,36.189999999999998,0.035025573651401909
282.48658266022227,-999.67550466497369,1206.4501293242099,35.909999999999997,0.034988009267094382
282.46806857797515,-999.76044134252697,1208.00438022666,35.909999999999997,0.034848752734377833
282.44955043618512,-999.97965666188156,1208.1467161353501,36.009999999999998,0.034855712834296143
282.43103424914813,-999.87409999826696,1208.1467161353501,36.009999999999998,0.0349478899612259
282.41251871921003,-999.83861665587472,1205.0997263311999,36.210000000000001,0.035200007259348742
282.39400653375316,-999.65801467203642,1206.6360958380801,36.210000000000001,0.035382982136056673
282.37549583013572,-999.57799534127571,1206.6360958380801,35.869999999999997,0.035533126863643107
282.35697659664191,-1000.0386086652801,1207.65295119917,35.869999999999997,0.035508489237548339
282.33844783881477,-1000.5529226650543,1205.9961802954899,36,0.035322888034656406
282.31990707003706,-1001.2015139985821,1207.56163687249,36,0.03520797110242764
282.30135690628407,-1001.7088426612202,1207.56163687249,35.909999999999997,0.035241672555395016
282.28280428797518,-1001.8413886785054,1208.83741484134,36.210000000000001,0.035568010054195937
282.26425908092585,-1001.4411806647799,1207.23810282208,35.899999999999999,0.036014089773636397
282.24571978672839,-1001.1218866644175,1205.0084120045201,35.899999999999999,0.036289971331176701
282.22719916866674,-1000.1133753273884,1202.00600647998,36.020000000000003,0.036285409912574285
282.20868575593835,-999.72428733443098,1202.9699329102,36.020000000000003,0.036016486381128865
282.19017869688912,-999.38118865870661,1203.92193841004,36.189999999999998,0.035738107860181459
282.17166675875313,-999.64465934074678,1203.92193841004,36.189999999999998,0.035745485996329769
282.15315325496294,-999.72920467023164,1204.4364457650699,35.859999999999999,0.035997672626473555
282.13463194979016,-1000.1504793298153,1203.87830780486,35.859999999999999,0.036603833239298653
282.11610935732102,-1000.2199933342633,1202.6800158834501,35.960000000000001,0.037121510958285399
282.09758558311125,-1000.2838073287577,1203.7483696637601,35.960000000000001,0.037365276358178205
282.07905195964207,-1000.815667336686,1203.7483696637601,36.140000000000001,0.037501209097465099
282.06050857797544,-1001.3426099978216,1201.6884328947599,36.140000000000001,0.037467359674101947
282.04196643808649,-1001.2755540017541,1199.8955249661799,35.909999999999997,0.037567300932960158
282.02342632537034,-1001.1660866714064,1199.8955249661799,35.909999999999997,0.037756913029038691
282.00489074612364,-1000.9212793230212,1199.86619947746,36,0.038111725205838984
281.98636977104928,-1000.1326540150183,1198.5053060657201,36,0.038580176320161481
281.96786445358021,-999.28714333095263,1193.9162247081099,36.189999999999998,0.038818057839232208
281.9493617727901,-999.14476266405029,1193.2820312121,36.189999999999998,0.038809389289252753
281.93085873499996,-999.16404067017618,1193.2820312121,35.859999999999999,0.038576107469635253
281.9123468103088,-999.64393331934627,1194.27790573572,35.859999999999999,0.038352047820677949
281.8938314811233,-999.82777601869384,1195.3500742137501,36,0.038419981586124578
281.87530856993834,-1000.2372039875814,1193.8740246145801,36,0.038745529531003818
281.85677742171606,-1000.6820040048918,1193.8740246145801,35.869999999999997,0.039076129393420006
281.83823696440749,-1001.1846946603564,1194.6286195073901,36.280000000000001,0.03947110743208132
281.81969603316048,-1001.210287337915,1194.4722169008501,35.909999999999997,0.039585681849002435
281.80115539995074,-1001.1941933285939,1190.5848015051799,35.909999999999997,0.039752848028734085
281.78261769624697,-1001.0360000035254,1190.5848015051799,36.039999999999999,0.039897303412471642
281.76409273304932,-1000.3480126713206,1190.4262531311799,36.039999999999999,0.04001569106001146
281.74557618279016,-999.89371399676463,1191.1210049535,36.280000000000001,0.040180064329234218
281.72706932450626,-999.37034732903021,1190.51756745786,36.280000000000001,0.040242628503138762
281.70857508977775,-998.68867533876983,1192.0258035690499,35.920000000000002,0.040218892191687845
281.69007827528395,-998.82798266530085,1190.12942196481,35.920000000000002,0.040141576895440817
281.67157124211133,-999.37979132307476,1187.4612793280201,36.170000000000002,0.040028463627986587
281.65305682250602,-999.77865868689651,1187.4612793280201,36.170000000000002,0.04008232823331042
281.63453221011105,-1000.3290693275346,1185.91513465823,35.899999999999999,0.040371104448361186
281.61600776637039,-1000.3199619963734,1188.1250367313701,36.229999999999997,0.040608163309075775
281.59747761881471,-1000.6279680072622,1189.2334448377401,36,0.040897277904814879
281.57895420781466,-1000.264194000772,1188.78569469281,36,0.041045629314556388
281.56042997207413,-1000.3087299891404,1188.78569469281,35.909999999999997,0.041074022245277779
281.5419016633582,-1000.5286706593836,1187.55831570128,36.210000000000001,0.040947651081223578
281.52337623862945,-1000.3729353536871,1188.6362062259,36.259999999999998,0.040772379279971988
281.50485833692602,-999.96669198616462,1191.7883386359599,36.259999999999998,0.040638534773401867
281.48634882850627,-999.51345466586088,1193.2641498165301,35.969999999999999,0.040634011643181818
281.46784139900006,-999.40119333476093,1192.53387362169,35.969999999999999,0.040796640229260953
281.44933192887646,-999.51138667551731,1191.2549962109299,36.210000000000001,0.040945802913110167
281.43081166885185,-1000.0940413280299,1192.1812525011601,36.210000000000001,0.040939877637648794
281.41228556943207,-1000.4093686684264,1193.28823009589,35.880000000000003,0.040752875307496592
281.39375293317283,-1000.7623579979926,1193.28823009589,36.210000000000001,0.040588000166489974
281.37521986849384,-1000.7854926671706,1192.06347370904,36.049999999999997,0.040522208435514219
281.35669632090116,-1000.2715700044727,1190.72046169287,36.049999999999997,0.040682850198394488
281.33817606087655,-1000.0940413280299,1191.6784276578901,36.259999999999998,0.040774825552767249
281.31966085587658,-999.8210699991929,1191.6784276578901,36.259999999999998,0.040849759752857998
281.30115218564197,-999.46819266708394,1196.20861961944,36.119999999999997,0.040869376517471287
281.28264199528405,-999.55027932866847,1200.52733427612,36.119999999999997,0.040838377965417096
281.2641360072592,-999.32335334327331,1199.4139193789899,36.049999999999997,0.040893450180230384
281.24562838943217,-999.41136265771013,1196.9827648380699,36.049999999999997,0.04091863623715488
281.22712394222231,-999.24014933420358,1197.2722050276,36.299999999999997,0.040849037477285827
281.20862390535819,-999.00199066007156,1199.1926669111999,36.299999999999997,0.040604875731019278
281.19011703464196,-999.37101867623778,1200.6913662781001,35.939999999999998,0.04042680789732811
281.17160542867913,-999.62672199551639,1200.6281853471,35.979999999999997,0.040191365410176413
281.15309009949397,-999.82777599670999,1197.0471378621,36.159999999999997,0.040027623375514396
281.13456764361729,-1000.2126173415545,1199.8206615234201,36.159999999999997,0.039916773222227545
281.1160425045062,-1000.3575119990779,1199.8206615234201,35.859999999999999,0.039876248273402096
281.09753442514807,-999.43628534007689,1200.6408215332999,36.32,0.039971633291499137
281.07903546756779,-998.94370933336847,1199.7767924996399,35.939999999999998,0.03995044054178741
281.06054570835806,-998.44699732398885,1200.01735687463,35.939999999999998,0.039880570651285314
281.04205474775301,-998.51187267273542,1200.01735687463,36.25,0.039624818076461094
281.023554256605,-999.02652199436955,1200.9178639552399,36.25,0.039375830024413368
281.00504714477768,-999.38403867467537,1204.23879673943,36.07,0.039248881451572078
280.9865294707285,-999.95439865765513,1206.4448841148501,36.07,0.039258558930899141
280.9680079110002,-1000.1642253276697,1205.28402391482,36.090000000000003,0.039342362429235063
280.94948913281485,-1000.014022008261,1205.0971037265199,35.859999999999999,0.039348701634601344
280.93096931465431,-1000.0701806704275,1204.8663145144401,36.259999999999998,0.039057768875033025
280.9124399721606,-1000.5844946592097,1201.5689851723901,36.259999999999998,0.038788933308671877
280.8939151517655,-1000.3403013347677,1201.5689851723901,36,0.03836084571389297
280.87539681440751,-999.99021733289919,1203.17711868013,35.890000000000001,0.038023672791985437
280.8568844416543,-999.66812867226486,1204.4660096724001,35.890000000000001,0.037915647645024426
280.83838301503704,-999.07703733231085,1201.6440870337599,35.890000000000001,0.037927434052352348
280.81988152323459,-999.08055733247954,1198.94471155938,36.159999999999997,0.038189234004997276
280.80138442313574,-998.84340533840634,1198.94471155938,36.159999999999997,0.038190994203751757
280.78288897354321,-998.75427799498073,1200.1022338989101,35.859999999999999,0.037954650406230875
280.76438012739516,-999.47769199484139,1202.4122717872001,35.859999999999999,0.037597425074300889
280.74586129023453,-1000.0172066755779,1204.2380814836099,36.259999999999998,0.037358987864797098
280.72733035620979,-1000.6704373353185,1204.8498636305201,35.93,0.037430037439620319
280.70878240176535,-1001.5895399997513,1203.32136193769,36.039999999999999,0.037660348334152077
280.69023679217275,-1001.4629179983261,1203.65967794176,36.039999999999999,0.037781696566565368
280.67168738279014,-1001.6681066611674,1202.4799826717399,36.140000000000001,0.037896031929129069
280.6531421177902,-1001.4443099983839,1202.4799826717399,35.909999999999997,0.037865909849194884
280.63459828909879,-1001.3667493355235,1198.74634727792,35.979999999999997,0.037645339550647514
280.61604421482707,-1001.920010673634,1200.6479740915299,35.979999999999997,0.037464183852492963
280.59750087249364,-1001.3404860032533,1200.6479740915299,35.869999999999997,0.037223345905762734
280.57896348751854,-1001.0187886577113,1201.23543754046,35.869999999999997,0.037379887780788414
280.56043614012339,-1000.4767593378259,1197.06048930412,35.93,0.037546927736161868
280.5419163281727,-1000.0698453375755,1197.06048930412,35.93,0.03759847332670347
280.52339990106191,-999.88706398148827,1197.6186272643399,36.049999999999997,0.037416047927507634
280.50486815575312,-1000.7142466757427,1199.0357874674501,36.090000000000003,0.037119105046271042
280.48632771087654,-1001.184023335133,1198.0701921069899,35.890000000000001,0.037053652722921118
280.46777483800014,-1001.8551353248873,1198.0701921069899,35.890000000000001,0.037166925359268445
280.44921619713585,-1002.1666066727437,1196.54788929795,36.259999999999998,0.037384285703613539
280.43065847208646,-1002.1171526670707,1195.48668807586,36.020000000000003,0.037677005553042722
280.41209465927159,-1002.4458920025014,1195.7320208230001,36.229999999999997,0.037899705477928376
280.39354384670378,-1001.7438786623114,1195.7320208230001,36.229999999999997,0.038019634985504897
280.3750059939876,-1001.0440466729298,1193.0221549298899,35.890000000000001,0.03787782975188346
280.35647439770378,-1000.7061993248343,1191.98455714995,35.890000000000001,0.037550479175680954
280.33795318876537,-1000.1452826763796,1192.00577640602,36.07,0.037333859754220232
280.31943969220993,-999.7288139926751,1190.9615029050699,36.07,0.037345981439440019
280.30092911174091,-999.57134532599923,1188.85102139128,36.32,0.037529362988485075
280.28242322202482,-999.31804467039638,1188.85102139128,36.32,0.037659690194643172
280.26391176403723,-999.61873133033623,1189.3381106064501,35.960000000000001,0.037661559052341122
280.24539290099995,-1000.01860401121,1191.6884412394099,35.960000000000001,0.037516103019486567
280.22686353264208,-1000.5858913243297,1192.8609839512101,35.950000000000003,0.037324490647429757
280.20831542917284,-1001.5975873396678,1192.9270259054899,36.159999999999997,0.037377170396697884
280.18976524679027,-1001.7098486597756,1188.77854213459,36.280000000000001,0.037579702009298714
280.17122467876544,-1001.1906733394173,1188.77854213459,36.280000000000001,0.037929025584002074
280.15270074725936,-1000.2923013284715,1188.51103645695,35.969999999999999,0.038046297719924009
280.1341870033952,-999.74216866444476,1189.10183776639,35.969999999999999,0.038044668934157415
280.11568819482716,-998.93566267495589,1190.31014326932,36.229999999999997,0.037809085722371509
280.09718118132082,-999.37872934227858,1190.34280661855,36.229999999999997,0.037610876478697451
280.07868458206173,-998.81635999150319,1190.34280661855,35.909999999999997,0.037438378987663862
280.06018546719758,-998.95220266257036,1190.1725757327799,36.159999999999997,0.037476855021942181
280.04168645788883,-998.94650267460077,1191.0773743483301,36.049999999999997,0.037722426160636507
280.02319136530866,-998.73499932933498,1188.8872610196199,36.049999999999997,0.038002050590651287
280.0046902563829,-999.05988199072135,1188.8872610196199,35.829999999999998,0.038077305586474312
279.9861885379629,-999.09279467874842,1186.88835941414,36.280000000000001,0.037849326096333832
279.96768234918528,-999.334193991446,1189.9556147999299,36.049999999999997,0.037422304354180223
279.94917054764204,-999.6372833370458,1192.9551593011799,36.049999999999997,0.037014390237314052
279.93066082501247,-999.52502199495393,1192.2377577111399,36.090000000000003,0.037033466836875792
279.9121539211975,-999.37280600792258,1192.2377577111399,36.090000000000003,0.037254326871843095
279.89364894728391,-999.26859133523521,1188.77162799497,36.25,0.037708285565560898
279.87516539896308,-998.11160932529731,1191.6347970527199,36.25,0.037989022416203291
279.85667898008649,-998.26661933506489,1191.6347970527199,35.969999999999999,0.037886307892995241
279.83819587983953,-998.08741333484295,1193.6606399608399,35.899999999999999,0.037645577559747435
279.81971207177781,-998.12563533328262,1194.6631902054801,36.170000000000002,0.037206401021425813
279.80121030679027,-999.09530932888924,1194.6631902054801,36.170000000000002,0.037065136969208531
279.78270131783967,-999.4854033313942,1194.3143837826699,36.189999999999998,0.037101668619777657
279.76419044555576,-999.58710333195643,1194.3143837826699,36.189999999999998,0.037249886533547848
279.74567885199997,-999.62605201131646,1195.1505178392499,35.859999999999999,0.037431431319490581
279.72716510088884,-999.7425600015215,1195.7434649161701,35.859999999999999,0.037361078170523081
279.70865495606176,-999.54782066076825,1194.8195928120099,36.25,0.036986795157436504
279.69013501476564,-1000.076829993208,1194.39258508594,36.25,0.036597749623713684
279.67162512345698,-999.5341306671387,1197.3527905169501,36.119999999999997,0.036178956642554619
279.65312042895056,-999.25350334645373,1197.3527905169501,36.119999999999997,0.036107677338862089
279.63463007161721,-998.47929599906433,1200.1835346440701,36.009999999999998,0.036100850752217313
279.61614092397537,-998.41397266048875,1202.68096955788,35.880000000000003,0.03609591578403222
279.59764359622227,-998.85569866691594,1201.7814161516901,36.280000000000001,0.036110057397292436
279.57913294434559,-999.57520134052334,1201.7814161516901,36.280000000000001,0.036031827333825699
279.56061178818521,-1000.1424326604108,1200.6446362310201,35.93,0.035963431003976414
279.54208713024695,-1000.3315286659467,1200.7223606970699,36.100000000000001,0.03586341627257484
279.52355869735811,-1000.5353759973806,1202.25515392484,35.869999999999997,0.03575745349131193
279.50503323330872,-1000.3750586667516,1202.7687076054499,35.869999999999997,0.035791014220866418
279.48650923143208,-1000.296101338771,1202.7687076054499,36.259999999999998,0.035795117217217044
279.46799948293818,-999.52641867106604,1202.06203485275,36.259999999999998,0.035590003761211984
279.44949033876537,-999.49378533365052,1203.1737808196301,35.950000000000003,0.035257551614179518
279.43099386886433,-998.80937465436693,1203.1737808196301,35.950000000000003,0.034917705795032339
279.41250186827165,-998.56803200541356,1204.0306572950699,36.07,0.034836666247771486
279.39400574296303,-998.79076666541675,1204.04567766734,35.829999999999998,0.035000982586388563
279.3755110270493,-998.71465934241292,1205.5861002905499,36.280000000000001,0.035176127110085796
279.35701527839507,-998.7704273270225,1205.5861002905499,36.280000000000001,0.035306623004314863
279.33850867362963,-999.35665733540066,1207.25622263625,35.909999999999997,0.035206995289727816
279.31999301951862,-999.84532199387183,1208.1431398562399,36.119999999999997,0.034955316740828399
279.30146362529638,-1000.5872880004421,1208.06946850651,35.840000000000003,0.0346913105830449
279.28292497371609,-1001.0871853366583,1208.06946850651,35.840000000000003,0.034662537893280318
279.26440096564198,-1000.296436001111,1203.68065877922,36.240000000000002,0.034752729237586932
279.24587636565457,-1000.3283993213507,1203.68065877922,36.240000000000002,0.03499732042489101
279.22736091332121,-999.83442600099431,1202.5608065796901,36.159999999999997,0.035195129198156899
279.20885782379003,-999.16683468192036,1202.82139811771,36.159999999999997,0.035053345679429054
279.19035417545672,-999.19700999996348,1205.01651823718,36.039999999999999,0.034773568102805692
279.17185573011125,-998.91604865447437,1206.62298281467,35.840000000000003,0.034371995258004787
279.15335047680264,-999.28367866449685,1207.7020654323201,36.280000000000001,0.034240254506683165
279.13484164409886,-999.47696600641689,1205.3317076363201,36.280000000000001,0.034425157230658615
279.11632722450616,-999.7786580053928,1205.3317076363201,35.920000000000002,0.034840114203135021
279.09780957632091,-999.95300200352688,1205.62400884914,36.079999999999998,0.035243631448540223
279.07927403640741,-1000.9191553284529,1206.6153534192299,35.869999999999997,0.035402603032032381
279.06074026392582,-1000.8237140060905,1205.7167536874699,35.869999999999997,0.035278007593742618
279.04219538180251,-1001.4236346566259,1205.7167536874699,36.25,0.035109787976846253
279.02364895471601,-1001.5070626716019,1200.96030246738,36.25,0.034998182423400782
279.00511249175304,-1000.9690000006904,1201.10716832962,36.240000000000002,0.035221192776326453
278.98658648237057,-1000.4045066553467,1201.10716832962,36.240000000000002,0.035717057888978936
278.96806858065429,-999.96669267866037,1200.0988960384,35.939999999999998,0.036106327965180485
278.94955794223466,-999.5744746596032,1198.3236310867801,36,0.036261352814754635
278.93104982459261,-999.4383526709006,1199.98540878122,36.140000000000001,0.036072210506856328
278.91254375896301,-999.32754399815349,1201.04684842191,36.140000000000001,0.035677755036280741
278.89402671509879,-999.92036866611136,1201.04684842191,35.850000000000001,0.035336103500519592
278.87549255871602,-1000.8444446705693,1201.9006254554499,36.280000000000001,0.035327981323423761
278.85695970824702,-1000.7739253270856,1203.88093040954,36.049999999999997,0.03567855597261884
278.8384152359011,-1001.4015066784992,1201.8469812687599,36.049999999999997,0.036111998688382926
278.81986693065443,-1001.6084833215532,1201.8469812687599,36.07,0.036397142744999007
278.80131687140721,-1001.7031993479869,1201.15675939998,36.07,0.036308950641998065
278.7827587044938,-1002.1410133246733,1198.7143991845101,36.259999999999998,0.035914125745467117
278.7642028958889,-1002.0136646643117,1200.8663655360201,36.259999999999998,0.035619704670568582
278.74565472619776,-1001.6011633220771,1200.8663655360201,35.920000000000002,0.035566168111623921
278.72712064223452,-1000.8405340148281,1202.1428587606999,36.009999999999998,0.035926861074999143
278.70859763998777,-1000.242121323382,1202.1073343881801,36.140000000000001,0.036491803411664893
278.6900850913209,-999.67762801101412,1201.97143578189,36.140000000000001,0.036872619138525013
278.67156738518526,-999.9561313261388,1200.2767563196101,35.850000000000001,0.037038148284217663
278.65305206221001,-999.82744066385806,1200.94480525789,36.280000000000001,0.036811954859443219
278.63452536467901,-1000.4416666729901,1204.19755032033,35.969999999999999,0.036467048860441366
278.61599244901237,-1000.777445997766,1203.5557274288799,35.969999999999999,0.036308236637089403
278.59745201758022,-1001.1832973357164,1204.0277962717801,36.189999999999998,0.036448043669166666
278.57890277687653,-1001.6589979999745,1204.52728325454,36.189999999999998,0.036837891152933976
278.56036074666679,-1001.2696313269178,1203.5597805452101,36.259999999999998,0.037113323602718587
278.5418269741852,-1000.8237140060905,1202.89745365351,36.259999999999998,0.037086712614346588
278.52329577422233,-1000.6847979946518,1202.89745365351,36,0.036853513587061001
278.50477312381497,-1000.2231219973554,1204.1756158084399,35.880000000000003,0.036521156624412153
278.48625956103706,-999.73239000806029,1206.4465530451,36.229999999999997,0.036329496642352431
278.46774820755564,-999.61308799511926,1206.4465530451,36.229999999999997,0.036428658703785671
278.44925057556787,-998.87212733857689,1208.04085827361,35.899999999999999,0.036594984641630017
278.43074763503694,-999.1587886720356,1207.00492942392,36.140000000000001,0.036828142282622087
278.41225275666676,-998.72343198925,1204.7361379547301,35.859999999999999,0.036788201992619958
278.3937443596173,-999.45344067067413,1204.10838176112,35.859999999999999,0.036484255562136553
278.37521838230862,-1000.4027746683668,1204.10838176112,36.259999999999998,0.036147095060778497
278.35668612996301,-1000.741626663002,1205.33838335733,36.259999999999998,0.036018381096481929
278.33815512454322,-1000.6742926683389,1207.4767598482099,36.07,0.03604398833619734
278.31962614630868,-1000.5648246674796,1207.4767598482099,36.07,0.036191620550772054
278.30111130450626,-999.80145733072686,1208.1686506472399,36.119999999999997,0.036081873503209599
278.2826145220987,-998.82625000780899,1209.9954140180801,35.859999999999999,0.035680146470613738
278.2641191045804,-998.75254598601668,1211.58948082798,36.299999999999997,0.035067339329010822
278.24562909909872,-998.46029601351802,1210.1189148567801,36.299999999999997,0.034519611960836208
278.22713231771604,-998.82619466310439,1210.1189148567801,36,0.034243612443494546
278.20863510688889,-998.84938466599522,1210.2681649050901,35.969999999999999,0.034309102020350681
278.19013985183966,-998.74377265767578,1211.8309988774099,35.869999999999997,0.03458469795980592
278.17163735317297,-999.13492800344102,1212.74891051637,35.869999999999997,0.034841888896465958
278.15313137964205,-999.3225706691203,1211.19179859064,36.259999999999998,0.034745653267364465
278.13462732774059,-999.21880267821439,1211.52248519927,36.259999999999998,0.034282547938768372
278.11612087922208,-999.34821999943131,1211.5696920835601,35.939999999999998,0.033669372407511139
278.09761232592609,-999.46187798465951,1212.16955330009,35.939999999999998,0.033251923613235992
278.07909858827156,-999.74183334258498,1212.16955330009,36.159999999999997,0.033226064917747912
278.06058304487647,-999.83934333679497,1213.12871135816,35.869999999999997,0.033490014163042162
278.04208472992599,-998.90900732410535,1214.28575686047,36.259999999999998,0.033668590083270139
278.02359070939491,-998.67710868018867,1214.28575686047,36.259999999999998,0.033594851074358487
278.00509314156801,-998.86866265013703,1216.4086361418499,35.960000000000001,0.033105983291518086
277.98659124722235,-999.1022946660255,1219.6637653903699,36,0.032547010726935256
277.96807769788887,-999.73166400864386,1219.22888985025,35.859999999999999,0.032195829690588602
277.94954750480252,-1000.6304266641704,1219.22888985025,35.859999999999999,0.032287009266923176
277.93100794983945,-1001.1359680061157,1216.5748139113,36.280000000000001,0.032797425779979246
277.9124682851978,-1001.141890647976,1214.9807471014001,36.280000000000001,0.033399147081650149
277.89393392183939,-1000.8556213550816,1216.6220207955901,36.189999999999998,0.033508913800205424
277.87540313062976,-1000.662725317262,1216.7946358674301,36.189999999999998,0.033174471729620278
277.85686666145693,-1000.9693353335423,1216.7946358674301,35.960000000000001,0.032541863622368473
277.83833807334565,-1000.5437580106292,1216.6248818188801,35.939999999999998,0.032112766053798682
277.81981654671608,-1000.1624379959849,1211.57851357204,36.140000000000001,0.032082626393386666
277.80130102919753,-999.83794600116289,1211.57851357204,36.140000000000001,0.032327355201714265
277.78279144938273,-999.5173099988815,1212.2959151620801,35.869999999999997,0.032711153226712995
277.76427816600022,-999.7173026568147,1212.2959151620801,36.299999999999997,0.032903105019219635
277.74575813362964,-1000.0817480105123,1211.6998686432701,36.07,0.032768792779769164
277.72722555634573,-1000.7591733306758,1209.69262238653,36.07,0.032393724353690444
277.70868155795051,-1001.375913341421,1209.69262238653,36.07,0.03219092574894343
277.69013032938284,-1001.7663426547939,1211.87653683144,36.07,0.032419733076502623
277.67157967202468,-1001.7354973415587,1207.47509091796,36.259999999999998,0.032963966954762662
277.65302811853093,-1001.7838886629478,1207.47509091796,36.259999999999998,0.033554275418433199
277.63448752462972,-1001.1920706640573,1207.1155556578101,36.140000000000001,0.034033125269470318
277.61595765645683,-1000.6128813375203,1207.1155556578101,36.140000000000001,0.033927591932501833
277.59744265219757,-999.81022999954814,1203.8091664086801,36,0.033577027631864792
277.57893496917296,-999.41488332839072,1202.8559688158,36,0.033226853446564092
277.56042805914814,-999.37314134077428,1204.4261937649501,35.890000000000001,0.033105738041338373
277.54191617377808,-999.64180998429788,1203.40075533399,36.170000000000002,0.033623521321357444
277.52340504071594,-999.60118535515846,1201.47314089216,36.310000000000002,0.034349596953492822
277.50488795754313,-999.92249133064786,1201.47314089216,36.310000000000002,0.034883390696327829
277.48636463139525,-1000.2596119868311,1201.3267518671501,35.950000000000003,0.035108267844323582
277.46783113211097,-1000.8089613501608,1202.14810397006,35.950000000000003,0.034834452798296243
277.44928235187649,-1001.6341326628562,1200.7032872084701,36,0.034548509873058818
277.43073446261724,-1001.5860199995826,1200.1093864571301,36,0.034596784462289594
277.41219377765424,-1001.1969879998579,1200.1215458061199,35.93,0.035132554675287204
277.3936655393087,-1000.5248706600757,1200.1215458061199,36.140000000000001,0.035855535210632297
277.3751461826667,-1000.0452586695645,1198.41375332043,35.850000000000001,0.036639287652790495
277.35664234600011,-999.20717999342446,1197.11151088613,35.850000000000001,0.036962608709256849
277.33813440944454,-999.42857400352398,1197.11151088613,36.229999999999997,0.036884094074794538
277.31963680333337,-998.87073000294504,1193.79630014852,35.859999999999999,0.036524345886180115
277.30113385659274,-999.15912399389538,1195.57704872811,35.920000000000002,0.036452408466794671
277.2826264788273,-999.3983993340089,1195.57704872811,35.920000000000002,0.036673490991994157
277.26411216892598,-999.77273467103657,1191.49818319061,36.020000000000003,0.037348764013604187
277.24558771277776,-1000.3206320025574,1190.95315825381,36.020000000000003,0.037996297081630707
277.22705769455553,-1000.6209840001574,1190.2462470825001,35.869999999999997,0.038440850463769757
277.20852189490137,-1000.9331813254463,1189.2193781399001,35.869999999999997,0.038522884458218644
277.18997765643218,-1001.3888773356342,1189.2193781399001,36.240000000000002,0.038596761097110258
277.17144029111114,-1001.017727336435,1189.80803368187,35.859999999999999,0.038586148168306938
277.15291032567922,-1000.618133324669,1188.2471070584199,36.280000000000001,0.038844738150261598
277.13438470640756,-1000.3834406690081,1190.18235089568,36.280000000000001,0.039307859001796536
277.11587312528417,-999.62538066410889,1188.37299208319,36.189999999999998,0.039630794065332521
277.09737041240743,-999.146495343526,1188.37299208319,36.189999999999998,0.039736822042165068
277.07887279904946,-998.87112132902939,1188.2854924542301,35.909999999999997,0.039330729179914821
277.06036699418524,-999.31346266744742,1190.5535686676001,35.909999999999997,0.03875907096413031
277.04184787761722,-1000.0322946753515,1190.0230872658601,36.170000000000002,0.038651000292388923
277.02332032844441,-1000.4876553307033,1189.89195703172,36.170000000000002,0.038908263665087719
277.00479078417288,-1000.5953906630792,1186.7264731796399,36.310000000000002,0.039432641736386831
276.9862605465803,-1000.6328299983579,1188.64168985387,36.310000000000002,0.039827374529143096
276.96773024896311,-1000.6360713294192,1190.5099380624199,35.859999999999999,0.039794690286364613
276.94920778067905,-1000.2132873367461,1190.5099380624199,36.210000000000001,0.039383696600328783
276.93068185511117,-1000.3999806676145,1190.0395381497799,35.969999999999999,0.038802403328218882
276.91216386854336,-999.97127465962501,1191.4080609569601,35.969999999999999,0.038395896556012159
276.89364778602459,-999.86845601452205,1191.5384759352801,36.009999999999998,0.038447652214811591
276.87514628180259,-999.08122798719114,1190.46916848054,36.030000000000001,0.038684235056715664
276.85664945488907,-998.8286533310046,1192.19913389672,36.159999999999997,0.039055531640504758
276.83815701864199,-998.59155734115632,1190.8749569505401,36.159999999999997,0.039005521687308239
276.81965976332111,-998.85178732967086,1190.52209741141,35.840000000000003,0.038605608668452064
276.80115915524692,-999.03283600628242,1190.52209741141,35.840000000000003,0.038023808352620182
276.78265180335785,-999.39700200936898,1193.1776038620001,35.93,0.037426539791677559
276.76413605196296,-999.85057532204405,1195.12309969939,35.93,0.037380650436479264
276.74561436287661,-1000.1712106648058,1194.7621339276,36.170000000000002,0.037817880512993604
276.72708667711117,-1000.4950313344042,1194.40188341163,35.979999999999997,0.038468643198276545
276.70857035348149,-999.88147600196794,1192.58775622699,35.950000000000003,0.038856083727825341
276.69007025245691,-999.00545532652711,1192.58775622699,35.950000000000003,0.038668144902328734
276.6715830336791,-998.30981400301812,1196.1261267812399,36.159999999999997,0.03801964638033821
276.65310278534565,-997.93341000513476,1197.30558363266,35.829999999999998,0.037312712523792882
276.63461776243213,-998.19123732997366,1200.80270776781,35.939999999999998,0.036852706427217052
276.61612379364198,-998.67431466844448,1202.94203793312,35.939999999999998,0.036809928717260493
276.59762447182703,-998.96337800605897,1201.9394876884801,36.100000000000001,0.037092189822220879
276.57911713959271,-999.39594065511653,1201.9394876884801,36.100000000000001,0.037349017546660736
276.5606018104076,-999.82777599670999,1200.5199432992899,36.030000000000001,0.037346040411910919
276.54208084258022,-1000.1322626779418,1197.8360650344,35.880000000000003,0.036824330069170214
276.52355396913595,-1000.4511659897555,1195.1922410955699,36.189999999999998,0.036247169803394687
276.50502835607398,-1000.3831053471483,1195.44258063347,35.859999999999999,0.035822473255357618
276.48650602334573,-1000.2059673262779,1198.0930802933101,36.32,0.035684929323605959
276.46799667117273,-999.50501734088368,1198.0930802933101,36.32,0.035983758666630776
276.44949984425921,-998.8286533310046,1198.89082895408,35.950000000000003,0.036232176550360526
276.43101569782698,-998.14390734085305,1199.2413043071399,36.140000000000001,0.036061894562270061
276.41253128544457,-998.15826864871417,1199.87525938454,35.829999999999998,0.035621310684988541
276.39405166109873,-997.89971467593091,1199.87525938454,35.829999999999998,0.03493873092065769
276.3755639094075,-998.33859132590919,1200.5492687880101,36.210000000000001,0.034582287901976705
276.3570599754691,-999.21243267306886,1200.8949757689199,36.210000000000001,0.034624241910151635
276.33854022249375,-1000.0666606702588,1201.2430669359001,36.280000000000001,0.034900112075708402
276.31999875108636,-1001.2394559978828,1202.7637008146901,36.280000000000001,0.035224187493182547
276.30145114743215,-1001.5705973264772,1202.7637008146901,35.960000000000001,0.0352572566872979
276.28290783717279,-1001.3387540052812,1204.4023519042,36.039999999999999,0.035037676706611703
276.26436580179029,-1001.2699106555451,1197.4603173089399,36.039999999999999,0.034602831849270294
276.24583981103717,-1000.4035006677832,1196.84209785963,36.039999999999999,0.034155881852310777
276.22732384544457,-999.8621420026094,1199.0038393740499,35.850000000000001,0.034059580004976817
276.20881265443222,-999.60431466677835,1199.0038393740499,36.229999999999997,0.034315824097327294
276.19031059141963,-999.1114026786903,1200.11987687586,36.280000000000001,0.034582050929788499
276.17180535155569,-999.28295265408849,1200.11987687586,36.280000000000001,0.034614833493740844
276.15329369281471,-999.62957201148515,1202.1540644352499,35.979999999999997,0.03436762529474887
276.13477037908655,-1000.2589413211273,1202.3796084379701,35.979999999999997,0.034015395992768524
276.11622128118518,-1001.6512866744138,1198.97713649,36.100000000000001,0.033959853974304788
276.09765898229642,-1002.3641399922648,1198.97713649,36.100000000000001,0.034081798253046712
276.07908811523436,-1002.826821350581,1200.15707017864,36.310000000000002,0.0345759176550074
276.06052063198774,-1002.6440953172146,1200.15707017864,36.310000000000002,0.035086937451807902
276.04195623451858,-1002.4774633371369,1201.6166688938899,35.939999999999998,0.035480542310768373
276.02339350101238,-1002.387609334775,1200.6961346502501,35.939999999999998,0.035556653097065544
276.0048384974815,-1001.9701906677313,1199.0367411418799,36.100000000000001,0.035373576817964145
275.98629634413589,-1001.2762806606904,1198.47168904205,36.049999999999997,0.035155773573491873
275.96777402485168,-1000.2052413488456,1194.24047401434,36.259999999999998,0.035249305267821808
275.94926435396286,-999.52222799420178,1194.24047401434,36.259999999999998,0.03562380663652126
275.93076077082713,-999.19348932928312,1191.13531006996,35.950000000000003,0.036065310452349959
275.91225055460484,-999.55167600478092,1191.7528142634401,35.950000000000003,0.036142548134716991
275.89372891725924,-1000.1684166640538,1197.5647446590399,36.039999999999999,0.035916634110221314
275.87519257846918,-1000.9622946626932,1197.8489396391999,36.039999999999999,0.035626128730283986
275.85664043306167,-1001.8158520051715,1197.8489396391999,35.840000000000003,0.035544213737637061
275.83808057734575,-1002.2322086584427,1194.74401411343,36.25,0.035875944623821529
275.81952238455574,-1002.1424106603052,1192.76227864769,35.920000000000002,0.036540618163708107
275.80096243674075,-1002.2371820094597,1195.3994268655099,35.920000000000002,0.037150887978476786
275.78241732179032,-1001.4362073247548,1195.3994268655099,36.07,0.037571394598937345
275.76388832388881,-1000.5658866812515,1196.7381473467501,36.049999999999997,0.03759315030072103
275.74537516467899,-999.71059732980939,1192.5281515751101,36.229999999999997,0.037178379590483215
275.72687525198762,-998.99528533306625,1192.5281515751101,36.229999999999997,0.036764360131739379
275.70837474117286,-999.02758399714969,1194.12269522222,35.899999999999999,0.036464094496427513
275.6898772250866,-998.86586866037703,1196.18072464236,35.899999999999999,0.03646995872294833
275.67138108632093,-998.79149334633689,1195.3062051899699,36.009999999999998,0.036803519148661104
275.65287316941959,-999.42751267125573,1193.7526695433501,36.009999999999998,0.037062943189911879
275.6343503958642,-1000.2297719906479,1193.3228007939799,35.850000000000001,0.037230941365293986
275.61581703834554,-1000.8013060068407,1193.3032504681601,36.25,0.036910632623667332
275.59727336486424,-1001.358367992787,1195.35198156261,35.909999999999997,0.036466948485188951
275.57873641554323,-1000.9952633329607,1195.35198156261,35.909999999999997,0.03626288432602974
275.56020549498777,-1000.6697099948785,1195.28403225947,35.979999999999997,0.036338195201704969
275.541690387247,-999.81581800105232,1195.28403225947,35.979999999999997,0.036690137862326756
275.52319087604934,-998.97360467425653,1196.9319816746699,36.140000000000001,0.036953142330213989
275.50469045630854,-999.02266600182941,1197.4228855875599,36.140000000000001,0.03696685553100261
275.48619919043216,-998.52835732663721,1195.83787868474,35.840000000000003,0.036810817607283761
275.46770966508655,-998.43436866262743,1194.16203429246,35.840000000000003,0.036379537642851525
275.44921876966669,-998.50835267256673,1197.3222729351801,35.950000000000003,0.035849631652710733
275.43072492401234,-998.66766533467194,1197.3222729351801,35.950000000000003,0.035610342817071219
275.41221840411117,-999.35207466194004,1199.77321622052,36,0.035497554468162357
275.39369442811136,-1000.2947039921471,1197.81985256909,36.100000000000001,0.035769349578210603
275.37517039416042,-1000.297833347735,1197.30033842329,35.840000000000003,0.035815394168904009
275.35663955741978,-1000.6651839961544,1197.30033842329,35.840000000000003,0.0357195465896612
275.33811462008651,-1000.3466159952085,1198.23136308567,36.259999999999998,0.035625091852969831
275.31960480639503,-999.5299393417464,1196.86260185988,35.93,0.035312336144412315
275.30109961206176,-999.28049399717997,1198.1023786190001,36.119999999999997,0.035187074297578579
275.28260413556796,-998.75573066432548,1198.1023786190001,36.119999999999997,0.035052429891378509
275.26411171381466,-998.59077467799523,1202.4735453693299,35.859999999999999,0.034827558944701055
275.24561374965424,-998.8900646618232,1204.3849473458499,35.859999999999999,0.034655336705281599
275.22710825627149,-999.2966426697019,1206.4031608585301,35.979999999999997,0.034412440528083246
275.20860328856793,-999.26825599139136,1202.75082620988,35.979999999999997,0.034078242671376761
275.19009168156794,-999.62677799974085,1202.75082620988,35.93,0.033775662171575745
275.17157893834576,-999.68813399684689,1201.17273344669,36.159999999999997,0.033562144063490264
275.15306208903706,-999.90986266928655,1204.52966744061,35.890000000000001,0.033606787522241624
275.13453928235816,-1000.2315606633563,1204.52966744061,35.890000000000001,0.033653197401217749
275.11601891782715,-1000.099684674239,1203.5159115214201,36.329999999999998,0.033517540952288698
275.09749561755564,-1000.2582146621911,1206.4913757433101,35.93,0.033192958473790349
275.07897905487647,-999.89438467346031,1207.65032859449,36.07,0.032834564852983215
275.06047808254317,-999.05250599801252,1207.2252282172699,36.07,0.03272771214621021
275.04199422896301,-998.12809333067116,1206.53238374381,35.829999999999998,0.032753860576489782
275.02351483123465,-997.88747732966203,1206.53238374381,35.829999999999998,0.032745545934819285
275.0050371492099,-997.79482933753991,1211.7125048294699,35.960000000000001,0.032638620789361299
274.98654948237038,-998.33400933395262,1211.7125048294699,35.960000000000001,0.032447132589009033
274.96805209666684,-998.85882798952775,1211.3305582202099,36.119999999999997,0.032093534242557821
274.94953901507421,-999.7064060044172,1208.88605223728,36,0.031832410015192075
274.93101832664178,-1000.1171753486801,1209.2372428461599,35.840000000000003,0.031690288127582109
274.91249427923469,-1000.2985599846872,1209.1676246127599,35.840000000000003,0.031723689494553731
274.89396363807401,-1000.6546226766088,1210.4548466747799,36.229999999999997,0.032054117565491792
274.87543697882711,-1000.4395993311743,1212.06703329885,35.859999999999999,0.032300013632298598
274.8569110346296,-1000.40098666617,1209.5347892683501,35.969999999999999,0.032367917399974806
274.8383941004692,-999.91444466124324,1207.7626237586301,35.969999999999999,0.032197566080066957
274.81989896235797,-998.73745800822735,1209.85736964433,35.93,0.031859825051655105
274.8014109830001,-998.35088532493057,1208.7039004211299,35.93,0.031526576109417614
274.78292186123457,-998.41257533584871,1208.4709654415799,35.880000000000003,0.031521112344755631
274.76443947500007,-998.04885666307132,1208.4709654415799,35.880000000000003,0.031634725419330281
274.74594488325926,-998.70795400441557,1209.1402064729,36.299999999999997,0.031926170410232491
274.7274357835928,-999.49138198847095,1208.20155241508,35.969999999999999,0.032077644846614385
274.70890927439507,-1000.4314966795292,1207.94358348174,36.039999999999999,0.032070844114367829
274.69036487344442,-1001.3976513344869,1207.94358348174,36.039999999999999,0.031943549924847298
274.67181200782704,-1001.8547433392831,1206.1001308083701,36.049999999999997,0.031882052622566888
274.65326759964199,-1001.3980419900595,1206.1001308083701,35.859999999999999,0.032040337097345661
274.63473245708639,-1000.8976980050379,1205.6495196401499,35.93,0.032363364263027897
274.61621184625909,-1000.1129846718158,1204.96573507377,35.93,0.032790128350329642
274.59769906372833,-999.6902566613835,1204.96573507377,36.140000000000001,0.033195066370986161
274.57918920450612,-999.53239799865491,1203.32398454237,36.140000000000001,0.033438076373163012
274.56069496253087,-998.68906666485429,1200.49991613625,35.840000000000003,0.033423315938563528
274.5422052364321,-998.4452093327842,1204.25500920475,35.840000000000003,0.033217039377222125
274.52371061159255,-998.70974133610048,1204.25500920475,36.189999999999998,0.033054385946787154
274.50521400508649,-998.81675132857958,1205.0425058654,35.899999999999999,0.033199653652943244
274.48669616133344,-999.96356266355247,1204.5825963714799,36.259999999999998,0.033583836626021962
274.46815372238279,-1001.291703333796,1204.2104249251399,36.259999999999998,0.034078194026701238
274.44958905896289,-1002.491824677974,1204.1939740412199,35.939999999999998,0.034459240526670383
274.43101708674078,-1002.886499990932,1203.94578027079,36,0.034727483158659374
274.41244566709884,-1002.8566606652604,1201.39112489118,35.850000000000001,0.034952341680716238
274.3938863049753,-1002.2055546705999,1201.39112489118,35.850000000000001,0.035118204023963547
274.37533684281482,-1001.6709566661442,1199.5626925900799,36.259999999999998,0.035340802544623739
274.35681006664203,-1000.445913332095,1199.7257709176299,36.259999999999998,0.035547504407294483
274.33829378958018,-999.87896134083496,1198.748731464,36.25,0.035696433229283529
274.31978165688895,-999.65516532657944,1198.748731464,36.25,0.035820598200412487
274.30127071217282,-999.59101466920151,1197.2903248417799,35.920000000000002,0.035761101166578796
274.28275128412355,-1000.0491146621049,1196.1299414789601,35.969999999999999,0.035586957305840335
274.26422210409868,-1000.5757213418608,1197.6968285676001,36.07,0.035394066950883186
274.24567975620982,-1001.2867859979954,1197.6968285676001,36.07,0.035343928679556602
274.22712666292597,-1001.8670373273125,1199.69120021954,35.840000000000003,0.035400843873242951
274.20856156386429,-1002.5153493322128,1199.45397370505,36.259999999999998,0.035594319925156465
274.18999491259257,-1002.5991686732734,1196.4241500406399,36.259999999999998,0.035725142806869011
274.1714214730124,-1002.9657373290436,1195.42565291234,36.259999999999998,0.035862670187115878
274.15286707381478,-1001.9375566707961,1195.42565291234,35.950000000000003,0.035835647334520181
274.13433508740752,-1000.7272659926767,1196.29874185309,35.950000000000003,0.035766430402021751
274.1158341026545,-999.05317666371627,1199.9258041293399,36.009999999999998,0.035625978685047001
274.09734242698767,-998.55048600825171,1200.12702943409,36.009999999999998,0.035604125721595825
274.07885323279021,-998.41648666210176,1197.8048321968099,36.189999999999998,0.035678781569311507
274.06035695120977,-998.79920534240966,1197.9633805708099,36.189999999999998,0.035810229479584725
274.04184802124695,-999.48221799356543,1197.92880987272,35.880000000000003,0.035723739612299084
274.02333338123458,-999.79056066733767,1197.11914028157,35.880000000000003,0.03562460343477962
274.0048108405062,-1000.2171993335112,1197.4948880070301,36.259999999999998,0.035419541723193226
273.98628160875319,-1000.5785146611091,1196.31280855093,35.920000000000002,0.035192253476181885
273.9677442765431,-1001.0159393452304,1197.04427683881,36.020000000000003,0.035082281886140695
273.94920772976553,-1000.9735259884226,1197.04427683881,36.020000000000003,0.034902374153778282
273.93066817480246,-1001.1359680061157,1199.79872701153,35.899999999999999,0.034810718566775416
273.9121452449877,-1000.2382099971288,1199.79872701153,35.899999999999999,0.03480402650181811
273.89363537956785,-999.53273267198676,1199.64470859107,35.869999999999997,0.034818300561517482
273.87514144285194,-998.67258265948044,1198.0999944329301,35.869999999999997,0.034752356717587973
273.85666759374078,-997.5878520019902,1197.9123589888,35.920000000000002,0.034538082158590382
273.83820115071603,-997.1879233388762,1201.64289494072,35.920000000000002,0.034193774263456156
273.81973110864209,-997.38227199108064,1202.98376118943,36.030000000000001,0.033952055697366167
273.8012467997408,-998.15268066919396,1201.76353475613,36.030000000000001,0.033763831268644046
273.78274333353085,-999.18717533935421,1201.76353475613,36.049999999999997,0.033673470218488967
273.7642196234691,-1000.2803433328136,1200.83990107058,35.869999999999997,0.033620955010255617
273.74569620006179,-1000.2648639959637,1200.35018925073,35.890000000000001,0.033500008277630652
273.7271763622345,-1000.0712426732074,1200.35018925073,35.890000000000001,0.033341277805017118
273.70866728946913,-999.48992933011823,1200.61578757951,36.310000000000002,0.03296902403039597
273.69016089890124,-999.34509066582734,1200.61578757951,36.310000000000002,0.032675979248172532
273.67166010249383,-999.0430059997434,1206.9829949120301,36.210000000000001,0.032478677515575295
273.65316146260488,-998.92655400277113,1208.5436831168699,36.210000000000001,0.0322821529344667
273.63467087244436,-998.4918686671931,1208.5436831168699,35.829999999999998,0.032217556405051362
273.61618673325933,-998.14351599278461,1210.4846490007201,35.829999999999998,0.032205014590033262
273.59770981802467,-997.7534226717836,1207.58500189602,36.25,0.032122887454694417
273.57922982941972,-997.91938466766123,1207.58500189602,36.25,0.032075433469741232
273.56072356924682,-999.33804933545844,1206.9319733300199,36.259999999999998,0.031865909692549127
273.54219806691356,-1000.3771259975756,1207.21950617069,36.259999999999998,0.03161175796570273
273.52365242524695,-1001.464649996298,1208.9573394009301,35.920000000000002,0.031388474422365913
273.50510589985191,-1001.5123713334872,1208.9573394009301,35.920000000000002,0.031189795377484078
273.48655914060492,-1001.5249993353286,1210.5225575593199,36.170000000000002,0.031161419004374136
273.46802821899996,-1000.669766669615,1209.3135368005701,36.170000000000002,0.031164562749503938
273.44951252660502,-999.84738932469577,1206.43677788219,36.259999999999998,0.031184663784457028
273.43100531750611,-999.38929134332795,1206.6642292337699,36.259999999999998,0.031108606823322844
273.41249826571607,-999.38079666211047,1209.66901894438,35.899999999999999,0.031045468313301475
273.39399664351862,-999.08759866284834,1209.66901894438,35.899999999999999,0.030928788090920863
273.37549494372843,-999.0917886692007,1211.94138669269,36.159999999999997,0.03087798340107609
273.35698269411103,-999.6614793384922,1211.7287172947799,36.159999999999997,0.030924900328252423
273.3384769803086,-999.30854533164688,1213.1887928472499,35.890000000000001,0.030979530680868037
273.31996233927174,-999.79061599005831,1213.7052075511499,36.25,0.031043507367706169
273.30143525782717,-1000.4623980079807,1211.0702051008,35.950000000000003,0.031217908902227146
273.2828876872839,-1001.5688093352726,1209.4773303839399,35.950000000000003,0.031460241105504938
273.26433307387651,-1001.949123999889,1208.5594187449699,36.119999999999997,0.031649769392898951
273.2457709302098,-1002.3557580010003,1209.83162043472,36.119999999999997,0.031784466569640964
273.22722308648144,-1001.5835613316823,1209.5674526175801,36.280000000000001,0.031802269317868344
273.2086958363704,-1000.4715059986618,1207.6298245942401,36.280000000000001,0.031850440419076004
273.19019242811123,-999.18404599475821,1206.3981540677701,36.210000000000001,0.031959091618278292
273.17170561187658,-998.28807666947193,1206.3981540677701,36.210000000000001,0.032145363382857055
273.15321592407395,-998.44314134244041,1207.37567035862,35.979999999999997,0.032398963555518141
273.13471840901235,-998.86581332666401,1206.1637885765799,35.979999999999997,0.032750999347055672
273.11621449991361,-999.21109133066955,1206.1637885765799,36.210000000000001,0.033056790835731563
273.09770050251848,-999.75585933957836,1205.11450828487,36.210000000000001,0.033190196581068497
273.07917208307407,-1000.5346499979642,1205.0510889352699,36.240000000000002,0.033382783745401406
273.06062232288895,-1001.6870499939612,1204.1846757155299,36.240000000000002,0.033494620070531014
273.04206250545678,-1002.2301413386108,1204.1846757155299,35.969999999999999,0.033825977392680368
273.02349183295081,-1002.8163153207803,1201.72443410449,35.969999999999999,0.034247817878539685
273.0049143255556,-1003.1853993411713,1201.37300507701,36.119999999999997,0.03469350851385597
272.98635642561726,-1002.1265966721073,1197.96409582664,36.119999999999997,0.035120932802276725
272.96782952525928,-1000.4526193296122,1197.96409582664,36.280000000000001,0.035329938150073528
272.94932777372838,-999.09458266995273,1197.3322865166999,36.280000000000001,0.035330482440991504
272.93084125034579,-998.27226265929005,1196.6563697643701,35.950000000000003,0.035276906563673646
272.91235505188888,-998.25471667312002,1197.91736577956,35.950000000000003,0.035302214740463252
272.8938646293704,-998.48281599923291,1196.88382111595,36.07,0.035519250158934979
272.87535740166669,-999.39029600085973,1196.88382111595,36.07,0.035884435182836565
272.85682646143226,-1000.6707726571785,1195.3114503993299,35.840000000000003,0.036244834257056109
272.83827838383962,-1001.5961900040357,1195.0537198846,36.240000000000002,0.036621113419847424
272.81972788895069,-1001.726724002226,1193.7743656366299,35.859999999999999,0.036665204288926653
272.80117483498788,-1001.864913992264,1192.0484533367701,35.859999999999999,0.036628119031518566
272.78262446323453,-1001.7200746794452,1191.47744077175,35.950000000000003,0.036550716815037645
272.76407852251867,-1001.480798657828,1191.47744077175,35.950000000000003,0.036581536340640597
272.74553349138279,-1001.4316813370227,1191.24855890853,36.07,0.036892910586823993
272.72700919769142,-1000.3118593337363,1191.38612644507,36.07,0.037209363657935167
272.70850411927159,-999.27423467045219,1190.2257430822499,35.869999999999997,0.037396714707766641
272.69001582223444,-998.3680400070001,1190.2257430822499,35.869999999999997,0.037491344334865062
272.67153462602465,-997.98459532727577,1192.6194659017899,35.890000000000001,0.037469992204861136
272.65305151232104,-998.08813999377924,1192.36912636389,35.890000000000001,0.037455419078368399
272.63454394725932,-999.40851333423745,1188.99741041629,35.960000000000001,0.037531598160181909
272.61601185633322,-1000.7329100093975,1190.12870670899,35.960000000000001,0.037503305616315596
272.5974570608027,-1001.9589586495064,1190.12870670899,35.93,0.037735428446692497
272.57889812812363,-1002.1823646677091,1191.1362637443899,35.93,0.037878230215574293
272.56033845349396,-1002.2224300020582,1189.4523131194501,35.909999999999997,0.037866960175420898
272.54177924038282,-1002.1975080011953,1188.4869561775899,35.909999999999997,0.037749449006514869
272.52323150738255,-1001.5775820150857,1189.1178118130899,35.969999999999999,0.037531190446861956
272.50469861759274,-1000.776048651142,1189.1178118130899,35.969999999999999,0.037547366486606622
272.48618155407405,-999.92143000937153,1188.3036122684,35.979999999999997,0.037565653525325794
272.46767407282709,-999.40398733551319,1188.8493524610201,35.979999999999997,0.037595648322413182
272.44917669954333,-998.85815732382423,1191.27645388561,35.869999999999997,0.037587707245999129
272.43069160522214,-998.19509334449788,1193.22814860679,35.869999999999997,0.037511076987288283
272.41220102128409,-998.49153265283746,1190.2185905240301,35.939999999999998,0.03747438597535762
272.39369654096305,-999.24193733640038,1189.2041193490199,35.939999999999998,0.037460140886287623
272.37517774933326,-1000.0147480076777,1191.13936318628,36.100000000000001,0.037339004786184925
272.35664185860492,-1000.9380993317588,1191.13936318628,36.100000000000001,0.037370586974399607
272.33809803612337,-1001.3664140026717,1192.7465430196,35.850000000000001,0.037272637716174395
272.31955414844447,-1001.3699346623602,1193.02072441825,35.850000000000001,0.037183722275041582
272.30102448724699,-1000.601704664,1193.6570636817301,35.920000000000002,0.037067420772553338
272.28250927602471,-999.82140600255661,1196.4351172965901,35.920000000000002,0.036851928254694022
272.26400686738265,-999.13006667186517,1197.5573536822001,36.229999999999997,0.03681767421673629
272.24552018154321,-998.2810353281111,1199.56793779945,36.229999999999997,0.036724446756048967
272.22703085177778,-998.42380733208984,1199.56793779945,35.969999999999999,0.036757663921577879
272.20854876459259,-998.03270800154132,1198.7837789993,35.909999999999997,0.036720438966880181
272.19005871977782,-998.46241999709412,1196.0023875239399,35.850000000000001,0.036748503851629505
272.17157016922204,-998.3817300116217,1196.2834830622101,35.850000000000001,0.03662453550737807
272.15307577823461,-998.69711332326688,1196.2834830622101,36.310000000000002,0.036331393444760031
272.13456958325935,-999.33452866477808,1196.6148849266599,36.310000000000002,0.036019461430045474
272.11604539304926,-1000.306271343224,1197.02305758274,36.170000000000002,0.035861311480007506
272.09751480362974,-1000.6518286538727,1196.92602120948,36.170000000000002,0.035800755849691411
272.07898136228391,-1000.8058326760768,1196.92602120948,36,0.035702148455417734
272.0604564766914,-1000.3438219944563,1199.2849349123201,35.979999999999997,0.035586351948068924
272.04194575340745,-999.5790573330637,1201.6886713133699,36.119999999999997,0.035425883001975828
272.02344993335799,-998.77428267103494,1202.5572303005699,36.119999999999997,0.03533340784129687
272.00496513707424,-998.17899932418493,1203.1501773774801,35.859999999999999,0.035184059905047894
271.98648728016047,-997.80427334257661,1204.29768613549,36.280000000000001,0.035104467018784134
271.96801146906171,-997.69379933216942,1204.8267370255901,36.030000000000001,0.035029617657775854
271.94952749854338,-998.13440799111174,1204.8267370255901,36.030000000000001,0.035086393146233935
271.93103358770384,-998.67118533484052,1204.5337205569399,36.079999999999998,0.035011706255490334
271.91252285821002,-999.57939266591563,1203.73191877984,36.079999999999998,0.035076046159433973
271.89400435218528,-999.99932533457206,1200.25982859848,36.310000000000002,0.035051854534023742
271.87547950591363,-1000.3416986703998,1200.25982859848,36.310000000000002,0.035061831065895284
271.85695168355574,-1000.5024073271132,1199.2208003068899,36.030000000000001,0.035100097043721995
271.83842033458023,-1000.6928446750485,1199.2208003068899,36.030000000000001,0.034931503859126523
271.81988471704943,-1000.923346664837,1200.4636765079099,36.049999999999997,0.034867762070042503
271.80136547009874,-1000.0393353352084,1202.2613528086399,36.049999999999997,0.034790331910683932
271.7828534150247,-999.65097400118736,1203.32136193769,36.299999999999997,0.034769328524785939
271.76435185906195,-999.08402198794329,1203.5275940331901,36.299999999999997,0.034860537087423656
271.74585855876552,-998.63821600505321,1203.72214361693,36.170000000000002,0.034911135833859255
271.72735358485193,-999.26859133523521,1202.7861121638,36.170000000000002,0.0350128869573854
271.70882402919756,-1000.5960053355502,1202.7861121638,36.009999999999998,0.035204011941853491
271.69028387612349,-1001.1682659996875,1201.6760351271701,36.009999999999998,0.035291740455956941
271.67173029648143,-1001.8933006705747,1199.2503642142301,36.259999999999998,0.035386273838147589
271.65317586416046,-1001.9393453325125,1199.2503642142301,36.259999999999998,0.035357943008952245
271.63462074474074,-1001.9764486644276,1200.72093018543,36.140000000000001,0.035262908778658349
271.61606218769145,-1002.1620806630276,1198.70867713793,36.140000000000001,0.035390582767933172
271.59751604518533,-1001.4916953322095,1194.92306648768,36.039999999999999,0.035407354844235808
271.57897292429629,-1001.3285280075957,1194.92306648768,36.039999999999999,0.035651020913319467
271.56044036667907,-1000.7581113278958,1193.9157478708901,36.32,0.03567583341027996
271.54191663696309,-1000.2814046650819,1194.9080461154001,36.32,0.035550415306306059
271.52340427661721,-999.66745867707289,1198.4349725765001,36.020000000000003,0.035442377752230234
271.50488909748157,-999.81967332308068,1196.6454025084299,36.020000000000003,0.035278485667853007
271.48637282661736,-999.87862666750289,1194.5282452736201,36.039999999999999,0.035454398022029002
271.46785089022222,-1000.1845653365757,1194.5282452736201,36.039999999999999,0.03571292177720186
271.44931271879028,-1001.061257326248,1193.28417697956,36.299999999999997,0.03596982711918572
271.43076226322216,-1001.7246006781695,1193.8294403349701,36.299999999999997,0.036258965527254279
271.41220004297526,-1002.3598933331599,1193.8294403349701,36.119999999999997,0.036368174484199281
271.39364249280266,-1002.107709321554,1193.15614618732,36.119999999999997,0.036277917936791484
271.37508728127142,-1001.9814226859567,1190.75026401881,36,0.036164284167950519
271.35654330977769,-1001.3744606610842,1191.19276895437,36,0.035960704301725772
271.3380103682469,-1000.7788426628863,1191.19276895437,36.210000000000001,0.035958491892419134
271.31948994576527,-1000.102814007843,1189.3438326530299,36.210000000000001,0.035993548934024622
271.30097278497533,-999.92668265604004,1189.67475768027,36.32,0.036140427824096148
271.28246950709877,-999.1770053349012,1188.02180147431,36.32,0.036316003860618784
271.26397490812337,-998.7083446709803,1185.79139540093,35.93,0.036381647605932106
271.24548069822214,-998.68733466688241,1186.96250760108,35.93,0.036274654167400444
271.22698068204949,-999.0008733235785,1188.03348398608,36.009999999999998,0.035983113989875505
271.20845909023456,-1000.1659580071455,1188.1023869636499,36.009999999999998,0.035798141944871111
271.18992170525917,-1001.0187886687035,1189.0703665102001,36.189999999999998,0.03571647012023469
271.17136799419762,-1001.9003973236643,1189.1132818595499,36.189999999999998,0.035823540141841304
271.15281402444452,-1001.9143666679053,1186.15665270765,35.840000000000003,0.035957439484838136
271.13427266996308,-1001.2331419969619,1185.7499105632201,35.840000000000003,0.036097415206207704
271.11574926620989,-1000.2638026746874,1188.33341459434,35.939999999999998,0.036000672519746001
271.09723578828408,-999.72780799411953,1187.9223809149701,35.939999999999998,0.035883442805400852
271.07874445720984,-998.53187800830949,1188.3648858505401,36.039999999999999,0.035672484789593124
271.0602599930865,-998.16106266045847,1188.3648858505401,36.039999999999999,0.035525235452735414
271.04178142733343,-997.84255066373703,1187.1613487197601,35.869999999999997,0.035512316975974602
271.02329837882729,-998.08461933409092,1188.43855720026,35.869999999999997,0.035547383332279761
271.00480339696315,-998.72902066126608,1187.8665909608101,35.880000000000003,0.035572087186377666
270.98630520514831,-998.90235800132484,1187.8665909608101,35.880000000000003,0.035676276311017795
270.96779539146922,-999.52993867123473,1186.58079941044,36,0.035715728160235043
270.94927793782705,-999.94249667721397,1186.30804852343,36,0.035553523852415309
270.93075284527157,-1000.3549979974647,1186.0724909392,35.939999999999998,0.035316815807798087
270.91222582902475,-1000.4588773263082,1187.88447235638,35.939999999999998,0.03495613526456523
270.89369351148156,-1000.7451473336826,1188.6452661329799,36.119999999999997,0.034773590867842104
270.87517751898764,-999.86359467195405,1187.5823959806401,35.859999999999999,0.034712016991850288
270.85666744555562,-999.54396532774774,1189.23249116331,35.920000000000002,0.03466229368387988
270.83816924132105,-998.90302866702837,1190.3909671772701,35.920000000000002,0.034630373128411517
270.81967495381468,-998.69152534374666,1190.3909671772701,36.140000000000001,0.034439722084859403
270.80116716730879,-999.42047131890297,1192.20580961773,36.140000000000001,0.034427358250627947
270.78266016001231,-999.37839400942676,1192.99521362724,35.899999999999999,0.034237859977288801
270.76415063296315,-999.51446065342441,1191.3992394684799,35.899999999999999,0.033988268626229987
270.74564810118528,-999.13671600563771,1191.2709702576401,35.890000000000001,0.033733442214069459
270.72714013979021,-999.42991533493159,1194.01516843023,35.890000000000001,0.03350567072915181
270.70862965658023,-999.56609333885046,1189.72434875063,36.299999999999997,0.033435821539226251
270.69010268586413,-1000.4564186693999,1191.3875569567199,36.299999999999997,0.033462087935413845
270.67158039866678,-1000.2035086583776,1191.3875569567199,36.159999999999997,0.033219473222547022
270.6530521799753,-1000.5238093387994,1193.6816207982999,36.159999999999997,0.033074320394158467
270.63452913322214,-1000.2445246685616,1196.4489455758301,35.909999999999997,0.032931120237241276
270.61601740308657,-999.6334273225217,1198.16627480582,35.909999999999997,0.032757744192936249
270.59751013603722,-999.39242066593988,1196.85306511558,36.140000000000001,0.032725917802242009
270.57901102222218,-998.95214600981785,1200.4572392055099,36.140000000000001,0.03262776777722752
270.56051398109889,-998.84022066009754,1198.63429053239,36.299999999999997,0.03260868188067545
270.54201743255561,-998.81362133545565,1198.63429053239,36.299999999999997,0.032637215523817723
270.52351662992595,-999.043342003107,1197.7187630794999,35.939999999999998,0.032544693803482225
270.50501538544444,-999.06720200118968,1199.42417137911,36.119999999999997,0.032364771595066906
270.48650575387649,-999.52010467014532,1201.61762256832,36.049999999999997,0.032131294202785821
270.46800209209891,-999.19773598838799,1202.57654220778,36.049999999999997,0.031950017430430765
270.44949339598776,-999.46959000271602,1202.57654220778,36.259999999999998,0.031930432761634431
270.43098810956781,-999.28546667768546,1201.5923501959301,36.259999999999998,0.031895368461646929
270.41248362304947,-999.24227198774827,1200.2169132491199,36.210000000000001,0.031903676889989359
270.39397456993822,-999.48886800884179,1201.6855718714701,36.210000000000001,0.031955779221106845
270.3754665040247,-999.43555932966842,1203.21669616898,35.979999999999997,0.031922907674699838
270.3569606526051,-999.31597665806862,1203.6210541273399,35.979999999999997,0.031893940434323829
270.33845408716047,-999.35453401134407,1203.4181598923401,36.100000000000001,0.031873063289068478
270.31994783423477,-999.33765798739012,1202.4942877881899,36.100000000000001,0.031960251634659938
270.30144031366677,-999.40611067056147,1202.4942877881899,36.299999999999997,0.032086677642672402
270.28292396416055,-999.88287333759979,1201.9073011764599,36.299999999999997,0.032204246768918053
270.26441216261725,-999.6372833370458,1198.76041397577,35.899999999999999,0.032129345672040434
270.24589713249406,-999.81162665367606,1198.76041397577,35.899999999999999,0.031988690085276376
270.22737707425932,-1000.0831446756326,1200.13227464345,35.969999999999999,0.031884159470230544
270.20886084167921,-999.87655932568714,1200.13227464345,35.969999999999999,0.031877643330149329
270.19033924365436,-1000.1662933399973,1199.9694347345201,36.079999999999998,0.031933908664964504
270.17181784018527,-1000.1557873321807,1199.09348477048,36.079999999999998,0.031975478754032498
270.15329322053094,-1000.3294613351228,1199.96156692047,35.890000000000001,0.032172145118467457
270.13477754779012,-999.84632800341944,1200.94409000207,35.890000000000001,0.032347794619187693
270.11626896138273,-999.46366599784801,1198.0737683861,35.880000000000003,0.032410494356780312
270.09776363045683,-999.28787000088096,1198.0737683861,35.880000000000003,0.032365416282610616
270.07924847718533,-999.81827665796072,1200.09460450347,35.960000000000001,0.03235362987406136
270.06073857243206,-999.53485667754705,1201.0289670263501,35.960000000000001,0.032411361527228219
270.04221591477773,-1000.2235133344318,1199.756526918,36.020000000000003,0.032555271561762758
270.02369095777794,-1000.3476779869965,1199.756526918,36.020000000000003,0.032648842581386776
270.00515903035802,-1000.7240806768322,1198.08950401419,35.829999999999998,0.032841249681542506
269.98662261396305,-1000.9664853285656,1196.69499357879,35.829999999999998,0.033078965626330739
269.9680829027406,-1001.1444060125967,1195.5136293785099,35.909999999999997,0.033114368308838571
269.94954076906174,-1001.2752186579103,1196.9801422333901,35.909999999999997,0.033056388297810192
269.93100209161724,-1001.0885820017784,1196.9801422333901,36.189999999999998,0.0330215226822392
269.9124698982468,-1000.7384420066774,1199.3104457033201,36.189999999999998,0.033086204072517444
269.89393740479011,-1000.7546466614399,1198.00558066435,35.909999999999997,0.033107599649407203
269.87539608341962,-1001.2313540057572,1198.00558066435,35.909999999999997,0.033129860339816547
269.85687002850602,-1000.4069653342391,1199.5016574265501,35.859999999999999,0.033197120443426098
269.8383408360616,-1000.5763919965724,1199.78680608115,35.859999999999999,0.033239103437700618
269.81980827119764,-1000.75850265398,1195.9628100350899,36.280000000000001,0.033448492691780358
269.8012782602222,-1000.6205926740731,1195.9628100350899,36.280000000000001,0.033554242307077854
269.78273951759257,-1001.0921020019471,1196.51617962315,36.07,0.033537798246824624
269.76419490244433,-1001.4092180040602,1197.61719675269,36.07,0.033643986615009537
269.74565219651845,-1001.3061199973539,1200.3935814373001,35.880000000000003,0.033765281031012728
269.72711156433337,-1001.1941379948811,1198.5939977877099,35.880000000000003,0.033851309366125654
269.708579895605,-1000.7101113325913,1199.1113661660399,36.240000000000002,0.033959806374479651
269.69005808958025,-1000.1775253362384,1199.1113661660399,36.240000000000002,0.033912008839139106
269.67153226232108,-1000.3946719947375,1198.90012727977,36.280000000000001,0.033946687148435344
269.6530137500863,-999.99966067841592,1197.1928116312999,36.280000000000001,0.033991400973269588
269.63449957055553,-999.76569465970738,1197.8718278255301,36.079999999999998,0.033999679413815813
269.6159940895925,-999.29597200399826,1199.8747825473299,36.079999999999998,0.03386472972688364
269.59748011186406,-999.75479733679833,1201.5201093578501,36.049999999999997,0.033634005935491131
269.57896093009879,-1000.0358153240477,1201.5201093578501,36.049999999999997,0.033482246930556341
269.56044332124696,-999.95087799796659,1202.1235468534901,36.229999999999997,0.033483728762483317
269.54192153488896,-1000.1764633334585,1197.9674336871401,36.229999999999997,0.033522748070512774
269.52339690178997,-1000.3301873455313,1201.6364576383201,36.240000000000002,0.033680200569385969
269.50486649448158,-1000.6419946527833,1201.6364576383201,36.240000000000002,0.0335352246978999
269.48633782151859,-1000.5483400025857,1202.1821978309399,35.950000000000003,0.033397902210919379
269.46781020818531,-1000.4911199971592,1205.0689703308301,35.950000000000003,0.033241415194100843
269.44929392387667,-999.87935266691943,1204.2314057625999,36.049999999999997,0.032916354632739217
269.43077789929629,-999.86532734043794,1206.14137722747,36.049999999999997,0.032841485623129225
269.41227746609866,-999.02339267175773,1206.14137722747,36.210000000000001,0.032841801230842488
269.39378640820996,-998.51712598991583,1206.71453555996,36.210000000000001,0.032935168389430079
269.37529449869163,-998.56311398810919,1203.91025589827,35.909999999999997,0.033111026917628864
269.35680029603697,-998.68694335178986,1206.3569076486699,35.909999999999997,0.0330792957225138
269.33830608717284,-998.68727866265772,1206.3569076486699,35.979999999999997,0.032753030666468973
269.31980521314813,-999.04719733612751,1206.7250259786899,35.979999999999997,0.03242228283141789
269.30129629559258,-999.48154799837357,1210.42575960466,36.119999999999997,0.032098656526788318
269.28278087534568,-999.83269333251064,1215.3655547339399,36.119999999999997,0.031990745213762245
269.26426186950613,-1000.0263153367706,1214.5015257002699,35.880000000000003,0.032019943203431274
269.24574855404933,-999.71903466577874,1212.17432167224,35.880000000000003,0.032148727519968952
269.22723408271588,-999.78145200614483,1213.8637559251499,35.920000000000002,0.03220599661361849
269.20872513308632,-999.48327999634569,1213.8031975988399,35.920000000000002,0.032104774273134573
269.19022915677789,-998.7827206555321,1215.49644654947,35.960000000000001,0.031847667161443494
269.17172722932088,-999.104082679214,1215.49644654947,35.960000000000001,0.031563318858438945
269.15322201533348,-999.2815553184563,1213.8120190873201,35.93,0.031427515466051617
269.13471626220985,-999.31066867768732,1214.0501992762299,35.93,0.031492411059614096
269.1162043044198,-999.645720662023,1215.6068343647501,35.850000000000001,0.031549345899663045
269.09769487464189,-999.50920800675601,1213.2739082901401,35.850000000000001,0.031571817687506824
269.07918001939504,-999.80218333014352,1213.2746235459599,35.969999999999999,0.031494689684506985
269.06065306833324,-1000.4553573371317,1213.3578316399901,35.969999999999999,0.031198484616233847
269.04213024820984,-1000.2322866627727,1213.3578316399901,36,0.030788094219641994
269.02360039349378,-1000.612154667592,1215.3204936171201,36,0.030432179985428132
269.00506745196299,-1000.7788426628863,1218.4044383054299,35.859999999999999,0.030327875996455127
268.98652876830863,-1001.0889173346303,1218.4044383054299,35.859999999999999,0.030518070690764659
268.96798790743202,-1001.2064873386072,1218.65191682004,35.939999999999998,0.030708347137441055
268.94945234785183,-1000.9202173312331,1218.05777765009,35.939999999999998,0.030786453017600593
268.93092385699993,-1000.5385060014964,1217.5866624816299,36.189999999999998,0.030685074419569396
268.91239734055557,-1000.4318879946214,1217.5866624816299,36.189999999999998,0.030491699783687567
268.893888852457,-999.45835732497108,1218.79806742645,35.939999999999998,0.0301551549825523
268.87538434627157,-999.24333401251249,1217.9571649977199,35.939999999999998,0.029901045687867576
268.85686983561732,-999.78357533020142,1216.96129047409,35.840000000000003,0.029766157062089287
268.83834895264181,-1000.1276806749929,1214.97955500836,35.840000000000003,0.029838554977549954
268.8198312320248,-999.95691331878811,1214.97955500836,36.299999999999997,0.029928577644574027
268.80130358558017,-1000.4929080103479,1213.82513211073,36.299999999999997,0.029890560029290619
268.78277480912345,-1000.5539286636099,1216.6737576334201,36.030000000000001,0.029823162285930453
268.76424357604941,-1000.6865859968485,1216.6737576334201,36.030000000000001,0.029787390189884144
268.7457030349259,-1001.1892206700725,1215.61827845791,35.869999999999997,0.029900233373387708
268.72717044419738,-1000.7598993410843,1214.2361657900999,35.869999999999997,0.029980148081914137
268.70864450620991,-1000.4006513223261,1217.9407141137999,36.259999999999998,0.030044944339578585
268.69012417479024,-1000.0978966610505,1217.9407141137999,36.259999999999998,0.03015015066911516
268.67161217870392,-999.6477886633586,1214.2704980695801,36.189999999999998,0.030355064405420438
268.65309861592596,-999.73239000806029,1214.2704980695801,36.189999999999998,0.030562299193284282
268.63458414458034,-999.78145266566469,1212.29329255739,35.93,0.030804892179044183
268.61606255897522,-1000.1656226742936,1212.0496287405001,35.93,0.030846392944233452
268.59753890170362,-1000.2774926683172,1212.2565760918401,36.159999999999997,0.030953164935754861
268.57900740267905,-1000.7009473266936,1210.99391114639,36.159999999999997,0.031123853600457115
268.56046531453086,-1001.2727600010019,1206.08129573837,36.299999999999997,0.031171859138577829
268.54192542222239,-1001.1541846579894,1207.58690924488,36.299999999999997,0.03125563885715317
268.52339216197538,-1000.7960533381884,1207.58690924488,35.939999999999998,0.031225581963832186
268.50486111827172,-1000.6763599991629,1208.29000571847,35.939999999999998,0.031277881937772686
268.48633129564189,-1000.6104220101001,1203.0881885395299,36.119999999999997,0.031578490087374421
268.46780058307394,-1000.6584786691491,1203.0881885395299,36.119999999999997,0.032012673715641551
268.44926788161729,-1000.765878657681,1201.0547162359601,36.310000000000002,0.032405930872089581
268.43074239893832,-1000.3760646653072,1199.2150782603101,36.310000000000002,0.032560377281053814
268.41221787035818,-1000.3245433288105,1203.7376408264199,36.159999999999997,0.032627116881241071
268.39369630440757,-1000.1645613310333,1203.7376408264199,36.159999999999997,0.032734479761808974
268.37517717543221,-1000.0329646705432,1199.3419169595099,35.979999999999997,0.032956165567292445
268.35665446602491,-1000.2263079947039,1194.6734422055999,35.979999999999997,0.0331944237544161
268.33811703551845,-1001.0212473475956,1193.9624779179701,36.189999999999998,0.033531389721040063
268.31958669340725,-1000.6384740040868,1197.2648140507699,36.189999999999998,0.033666639492339542
268.30105195235791,-1000.8760166647245,1196.3421340396601,36.280000000000001,0.033656252131527571
268.28252292859247,-1000.5672833353797,1192.8500166952599,36.280000000000001,0.033534032597100402
268.26399727621009,-1000.3852286492207,1191.46742719024,35.920000000000002,0.033508270149166318
268.24547559333314,-1000.170875353938,1191.5518273773,35.920000000000002,0.033586413286292499
268.22695776302476,-999.96283665314411,1191.5518273773,36.119999999999997,0.033755587004659096
268.2084401148519,-999.95300133301521,1193.31445614272,36.119999999999997,0.033991382347534266
268.18992212207405,-999.97161000346898,1194.9936383955001,36.280000000000001,0.034300444855230316
268.17140364191374,-999.99792865845995,1192.50121027246,36.280000000000001,0.034442524325741727
268.15288739692608,-999.87722933187092,1190.54331666748,35.869999999999997,0.034545823523243313
268.13435903543188,-1000.531520686344,1190.54331666748,35.869999999999997,0.034540372177298807
268.11582366522225,-1000.9099913225555,1191.50795835351,36.299999999999997,0.034431372247221689
268.0972893080741,-1000.8552860002458,1190.66276438984,35.920000000000002,0.034491176615255366
268.07876059579007,-1000.5504633376341,1191.38851063115,36,0.034592945329437123
268.06022458813572,-1000.9444133326795,1191.25118151321,36,0.034804520093574903
268.04169403802462,-1000.6497060003281,1189.18814530231,35.909999999999997,0.035074507404839972
268.02317494733353,-1000.0308973177355,1189.18814530231,35.909999999999997,0.035080572385936724
268.00466043046924,-999.78391067404516,1189.330481211,36.159999999999997,0.035056079630087472
267.98615667761726,-999.20265400569235,1188.2163510580499,35.850000000000001,0.035011518952268922
267.96764776732113,-999.48115599078551,1188.87367115899,35.899999999999999,0.035051659988297651
267.94914480712345,-999.15985067481574,1187.9874691948301,35.899999999999999,0.035155085435805436
267.93063577264201,-999.48786199929441,1187.9874691948301,36.189999999999998,0.035178503027586613
267.91212531634574,-999.56463999899393,1192.41132645742,36.189999999999998,0.035161181453619884
267.8936144823457,-999.58503600113261,1192.41132645742,35.899999999999999,0.035148260903849871
267.87510657269138,-999.42712133417933,1191.8512811483499,35.899999999999999,0.035040717988213219
267.85659621262982,-999.5594433235741,1190.5464161093701,36.210000000000001,0.035039644889622801
267.83808046848134,-999.85018401794377,1189.48187702678,35.859999999999999,0.035002633108218516
267.8195652686419,-999.8207913300854,1190.07744670837,36.280000000000001,0.035110167747492108
267.80106089906172,-999.23595732730769,1191.9354429168,36.280000000000001,0.035162867147601057
267.78256149962971,-998.96756933145116,1190.3287399206999,36.100000000000001,0.034995265299865588
267.76407039620989,-998.51958466880797,1190.5070770391301,36.100000000000001,0.034856499279518234
267.74558127340748,-998.41263132908125,1192.1886434779899,35.899999999999999,0.034590610811868039
267.72708581656804,-998.75466933205712,1193.0386058138099,35.899999999999999,0.034402218751324432
267.70859018485197,-998.76411266658192,1193.0386058138099,36.159999999999997,0.034246355717401963
267.6900937677284,-998.80652467137395,1192.3002233863101,36.159999999999997,0.034193704940798764
267.67159731644438,-998.80836933731507,1191.8503274739201,36.299999999999997,0.034180818544995363
267.65309750827169,-998.98964132733727,1196.30637124853,36.299999999999997,0.034178162197632055
267.6345954380123,-999.11179400477477,1196.30637124853,36.299999999999997,0.033903428247119477
267.6160866508518,-999.47450666800478,1197.63126345053,36.299999999999997,0.033597273537674069
267.59757704514823,-999.51870799403309,1197.1088882814499,35.939999999999998,0.033371397821305639
267.57906596486436,-999.59833532819778,1198.2304094112401,35.939999999999998,0.033315556745004984
267.56055595560508,-999.54050000177233,1197.45435684375,36,0.033433407334360843
267.54205563312354,-999.01741400368871,1195.62854714734,36,0.033468900046005709
267.52356171090116,-998.67180000731162,1196.56672436794,36.210000000000001,0.033496902848159656
267.5050810921112,-997.95341465920501,1196.56672436794,36.210000000000001,0.033382353268062825
267.48660108385172,-997.92044601092152,1195.2668661197299,35.840000000000003,0.033066614217737642
267.46811854239496,-998.05723866532776,1194.74878248558,35.840000000000003,0.03268970590459034
267.44962866003721,-998.45364731728114,1195.6421370079699,35.960000000000001,0.032393061042243404
267.43112751282717,-999.06194934352936,1198.41780643675,35.960000000000001,0.03228303045225131
267.41261295664179,-999.78603400909378,1200.62961585875,36.030000000000001,0.032500143467504385
267.39409222888878,-1000.1192986617446,1201.0988236783501,36.030000000000001,0.032724852980625309
267.3755678958766,-1000.3139826577928,1202.2589686225599,35.869999999999997,0.032983091142750436
267.35704786350624,-1000.0817479995204,1202.2589686225599,35.869999999999997,0.033007532153163245
267.33852267886425,-1000.3599706669781,1202.3869994147999,35.869999999999997,0.032853310305201298
267.31999235538291,-1000.6374679945393,1201.5155794043001,35.869999999999997,0.032728702446565609
267.30146393593827,-1000.5346500089563,1200.2512455286101,35.969999999999999,0.032576206661100851
267.28293432129618,-1000.599190673379,1200.2512455286101,35.969999999999999,0.032530098953343016
267.2644070711853,-1000.4715059876697,1200.4572392055099,36.009999999999998,0.032623113234223143
267.245880542321,-1000.4325586713172,1201.92685150228,36.009999999999998,0.032774833968281347
267.22735600028403,-1000.3252699987388,1199.91555212922,35.890000000000001,0.033050212595345643
267.20882954903709,-1000.4283673349332,1195.8228583124701,35.890000000000001,0.033168663372366777
267.19030287737047,-1000.440269996878,1193.2014457227499,35.840000000000003,0.033043588828958012
267.17177090441982,-1000.7265393337404,1193.4834949354499,35.840000000000003,0.032842427289597541
267.15323900286427,-1000.7226840007198,1203.1873706802601,36.299999999999997,0.032624179085220001
267.13469755732109,-1001.2380593327625,1199.8023032906401,36.299999999999997,0.032497282248248049
267.11614154692592,-1002.024561338693,1195.9473128256,36.189999999999998,0.032756184753439485
267.09758090476538,-1002.2746766674594,1195.9473128256,36.189999999999998,0.032984934123862608
267.07902341356811,-1002.1045246542374,1196.2486739455101,35.880000000000003,0.03322922417116056
267.06048105946917,-1001.287121341839,1196.2486739455101,35.880000000000003,0.033237011070364537
267.04195015753112,-1000.6687046558427,1196.93746530264,36.210000000000001,0.033240135138394855
267.02342342792588,-1000.4433986819541,1195.6647867756801,36.210000000000001,0.033232046083442809
267.00489871100007,-1000.3347139927832,1194.76904806722,36.259999999999998,0.033162684289451745
266.98637633274075,-1000.2084260051703,1194.76904806722,36.259999999999998,0.033093833678687311
266.96785600132108,-1000.0978966610505,1197.27745023697,36.039999999999999,0.033073311458500641
266.94932889400013,-1000.4637953326207,1196.2839598994201,36.039999999999999,0.033131062779199867
266.93079788859274,-1000.6742919978273,1191.7370786353399,36.140000000000001,0.033412904786795428
266.91225679487667,-1001.2190606662558,1190.2495849430099,36.140000000000001,0.033544405472699469
266.89370882076531,-1001.5906020135234,1192.42920785298,36.310000000000002,0.03353384013415419
266.87516258098776,-1001.4969479898698,1196.2605948758801,36.310000000000002,0.033494466911505552
266.8566198305557,-1001.3085233315413,1195.3808302141199,36.140000000000001,0.033388572433697652
266.83808078886432,-1001.1082513339888,1195.3808302141199,36.140000000000001,0.033417522075072266
266.81955005041976,-1000.659876004781,1193.1156150240399,36.020000000000003,0.033567668869561244
266.80101979834569,-1000.633612001999,1192.9518214406801,36.020000000000003,0.033805590743713324
266.78250272137035,-999.92215666830782,1191.4090146313899,36.259999999999998,0.034103679169146209
266.76398676923452,-999.86141533268108,1192.46401696968,36.259999999999998,0.034362337454962984
266.74547258971603,-999.76569400018752,1192.46401696968,36.240000000000002,0.034431133213423386
266.72695732571589,-999.82425600753334,1190.99774253341,36.240000000000002,0.034372602693467182
266.70842862687647,-1000.5497373272258,1189.1738401858599,35.950000000000003,0.034189540892861366
266.68990223358014,-1000.4252380013293,1190.22884252415,35.950000000000003,0.034011801089061378
266.67137729003707,-1000.3469513280602,1190.9655560214001,36.090000000000003,0.033954484392329815
266.65285586690123,-1000.1568493349607,1190.6002987146701,36.090000000000003,0.034027087188232837
266.63433606218507,-1000.0694546710108,1190.59958345885,36.299999999999997,0.03421298746443191
266.61582174607412,-999.77306999289647,1190.59958345885,36.299999999999997,0.034263479625340355
266.5973079049383,-999.74742133309735,1188.5451303178199,35.909999999999997,0.034388095761153321
266.57879495269134,-999.69942133779284,1189.5386206553701,35.909999999999997,0.034429596527971035
266.56028940756801,-999.29943665946212,1192.2348966878501,35.969999999999999,0.034239725721605378
266.54178928066665,-999.00685267315123,1192.2348966878501,35.969999999999999,0.034114928502819955
266.52329096570378,-998.90900799461724,1194.2380898282599,36.079999999999998,0.033985218035628366
266.50478568651857,-999.28507600012892,1194.2380898282599,36.079999999999998,0.033969592520892405
266.48627848467902,-999.38889933573978,1192.27566626974,35.829999999999998,0.034093352860328122
266.46776553967925,-999.69902998972441,1193.74551698512,35.829999999999998,0.034175414800300882
266.44924863759269,-999.91271267426328,1195.9098811042199,36.259999999999998,0.034078708326566121
266.43072412866678,-1000.3234819965421,1196.68092688095,35.890000000000001,0.033987597042694558
266.41220114711126,-1000.2410039978812,1197.5416180541099,35.950000000000003,0.033690272318006462
266.39367136276536,-1000.6083546792763,1195.2427858403701,35.950000000000003,0.033523299623883861
266.37514809560503,-1000.2564266599946,1193.65372582122,36.020000000000003,0.033379062594537844
266.35662800425933,-1000.0849326668372,1199.01838290911,36.020000000000003,0.033360563420047638
266.33812059441982,-999.4001313319809,1196.76270446333,35.859999999999999,0.033429462659610262
266.31962157786404,-998.94689401167716,1195.0804227686399,35.859999999999999,0.033348146825248455
266.30112571848156,-998.77640665461126,1197.11461032803,35.890000000000001,0.03318278843798976
266.28262833277785,-998.85882800051991,1197.11461032803,35.890000000000001,0.032857772381595457
266.2641271659013,-999.06301133531736,1200.9321690716899,36.299999999999997,0.032462106198123265
266.24561433783941,-999.69271534027587,1203.4062389619601,36.299999999999997,0.03221657023992594
266.22709253181466,-1000.1775253362384,1203.4062389619601,36.090000000000003,0.032013958944710562
266.20856517718516,-1000.4771499933984,1202.8109076989799,36.090000000000003,0.031933237074304628
266.19002920265444,-1000.9426246599711,1201.62858982427,35.869999999999997,0.032034137594968544
266.17150043240736,-1000.5535933417501,1201.4171125194,35.869999999999997,0.031996237942132716
266.15298508355551,-999.82883799949002,1199.4105815184801,36.240000000000002,0.031905941053892446
266.13447926524685,-999.31418866686408,1199.0391253279599,36.240000000000002,0.031599667332467302
266.1159846207284,-998.71080399840048,1200.8949757689199,36.280000000000001,0.031088681691058301
266.09749099653101,-998.65570665751045,1201.6073705681999,36.280000000000001,0.030761831958277266
266.07899905492604,-998.5648466675849,1204.1102891099799,35.969999999999999,0.030623904123499558
266.06051387575314,-998.19967533645456,1205.7463175948001,36.119999999999997,0.030772999556275701
266.04202403169154,-998.45157932693746,1204.9850469809801,36.009999999999998,0.031002029367756864
266.02352778944459,-998.79708133684937,1207.25407686878,36.009999999999998,0.031041823744698646
266.00503044306168,-998.85670467646344,1208.53915316333,36.210000000000001,0.030883484417615834
265.98652250029642,-999.42890932538398,1208.53915316333,36.210000000000001,0.03061780810303889
265.96800858672844,-999.75133267034244,1206.83517537536,36.280000000000001,0.030184345730937989
265.94948553376543,-1000.2448600014135,1205.4111010326301,36.280000000000001,0.029980885904037587
265.93096371429647,-1000.1782513246631,1207.0416458894799,35.969999999999999,0.029858586692898984
265.91244724890117,-999.88913134528809,1206.5605171395,35.969999999999999,0.029976271708175899
265.89393136091348,-999.85795133673707,1205.13358177347,36.159999999999997,0.030150543896000869
265.87542123471621,-999.54681465122076,1204.96788084124,36.159999999999997,0.030191649373304996
265.85692088637052,-999.01881066880878,1204.96788084124,35.869999999999997,0.030124238178997419
265.83842882782699,-998.57116135000956,1205.97591471385,36.280000000000001,0.029773443112375796
265.81993960154307,-998.41821933058566,1206.0801036453399,35.960000000000001,0.029424761116313009
265.80144799728413,-998.54662998273523,1206.93292700445,35.960000000000001,0.029217009945397304
265.78294165949393,-999.34224067184266,1206.3898094165099,36.100000000000001,0.029230354775462271
265.76443477637036,-999.37168867142952,1206.3898094165099,36.100000000000001,0.02942588076906397
265.74592010324687,-999.79234866953425,1207.22165193816,36.280000000000001,0.029594998602693035
265.727396127247,-1000.2947039921471,1207.5439938955301,36.280000000000001,0.029598069902420525
265.70886746670351,-1000.5476693478741,1207.5439938955301,35.890000000000001,0.029553187385851307
265.69033331134585,-1000.8443893148725,1207.0364006801101,35.890000000000001,0.029463172993561847
265.67179990828413,-1000.8037653342608,1203.3201698446501,36.009999999999998,0.029488830935288212
265.65327291791368,-1000.4574800016683,1203.3201698446501,36.009999999999998,0.029612933795731128
265.63475263822238,-1000.0951033308102,1202.99806630588,36.259999999999998,0.029799225227028037
265.61624205877791,-999.57129000327825,1203.4348491948699,36.259999999999998,0.030025856371645746
265.59773492730869,-999.38509933643206,1201.3324739137299,35.920000000000002,0.030166561610685042
265.5792227490864,-999.6576240054718,1201.3324739137299,35.920000000000002,0.030399317752906566
265.56071175986432,-999.59341799239712,1198.66981490491,36,0.030433910175013078
265.54219072064188,-1000.1361180109623,1198.9196776055901,36,0.030470086877511751
265.52365274479007,-1001.0506959957105,1200.3630638555401,36.210000000000001,0.030500820529359634
265.50511116265443,-1001.2454353254714,1200.46486860095,36.210000000000001,0.030523928714949401
265.48655831669134,-1001.8536820070149,1199.8325824537999,35.899999999999999,0.030570622118035167
265.4679956349259,-1002.3848153340226,1199.8325824537999,35.899999999999999,0.030608124403462868
265.44943067866672,-1002.5076379956602,1200.18806459761,36.009999999999998,0.030694839852785181
265.43087022482723,-1002.2645073335184,1198.7871168598101,36.009999999999998,0.031008477222092396
265.41232036012349,-1001.6926939996902,1196.5755458564199,35.869999999999997,0.031266766085821365
265.39378217628405,-1001.0619273324318,1195.8185667775399,36.25,0.031528880615374504
265.37524639628396,-1000.93212000417,1195.00508248867,35.869999999999997,0.031760176645447967
265.35672976738272,-999.89796066686142,1195.35436574869,35.869999999999997,0.031941476176732771
265.33822386525929,-999.318714665588,1195.35436574869,36.259999999999998,0.032035773620186482
265.3197099516791,-999.75133332986229,1196.11349059504,35.950000000000003,0.032036661480422474
265.30118850991363,-1000.1578553335163,1199.36075202951,36.119999999999997,0.032125711435914764
265.28265609509879,-1000.7504000023349,1196.6010566474299,36.119999999999997,0.032287509070583149
265.26411609206184,-1001.1601639965701,1196.6010566474299,35.880000000000003,0.032560662887536208
265.24556162145672,-1001.9414126743284,1193.6530105654001,35.880000000000003,0.032839064182680025
265.22700928151858,-1001.8263566609724,1193.5898296344101,35.939999999999998,0.032919533550834462
265.20846708987648,-1001.2783486730181,1193.5898296344101,35.939999999999998,0.032974515732846717
265.18993779913575,-1000.5816999989378,1195.7003111481999,36.090000000000003,0.032850719163585403
265.17140880123469,-1000.5658866592676,1196.0610385013899,36.030000000000001,0.032858560894737862
265.15289353103708,-999.82459066987326,1191.8183793805099,35.890000000000001,0.03292610040229018
265.13438984959259,-999.19879800216006,1191.8183793805099,35.890000000000001,0.033067127477026809
265.11590056535806,-998.42134866418951,1193.2927600494299,35.869999999999997,0.033271373761362633
265.09741105345688,-998.433642663211,1194.55017978551,35.869999999999997,0.033285829972497273
265.07891740235806,-998.65715933784713,1196.53239208846,35.960000000000001,0.033178529191216305
265.06041047370383,-999.37414732833781,1196.53239208846,35.960000000000001,0.033089283645554655
265.04189197387655,-999.99899067223214,1196.0550780362,35.939999999999998,0.032851514922692934
265.02335989019764,-1000.7325186613291,1195.0634950475101,35.939999999999998,0.032900077191822419
265.00482518225925,-1000.8742286735198,1196.8308921850801,35.840000000000003,0.032848585400185148
264.98629508643211,-1000.6251746660298,1196.8308921850801,35.840000000000003,0.032759037697350536
264.96776958409879,-1000.3771259975756,1197.40047423845,35.939999999999998,0.032703369440483278
264.94926772804945,-999.10022666468967,1197.40047423845,35.939999999999998,0.032352816520023552
264.93077557844435,-998.57607867481818,1196.84686623178,36.159999999999997,0.032072185225121036
264.91229345918509,-998.03443999951332,1195.8927149644801,36.159999999999997,0.03187649055423681
264.89381408835789,-997.88602467130931,1197.4555489367899,36,0.031834956681559751
264.87532697307415,-998.30422532000978,1200.17852785331,35.920000000000002,0.031964111455264947
264.8568359089752,-998.51746134475161,1200.53734785764,35.850000000000001,0.031986909204265362
264.83834199193842,-998.67151998618851,1201.10073102721,35.850000000000001,0.031871241001001291
264.81984257904929,-998.96829601237152,1201.10073102721,36.299999999999997,0.03166987354021563
264.80133838538285,-999.22645798855842,1198.9709376062101,36.299999999999997,0.031398352646701808
264.78282961062962,-999.47383667281292,1199.6835708240999,36.140000000000001,0.031180614609808949
264.76430671290132,-1000.236477328645,1199.6835708240999,36.140000000000001,0.031024105838199947
264.7457831860001,-1000.27045266798,1200.3633022741401,36,0.031118090779179541
264.72726303566662,-1000.0881180046657,1200.8565903731101,35.93,0.03146853815265227
264.70875780925934,-999.28222599515198,1197.9624268963801,36.170000000000002,0.031587640860128906
264.69026296917286,-998.72136466941822,1203.62153096456,36.170000000000002,0.031373402516708025
264.67176882550632,-998.68375799197736,1203.62153096456,36.280000000000001,0.030829813322938372
264.6532734276542,-998.75148401621254,1208.9249144703001,36.280000000000001,0.030352270435405178
264.63477033086446,-999.16722664554061,1205.3977495906099,35.969999999999999,0.030285260744957031
264.61625769113584,-999.68254534681478,1205.3977495906099,35.969999999999999,0.030414961903555627
264.59773772396284,-1000.078227339832,1205.31477991519,36.140000000000001,0.03053111955642563
264.57921202604939,-1000.3876873281129,1207.61027426842,36.140000000000001,0.030558292440212988
264.56067668791371,-1000.9082593245834,1209.9255573660801,36.32,0.03040693182575626
264.54214247977797,-1000.8472393308413,1208.34651092845,36.32,0.029992674381321388
264.52359823509875,-1001.3892126794781,1205.8485991774301,36.210000000000001,0.029573198410801579
264.5050629745802,-1000.9040679991913,1206.39505462588,36.210000000000001,0.029243477099010613
264.4865382452345,-1000.335384669479,1209.73839875917,35.969999999999999,0.029227520445073214
264.46801552962955,-1000.2266426680359,1209.73839875917,35.969999999999999,0.029465784839825381
264.44951487601242,-999.03529532271045,1208.0379972503199,36.049999999999997,0.029661954486908854
264.4310207116543,-998.68487533946222,1208.0379972503199,36.049999999999997,0.029672597425085257
264.41252582085178,-998.72410333645746,1206.3478477415899,36.259999999999998,0.029552538577530058
264.39402813609877,-998.87497666204979,1207.0967205878201,36.259999999999998,0.029304264520620339
264.37552565087668,-999.13420199303255,1207.87348841113,35.890000000000001,0.02912843289268794
264.35699491140747,-1000.6599313384938,1208.1030855301699,35.890000000000001,0.029039780301957557
264.33845528608646,-1001.1397673349117,1212.73317488827,35.960000000000001,0.029094878373001076
264.31991129388888,-1001.3755786680889,1210.3990567206199,35.960000000000001,0.029196085200520364
264.30136935475309,-1001.2647133315974,1210.3990567206199,36.079999999999998,0.029285348326252736
264.28283389967913,-1000.9145739960161,1209.9474918779699,36.079999999999998,0.029326469330363262
264.26430798135817,-1000.3995893305381,1206.48827630142,35.850000000000001,0.029020598161311931
264.2457862012098,-1000.1761280115985,1206.48827630142,35.850000000000001,0.028821649029629661
264.22727143081488,-999.79760132719457,1208.5007677675201,35.899999999999999,0.028824734814570058
264.20876659970378,-999.26087999868253,1206.4541824405401,35.899999999999999,0.029012676745712927
264.19027339149386,-998.63324333553999,1207.50608533693,36,0.029301732365724236
264.17178101423451,-998.58837200332766,1207.50608533693,36,0.029439585704888638
264.15327481925925,-999.33452866477808,1211.30337849896,35.920000000000002,0.029460666700188414
264.13475650155556,-999.98915600063083,1211.60164017697,35.920000000000002,0.029580287843981236
264.11622217649386,-1000.853553331762,1206.3769348117,35.859999999999999,0.029616842255515658
264.09768241458016,-1001.1471433386123,1205.5439001970201,35.859999999999999,0.029598819089251074
264.07912835271617,-1001.9193406564582,1205.5439001970201,35.950000000000003,0.02980422435326038
264.06057444090123,-1001.9112380048131,1206.87522970143,35.950000000000003,0.030175273618135223
264.04202735672845,-1001.5425453324906,1203.6181931040501,36.140000000000001,0.030670839670915221
264.02348938087664,-1001.0506959957105,1202.5331500212101,36.140000000000001,0.03089092051273222
264.00495330906188,-1000.9478779991354,1202.5331500212101,36.020000000000003,0.030962414007699217
263.98643440670378,-1000.0207273352663,1202.89793049072,35.909999999999997,0.031062000325611419
263.96792723072844,-999.38750267061937,1199.87812040783,35.859999999999999,0.031235523310932066
263.94941850151849,-999.4713773344007,1199.2534636561199,35.859999999999999,0.031532640050752882
263.93090910381488,-999.50747599779197,1198.6841200213601,36.310000000000002,0.031699416124511735
263.91239116900005,-999.96847999935312,1198.6841200213601,36.310000000000002,0.031978413459470417
263.89386835611123,-1000.2318959962081,1197.1804138637101,35.979999999999997,0.032176961088107477
263.87533370612346,-1000.8710993399159,1197.1804138637101,35.979999999999997,0.032286511525891078
263.85677566959282,-1002.1339726538242,1195.2504152358099,35.859999999999999,0.032481642226518739
263.83820716602469,-1002.6991926800882,1195.5763334722899,35.859999999999999,0.032808861384644471
263.81964362640736,-1002.4311393355798,1195.35674993476,36.32,0.03314394089192288
263.8010904555062,-1001.8712286636966,1195.35674993476,36.32,0.033514249243276895
263.78255120685202,-1001.1194273260054,1194.4402688074399,36.030000000000001,0.033646670897515392
263.76402345588895,-1000.4985520050849,1194.08931661717,36.030000000000001,0.033537930710362443
263.74550343595052,-1000.0810766742968,1192.0534601275299,35.869999999999997,0.033527825848758165
263.7269889842716,-999.78039066288466,1190.9936894170901,35.869999999999997,0.03362271003788618
263.708473264963,-999.84884266455242,1192.0742025463801,36.299999999999997,0.033772086936418748
263.68995387624693,-1000.0469906675366,1193.71523782196,36.299999999999997,0.033994116302467355
263.67142566376555,-1000.5234739949556,1193.71523782196,36.100000000000001,0.034189597803722167
263.65289235280244,-1000.7987920052277,1192.2811498977101,36.100000000000001,0.03435053138702357
263.6343506609752,-1001.2513586708196,1187.8811344958699,35.850000000000001,0.034407612154178195
263.6158025181976,-1001.5997099932124,1187.97745561331,35.850000000000001,0.034091359831739852
263.5972468327285,-1002.0070153305392,1192.2887792931499,36.32,0.033842077900714231
263.5787016774197,-1001.4383866750198,1192.2887792931499,36.32,0.033756777029803162
263.56016175924702,-1001.1555813231095,1192.708634461,35.890000000000001,0.033978800192294364
263.54163458674066,-1000.4673153437813,1191.3756360263401,36.159999999999997,0.034295952778826626
263.5231188229385,-999.85124531723602,1192.54317194738,35.880000000000003,0.034414277310930455
263.50461520669143,-999.19527734247163,1194.6565144844701,35.880000000000003,0.034525231967778812
263.48612282941968,-998.58837267383944,1193.5714714016301,36.259999999999998,0.034419591029744782
263.4676264640371,-998.80373065962999,1193.5714714016301,36.259999999999998,0.034321877692343621
263.4491256024321,-999.04652667042376,1193.70784684513,36.100000000000001,0.03428440022725221
263.43061795871591,-999.41276067484614,1193.12348283809,36.100000000000001,0.034264349903470069
263.41210107629627,-999.9116506604912,1193.12348283809,35.840000000000003,0.034348756693081968
263.39357542391366,-1000.3852286602126,1193.08652795393,35.840000000000003,0.034463810215732742
263.37505200670375,-1000.2645293336236,1194.1718094553701,36.259999999999998,0.034271778745700449
263.35653278666661,-1000.0378820063438,1191.5999879360199,36.259999999999998,0.034161632252835319
263.3380130005803,-1000.0684486614634,1191.5999879360199,36.229999999999997,0.033956749569125068
263.31950158916072,-999.61621665821156,1191.39089481722,36.229999999999997,0.033885397838757325
263.30099827196312,-999.17912866994959,1196.87213860418,35.939999999999998,0.033978116176199682
263.28250421832104,-998.67889667139332,1198.17318894544,35.939999999999998,0.033985798558407491
263.26401741554326,-998.28734999954361,1198.17318894544,36.159999999999997,0.034162836766245624
263.24553475714816,-998.06355333676015,1197.6386544273701,36.159999999999997,0.034204637631272419
263.22704757046921,-998.30808066402233,1198.1975076434001,36.280000000000001,0.034074276270333492
263.2085561224568,-998.53819266875007,1199.2458342606801,36.280000000000001,0.03380258257265293
263.19005057112361,-999.29977199231405,1199.8104095233,36.189999999999998,0.033519762665710121
263.17153832771612,-999.66114400564027,1196.85544930165,36.189999999999998,0.033403393913166574
263.15302878618502,-999.51524267904949,1196.37598948192,36,0.033351294694412684
263.13451505576546,-999.74144265403629,1196.37598948192,36,0.033290392413966072
263.11600043438273,-999.7895546687821,1198.5501287639299,36.07,0.033129798246636283
263.09750200249391,-998.91532199553797,1199.23963537689,36.07,0.032820412885465403
263.07901661635799,-998.21085133946326,1200.1120090618101,36.280000000000001,0.03245892210137255
263.0605385183456,-997.81729267050241,1200.09031296853,36.280000000000001,0.032301367153830619
263.04206053725932,-997.81097865858976,1200.09031296853,35.909999999999997,0.032266322530128379
263.02357516975303,-998.2098453409078,1199.65448375398,35.909999999999997,0.032594140836361453
263.00508669681477,-998.37753866424555,1202.8733733741501,36,0.032824146454435772
262.98658894788889,-998.87844199901758,1204.1749005526201,36,0.032970556580618343
262.96808959295061,-998.96516666777552,1203.00545728272,36.210000000000001,0.032869797828828352
262.94957938293834,-999.55134066093683,1203.00545728272,36.210000000000001,0.032574202241139716
262.93105816779024,-1000.1456179982395,1199.6461391027101,35.859999999999999,0.032192297899264109
262.91252926819749,-1000.5605780083746,1201.7418386628401,35.859999999999999,0.032012789612000811
262.89399606072834,-1000.7932033332115,1201.7418386628401,35.979999999999997,0.031970358551156985
262.87546603629625,-1000.6213193330093,1202.1714689936,35.979999999999997,0.032098501303099422
262.8569480559508,-999.9709386562613,1198.7079618821101,36.119999999999997,0.032261454808538148
262.83843012216067,-999.96842466564033,1198.65288718377,36.119999999999997,0.032228225218795759
262.8199115188641,-1000.0045780142165,1199.44682114682,35.869999999999997,0.032047640735438004
262.80139645561729,-999.81341532638464,1203.34734956591,35.869999999999997,0.031657405192041341
262.78288016509879,-999.87968799977125,1203.34734956591,35.899999999999999,0.031422204850644432
262.76435939181493,-1000.1217573296449,1205.4833418707101,35.899999999999999,0.031540509724579439
262.74583517574092,-1000.3076679973523,1202.6058676965099,36.009999999999998,0.031966436648567263
262.72730474877778,-1000.6430560070356,1200.14586450408,36.009999999999998,0.032416679381679629
262.70876923472849,-1000.9177586633327,1201.01633084015,35.850000000000001,0.032599764980976692
262.69022546397531,-1001.3636206724314,1201.8162252683901,35.850000000000001,0.032491538064104909
262.67167756127162,-1001.5867459989993,1201.8162252683901,36.25,0.032311083957637543
262.65312521511117,-1001.8266926643361,1201.6359808011,35.890000000000001,0.032223502388213705
262.634574278358,-1001.7505846708204,1200.1255989224401,35.979999999999997,0.032317488351449021
262.61602796096304,-1001.501139326254,1198.9640234665901,35.979999999999997,0.032781777496339322
262.59749696899991,-1000.6735660094027,1198.1357572240499,35.899999999999999,0.033173157529514788
262.57897928150629,-999.95512465707145,1198.1357572240499,35.899999999999999,0.033583754873044429
262.56047456111128,-999.25490133061351,1196.16188957237,35.909999999999997,0.033527337428125283
262.54196913292589,-999.29312201001369,1194.87180648706,35.909999999999997,0.033107182623423145
262.52346447048149,-999.25177199700954,1194.87180648706,35.960000000000001,0.032949034748022833
262.50494145685195,-1000.2427359958531,1196.3263984115599,35.960000000000001,0.032995148657506079
262.48640371486425,-1001.0380673343492,1193.13993372201,36.159999999999997,0.033449772745043682
262.46786032699998,-1001.3429446711535,1195.42660658677,36.159999999999997,0.033898224229249221
262.44931252155556,-1001.5814940008586,1195.42660658677,36.009999999999998,0.034171050003894213
262.4307640797162,-1001.6158593252541,1194.6174138328299,35.869999999999997,0.034409727283293799
262.41221444887657,-1001.6800653383287,1190.7128322974199,35.899999999999999,0.034463766762740246
262.39367241971615,-1001.2695746631734,1189.0562998123501,35.899999999999999,0.034338207913165913
262.37513778317282,-1000.8703733404994,1189.9131762877901,36.25,0.034224534826562424
262.35661324838276,-1000.3248786616624,1192.75107297314,36.25,0.034172341436520627
262.33810272688891,-999.56816066967428,1189.7884833560599,36.009999999999998,0.034424982340455122
262.31959666125931,-999.32754399815349,1189.7884833560599,36.009999999999998,0.034639472140259336
262.3010881928148,-999.45729600369475,1187.2476562556801,35.850000000000001,0.034712028374470273
262.28257842361722,-999.52753666707883,1187.1525272312799,35.850000000000001,0.034586898982217916
262.26405982032088,-1000.0045780032245,1187.1525272312799,36.310000000000002,0.034384521548455602
262.24554466704944,-999.81827665796072,1187.12987746356,36.310000000000002,0.034215322999982048
262.22701650112344,-1000.5209600043346,1188.2606969190499,36.07,0.034110937275944393
262.20847276246934,-1001.3618873224436,1188.92540799682,36.07,0.034210633270170453
262.18992974506182,-1001.3229400060914,1186.96489178716,35.890000000000001,0.03438311731758463
262.1713912238643,-1001.0801446658093,1186.96489178716,35.890000000000001,0.034609527024962748
262.15286603922232,-1000.3599706669781,1185.70771046969,36.210000000000001,0.034582961557096455
262.13434474025922,-1000.1501440079554,1185.70771046969,36.210000000000001,0.034584948370321097
262.11583486758036,-999.53312465759132,1186.1232741025999,36.280000000000001,0.034477272999085297
262.09732465756792,-999.55134067192898,1186.0305292642699,36.280000000000001,0.034533214441478367
262.07882315955561,-999.08089266533113,1186.0305292642699,36.049999999999997,0.03464523599376685
262.06032126520995,-999.1022946660255,1187.58907170165,36.049999999999997,0.034666961679460116
262.04182119004935,-999.0040586723992,1187.0285495553701,36.039999999999999,0.034563738030157318
262.0233179701234,-999.17387600129723,1187.3034462098401,36.039999999999999,0.034334410196122503
262.00480017190142,-999.96110398466033,1187.3034462098401,35.869999999999997,0.034029890478036652
261.98627754735827,-1000.2217253322355,1186.0755903811,36.210000000000001,0.03381200445100313
261.9677483031727,-1000.5791860193085,1185.06016553166,36.280000000000001,0.033733255956512644
261.94921534197516,-1000.7799046656663,1186.11540628855,36.280000000000001,0.033737684914019905
261.9306830378888,-1000.7444206637542,1187.6763329120099,35.950000000000003,0.033787724870482851
261.91215724891379,-1000.3926046529216,1188.9235006479601,35.950000000000003,0.033624132885536034
261.89363476717273,-1000.2140140176666,1190.15183331392,36.009999999999998,0.033394285576644873
261.87512859806162,-999.33313199965789,1190.08746028989,36.009999999999998,0.033113173097914603
261.85663245307404,-998.79182932771664,1189.40439097934,36.210000000000001,0.032894623785285591
261.83814301259258,-998.42978600015874,1191.85891054379,36.210000000000001,0.032889730186906024
261.81964610703699,-998.83290000110151,1192.3021307351701,35.869999999999997,0.032841507342297474
261.80113409749396,-999.648515322295,1189.25847879153,35.869999999999997,0.033041153935525848
261.78261999040745,-999.76178267393459,1189.0610681845001,35.93,0.032932767642025865
261.76409932681491,-1000.1158339952888,1189.0610681845001,35.93,0.032595490204343498
261.74557673538266,-1000.2199373410308,1190.5352104348201,36.090000000000003,0.032219656016724114
261.72705467583933,-1000.19121534086,1193.2879916772799,36.090000000000003,0.031838009340081692
261.70854163253097,-999.70433865160942,1192.27566626974,35.840000000000003,0.031571147128466218
261.6900246021234,-999.91964200717507,1191.3315285839501,35.840000000000003,0.031515891766017039
261.67151904354307,-999.30016334038248,1197.89686177932,35.93,0.031369955596424214
261.65301955925929,-998.97215132340807,1197.89686177932,35.93,0.031342751660245388
261.63452842272835,-998.52137267100454,1198.8801001167401,36.159999999999997,0.031222961841205592
261.61604686846914,-998.00392999714632,1199.4413375188501,36.159999999999997,0.031071964450164597
261.59755646044459,-998.48203332508001,1199.5491027294499,35.890000000000001,0.030934598504899134
261.57906240680234,-998.67889668238524,1200.0285625491799,35.890000000000001,0.030763494887018478
261.56056360445695,-998.93532664960833,1200.0285625491799,36.280000000000001,0.030678779712249554
261.54206107370379,-999.13666067192491,1198.39444141322,35.960000000000001,0.030585890635711013
261.52354963640738,-999.61761400483545,1197.78480503378,36.119999999999997,0.030416831791855069
261.50504063401218,-999.48612934180255,1200.8458615357699,36.119999999999997,0.030075353047233102
261.48652593501248,-999.79374598318225,1200.8458615357699,35.859999999999999,0.029573441586750748
261.46801677118532,-999.49484666591877,1201.3641835885301,35.859999999999999,0.029184431254084035
261.44950467058038,-999.65343266908758,1200.53043371802,35.939999999999998,0.029146877229122996
261.43100590755563,-998.93320333654378,1199.0274428161899,35.939999999999998,0.029247949523962816
261.41251002230877,-998.77780333072349,1197.5070473560199,35.979999999999997,0.02941068469068377
261.39401700244468,-998.62307266057496,1200.06647110778,36.140000000000001,0.029460751554741094
261.37552772441978,-998.42101334232984,1202.7758601636699,35.890000000000001,0.029244555369742721
261.35703650303714,-998.52595466296123,1202.7758601636699,35.890000000000001,0.02898001111238533
261.3385360512101,-999.02439865932126,1204.0463929231601,35.950000000000003,0.028763170249206799
261.32003246806175,-999.19349001078672,1204.52585274289,35.950000000000003,0.028652641927546164
261.30151648281486,-999.86320333487765,1202.9124740257801,36.039999999999999,0.028812259224501757
261.28298839450616,-1000.5167686679504,1202.61659653385,36.039999999999999,0.029208363143083872
261.26446594483957,-1000.2122819977104,1199.3712424482401,35.850000000000001,0.029452312739737613
261.24594150732094,-1000.319626004002,1198.12431313089,35.850000000000001,0.029389796158533769
261.22742579525914,-999.84845133846784,1198.12431313089,35.909999999999997,0.029053183060457271
261.20891878174081,-999.37872999080639,1197.3113056792399,35.909999999999997,0.028633021028720677
261.19040413449386,-999.7909513339024,1198.3272073659,36.140000000000001,0.028484606495604518
261.17188990323456,-999.76848800093956,1201.35655419309,35.979999999999997,0.028563260824913769
261.15337301459243,-999.91198667484696,1200.2476692494999,35.880000000000003,0.028991834777087017
261.13485661335807,-999.88566665684823,1198.53892308938,35.880000000000003,0.029548080631480542
261.11634279187655,-999.74636000082899,1198.53892308938,35.890000000000001,0.029918518332787455
261.0978300745308,-999.68673667220696,1198.46477490244,35.890000000000001,0.029822153348644177
261.07929897804945,-1000.6792099931475,1199.16596402716,35.979999999999997,0.029472174750052395
261.06076261339501,-1000.9636913388053,1201.15604414416,35.979999999999997,0.029115142914519897
261.04220758398776,-1001.9715879923714,1201.15604414416,35.909999999999997,0.029180867391776361
261.023643816716,-1002.4434326750812,1200.1651764112901,35.909999999999997,0.029581218133325569
261.0050797772962,-1002.4581286672666,1198.37346057575,35.880000000000003,0.030273363613207982
260.98651947246913,-1002.2564606641138,1195.5994600772201,35.880000000000003,0.030805871100443596
260.96796483939517,-1001.9501859916772,1195.5994600772201,36,0.031125506184304277
260.9494243955433,-1001.1839680014202,1194.30150917786,36,0.031071871316195526
260.93089496819749,-1000.5890766731504,1194.0554611749001,35.969999999999999,0.030825248821895027
260.91237402624711,-1000.1308653203258,1193.1637755827601,35.969999999999999,0.03047668271221728
260.8938560138148,-999.97267134672916,1194.8403352308701,36.159999999999997,0.030226859574750173
260.87532584659238,-1000.6290300100424,1197.5511547984099,35.859999999999999,0.030278534527050892
260.85680206617292,-1000.2841426506177,1196.28539041107,35.939999999999998,0.030632109066668647
260.83826920328397,-1000.7745960037813,1196.28539041107,35.939999999999998,0.030960735555408497
260.81973401416053,-1000.9002126661708,1193.7829487065001,36.020000000000003,0.031198062408948103
260.80119621318511,-1001.0412526721776,1192.39892868983,36.020000000000003,0.031146729994346138
260.78265335203719,-1001.3145019886183,1195.86148212689,35.869999999999997,0.031038180202219087
260.76410926981498,-1001.380439999665,1195.86148212689,35.869999999999997,0.030989440994507116
260.74556858485181,-1001.1969880108499,1198.74920830121,35.939999999999998,0.031179290067659189
260.72703605207425,-1000.7567699854962,1198.74920830121,35.939999999999998,0.031515549245213395
260.70851675441997,-1000.042073331736,1200.2979755756801,36.020000000000003,0.031771434259352332
260.69001275424688,-999.21600934797402,1200.2464771564601,36.020000000000003,0.03183826494248345
260.67150783311115,-999.26574133025838,1199.4081973324101,35.840000000000003,0.031841978848196111
260.65300934223438,-998.91850734435866,1196.85544930165,35.840000000000003,0.031666679105084646
260.6345089421481,-999.02160465856889,1195.03989160536,35.920000000000002,0.031604013511280865
260.61600299448156,-999.32117399300819,1198.8963125820501,35.920000000000002,0.031491910217821072
260.59748918541982,-999.74568933512546,1198.8963125820501,36.090000000000003,0.031356319999744933
260.57895727662969,-1000.7230746672845,1200.3330231109901,36.090000000000003,0.03132709094974577
260.56042621946892,-1000.6770866800832,1199.0694044911199,35.899999999999999,0.031364316950515177
260.54189581838284,-1000.6416586494196,1199.0694044911199,35.899999999999999,0.031349589626660374
260.52336439076532,-1000.6970913451455,1195.7744593351399,35.920000000000002,0.031422809184124566
260.50484698369138,-999.93998199409714,1201.2068273075599,35.920000000000002,0.031261647948016398
260.48634457504932,-999.13006667186517,1201.57065410264,36.159999999999997,0.031144664519948444
260.46784438917285,-999.01003732947606,1201.57065410264,36.159999999999997,0.031139452216555133
260.44935511114835,-998.42101332034565,1201.96619057252,36,0.03098938924092845
260.43086090849374,-998.68694335178986,1201.25594154071,35.890000000000001,0.030869480435760464
260.41237259904943,-998.36870999119992,1203.1580451915299,35.899999999999999,0.030739487459997623
260.39388541856795,-998.30774600168229,1200.7221222784699,35.899999999999999,0.030601240901479063
260.37538372601233,-999.09139800263597,1199.1900443065199,36.210000000000001,0.030576496697185138
260.35687357393829,-999.54821199784476,1199.1900443065199,36.210000000000001,0.03065844791110833
260.33836204558031,-999.62253132964406,1203.7493233381899,35.960000000000001,0.030548740189043508
260.31984242196307,-1000.0596753331225,1205.5722720113099,35.960000000000001,0.030304467726498054
260.30132145413586,-1000.1322626669498,1205.5722720113099,36.079999999999998,0.029967326883512373
260.28280060324687,-1000.1259480065094,1211.7260946900999,35.859999999999999,0.029684467652700369
260.26428326654326,-999.93618199478931,1209.3786250804201,36.280000000000001,0.02951979947613732
260.24577525237049,-999.43276532891628,1210.07409215857,36.280000000000001,0.029500622508854719
260.22726280718513,-999.67204000950994,1210.07409215857,35.979999999999997,0.029620322294279262
260.2087532532347,-999.51591332276917,1211.3853944999501,35.979999999999997,0.029719025924504268
260.19025280140727,-999.02439868130512,1212.09731246201,35.890000000000001,0.029744422062307027
260.17174378037026,-999.48713599987798,1214.3477456984201,35.890000000000001,0.029519805689058279
260.1532293152469,-999.78111666230097,1212.9713550771901,36.280000000000001,0.029170630082511594
260.13471297195071,-999.88253799375605,1213.00115740313,36.280000000000001,0.028923831678805217
260.1161888210741,-1000.3041473376636,1215.14549435919,35.969999999999999,0.028763295465354607
260.09766488439504,-1000.2925806680906,1213.38215033795,35.969999999999999,0.028714191994261853
260.07912978633334,-1000.8952953303702,1213.38215033795,35.890000000000001,0.028925360076088289
260.06058655472845,-1001.3345066646725,1214.79358849449,35.890000000000001,0.029056903180922893
260.04205788175301,-1000.5483406730976,1214.1703622544201,36.159999999999997,0.029005243756242798
260.02352979965445,-1000.5164333241065,1214.1703622544201,36.159999999999997,0.028779655695142872
260.00502060995069,-999.49624400155074,1217.64841290097,36.009999999999998,0.028345911868684653
259.98651842897527,-999.11777267284356,1220.4360032601401,35.869999999999997,0.02808076018421064
259.96801519662978,-999.17454665600883,1220.2257180483,35.939999999999998,0.028054203009602516
259.94950308360507,-999.65410333479133,1220.2257180483,35.939999999999998,0.028170134054312575
259.93098811764213,-999.80816199821231,1218.2008288146101,36,0.028351195567337457
259.91246005519764,-1000.5153720028303,1216.5452500039601,36,0.028542084621821496
259.89393858032105,-1000.159643335713,1218.08114267363,35.899999999999999,0.028367556838312102
259.8754176973456,-1000.1276806749929,1215.9377593919901,35.899999999999999,0.02803821013398174
259.85688878327153,-1000.5613600010237,1215.9377593919901,36.039999999999999,0.027633410767800005
259.83836263832103,-1000.4118273253349,1216.9550915903001,36.039999999999999,0.027335393758389274
259.8198428522345,-1000.0684486724554,1215.3119105472499,35.869999999999997,0.027367132204965464
259.8013224297531,-1000.1028139968508,1215.3119105472499,35.869999999999997,0.027650461216222583
259.78280541797534,-999.91863599762746,1219.2005180359499,35.950000000000003,0.028027022873946931
259.76429169997539,-999.74077199932469,1220.03522158089,35.950000000000003,0.028205746783908463
259.74578197734564,-999.52502200594608,1218.51911765565,36.229999999999997,0.0282748633438007
259.72728057660498,-999.07563999667877,1216.76316461124,36.229999999999997,0.028004405194619695
259.70876903480257,-999.62325732906049,1216.76316461124,35.909999999999997,0.027698071466661707
259.69025312095067,-999.85934800185703,1216.78009233237,35.909999999999997,0.02756358020869866
259.67172807288875,-1000.3525953447812,1217.66724797097,36.07,0.027656487920539635
259.653193397037,-1000.8724959940441,1215.0322455206201,36.07,0.027954321762569592
259.63465810443222,-1000.9058006566831,1212.99328958908,36.280000000000001,0.028304404887113981
259.61612442301242,-1000.81879667029,1213.5077969441199,36.280000000000001,0.028289269866834332
259.59759940082705,-1000.3511980091491,1210.21833541612,35.960000000000001,0.028187020992505422
259.57907767862974,-1000.1729986560105,1208.9044104700599,35.960000000000001,0.028132015009766372
259.56055046783945,-1000.4693826746052,1208.9044104700599,36.240000000000002,0.028189366889844712
259.54202698543236,-1000.2680499823201,1207.65056701309,36.240000000000002,0.028439965107012587
259.52350597207413,-1000.134721345842,1209.9474918779699,36.079999999999998,0.028723633545233312
259.50498344480258,-1000.2164726635829,1212.6382842824801,36.079999999999998,0.028972186976773808
259.48646962953097,-999.74602466797705,1209.54814071037,36.119999999999997,0.029171040898424469
259.46795466355559,-999.80816266872409,1206.16259648354,36.119999999999997,0.029177172113834575
259.44943038850624,-1000.3108526646689,1205.9439666204401,36.280000000000001,0.029142153343105676
259.43089957245678,-1000.6640666706533,1205.9439666204401,36.280000000000001,0.029155417452423053
259.41235374141968,-1001.4748760049756,1206.5502651393699,35.950000000000003,0.029537915769653644
259.39380639750618,-1001.556571329484,1206.5643318372199,35.909999999999997,0.030033993013191825
259.37525921604947,-1001.5477986606628,1202.8712276066799,36.25,0.030533679659898942
259.35671612102465,-1001.3271313424754,1203.40337793867,36.25,0.03060750249479734
259.3381740659878,-1001.2709719878134,1203.40337793867,36.210000000000001,0.030469899581414779
259.31964098165429,-1000.786554010431,1201.3205529833499,36.210000000000001,0.030165327095229653
259.30110894350605,-1000.7300600044208,1200.70042618518,35.920000000000002,0.030218872963174419
259.28257819161729,-1000.6606019932057,1199.26371565625,35.920000000000002,0.030411445642090869
259.26404753079032,-1000.655684657405,1195.91989468573,36.229999999999997,0.030759998289014982
259.24551232924694,-1000.9008833428666,1195.77517459097,36.229999999999997,0.031101273172396974
259.2269757110617,-1000.9773820029469,1197.03927004805,36.189999999999998,0.031292336067755902
259.20843729335786,-1001.0745560047851,1197.03927004805,36.189999999999998,0.03123407666153764
259.18989853725918,-1001.0928293313951,1193.66779251907,35.890000000000001,0.031124439300263259
259.17135305185172,-1001.456212000809,1193.66779251907,35.890000000000001,0.030902675867872233
259.15280126449386,-1001.796517324309,1194.7819226720201,36.229999999999997,0.030940096405614848
259.13424236907406,-1002.1803526705979,1196.18716194477,36.229999999999997,0.03126952589535624
259.11568748350624,-1001.963820662586,1194.9798101162701,36.140000000000001,0.031592347143277286
259.09715187839493,-1000.9226760101254,1194.9798101162701,36.140000000000001,0.031904521294383072
259.07863420434569,-999.95439865765513,1193.8954822892499,36.07,0.031774640083617071
259.06012362386429,-999.57134599651101,1193.9729683367,35.859999999999999,0.031453933984963621
259.04161896866668,-999.25138067092496,1194.17610099031,36.259999999999998,0.031216821322698485
259.02311531930866,-999.19706533367628,1195.27473393377,36.259999999999998,0.031067131910699805
259.00461261988897,-999.14576866260575,1192.37818627097,35.950000000000003,0.031253277420590593
258.98610452811107,-999.43695600578053,1192.37818627097,35.950000000000003,0.031554031498315781
258.96759440191363,-999.54681466221291,1193.6909191239999,35.899999999999999,0.031862268225928553
258.94908395181483,-999.564305336654,1194.28553513116,35.899999999999999,0.03195507866449937
258.93057018828415,-999.7432306562331,1192.42491631805,36.140000000000001,0.031718860075187635
258.91206201165437,-999.44153800872937,1192.19651129204,36.140000000000001,0.03150102682500628
258.8935490801112,-999.69830333078812,1193.67995186805,35.840000000000003,0.031432536328143759
258.87503903876546,-999.542232670256,1195.12143076914,35.840000000000003,0.031551760103917789
258.85652848416044,-999.56994867187109,1196.5755458564199,35.939999999999998,0.031891773558957566
258.8380255115556,-999.16052065901567,1195.7439417533801,35.939999999999998,0.032048436503909088
258.81952852217302,-998.83742665934551,1195.7439417533801,35.979999999999997,0.032112698796415387
258.80104002335804,-998.37893601086967,1196.15235282807,35.979999999999997,0.031907877161442132
258.78255184325923,-998.36172533556737,1192.17076208243,35.890000000000001,0.031441808160035639
258.76405776375299,-998.6802933365135,1192.17076208243,35.890000000000001,0.031204094276450402
258.74555887137052,-998.94018865169596,1192.1926965943201,35.969999999999999,0.031061466369002609
258.72704879691383,-999.54402066146054,1194.99292313968,35.969999999999999,0.031254148725657807
258.70853485849398,-999.75267467226161,1192.62757213444,35.869999999999997,0.031448934855270831
258.69002642834562,-999.45522801335096,1193.0827132562099,35.869999999999997,0.031491194123822314
258.67152671639496,-998.98444533342126,1195.5744261234299,35.950000000000003,0.031315439074283094
258.65303045449389,-998.79814265812558,1195.5744261234299,35.950000000000003,0.031154674165414446
258.63453466030859,-998.77288600591476,1199.89171026846,36.140000000000001,0.030931918370854367
258.6160343388766,-999.01735732895236,1198.79045472031,36.140000000000001,0.030891050892675943
258.59753731638267,-998.83921467253401,1199.8323440351901,35.859999999999999,0.03097956999659501
258.57903628609876,-999.0556353316166,1199.8323440351901,35.859999999999999,0.031123980880657688
258.56053792560499,-998.91146666251768,1199.2277144465099,36.210000000000001,0.031129348404483011
258.54203990971604,-998.89285800305561,1197.3341938655601,36.020000000000003,0.030843435473352016
258.52354167235808,-998.90481732874503,1197.31416670253,36.210000000000001,0.030454059861155468
258.50503675743221,-999.26540599740645,1195.8691115223301,36.210000000000001,0.030089718187230111
258.48652146032111,-999.82604399873799,1195.2566141196,35.909999999999997,0.029935667088338568
258.46801256346924,-999.48043000236078,1195.2566141196,35.909999999999997,0.02996238363021134
258.44949519365446,-999.937969996986,1197.92404150057,36.119999999999997,0.02991484374483732
258.43097817566667,-999.91897134147121,1197.92404150057,36.07,0.029879943982627714
258.41246432107425,-999.74814799203364,1200.3895283209699,36.280000000000001,0.029846239425031861
258.3939471799506,-999.92562067524375,1200.3895283209699,36.280000000000001,0.029705096448847085
258.37543203185191,-999.81799732933337,1198.43902569282,35.960000000000001,0.029716187467434565
258.35690887438273,-1000.2505033366305,1198.5191343449501,35.960000000000001,0.02987140996675262
258.33838049425913,-1000.5325266739076,1199.37076561102,36.210000000000001,0.030105029130350298
258.31984804012347,-1000.7525233263915,1199.37076561102,36.210000000000001,0.030344314866043113
258.30131928229633,-1000.5529226650543,1198.8781927678799,36.159999999999997,0.030228199643095668
258.28279780120988,-1000.1599786685647,1199.84045026785,36.159999999999997,0.029893583719422301
258.26427997090127,-999.96283666413603,1199.0064619787299,36.030000000000001,0.029515083878289279
258.24575627429641,-1000.2796166628855,1199.0064619787299,36.030000000000001,0.029329366773134975
258.22722687386431,-1000.5876233332938,1198.91872393116,36.240000000000002,0.029528550795243361
258.208684726716,-1001.2759460093424,1196.7607971144701,36.240000000000002,0.029960757953347891
258.19014703027165,-1001.035607995937,1196.0834498504901,36.159999999999997,0.030334786407661758
258.17162107986422,-1000.4013219990218,1196.67377432272,36.159999999999997,0.030601012215017466
258.15310645848166,-999.78955465778995,1196.67377432272,36.07,0.030608642847717721
258.13460058843208,-999.31698267860804,1197.89447759324,36.07,0.030461760857292384
258.11608689629628,-999.7393753342044,1195.05348146599,36.280000000000001,0.030363437003209228
258.0975635639507,-1000.259946660163,1196.6306205547601,36.280000000000001,0.030382963728711264
258.0790362289755,-1000.4760886611302,1197.83415768554,35.969999999999999,0.030814607943903838
258.06050816654323,-1000.5153713433104,1197.83415768554,35.969999999999999,0.03126198322611181
258.04197365935818,-1000.8633879923711,1195.3290933762901,36.189999999999998,0.031611532381223391
258.02344337519759,-1000.6353446704828,1193.0037966971199,36.189999999999998,0.031730379491794268
258.00491192171614,-1000.6984879992737,1193.2412616302099,35.869999999999997,0.03159902265326936
257.9863778118887,-1000.8419306799481,1193.7183372638599,36.280000000000001,0.031449283570675446
257.96785045104934,-1000.4774853262503,1194.4135659234,35.909999999999997,0.031338895979959244
257.94931930903709,-1000.6816686610479,1194.4135659234,35.909999999999997,0.031359610662481469
257.93079500190129,-1000.3125853331529,1193.2157508391999,36.210000000000001,0.031599215128021801
257.91227504093843,-1000.0778919959881,1192.2856798512601,36.210000000000001,0.031709080150855835
257.89376487644444,-999.54888267454055,1189.63041181927,36.170000000000002,0.031712589174904805
257.87525417282723,-999.57799533028356,1189.63041181927,36.170000000000002,0.031676571822165003
257.85674640495051,-999.41946534233148,1191.65220161107,35.890000000000001,0.031623118038860712
257.83822962703687,-999.90600733626604,1191.65220161107,35.890000000000001,0.03175360461248701
257.81970415056816,-1000.3757293104715,1190.9519661607701,36.25,0.03196797541130348
257.80117693977792,-1000.4693826746052,1190.8520687642199,36.25,0.03222020654173282
257.78265471776552,-1000.1999886692009,1190.8520687642199,35.93,0.032353371183926227
257.76413562086418,-1000.0312326725713,1189.49069851526,36.079999999999998,0.032286268355234349
257.74562277934564,-999.69344199921227,1187.8391728209499,35.880000000000003,0.032069495773730389
257.72710758675316,-999.820399993009,1190.88354002041,35.880000000000003,0.031919195836093268
257.70858335101246,-1000.3087300001323,1189.4592272590701,36.259999999999998,0.031859075867063665
257.69005276780257,-1000.6514933320128,1189.4592272590701,36.259999999999998,0.032059694126973445
257.67152888907395,-1000.2894513454785,1188.5797010159099,35.850000000000001,0.032429124955453956
257.65301558706182,-999.71830865537015,1187.5437721662199,35.850000000000001,0.032711368467519618
257.6345064553085,-999.49311467893881,1187.5437721662199,35.93,0.032772015160831135
257.61600723076543,-998.95812532641457,1186.38052778012,35.93,0.032429643383831482
257.59750240067905,-999.26082466496973,1188.80619869306,36.140000000000001,0.032031353980228654
257.57899036527169,-999.64991199840722,1192.37365631743,36.140000000000001,0.03186314470781923
257.56047381398758,-999.89376934146946,1189.9699199163799,35.880000000000003,0.031968342761806968
257.54194870177798,-1000.356059318741,1189.9699199163799,35.880000000000003,0.032373791971593222
257.52342226293814,-1000.4276973507333,1186.9403346705799,35.939999999999998,0.03273840683124795
257.50488778265441,-1000.8619353230265,1188.6519418539899,35.939999999999998,0.032860444245180274
257.48635363971601,-1000.8437186711527,1191.31889239775,36.119999999999997,0.032712330843317358
257.46781719641979,-1000.9679379979102,1192.10138226764,36.119999999999997,0.032327717369491173
257.44928554838259,-1000.7089940070903,1191.27907649029,35.850000000000001,0.031840827116930412
257.43075508934589,-1000.6447879830237,1192.35505966604,35.850000000000001,0.031764299303631408
257.41223512734587,-1000.0779480002127,1192.35505966604,35.93,0.031752376303438801
257.39371860917271,-999.89198135026481,1193.0219165112901,35.93,0.0319741335168022
257.37521792348161,-999.03702732068245,1192.35267547997,36.07,0.03199599165768751
257.35671847127168,-998.97041933642788,1192.27852729303,36.07,0.03198694437784147
257.33822504265447,-998.64514532697308,1192.27852729303,35.840000000000003,0.031839187984844884
257.31972405066671,-999.05356734127281,1192.3767557593301,35.840000000000003,0.031392217302779052
257.30120211425935,-1000.1845659960957,1200.2233505515301,35.939999999999998,0.031057805239938552
257.2826726362099,-1000.591814669678,1200.2233505515301,35.939999999999998,0.03092162310933886
257.26414199504967,-1000.6546226546247,1204.1219716217499,36.189999999999998,0.030910069529809171
257.24561033977773,-1000.7093846846469,1202.5889399753701,36.189999999999998,0.031096672431757368
257.22708348598775,-1000.4501046574873,1201.0551930731799,35.899999999999999,0.031055766671710353
257.20856972866653,-999.74289534536513,1200.74381837175,35.899999999999999,0.030858014812969264
257.19005651771619,-999.71339131956961,1201.75256750018,35.869999999999997,0.030602552003062743
257.17155638979011,-999.00690800686402,1201.71084424387,35.869999999999997,0.030298550709283303
257.15306532569139,-998.51746133375957,1200.8215428378001,36.259999999999998,0.030093360698090394
257.13457363658028,-998.5512119966761,1202.7102950466001,36.259999999999998,0.029915869229150158
257.11608634019757,-998.31400466889033,1202.7102950466001,35.950000000000003,0.029677491011862161
257.09759608739506,-998.47365133381572,1204.8129087463501,35.950000000000003,0.029525217694442041
257.0790987275555,-998.85743133539984,1202.81853709442,35.850000000000001,0.029275529083954855
257.06059394818521,-999.25808599793027,1202.9994968175299,35.850000000000001,0.029119090694306064
257.04208162096307,-999.66566999337249,1202.6196959757399,36.280000000000001,0.028926195156215233
257.0235614644198,-1000.0884533375176,1202.6196959757399,36.280000000000001,0.028823858329422494
257.00504136064217,-1000.0856039920606,1204.53276688251,35.960000000000001,0.028784584467302105
256.98651680619764,-1000.3259400049226,1208.5269938143499,35.960000000000001,0.028721095161742476
256.96800093787647,-999.85688934494885,1208.23946097368,35.869999999999997,0.028567363812918616
256.94948972823448,-999.60532066533403,1207.9645643192,35.869999999999997,0.028468401485026929
256.93098493540754,-999.25881265686655,1206.27656057794,36.280000000000001,0.028229833891915419
256.91248406759263,-999.04686200327569,1206.2312610425099,36.280000000000001,0.028081805346844294
256.89398084766651,-999.17387601228904,1206.2312610425099,35.920000000000002,0.027984157212951433
256.87548276761748,-998.89632264752731,1208.08115101828,35.920000000000002,0.027807776092036714
256.85698223093812,-999.02898068425372,1206.1375625297501,35.899999999999999,0.027707696161401504
256.83847937422217,-999.15426266231952,1206.1375625297501,35.899999999999999,0.027647487197093246
256.81997365422228,-999.30887999398692,1206.0100085747299,36.240000000000002,0.02752015262725048
256.80146079924714,-999.69416865814844,1205.3550726598601,36.240000000000002,0.027354187842458882
256.78293429625938,-1000.4311613356853,1208.9103709352501,35.890000000000001,0.027319469169939065
256.76441338017281,-1000.1294686771897,1208.9103709352501,35.890000000000001,0.027345799736794355
256.74588696824685,-1000.4262439998848,1207.7626237586301,36.259999999999998,0.027486087952495818
256.7273680006914,-1000.0242479949547,1205.0291544233701,35.909999999999997,0.02748549190799918
256.70884880030854,-1000.0368206740754,1207.47056096441,36.119999999999997,0.02744749395088459
256.69032835816063,-1000.1038759886391,1207.47056096441,36.119999999999997,0.027465974488647474
256.67180622721003,-1000.1950713334005,1208.06446171575,35.840000000000003,0.027539117469346935
256.65327893155541,-1000.4739653480658,1208.06446171575,35.840000000000003,0.027689509514015626
256.63474428777789,-1000.8707639850801,1203.4951691025699,35.93,0.027890165031502719
256.61621040458044,-1000.8296926631675,1201.94997810721,35.93,0.028155857899009335
256.59767635270384,-1000.8388013353521,1201.94997810721,36.030000000000001,0.028258523795658307
256.5791323874198,-1001.3741253392243,1199.3457316572301,36.030000000000001,0.028213942419502328
256.5605927931357,-1001.1380913411641,1204.27146008867,35.93,0.027947479653596632
256.54204773613588,-1001.433077991151,1204.3634896711701,35.93,0.0276889103534914
256.52349656654332,-1001.763157998469,1204.3634896711701,35.950000000000003,0.027610210495941326
256.50494932611133,-1001.5509833279796,1203.4090999852499,35.950000000000003,0.027802675548144241
256.48640293111123,-1001.5053300031183,1202.0870688065399,35.869999999999997,0.02814039173810336
256.46785759470379,-1001.4481660019162,1200.0674247822101,35.869999999999997,0.028506805085505595
256.44931831914835,-1001.1208799953502,1199.8631000355599,35.939999999999998,0.028660795131181915
256.43078739237041,-1000.6700460092341,1200.5011082292899,35.939999999999998,0.02865212555894674
256.41226087593827,-1000.4318873351018,1198.9945410483499,36.140000000000001,0.028490015401245131
256.39373499590141,-1000.3975219887221,1198.9945410483499,36.140000000000001,0.028411506978075336
256.3751950456421,-1001.1573140025852,1198.50912076344,35.869999999999997,0.028625180327151931
256.35665611467903,-1001.1022720064001,1198.01273322257,35.869999999999997,0.029061798830327674
256.33811298033334,-1001.3292546665319,1197.5137230770299,36,0.029637401715977431
256.31957545255551,-1001.0265000052561,1197.5137230770299,36,0.030057613424008818
256.30104551298774,-1000.6167366595487,1196.8962188835401,36.259999999999998,0.030096655501756459
256.28251987406179,-1000.3845020012762,1192.90723716107,36.259999999999998,0.029892931797719687
256.26399233109885,-1000.4873199978516,1194.2118637814399,35.93,0.029575441860489916
256.24546755001234,-1000.3381786702312,1194.2118637814399,35.93,0.029332890287078632
256.22694454776541,-1000.2421213343739,1194.57592899512,36.07,0.029302885133901651
256.20842970597545,-999.80145666021519,1195.9973807331801,36.07,0.029610137763902211
256.18992776609889,-999.10475333392583,1193.83778498623,36.280000000000001,0.029980512340613139
256.17141488008662,-999.69584466288791,1193.83778498623,36.280000000000001,0.03031003288276506
256.15290687833334,-999.43209467420468,1191.03469741758,35.93,0.030343481856075598
256.13439688976547,-999.53938266527928,1192.22226050165,35.93,0.030240448603834253
256.11588827748153,-999.46506333347997,1198.2957361097001,36.039999999999999,0.029980387127925771
256.0973728644816,-999.83230199543425,1198.8169191857501,36.039999999999999,0.02982670337770572
256.0788527865804,-1000.0842066674206,1198.8169191857501,35.840000000000003,0.029868540459123454
256.06033411083962,-1000.0084899999894,1199.23272123727,36.32,0.030143752489649532
256.04182450514827,-999.51870733451346,1197.5130078212001,35.939999999999998,0.030435291631076979
256.02332059086416,-999.21137134080061,1199.06320560732,35.939999999999998,0.030706554865260728
256.0048231337654,-998.86268333354042,1199.06320560732,36.020000000000003,0.030688387854059675
255.98633436175305,-998.39368866679911,1196.6754432529699,36.020000000000003,0.03043564347635095
255.9678439526914,-998.48208932930459,1194.9268811853999,36.140000000000001,0.030209765667839096
255.94936517274078,-997.85411733331034,1195.9110731972501,36.140000000000001,0.029922051148606774
255.93088123533337,-998.13261999990709,1197.2214218642,35.880000000000003,0.029807635066109704
255.91239806988904,-998.0909339945315,1199.4687556587201,35.880000000000003,0.029738296030234163
255.89390647908633,-998.54590334578302,1201.0964394922801,35.93,0.029710574693022421
255.8754016738396,-999.25948332257042,1201.0964394922801,35.93,0.029791370029865052
255.85688569479032,-999.86286866154558,1198.69270309123,36.119999999999997,0.029870431049220762
255.83835864646909,-1000.4606093462644,1198.98619639709,36.119999999999997,0.029821840840266952
255.81983647619765,-1000.197194657457,1202.49285727654,35.859999999999999,0.029794691751913942
255.80132097212356,-999.83722000174646,1203.5411838938201,35.859999999999999,0.029648726605788635
255.7828059285433,-999.81235333459642,1203.74050184971,35.950000000000003,0.029628113326066987
255.76429000124696,-999.86007400127369,1202.48808890439,35.950000000000003,0.029587345192539485
255.74578496317287,-999.27205600169111,1202.18553569144,36.07,0.029327146086447497
255.7272819771112,-999.16124732894377,1202.18553569144,36.07,0.029235466698310727
255.70878444135798,-998.8669306741491,1201.97143578189,35.850000000000001,0.029028366421345916
255.69028618538286,-998.90582265678859,1201.4900686133001,35.850000000000001,0.028868003026514481
255.67178195859265,-999.22824667225882,1204.8136240021699,35.939999999999998,0.028681256296728477
255.65326603233322,-999.86001800804115,1204.8136240021699,35.939999999999998,0.028486511566029403
255.63473787882717,-1000.5202893276388,1206.3941009514499,36.189999999999998,0.028389238032065594
255.61619927279037,-1001.0847259872542,1207.63864608272,36.189999999999998,0.028282635739064661
255.59766193955576,-1001.0159946679512,1210.1475250896799,35.859999999999999,0.028054228873771406
255.57912109212356,-1001.2057613391908,1208.8593493532401,35.859999999999999,0.02790309696592827
255.56058600130868,-1000.8949040042858,1206.5605171395,36.009999999999998,0.027842265040572554
255.54206511108643,-1000.1280720010776,1206.5633781627901,36.009999999999998,0.027843843112929083
255.52355407529635,-999.59593266452214,1208.6390505598799,36.210000000000001,0.027807906483175989
255.50505377972848,-999.01596066383206,1210.7876790508799,36.210000000000001,0.027609014260726077
255.4865631243828,-998.49538866736157,1210.7876790508799,35.909999999999997,0.027450857066758545
255.46806753095066,-998.7620453357581,1209.8909866679901,35.909999999999997,0.02738447446892384
255.44956791732102,-998.97913600102436,1207.5599679422301,35.960000000000001,0.027456138698305252
255.43105966928394,-999.44539400126951,1208.6943636768301,35.960000000000001,0.027555380435635705
255.41254116325922,-999.99932533457206,1212.99877321706,36.240000000000002,0.027585838819992131
255.39402173418523,-1000.0491699958177,1212.99877321706,36.240000000000002,0.027641024854084362
255.37550647018531,-999.8242559965413,1213.3420960118899,35.880000000000003,0.027568748014249089
255.35697753127153,-1000.562701343423,1211.6674437126501,35.880000000000003,0.027399588787812734
255.33844805839504,-1000.5915353300586,1212.08777571771,35.950000000000003,0.027187545274441997
255.31992160818521,-1000.4283113307085,1212.96157991428,35.950000000000003,0.02709912964429716
255.30140309491372,-999.99971666065653,1211.3677515229899,36.159999999999997,0.02717963523576342
255.28289090428387,-999.65829401165558,1209.5467101987299,36.159999999999997,0.027403183695387433
255.26438196707406,-999.48260933064182,1209.5467101987299,35.859999999999999,0.027534965835445235
255.24587177050626,-999.5506146615204,1208.0313215293099,35.859999999999999,0.027560802793241513
255.22736110517292,-999.57592799945974,1207.16610040261,35.950000000000003,0.027460290326507396
255.20885224040748,-999.47869733387711,1207.16610040261,35.950000000000003,0.027345320621904694
255.19034483676546,-999.39979666964086,1207.5509080351501,36.140000000000001,0.027210701053953797
255.17183158650607,-999.71551400609019,1207.96194171452,36.140000000000001,0.027230203973233041
255.15330480411097,-1000.4462493354587,1208.3941946499599,35.850000000000001,0.027372455228505236
255.13477331855569,-1000.7002199862536,1206.41841964941,35.850000000000001,0.027605743243741477
255.11623516679003,-1001.0601953454519,1206.41841964941,35.93,0.027763554829375547
255.09770026430874,-1000.8847339888409,1206.22935369365,35.93,0.02769968472073657
255.07916165102475,-1001.0851173353226,1206.03623462155,36.07,0.027610775494560272
255.06062071253098,-1001.2106786639993,1205.5088526617101,36.07,0.027606334118539091
255.04208864850617,-1000.7314573400528,1205.5088526617101,35.829999999999998,0.027799129283209507
255.02356458869133,-1000.2992300018632,1204.10385180758,35.829999999999998,0.028027087038100851
255.00504078137038,-1000.2855953309543,1202.6781085345899,35.920000000000002,0.02831723747892417
254.98652404277777,-999.90388400121765,1199.53074449667,35.920000000000002,0.028624291431632663
254.96801079250616,-999.71551466561004,1199.53074449667,36.07,0.028720069683129189
254.94949377349388,-999.91902666419219,1198.29740503995,36.07,0.028735127085661279
254.93096718667897,-1000.4356880049213,1202.49524146262,35.840000000000003,0.028603932720454389
254.91243156811103,-1000.9234026690616,1202.49524146262,35.840000000000003,0.028689976578302603
254.89388491337027,-1001.5193560001114,1201.56111735834,35.909999999999997,0.028994005799082366
254.87533114437034,-1001.9035259977485,1201.56111735834,35.909999999999997,0.029469183129071895
254.85677304885175,-1002.1371580026449,1200.6775379988601,36.009999999999998,0.02977174499764159
254.83821495332097,-1002.1371586621648,1198.4869478329399,36.009999999999998,0.029975903328495805
254.81966617413582,-1001.6340759991118,1197.8374955460399,35.890000000000001,0.029871343743634822
254.80112436434572,-1001.257728664973,1198.9339827220399,35.890000000000001,0.029745900793676637
254.7825877399508,-1000.9777173248067,1198.0868814095099,35.899999999999999,0.029669671008630837
254.76405128422221,-1000.9686093451179,1198.0868814095099,35.899999999999999,0.02975294780731506
254.74551591401232,-1000.9099913335474,1194.47150164503,35.979999999999997,0.03016597280706464
254.72698026337054,-1000.9251346560417,1194.47150164503,35.979999999999997,0.030608279628780211
254.70844091019751,-1001.1250713427262,1194.0790646170501,35.93,0.030817081111876598
254.68990622191362,-1000.8731673302597,1194.0790646170501,35.93,0.030759534695842833
254.67136678388891,-1001.1296533346832,1195.3150266784501,35.859999999999999,0.030605065540569295
254.65282902845681,-1001.0387933337656,1193.9627163365701,35.859999999999999,0.030633567112728386
254.63428386797526,-1001.438666003647,1193.2915679564001,35.950000000000003,0.030803668004004615
254.61573666065442,-1001.549195325783,1194.9383252785599,35.950000000000003,0.031017641435005853
254.59719164193828,-1001.431010671319,1194.9383252785599,35.969999999999999,0.031395387941254356
254.57866144883948,-1000.6304273346824,1196.1421008279401,35.969999999999999,0.03157315257984307
254.56014255992605,-1000.0200013248577,1191.24688997828,35.880000000000003,0.031659314413369978
254.54162985500002,-999.68606600650321,1192.38724617806,35.880000000000003,0.031526308099493937
254.52312537469118,-999.24193667688041,1194.5489876924701,35.979999999999997,0.031159771608138879
254.50462289567895,-999.13386666018073,1194.5489876924701,35.979999999999997,0.031079487470603757
254.48611524576552,-999.41309532619414,1195.0413221170099,35.939999999999998,0.031136221564015437
254.46760667281498,-999.46293932791968,1194.3882935510001,35.939999999999998,0.031411975824460057
254.44908963516048,-999.92003334425146,1193.25604358388,35.850000000000001,0.031612124298835829
254.43057116845677,-999.99720199952367,1194.60430080942,35.850000000000001,0.031560735982601229
254.41205199290118,-1000.035480002188,1193.2085982809799,35.969999999999999,0.031317272748430713
254.39353099921004,-1000.1336593210779,1191.7799939847,35.969999999999999,0.031117872439240434
254.37501637782728,-999.7895546687821,1191.76354310078,35.969999999999999,0.030892821442024022
254.3565106050369,-999.31173068046746,1191.76354310078,35.969999999999999,0.030814238522630252
254.3380078725061,-999.14755666480244,1193.2536593978,36.159999999999997,0.030771004453456891
254.31950893356785,-998.94270266430112,1197.1498962819501,35.890000000000001,0.030865463321510682
254.30101832996311,-998.49259465561738,1199.04174793264,36,0.030972541616427023
254.28253111118508,-998.30981401400993,1197.4505421460301,36,0.030916224554291844
254.26404045583939,-998.49538866736157,1198.66671546301,35.880000000000003,0.030886561919882954
254.24554831244458,-998.57574331998239,1198.66671546301,35.880000000000003,0.030608438994823524
254.22704604144451,-999.12263400441975,1201.5625478699901,35.93,0.030451336245009758
254.2085392483458,-999.36682732886152,1201.5625478699901,35.93,0.030253744783524147
254.19002557587652,-999.7383133424164,1201.0306359566,36.140000000000001,0.03017300325291384
254.17151579529616,-999.52815133954994,1201.0306359566,36.140000000000001,0.030193478903266197
254.15300872280247,-999.38191465812326,1200.1048565035901,35.880000000000003,0.030201272006841803
254.13450347674086,-999.28328732742034,1199.91483687339,35.880000000000003,0.030222493738582011
254.11599895709881,-999.24406067144866,1198.1557843870901,36.039999999999999,0.030222453380650879
254.09750422151873,-998.7157213232091,1198.9499567687501,36.039999999999999,0.030210198220629553
254.0790256826792,-997.84109733487242,1198.9499567687501,36.310000000000002,0.030104632800057443
254.0605437000122,-998.02706401779653,1198.5913751830301,36.310000000000002,0.03005808323722637
254.04205114683961,-998.59787132009296,1201.41687410079,35.939999999999998,0.029997377559637731
254.02355574898766,-998.7514840052205,1203.9145474331999,35.939999999999998,0.029867096911914841
254.00504911835822,-999.35805398952857,1203.9145474331999,36.119999999999997,0.029741175891103151
253.98652664385193,-1000.2136233401097,1205.76419899037,36.119999999999997,0.029796976597666457
253.96800013362966,-1000.4315520022499,1204.4865136726501,36.259999999999998,0.029945074469669642
253.9494644188272,-1000.9285993334896,1200.8913994898101,36.259999999999998,0.030066753832327927
253.93092761229633,-1000.9875526669197,1199.98540878122,35.979999999999997,0.029923902413002895
253.91238875893836,-1001.0980813295357,1201.52463931139,35.979999999999997,0.029703302101214881
253.8938561299137,-1000.761967331428,1203.2276634249299,36.25,0.029440686735771826
253.87533770149392,-999.99513466869985,1203.2276634249299,36.25,0.029281636495584837
253.85683383275313,-999.20891200238839,1198.0630395487599,36.119999999999997,0.029274072086205936
253.83833204188898,-999.09670666452132,1198.0630395487599,36.119999999999997,0.029344476970432114
253.81983139448155,-999.03496000085067,1198.8634108142201,36.030000000000001,0.029551704527801054
253.8013298188643,-999.08508333120346,1200.4910946477801,36.030000000000001,0.029543439545123135
253.78282328550611,-999.35280134286029,1200.1754284114199,36.310000000000002,0.029579275803287813
253.76430398060484,-1000.0424646688124,1200.21047594672,36.310000000000002,0.029526881664573189
253.74576885666659,-1000.8966926660022,1201.1875154003501,35.979999999999997,0.029445798662894946
253.72722884743214,-1001.1604986589101,1203.3344749611001,35.979999999999997,0.029459706407170546
253.70868007445685,-1001.6337406662599,1203.3344749611001,36.140000000000001,0.029626043722545986
253.69013113901229,-1001.6425140055928,1204.4729238120201,36.140000000000001,0.029865717517053931
253.67159146091362,-1001.1426173288962,1197.9955670828299,36.280000000000001,0.030177522245868355
253.65305831138289,-1000.7900746591274,1197.9955670828299,36.280000000000001,0.030260342696531328
253.63453533603703,-1000.2406686760212,1198.8529203954799,35.920000000000002,0.030131571822391737
253.61601990337022,-999.83336400920632,1199.14236058502,35.920000000000002,0.03011025798911595
253.59751206408643,-999.42332132387958,1195.7346434276899,36.229999999999997,0.030098533672932738
253.57899940572838,-999.68355133437831,1194.63028843764,36.229999999999997,0.030418606470937123
253.56048995525927,-999.51032533225691,1194.63028843764,36.159999999999997,0.03066699124005464
253.54197244987634,-999.945290677966,1195.0916284432001,36.159999999999997,0.030785464782926406
253.52345000020972,-1000.2122819977104,1196.80871925458,35.880000000000003,0.030933944509780202
253.5049107577654,-1001.1190919931535,1197.1801754451001,35.880000000000003,0.030907774344047942
253.48636443416041,-1001.5014746700978,1194.86250816137,36.280000000000001,0.031076942878873741
253.46781692156799,-1001.5656799906767,1193.72382089184,36.280000000000001,0.031185441961458279
253.44927430670367,-1001.3012026725453,1194.3880551324,35.920000000000002,0.031372527075800176
253.43073306295074,-1001.2271626583812,1194.3880551324,36.170000000000002,0.031670055658674916
253.41219439171593,-1001.0882466799186,1194.4307320631401,35.829999999999998,0.0319879781434027
253.39366679080237,-1000.4904493314556,1193.14851679188,35.829999999999998,0.032212436197086962
253.37514261404959,-1000.3055446513118,1188.9723764625001,36.32,0.032341269149954381
253.35663459264205,-999.43315600647293,1188.9723764625001,36.32,0.032325452187403479
253.33813690166676,-998.87531266541362,1187.34898416388,36.049999999999997,0.032404916772635829
253.31964397285185,-998.61815600627835,1187.34898416388,36.049999999999997,0.032365960587777472
253.30113570516048,-999.44645533353787,1187.9247651010501,36.159999999999997,0.032407554488971368
253.28262517643222,-999.56855132524709,1187.5807270503899,35.859999999999999,0.032456941487227095
253.26410722297521,-999.9694866794124,1186.7474540170999,36.259999999999998,0.032519033804216869
253.24558018086427,-1000.4602739914285,1185.6755239576701,36.259999999999998,0.032553082945040689
253.22704116503706,-1001.1068546688688,1186.32950619811,35.979999999999997,0.032612265392399059
253.2084979665309,-1001.3327193329878,1187.42813914158,35.979999999999997,0.032724329378477655
253.18995844365426,-1001.1342353376318,1186.26417949965,35.840000000000003,0.032858785455129484
253.17142814708637,-1000.6360146656747,1184.7535592023801,35.840000000000003,0.033060877273045845
253.1529128696296,-999.82498266646962,1184.7743016212301,36.280000000000001,0.033092633309870535
253.13440636317287,-999.35134866252361,1186.38720350113,36.280000000000001,0.033167250876328297
253.1159139528024,-998.59016000552424,1188.23351719779,35.909999999999997,0.033073964427089188
253.09741322779007,-999.03915066672289,1186.70358499331,36.210000000000001,0.033002738949373861
253.07891080155571,-999.13101665520389,1186.44990759491,35.93,0.032963473353642317
253.06039985682699,-999.59101535070533,1186.44990759491,35.93,0.032921075412499612
253.04188195512353,-999.96669198616462,1186.82732425062,36.189999999999998,0.032834085746032214
253.02334637691354,-1000.9212233407806,1186.9007571817299,36.189999999999998,0.032747673495883471
253.0047982465434,-1001.5990399870284,1185.6407148409701,36.280000000000001,0.032635675745950228
252.98625694483962,-1001.2302920029772,1185.6407148409701,36.280000000000001,0.032483070269719173
252.96772358732099,-1000.8013060068407,1188.00272798571,36.030000000000001,0.032330986318555459
252.94919694153077,-1000.4388726722381,1188.00272798571,36.030000000000001,0.03221384870879921
252.93068346981482,-999.72747266126771,1188.88535367076,36.119999999999997,0.032231645244716299
252.91217880219767,-999.25205132563678,1187.7924427738701,36.119999999999997,0.032274416751726119
252.89367760945692,-999.06440800043765,1187.7924427738701,36.299999999999997,0.032376577662395649
252.8751831656914,-998.69996333923564,1188.4306893862099,36.299999999999997,0.032320612428028667
252.85668383766679,-998.96371332791887,1188.2816777565099,36,0.032028719362618488
252.83818805693835,-998.77215933598654,1191.07451332504,36,0.031731351171096114
252.81968282328404,-999.28261733222848,1191.07451332504,36.140000000000001,0.031318880825274995
252.80115660590141,-1000.4157386625799,1190.0743472664799,36.140000000000001,0.031281026708007982
252.78262727686436,-1000.5837680002734,1188.5930524579301,36.310000000000002,0.031221809074860177
252.76410029269161,-1000.4571453283363,1188.5930524579301,36.310000000000002,0.031093610457925091
252.7455769924197,-1000.2582146841751,1191.03898895252,36.020000000000003,0.030992573339714717
252.72706830253082,-999.4692539993523,1193.57719344821,36.020000000000003,0.030751616388536303
252.70857363214816,-998.71220066352055,1192.04797649955,36.100000000000001,0.030474427881333851
252.69007776035792,-998.7770766717872,1192.37151054996,36.100000000000001,0.03023481824141272
252.6715952768518,-998.05410933172357,1192.37151054996,35.859999999999999,0.030025322407708933
252.65311591844448,-997.88535399461364,1195.9487433372401,36.25,0.030017471354935925
252.63463602814809,-997.91407600577622,1198.93755900115,35.950000000000003,0.029975115841273114
252.61615550041986,-997.94849732340435,1198.93755900115,35.950000000000003,0.02987237750960316
252.59765732825934,-998.90129666905648,1198.68626578883,36.159999999999997,0.029753588350061692
252.57914328533326,-999.75831800747869,1198.37155322689,36.159999999999997,0.029528964726166049
252.56061799100013,-1000.3658939903423,1199.0312575139101,36.280000000000001,0.029327243359310542
252.54208739537032,-1000.6521640087085,1199.0312575139101,36.280000000000001,0.02903786797925733
252.52355464837041,-1000.7683379960931,1198.8803385353499,35.950000000000003,0.028756427478981647
252.50503598712342,-1000.0077073368286,1198.3052728539999,35.950000000000003,0.028513036665990341
252.48652129434561,-999.79341000180261,1199.1390227245099,36.140000000000001,0.028211111193741749
252.4680301712593,-998.52064666059619,1199.87764357062,36.140000000000001,0.027854100080159115
252.44954622040746,-998.13334599932352,1200.04310608424,36.259999999999998,0.027691836771777816
252.43107455990122,-997.46966733653426,1199.9775409671699,36.259999999999998,0.027619961438244644
252.41260007438277,-997.62221799689769,1196.5431209257999,35.93,0.02779205846660518
252.39411707864204,-998.08176999962598,1199.14736737578,35.93,0.028012982667354847
252.37562511012337,-998.56630000744155,1201.72920247664,36.189999999999998,0.027928474465985932
252.35711664788894,-999.45696065985067,1201.72920247664,36.189999999999998,0.027653259330627816
252.3385892808395,-1000.4778206700942,1203.2622341230201,36.25,0.02735118381985957
252.32005494956792,-1000.8538886646139,1199.73411556889,36.25,0.027162438881404943
252.30151256235806,-1001.2889093330436,1199.73411556889,35.93,0.027163637181487177
252.28295986540735,-1001.8456353376102,1198.07114578142,35.93,0.027400031682036793
252.26442466386416,-1000.9008833318745,1198.1486318288601,36.159999999999997,0.027548355155210865
252.24590092793829,-1000.2817399979339,1198.7046240216,36.159999999999997,0.027500643501156941
252.22739396617291,-999.37593533053439,1198.88391481446,36.259999999999998,0.027258964246519257
252.20890435700008,-998.43889533186325,1199.60513110222,36.259999999999998,0.026914856089404804
252.19040532079023,-998.94795533295371,1199.23582067917,36,0.026685284039252216
252.17189618903711,-999.49311466794677,1200.3454208785799,36,0.026625901872397623
252.15337618254333,-1000.0803506638883,1200.3454208785799,36.119999999999997,0.026834551246000704
252.13484298127165,-1000.7928686708716,1201.16820349314,36.119999999999997,0.027280443657741536
252.11630037365433,-1001.3008113354689,1195.69339700859,36.280000000000001,0.027592830975016296
252.09774868355549,-1001.7912653371604,1195.69339700859,36.280000000000001,0.027605427643966878
252.07917931696292,-1002.7457959992806,1196.8156333941999,36.100000000000001,0.027380890936437568
252.06061059298773,-1002.7110946605293,1198.3708379710699,36.100000000000001,0.02711120372175314
252.04203897155551,-1002.8675573396417,1197.7726456848,36.030000000000001,0.027137948203857343
252.02347096262966,-1002.672481995525,1197.7726456848,36.030000000000001,0.027412537279849734
252.00492285192584,-1001.5979780062322,1195.97139310496,35.890000000000001,0.02788649871360542
251.98639196964209,-1000.6676433235746,1193.46561353989,36.240000000000002,0.028380950297378815
251.96787458844449,-999.93858466945699,1195.16482295571,36.25,0.02862251363489458
251.94936739901246,-999.388229329556,1194.54803401804,36.25,0.028529840836888601
251.93086916891372,-998.90442533214866,1194.54803401804,36,0.028281776855768256
251.91235858843231,-999.57134599651101,1194.4376462027601,36,0.028028964177250749
251.89383308506169,-1000.377182012792,1195.0968736525599,36.159999999999997,0.027973548407775429
251.87528743098778,-1001.46531999149,1194.73972257849,36.159999999999997,0.028153362991716328
251.85674139919749,-1001.4857166751325,1195.1011651875001,35.869999999999997,0.028499936061813811
251.83818531119761,-1002.0287519935735,1193.33043018942,36.32,0.028823959741790178
251.81963076297541,-1001.9456039997206,1192.9735175339599,35.950000000000003,0.029111910194059881
251.80108510164189,-1001.4657120100701,1192.4425592950099,35.950000000000003,0.029218306567671184
251.78254194143204,-1001.3306513316519,1192.4425592950099,36,0.029283225957482235
251.76401002643203,-1000.7234100001365,1193.0383673952099,36.090000000000003,0.029425832127238226
251.74549636638267,-999.73764266572084,1193.9062111265901,36.259999999999998,0.029673481146630834
251.72699124966672,-999.27630266079598,1193.9062111265901,36.259999999999998,0.029900433072731936
251.7084986850989,-998.59848666307585,1191.9130315677,35.93,0.029970580300477813
251.69000816530874,-998.48806866788527,1192.0839777092899,35.93,0.029776664460597162
251.67150141877786,-999.36431266772854,1192.0839777092899,36.030000000000001,0.029628228191621198
251.65298632345684,-999.81514733534846,1192.1695699893901,36.030000000000001,0.029464755212751013
251.63445381758041,-1000.7553173271435,1192.4280157599501,35.840000000000003,0.029525893428881223
251.61591768575298,-1000.9511186816685,1192.69957455392,36.280000000000001,0.029595016186427757
251.59738772651849,-1000.6177986623289,1193.1315890707499,35.950000000000003,0.029627288590834088
251.57885828055549,-1000.5900820011941,1198.29692820274,35.950000000000003,0.029551088813940043
251.56033621480248,-1000.19155066272,1198.29692820274,36.07,0.029311856876948001
251.54182416593827,-999.65063866833555,1196.71788176511,36.07,0.029011310801188763
251.52331687302473,-999.39381733106018,1196.3080401787799,36.280000000000001,0.029053522484774656
251.50482308016066,-998.66481465918321,1196.3080401787799,36.280000000000001,0.029232270188745649
251.48634293634586,-997.92776599940589,1194.4333546678199,35.960000000000001,0.02951505076347349
251.46786636465424,-997.73487134657785,1194.4333546678199,35.960000000000001,0.029665261715195505
251.44939545851838,-997.42893133648147,1200.66514023127,36.210000000000001,0.029498670881012407
251.43090867540755,-998.28628798577154,1200.3778458091999,36.210000000000001,0.029352902331841957
251.41241104859276,-998.87184799895772,1200.3778458091999,35.920000000000002,0.029165925876647087
251.39389443314815,-999.89723400792514,1199.82256887228,36.210000000000001,0.02902157501133058
251.37536010808645,-1000.853553331762,1201.90873168811,36.020000000000003,0.028960480252874652
251.35682459403714,-1000.9177586633327,1202.14095141184,36.020000000000003,0.02899352978230741
251.33828843116055,-1000.9527953349359,1200.70710190619,36.259999999999998,0.028996634188912022
251.31975947258027,-1000.5637633352111,1200.70710190619,36.259999999999998,0.028822297859120681
251.3012495678272,-999.53485666655502,1201.69892331349,36.189999999999998,0.028419024832275916
251.28274721197522,-999.12721600736859,1207.45935528986,36.189999999999998,0.028152958384246193
251.26424890322221,-998.90867266176531,1209.6275341066801,36.009999999999998,0.028110162047129419
251.24575803366673,-998.50695599645462,1206.6055782563201,36.009999999999998,0.028352538742550542
251.22726213601234,-998.77847333690727,1209.2231761483199,36.189999999999998,0.028627687647055748
251.20876637391351,-998.77115333743097,1209.2231761483199,36.189999999999998,0.028648896965778034
251.19026408323447,-999.12369666671964,1209.4308387554699,36.280000000000001,0.028533136684794378
251.17174630466684,-999.96004265239208,1209.4308387554699,36.280000000000001,0.028217030282540821
251.15321351318536,-1000.770740000249,1209.24749484628,35.960000000000001,0.027807139693883612
251.13466831959266,-1001.4404540058437,1209.24749484628,35.960000000000001,0.027485172156710168
251.11612849248158,-1001.1506639983008,1211.0907091010499,35.880000000000003,0.02738222168784429
251.09759950700001,-1000.565216004556,1212.4666228850599,36.210000000000001,0.027452160909349554
251.07908670480253,-999.69131866416365,1209.57079047809,36.25,0.027546233806864086
251.06058311545672,-999.19382467312676,1211.67101999176,36.25,0.027434705852642616
251.04210319204918,-997.9158640079728,1211.67101999176,35.979999999999997,0.027019891680252303
251.02361254911119,-998.49471865018575,1215.2749556630799,35.979999999999997,0.026599703778036596
251.00512173750633,-998.50382666285066,1218.1877157911899,35.920000000000002,0.026357129433075124
250.98662476159242,-998.83669935188141,1219.297077572,36.140000000000001,0.02643353201699521
250.96811761769146,-999.38577065066363,1218.6507247269999,35.859999999999999,0.026703079537850477
250.94960275623455,-999.80251867398727,1218.31383923457,36.329999999999998,0.026976321304824701
250.93108288633323,-1000.0729746711795,1216.6244049816601,35.899999999999999,0.027033792186094335
250.91255853987661,-1000.3147086572092,1216.6244049816601,35.899999999999999,0.026938243662652898
250.89403626612346,-1000.2027826699533,1216.6337033073501,36.030000000000001,0.026508363795897216
250.87550872316055,-1000.4873199978516,1217.5766489001101,36.079999999999998,0.026102444779000079
250.8569738072222,-1000.885460669761,1217.79027197245,36.299999999999997,0.025931886507269099
250.83844901269129,-1000.3389046696477,1215.80925176254,36.299999999999997,0.02599134834798535
250.81993576862959,-999.71517933275811,1214.06235862522,35.950000000000003,0.026140848389860076
250.80143419301234,-999.08508333120346,1215.45067017682,35.950000000000003,0.026095451577089975
250.78294017248143,-998.67710866919674,1216.0316963233599,36.100000000000001,0.025996483038109329
250.76444364980256,-998.81222465934354,1216.05768395158,36.100000000000001,0.025785938946914073
250.74593781907396,-999.31485934355965,1216.05768395158,35.840000000000003,0.02564689662542043
250.72741942376553,-999.99334665551112,1216.85924731007,36.299999999999997,0.02558646827388002
250.70887892713577,-1001.1868180063968,1217.89255355508,35.93,0.025746876173475229
250.69033824217283,-1001.1969879998579,1217.5752183884599,35.93,0.026058346656424178
250.6717959915556,-1001.281533329343,1215.1187914751499,36.039999999999999,0.026324276503854112
250.65324741312358,-1001.6232353289549,1215.1187914751499,36.039999999999999,0.026350692945889358
250.63470121886428,-1001.4944900034733,1212.47210651304,36.240000000000002,0.026271460165181743
250.61616106682712,-1001.1682100064548,1211.2528337541601,36.240000000000002,0.026166403882307041
250.5976323938643,-1000.5483399915937,1211.06615198447,35.899999999999999,0.026261595385279484
250.57911439488902,-999.97194466580902,1209.6070301064301,35.899999999999999,0.02651408625049077
250.56060078656799,-999.73484933548048,1208.8338385622301,36,0.02668951535129024
250.54209191559266,-999.47903266672893,1209.2601310324801,36,0.026937572076674798
250.52358283558013,-999.49032067818678,1209.2601310324801,35.909999999999997,0.027075029079439678
250.50506343961726,-1000.047381993621,1210.0934040657801,36.210000000000001,0.027111155082166508
250.48652919319761,-1000.849306661665,1207.31964198585,35.880000000000003,0.027140338591711517
250.4679830568889,-1001.4913606698692,1207.31964198585,35.880000000000003,0.027213179410556239
250.4494230325061,-1002.2413166711076,1208.9718829359899,36.229999999999997,0.027452961853219212
250.43085796551864,-1002.5136173232488,1208.6290369783701,36,0.027747743040594779
250.41229708948143,-1002.2873060103246,1206.5989025353099,36.140000000000001,0.028115195328142599
250.39374456844459,-1001.8361359878688,1206.5989025353099,36.140000000000001,0.028284023414766851
250.37520016750616,-1001.3976506749671,1203.7843708734999,35.840000000000003,0.028423357543043409
250.35665895582727,-1001.2254306604093,1202.94418370058,35.840000000000003,0.028485490222035427
250.33811865477773,-1001.1762566758595,1201.3162614484099,35.950000000000003,0.028595997851668858
250.31958923467911,-1000.588685325082,1202.5593760680399,35.950000000000003,0.02858028954032632
250.3010690201852,-1000.0915826711216,1202.9358390493201,36.119999999999997,0.028645481094221686
250.28255141650615,-999.95059866933923,1201.7747404306799,36.119999999999997,0.028663470103466322
250.26402720043211,-1000.3076679973523,1201.8856050831801,35.829999999999998,0.028722856397205114
250.24549295401226,-1000.849306672657,1201.8856050831801,35.829999999999998,0.028725385457243402
250.22694197793828,-1001.7527079948768,1201.6493322431199,36.329999999999998,0.028751014421012397
250.20838314253089,-1002.1771119990565,1198.6519335093401,35.909999999999997,0.028904531568384014
250.18981821834575,-1002.5059059976882,1197.1181866071399,36.039999999999999,0.029187100013651043
250.17126292301236,-1001.985948003177,1196.38314204015,36.039999999999999,0.029281756526970515
250.15272010738269,-1001.3120440022217,1196.59724194971,35.850000000000001,0.029154637216865033
250.13418271619767,-1001.0191239905631,1196.59724194971,35.850000000000001,0.029149330741776714
250.11566070839507,-1000.188421340108,1198.63500578821,35.920000000000002,0.029154373334436223
250.09714255937047,-999.98004732844618,1197.60098428738,35.920000000000002,0.029335348968820705
250.07863434445679,-999.44360533955319,1198.1448171311399,36.159999999999997,0.02935216348278101
250.06012478429628,-999.51624866661302,1201.10764516683,36.049999999999997,0.029388763422963364
250.04161829025909,-999.35067800781178,1195.3755850047601,35.869999999999997,0.029548863980216371
250.02311597992599,-999.12475798799596,1193.52879447088,35.869999999999997,0.02964954409342797
250.00460569850628,-999.55519666446912,1193.5159198660799,36.229999999999997,0.029632885832943833
249.98608528946909,-1000.1020880084264,1196.3726516214199,35.899999999999999,0.029400211450417175
249.96755322441979,-1000.7315126627736,1198.9776133272201,35.939999999999998,0.029213139779491141
249.94901409269133,-1001.1131133360766,1197.63531656686,35.939999999999998,0.02928241259815199
249.93047111460504,-1001.3208166600509,1197.63531656686,36.07,0.029418479864418801
249.91194568988888,-1000.3729346721833,1194.64602406574,36.07,0.029508076190555604
249.89343734458018,-999.45064666992209,1197.6458069855901,35.880000000000003,0.029430724679138969
249.87494777991355,-998.43649199767572,1197.6458069855901,35.880000000000003,0.029218754625691158
249.85646441992594,-998.10143933183645,1198.45571499535,36.210000000000001,0.02914541918347037
249.83797869541971,-998.22912333604165,1197.98030829195,35.890000000000001,0.028985767729698384
249.81948419370374,-998.70309266184768,1196.66209181095,36.229999999999997,0.028908821855539162
249.80099101758009,-998.63151067804813,1197.3692414008699,36.229999999999997,0.029074547599204456
249.78249086481497,-999.00824931628733,1196.83232269672,36,0.029186816464300522
249.76399155540756,-998.96270799987519,1194.5256226689401,35.880000000000003,0.029337385461800584
249.7454938582224,-998.87564799826532,1195.3741544931099,35.920000000000002,0.029129859886966879
249.72698741592578,-999.34788401805156,1196.53453785593,35.920000000000002,0.028900569303588492
249.70847801822211,-999.50747599779197,1196.53453785593,36.210000000000001,0.028707677917215631
249.68996007719744,-999.96881533220505,1195.52364296003,36.210000000000001,0.028672863002027153
249.67145397328395,-999.32961132897753,1195.97377729103,35.939999999999998,0.028619337825498921
249.65295446933345,-998.97321332618799,1195.97377729103,35.939999999999998,0.028621909305892663
249.63446730230879,-998.30701933175396,1199.51024049643,35.859999999999999,0.028582639570656477
249.61598470911107,-998.06003267707183,1199.51024049643,35.859999999999999,0.028679444348262889
249.59750069925929,-998.13653199667203,1198.8123892322101,36.299999999999997,0.028555629160187133
249.57901528622227,-998.21230399781598,1199.12567128249,36.299999999999997,0.028322743666994936
249.56051623759268,-998.94862599865723,1200.2705574358199,35.950000000000003,0.028145235656727691
249.54200711929622,-999.49238800901048,1201.1972905632599,36.140000000000001,0.028134790343257866
249.5234879965187,-1000.0326299862193,1199.5109557522501,35.869999999999997,0.028199896010777728
249.50496461139505,-1000.2627966761318,1199.9210357571901,35.869999999999997,0.028065751404370076
249.48643944639497,-1000.3589100052218,1199.9210357571901,36.210000000000001,0.027758288724431684
249.46791179995074,-1000.4929079883638,1200.25982859848,36.210000000000001,0.027490439308539963
249.44938291277774,-1000.5599073426708,1198.1371877357001,36.210000000000001,0.027264399041773201
249.43086232782727,-1000.1115873251917,1198.1371877357001,36.210000000000001,0.027259301602305653
249.41234807070362,-999.769884677052,1197.5161072630999,35.969999999999999,0.027352733945674446
249.39384865160483,-998.9686313342313,1201.1112214459399,35.909999999999997,0.027403332704526925
249.37536630469134,-998.04673332802281,1202.2639754133199,36.170000000000002,0.027509362748058461
249.35688072297523,-998.22141267000075,1202.2639754133199,36.170000000000002,0.027564899584202728
249.33838529201233,-998.75327199642516,1202.77967486139,35.859999999999999,0.027441944317149317
249.31986323971597,-1000.1908240037836,1201.06520665469,36.259999999999998,0.027434207083451692
249.30132256717275,-1001.1963173341542,1202.6530745808,36,0.027439222776659038
249.28278027827162,-1001.2836006601667,1202.6530745808,36,0.027569068797768041
249.2642440170865,-1000.9581039968209,1201.2278081450199,36.090000000000003,0.027682661182758153
249.24571609745675,-1000.5076600067576,1199.11470402654,36.090000000000003,0.027777015542568666
249.22719978106164,-999.88108533540321,1198.3214853193101,36.310000000000002,0.027738480517906564
249.20868604340737,-999.74183333159317,1198.3214853193101,36.310000000000002,0.027686302652024947
249.19017716517305,-999.47942465233314,1197.9671952685401,35.960000000000001,0.027621386376409485
249.17166863775302,-999.46048068200344,1198.58612997367,36,0.027699617456432388
249.15316371558015,-999.26579733448318,1198.10118652596,36.140000000000001,0.027904246619299432
249.13466288708651,-999.04473865723514,1197.2316738643301,36.140000000000001,0.028269067403025563
249.11615726330874,-999.3036840000708,1198.5634802059501,35.869999999999997,0.028629966290472191
249.09764484502466,-999.67058734016507,1198.5634802059501,36.280000000000001,0.028742849824782445
249.07911756903718,-1000.4729033233017,1200.0562191076499,35.920000000000002,0.028911662392335405
249.06058380276545,-1000.8233786732386,1200.0562191076499,35.920000000000002,0.02906961470382502
249.04203742018532,-1001.5046593264227,1197.8785035465401,36.210000000000001,0.029262311544268237
249.02348489190135,-1001.8365273359374,1195.33719960895,36.210000000000001,0.029498705018083913
249.0049435446667,-1001.2327506708775,1197.1618172123201,36.259999999999998,0.02953389970269691
248.98641075939528,-1000.7704046564052,1197.1618172123201,36.259999999999998,0.029557095834236727
248.96789221403714,-1000.0014493401325,1194.62289746081,35.960000000000001,0.029683482522451107
248.94938134174078,-999.58710400246821,1191.8066968687399,35.899999999999999,0.029707983548760308
248.93086690248137,-999.77972000817283,1190.60912020315,36.210000000000001,0.029740745418039234
248.9123548867407,-999.64884999562696,1190.60912020315,36.210000000000001,0.029757672708667211
248.89384704124686,-999.42365666772366,1191.9301977074399,35.899999999999999,0.029859613212495095
248.87533861108645,-999.45522866187878,1190.1785361979601,36.189999999999998,0.030107312942855097
248.85682916165425,-999.51026933902426,1191.0664070923799,35.840000000000003,0.030272464365263117
248.83831406633342,-999.81514732435676,1191.0664070923799,35.840000000000003,0.030502605555981957
248.81978989579011,-1000.3052093404439,1191.7532911006599,36.280000000000001,0.030729081479353434
248.80124062196302,-1001.660786661691,1191.86820886948,36.280000000000001,0.031098677876416889
248.78268798398764,-1001.8424506702935,1188.73014315726,36.119999999999997,0.031462166881595248
248.76414136029646,-1001.5176793248602,1188.73014315726,36.119999999999997,0.031707659362984079
248.74561134312336,-1000.6209273474051,1185.6967432137401,36.030000000000001,0.031663379106071567
248.72710440101247,-999.3748739872741,1186.2608416391399,35.859999999999999,0.031411119006844859
248.70860580665422,-998.92409534586295,1188.9454351598499,36.240000000000002,0.031038696565322512
248.69010858340755,-998.85005532070682,1188.14744808047,36.240000000000002,0.030833630721966595
248.67160559735811,-999.16124666942414,1188.14744808047,35.880000000000003,0.030849155861246584
248.65309432872843,-999.60850600316257,1186.8044360643,36.280000000000001,0.031174125361037683
248.63457215225932,-1000.1975293307889,1187.56999821305,36,0.031603209460136505
248.61604819591358,-1000.2936426708708,1190.2579295942701,36,0.031702317715744534
248.59751791175302,-1000.6353446704828,1191.6791429137199,36.07,0.03151505772646581
248.57898434623462,-1000.8125379920899,1191.6791429137199,36.07,0.031332420194959389
248.56044900190113,-1000.9085940089075,1191.3367737933099,36.299999999999997,0.031097246748332863
248.54191272829627,-1000.9587746625245,1191.3367737933099,36.299999999999997,0.031077579293107727
248.52338243069127,-1000.6360706698994,1191.9392576145201,35.920000000000002,0.03120281008816066
248.50485410230885,-1000.5297326511716,1193.7791340087799,36.07,0.031487758580458929
248.48633651828408,-999.94953733707098,1190.93742262571,36.049999999999997,0.031670851425313999
248.46782929677781,-999.3899613385197,1192.01006794096,36.049999999999997,0.031667980881587336
248.44933415866674,-998.7374579972352,1192.01006794096,35.859999999999999,0.031270728342678224
248.43083738349378,-998.8258593412445,1194.4767468543901,36.280000000000001,0.030868491155625229
248.41232923997535,-999.43974999554075,1197.0850464207001,35.960000000000001,0.030446357824035725
248.39380293774079,-1000.4203206655285,1197.0850464207001,35.960000000000001,0.030441277968506458
248.37527608395044,-1000.4501046794713,1194.7268479736899,36.189999999999998,0.030699941438881807
248.35674477327169,-1000.6907766517288,1194.8148244398601,36.189999999999998,0.031060543327658948
248.33821941374072,-1000.3694146720147,1195.14479579267,36.259999999999998,0.03118393735859178
248.31970776845682,-999.62884533056479,1195.14479579267,36.259999999999998,0.030926992702509391
248.30119291320977,-999.80218334113533,1196.19240715413,35.979999999999997,0.030462536959655982
248.28267807761722,-999.80112199787516,1199.7837066392501,35.979999999999997,0.029998983572225694
248.26416377495067,-999.77234399348004,1200.7147313016301,36.119999999999997,0.029749306338658934
248.24565341592603,-999.55938733034156,1200.7147313016301,36.119999999999997,0.029817550543544694
248.22714791529629,-999.29703400677852,1203.08628119067,35.869999999999997,0.029829471473170759
248.20865641555577,-998.54098598799828,1204.2080407390599,36.259999999999998,0.029681881673659056
248.19016390169136,-998.59574867754031,1203.64346547645,35.950000000000003,0.029451822248131077
248.17167142095053,-998.59396000483196,1203.64346547645,35.950000000000003,0.028978235408808447
248.15316328365438,-999.43941399217715,1200.2729416218899,36.210000000000001,0.028546037564996466
248.13464070462967,-1000.2192673348467,1200.60219771888,36.210000000000001,0.028242107689885398
248.11611305714811,-1000.4929640035804,1206.62369807049,36.299999999999997,0.02800376362127157
248.09758411202469,-1000.5630366652828,1206.62369807049,36.299999999999997,0.027932259774693192
248.07906274787658,-1000.1536639971321,1205.0906664241199,35.969999999999999,0.027841607932886474
248.06055153098765,-999.60571200241043,1205.9554107136,35.969999999999999,0.027750112741714194
248.0420549824446,-998.81362132446361,1208.3989630221099,36.140000000000001,0.027511934234965979
248.0235583831853,-998.81636000249512,1208.3989630221099,36.140000000000001,0.027161153654167932
248.00506206850636,-998.80099266310242,1210.0078117856799,36.310000000000002,0.026883094883084647
247.98656234414801,-998.98511535059708,1210.0078117856799,36.310000000000002,0.026840289221293993
247.96806393812358,-998.91392531942586,1207.52682775579,35.939999999999998,0.026800942916010408
247.94956149843216,-999.13174333612426,1207.52682775579,35.939999999999998,0.026775101827055264
247.93106142328398,-999.00405800188719,1208.7534914915,36.140000000000001,0.026489990865510089
247.91255626103717,-999.27876132869619,1210.25076034674,36.140000000000001,0.02629076854219534
247.89402936171612,-1000.4525633363796,1208.4435473017199,35.859999999999999,0.026234904713275161
247.87549504286429,-1000.8532179989101,1208.4435473017199,36.280000000000001,0.026180593085011066
247.8569565599629,-1001.0780766754656,1204.8088556300199,35.950000000000003,0.026195321436617586
247.83842428793835,-1000.7426893253019,1205.9136874572901,36,0.02610241788117636
247.81990761454333,-999.90036333053729,1207.32226459053,36.100000000000001,0.025915461076211645
247.80140751248146,-999.00551134174384,1207.32226459053,36.100000000000001,0.025710424207963316
247.78290690440747,-999.03283599529027,1206.8451889568801,35.890000000000001,0.025485525322072211
247.76440823864195,-998.9279513384032,1206.8451889568801,36.310000000000002,0.025371672177601761
247.74589061012341,-999.95194000074684,1208.2520971598699,36.079999999999998,0.025461854205987376
247.72736007244444,-1000.6490346641126,1207.3930749169699,36.079999999999998,0.025639460524808047
247.70882781387655,-1000.7419626663657,1207.3930749169699,36.009999999999998,0.025831695852823432
247.69028580954338,-1001.2682339912858,1205.9980876443501,36.009999999999998,0.025943906776050091
247.67173946007401,-1001.5028713462099,1206.2727458802201,36.210000000000001,0.025951749545335599
247.65318856264204,-1001.74846132478,1206.2727458802201,36.210000000000001,0.025799268237348644
247.63463061613569,-1002.1291113442323,1208.0163011570301,35.899999999999999,0.025701780493586814
247.61607012401248,-1002.2665746533499,1207.4097642194899,36.280000000000001,0.025767184166968774
247.59751359414815,-1002.05261267316,1200.98152172345,35.950000000000003,0.02588864002141382
247.5789666589753,-1001.5344993335979,1200.98152172345,35.950000000000003,0.026176604963985318
247.56044140292585,-1000.3638266705104,1197.2507473529299,36.020000000000003,0.026231499183559527
247.54193129120995,-999.54603265857179,1199.5762824507101,36.079999999999998,0.026095145279394598
247.52342632971607,-999.26792066953146,1202.5939467661301,36.280000000000001,0.025894632563418483
247.50492044724695,-999.31765333331964,1202.5867942079101,36.280000000000001,0.025820098812362573
247.48640054423447,-1000.0747626733761,1199.5018958451601,35.950000000000003,0.026049012725041811
247.46785745541987,-1001.3267959876396,1199.5018958451601,35.950000000000003,0.026380489059374453
247.44930032744458,-1002.0849106667317,1199.71480366168,36.119999999999997,0.026711587684874902
247.43074493482712,-1001.9912013423412,1202.11091066729,36.119999999999997,0.027015972882291059
247.41219800690126,-1001.5341079965214,1201.94568657228,35.869999999999997,0.027159426568193687
247.39365473596314,-1001.3366306592408,1200.2479076681,36.280000000000001,0.027185983756236473
247.37510811330864,-1001.5176233426196,1198.1724736896099,35.93,0.0271598177206453
247.35657845313585,-1000.6016493302872,1198.78354058069,35.93,0.027152228473424338
247.33805577581478,-1000.2245753372121,1197.5413796355001,36.030000000000001,0.027257769054525944
247.31954858741969,-999.38817333632323,1196.2739463179,36.090000000000003,0.027333571469711417
247.30105641195061,-998.57747532894643,1196.3216300394099,36.280000000000001,0.027429648768867092
247.28256223516053,-998.68554666468572,1196.3216300394099,36.280000000000001,0.027359754058842931
247.26406586253097,-998.80412199670639,1196.7643733935799,35.93,0.027223826488440836
247.24555151433333,-999.77480267237229,1197.5161072630999,35.93,0.027237302726201246
247.22702226291364,-1000.5795766638892,1197.65915842762,36.119999999999997,0.027327289185790828
247.20848430672837,-1001.0496340039222,1195.1836580257,36.119999999999997,0.027648939021072027
247.18995291843228,-1000.6949679881129,1195.1836580257,35.840000000000003,0.028027220527151276
247.17142259495051,-1000.6374680165233,1195.66812463619,36.299999999999997,0.028263285969040215
247.15290794149391,-999.79128665576206,1196.2052817589399,35.909999999999997,0.028229374435398132
247.13440700848145,-999.05038267395605,1198.29907397021,35.909999999999997,0.028001447728012923
247.11591055823473,-998.80831332209857,1198.9425657919101,36.119999999999997,0.027864591944532589
247.09740646183951,-999.22120534189003,1196.4472766455699,36,0.027910983189834728
247.0788971996914,-999.50015599831568,1195.7460875208501,36.210000000000001,0.028067816878157101
247.06039546160491,-999.09385667053641,1194.5418351342501,36.210000000000001,0.028280326064426525
247.04190620945684,-998.41961599570573,1193.3855048877599,35.850000000000001,0.0282971209124829
247.02342219340738,-998.13686667000411,1193.3855048877599,35.850000000000001,0.028327622762045156
247.00493650717286,-998.22705666473769,1191.3217534210401,35.969999999999999,0.028068691286631461
246.98643569834573,-999.04367666544715,1193.65396423983,35.969999999999999,0.027691023423846679
246.96790997456807,-1000.3890839932333,1198.1092927586201,36.079999999999998,0.027601629901479033
246.94937724102479,-1000.7676113371567,1198.63214476492,36.079999999999998,0.02759920950465888
246.93083860911119,-1001.0861233338782,1198.63214476492,35.869999999999997,0.027919188148270477
246.91231597111116,-1000.2224520021638,1197.8508469880601,35.869999999999997,0.028186795408229638
246.89380329929625,-999.68427800430663,1197.3761555404801,36.259999999999998,0.028198595263248093
246.87529764345666,-999.30541533852318,1196.9362732095999,35.899999999999999,0.028017217082800017
246.85679941955556,-998.9040906588167,1200.22048952824,36.039999999999999,0.027633108613883933
246.83829786255552,-999.0840780031599,1200.83489427982,36.039999999999999,0.027189385153979024
246.8197863859383,-999.61973732889192,1200.83489427982,35.859999999999999,0.02702774170099893
246.80127601966649,-999.55977867840988,1201.61952991718,35.859999999999999,0.027063555192905864
246.78276844737039,-999.40890398980991,1201.23758330793,35.939999999999998,0.027238983238880733
246.76425406088885,-999.77687000319611,1201.23758330793,35.939999999999998,0.027266747000722593
246.74573899143218,-999.81375065923635,1201.81264898928,36.009999999999998,0.027077934807327338
246.72721938127157,-1000.0589486741862,1203.70307012833,36.119999999999997,0.02689969828800786
246.70869947824707,-1000.0747633219039,1198.6686228118699,35.859999999999999,0.02666039910238541
246.6901700705678,-1000.5880146813622,1198.6686228118699,35.859999999999999,0.02650914300166796
246.67165168250614,-999.99295532942676,1202.3393156933,36.280000000000001,0.026308142893217791
246.65314407087638,-999.41102800636213,1208.1309805072499,35.939999999999998,0.026164259763020739
246.63465122588886,-998.61362932605027,1211.48076194295,36.07,0.026143324660629314
246.61616120693827,-998.46102333197416,1211.48076194295,36.07,0.026165328721088742
246.59767602156793,-998.20000999879483,1209.28516498627,35.829999999999998,0.026080156151616189
246.5791785054692,-998.86586933088881,1209.28516498627,35.829999999999998,0.025880077030024023
246.56066609339499,-999.67025200731325,1210.73308118976,35.920000000000002,0.025695480614532393
246.54215021886412,-999.85722466680875,1209.5273982915201,35.920000000000002,0.025482160145198818
246.52362841285202,-1000.1775246547347,1209.5273982915201,36.090000000000003,0.025320955447345257
246.50511672823447,-999.63096934711723,1209.8535549466101,36.039999999999999,0.025148204424883566
246.48660883720993,-999.42611532463195,1211.99073934445,35.850000000000001,0.025044666189309003
246.46809736059254,-999.61973733988395,1211.99073934445,35.850000000000001,0.024990478746998335
246.44958940438281,-999.4296353248003,1210.0190174602301,35.890000000000001,0.024992030936662423
246.43107961656787,-999.52854200611455,1210.0190174602301,35.890000000000001,0.024964066421465959
246.41256995292588,-999.52183666811743,1207.9380998537699,36.119999999999997,0.024972271373591485
246.39407448366666,-998.75533999776087,1207.6097974312099,36,0.024856814292799172
246.37558590621001,-998.38318265898249,1210.5802548623401,35.890000000000001,0.02467939629945563
246.35708863743204,-998.85251401059122,1214.1028897885001,35.890000000000001,0.024446967167515793
246.33858095544434,-999.41482733515807,1215.1516932429899,35.869999999999997,0.024252946795168758
246.32006195477774,-1000.0260359971513,1212.45565562912,35.869999999999997,0.024338717461791608
246.30153682911109,-1000.3567859996615,1212.45565562912,36.280000000000001,0.024556676958315156
246.28300101703718,-1000.9338519911498,1209.5090400587401,35.969999999999999,0.0248895937321746
246.26446421050611,-1000.9875526779117,1209.0059767968601,36,0.024988224943255956
246.24593648541983,-1000.4971546584608,1209.0059767968601,36,0.024860515779590801
246.22741523198781,-1000.1476853290633,1209.75079652677,36.090000000000003,0.024625249211412095
246.20889401683971,-1000.1456179982395,1210.6868279799,35.880000000000003,0.02436940868962004
246.19037586160502,-999.98038267228992,1212.52336651365,35.950000000000003,0.024261885434391318
246.17185972009889,-999.87164133036663,1212.52336651365,35.950000000000003,0.024447978170483279
246.15334229958032,-999.94070800450561,1212.3199954414399,35.960000000000001,0.024839113979195193
246.1348291786542,-999.70853000997749,1209.7186100147501,35.960000000000001,0.025334747305235817
246.11631648097534,-999.68567465843489,1204.46457916076,35.829999999999998,0.025615548304154804
246.09780688770368,-999.5180366688096,1205.7796961998599,35.829999999999998,0.02555822021564326
246.07928023570381,-1000.439207994098,1208.2084665547,35.950000000000003,0.02535752123580011
246.06073156619757,-1001.6281533352675,1208.2084665547,35.950000000000003,0.025244470071907478
246.04217075535797,-1002.2837853396443,1204.7637945132001,36,0.025543209371546374
246.02360944366677,-1002.3108313240833,1204.7637945132001,36,0.026031964362452437
246.0050440207159,-1002.5328393471343,1203.1110767258499,36.079999999999998,0.026581408453387252
245.98649091397522,-1001.8677639972408,1202.33216313507,35.82,0.026976714534153075
245.96796384598767,-1000.4616713270605,1198.44403248358,35.909999999999997,0.026994444841863478
245.94944293611113,-1000.1291333333459,1198.44403248358,35.909999999999997,0.026747183868258449
245.93091419174087,-1000.552195995126,1199.93343352478,36.140000000000001,0.026355122938476333
245.91237291590127,-1001.2288953378571,1199.93343352478,36.140000000000001,0.026297877648199814
245.89383247722233,-1001.1836886618009,1200.78625688389,35.909999999999997,0.026570964196981135
245.87528832981494,-1001.3839599998335,1200.26173594734,35.909999999999997,0.027130481064491712
245.85674204449384,-1001.4994073392738,1199.5605468226099,36.119999999999997,0.027615273785513369
245.83819379202461,-1001.6056333385604,1197.0080372104701,35.869999999999997,0.027889803874785974
245.81964514839518,-1001.6267559886436,1193.7955848926999,36.259999999999998,0.027850403754110062
245.80109326996293,-1001.8014353416135,1193.7955848926999,36.259999999999998,0.02765028841653407
245.78253675355546,-1002.0518860032316,1194.15726592031,35.909999999999997,0.027398652293893214
245.76398126883953,-1001.9961746603825,1198.8104818833399,36.25,0.027339774089744567
245.74542651883968,-1001.9564999925979,1196.4735026924,36.020000000000003,0.027582412589699963
245.72689049256797,-1000.9454186717152,1194.87180648706,36.020000000000003,0.027922668181538081
245.70836775108663,-1000.2280399926759,1194.87180648706,36.049999999999997,0.028171435822876595
245.68985094006183,-999.90779533846273,1194.95811402298,36.049999999999997,0.028137837847551007
245.67133981423467,-999.60079466660977,1193.74289438044,36.210000000000001,0.027977519984827944
245.65282753875314,-999.66287600361238,1193.74289438044,36.210000000000001,0.027908289606267431
245.63430442681462,-1000.2480446797222,1193.5254566103799,35.880000000000003,0.02801636027495549
245.61577153081473,-1000.7763839949858,1195.1667303045699,36.210000000000001,0.028101022664730028
245.59723786802471,-1000.8177906607423,1196.5381141350399,36,0.028330955864882029
245.57872077864204,-999.92282666349979,1197.7304455912599,36,0.028439290407449566
245.56020416319745,-999.89723400792514,1197.7304455912599,35.859999999999999,0.028456877911816992
245.54168051833335,-1000.2768226621332,1194.8913568128801,36.280000000000001,0.028440926426153729
245.5231517874075,-1000.5514699957097,1192.78588208984,35.979999999999997,0.028196038271731259
245.50462720087651,-1000.3276726734064,1192.78588208984,35.979999999999997,0.028100729823070953
245.48611216350611,-999.8120180017446,1194.7723859277201,36.170000000000002,0.028027471983331061
245.46760229807404,-999.53273333150662,1197.9323861518401,36.170000000000002,0.027972427715466534
245.44910003327161,-999.12229933108779,1196.7867847426901,36.210000000000001,0.027830657657863869
245.43060278416036,-998.85145200781096,1198.74682411514,36.210000000000001,0.027648500278973049
245.41209755051847,-999.2826166617167,1198.4166143437201,36.009999999999998,0.027574072070833025
245.39358157767904,-999.86253332869376,1198.4166143437201,35.869999999999997,0.027675255100475298
245.3750651246915,-999.88846132811204,1195.8676810106899,36.240000000000002,0.027717658218034361
245.35655343387651,-999.63130400945715,1195.8676810106899,36.240000000000002,0.02779452647281758
245.33804471190118,-999.47098666783609,1196.8294616734299,35.880000000000003,0.027778739528392653
245.31954282377779,-999.10195866266179,1197.1062656767699,36.25,0.027733655231531332
245.30104503449374,-998.88062133829067,1201.86677001319,35.950000000000003,0.027619177065624653
245.28255161208645,-998.64480999412115,1201.86677001319,35.950000000000003,0.027192045622934084
245.26405416739499,-998.86201333834845,1201.79882071004,36.189999999999998,0.026991140714337752
245.24554641296314,-999.41873932093097,1201.51271838101,36.189999999999998,0.026903978236375629
245.22703558620989,-999.58464467504825,1198.2451913649099,36.310000000000002,0.027018958279562157
245.20852974823453,-999.315250669644,1198.20847489935,36.310000000000002,0.027063654524936344
245.19002583395064,-999.21137132980857,1198.20847489935,35.93,0.026944823978897803
245.17152703160485,-998.93532667159229,1201.52678507886,36,0.026720550114442927
245.15302315561729,-999.20930332847297,1200.6865979059501,36.07,0.026473941072311175
245.13451455677799,-999.46433732307162,1200.6865979059501,36.07,0.026221745131538837
245.11599837595065,-999.87376467640706,1199.82185361646,35.840000000000003,0.026057513638721556
245.0974810268271,-999.9368526714851,1198.9945410483499,36.280000000000001,0.02615034994227549
245.07897024560495,-999.58218599615589,1201.03087437521,36.049999999999997,0.026361592524600561
245.06046659002484,-999.19740132604795,1200.93741428106,36.049999999999997,0.026573923724587344
245.04195603645672,-999.56989267863833,1200.93741428106,36.119999999999997,0.026522501262731903
245.02343449017266,-1000.1634993392453,1202.84714732732,36.119999999999997,0.026362880856669609
245.00490720072833,-1000.47362999323,1205.0253397256499,36.299999999999997,0.026139349991161649
244.98637548027162,-1000.7129046628315,1204.1985039947599,36.299999999999997,0.026076237357929612
244.9678501921359,-1000.3655593280023,1204.1985039947599,35.960000000000001,0.026121189203466441
244.94933195929653,-999.98457332717021,1203.7347798031301,35.939999999999998,0.026154810973005049
244.93082246432101,-999.51272867743648,1203.6234383134199,36.210000000000001,0.026193692668356767
244.91230639422236,-999.86778532683434,1203.39193384551,36.210000000000001,0.026288937986925089
244.89378708311122,-1000.0428000016643,1203.39193384551,35.890000000000001,0.026335205058283576
244.87526040420985,-1000.4406606744348,1199.95226859477,36.159999999999997,0.026342823269416577
244.85673134111113,-1000.569407329948,1198.6981867192001,35.840000000000003,0.026371014418217424
244.83820751516041,-1000.2866013405019,1201.1627198651699,35.840000000000003,0.026378964799153359
244.81969355604932,-999.75379199776251,1201.6612531735,36.32,0.026607634509963708
244.80118964177785,-999.21137065929679,1200.34375194833,36.32,0.02670279394174941
244.78268992362959,-998.98478000675345,1200.31561855264,36.009999999999998,0.026839354799773018
244.76418893887654,-999.05317666371627,1202.1099569928599,36.009999999999998,0.026860757632805678
244.74567798172831,-999.59168600541705,1202.1099569928599,36.090000000000003,0.026897413451211789
244.72715570074078,-1000.2031733255259,1202.74629625634,35.880000000000003,0.027008005938654787
244.70862237012344,-1000.7998533374961,1201.45001428724,36.259999999999998,0.027287730735983319
244.69009169583958,-1000.6564113273333,1201.2528420988101,36.259999999999998,0.027563625739789255
244.6715661935061,-1000.3771260085674,1201.2528420988101,35.950000000000003,0.027808113443344891
244.6530475312224,-1000.0077633190692,1202.03676248035,35.93,0.027839566266950683
244.6345280059135,-1000.0543666822293,1198.9201544428099,35.93,0.027824189096030918
244.6160056535185,-1000.2070293290582,1198.9201544428099,35.93,0.027877520771072774
244.59748983693845,-999.85409532221263,1194.0495007097099,36.079999999999998,0.027971674371014905
244.57896786845669,-1000.1862980160515,1192.4475660857599,36.079999999999998,0.028220507212604835
244.56046368719754,-999.22578799336645,1196.99540102427,35.869999999999997,0.028384413781787857
244.54196422256788,-998.97109000213152,1196.0906024087201,35.869999999999997,0.028456180461466446
244.52346779198768,-998.80725133031035,1196.0906024087201,35.969999999999999,0.028525416021735757
244.50495648404939,-999.61062866769919,1194.43931513301,35.969999999999999,0.028404926669972651
244.48643052639503,-1000.4017133360983,1194.6176522514399,35.869999999999997,0.028507964074542633
244.46790146434566,-1000.5693506662035,1194.6176522514399,35.869999999999997,0.028575884383749407
244.44937092665447,-1000.6490353236323,1194.5718758788,35.950000000000003,0.028857510125025736
244.43084263656795,-1000.52766467182,1191.61476988968,35.950000000000003,0.029306621811368054
244.41231445719751,-1000.5216860037509,1190.72737583248,36.039999999999999,0.029723855361986802
244.39378958506188,-1000.343095324528,1190.72737583248,36.039999999999999,0.029911554107409834
244.37526797979007,-1000.1666846770737,1188.23637822108,35.880000000000003,0.029987607979385756
244.35674951308658,-999.99720198853163,1187.75882575021,35.880000000000003,0.02985483138297992
244.33823308597542,-999.88706400347212,1188.82241115837,35.939999999999998,0.029751363514098905
244.31972083014816,-999.66181467134413,1188.82241115837,35.939999999999998,0.029771129291312134
244.30120616323472,-999.79201332569039,1188.40350966495,36.079999999999998,0.029953149044497668
244.28269723327168,-999.48221800455747,1188.40350966495,36.079999999999998,0.030190452097717591
244.26419090169134,-999.34190533899073,1185.9041674022901,35.840000000000003,0.030454493438033643
244.24567912601242,-999.63588666093369,1185.9041674022901,35.840000000000003,0.030500852606856598
244.22715359056798,-1000.3789139997721,1186.8025287154401,35.969999999999999,0.030478912721339534
244.20861353580267,-1001.1629573268104,1185.65859623654,35.969999999999999,0.030489932336728857
244.19007062912343,-1001.3169606785025,1185.3343469303099,36.170000000000002,0.030615115536027762
244.17152420100021,-1001.5071186538426,1185.42327707091,36.170000000000002,0.031037689709391223
244.15299186482719,-1000.7461533432299,1185.42327707091,35.890000000000001,0.031326310712355754
244.1344590267779,-1000.773254661382,1183.43033593063,35.890000000000001,0.031492051981402557
244.11593915687658,-1000.0729746711795,1183.3788375114,35.979999999999997,0.031390434342855725
244.09741679827152,-1000.2073646729019,1184.7795468306001,35.979999999999997,0.031097264337970696
244.07890512090117,-999.63057799904868,1184.91830646018,36.259999999999998,0.030783690108119016
244.06039129839499,-999.74641533454178,1184.2421512892399,36.259999999999998,0.030518110014430295
244.0418853631482,-999.32050332730455,1183.4389190004999,35.939999999999998,0.030534991781295675
244.02337329565435,-999.65164466689089,1183.2455615097999,35.939999999999998,0.030793369645188629
244.00484948212355,-1000.2859306638062,1183.2455615097999,36.140000000000001,0.031044298985884167
243.98632510254316,-1000.3164973409097,1182.4785688493901,36.140000000000001,0.031088845186224925
243.96779733917299,-1000.4992219892845,1181.34870306834,36.25,0.030891101596315342
243.94926990071608,-1000.4816766736265,1181.2643028812799,36.25,0.030518605683267409
243.93074741897541,-1000.2140139956825,1181.2643028812799,35.969999999999999,0.030281633764160036
243.912233193926,-999.76815266808796,1182.86170755168,35.969999999999999,0.030004805363531506
243.89372021062965,-999.70109800205205,1184.8150712031199,36.259999999999998,0.029965032719803306
243.87521774404939,-999.13319533495712,1186.61274750385,36.259999999999998,0.03005245804002564
243.85671000307417,-999.41801266199468,1187.65630574898,35.979999999999997,0.030164855215313112
243.83821090165446,-998.95147666315381,1186.67378266737,35.979999999999997,0.030182530694942582
243.81970925462974,-999.08893933473576,1188.2258878023499,36.140000000000001,0.02981181981971252
243.80119629618531,-999.69975600013288,1188.2258878023499,36.140000000000001,0.029508495284052871
243.78268645662962,-999.5313360068667,1189.2658697683701,36.210000000000001,0.029135164279885994
243.76417861837035,-999.42326600115894,1189.2658697683701,36.210000000000001,0.028888578019075094
243.7456706880246,-999.42823867067239,1189.1552435344699,35.850000000000001,0.028906951974771271
243.72715739946909,-999.71758199643386,1189.59154958624,35.850000000000001,0.028973348030474279
243.70864976818527,-999.41208932763845,1188.3067117103001,36.299999999999997,0.028966109574109802
243.69014255288886,-999.38962600566811,1187.8248677044901,36.299999999999997,0.028745806260584168
243.67164095139503,-999.08648066683554,1191.9421186378099,35.939999999999998,0.028256529734432989
243.65313966138285,-999.0696606580982,1193.37286870156,35.939999999999998,0.027902560926539588
243.63464645834588,-998.63296399592059,1193.37286870156,35.890000000000001,0.027655253393481578
243.61615552360499,-998.51047600761535,1194.62957318182,35.890000000000001,0.027513133564428374
243.59765196012336,-999.1924280080068,1197.8818414070399,36.189999999999998,0.027544826476046409
243.5791434585679,-999.4590839948994,1198.3465192731001,36.189999999999998,0.027479784971459139
243.56062718770369,-999.87862666750289,1198.3465192731001,35.890000000000001,0.027352942985569888
243.54211558070369,-999.62677799974085,1196.99969255921,35.890000000000001,0.027138540105796007
243.52360337661722,-999.65902067059187,1195.77541300957,35.909999999999997,0.026819206162145011
243.50509786977779,-999.29736932863818,1195.77541300957,35.909999999999997,0.026548495521704508
243.48658993322238,-999.42857399253216,1195.9353918952199,36.049999999999997,0.026377025587178745
243.46809084527175,-998.95074933370574,1196.9403263259301,36.049999999999997,0.026263343167759152
243.4495857482101,-999.27524132852761,1194.4235795049201,35.890000000000001,0.02636991130923614
243.43108752432101,-998.90409001028888,1195.1967710491101,35.890000000000001,0.026399114478374858
243.4125906974075,-998.8286533310046,1197.1124645605601,35.960000000000001,0.026329522951850485
243.39408875132108,-999.10508866677753,1199.0989683984501,35.960000000000001,0.026194977888469334
243.37558752546897,-999.06619601362615,1200.2827167848,35.939999999999998,0.025987041490394755
243.35707895250624,-999.46293998743954,1200.0881672010601,35.939999999999998,0.025893656743187103
243.33855518450611,-1000.2834720068979,1200.0881672010601,35.880000000000003,0.025905153403306659
243.32002603138275,-1000.5742686615241,1198.39467983182,35.880000000000003,0.025898146756759364
243.30148515808636,-1001.2071580043111,1200.5144596713101,35.950000000000003,0.025866818103026112
243.28293273328407,-1001.830939323441,1198.5827921131599,35.950000000000003,0.025830696235325704
243.26439250985186,-1001.1720653394752,1197.2805496788701,35.960000000000001,0.025754125997396581
243.24585242300012,-1001.164689995294,1197.2805496788701,35.960000000000001,0.025714634819424806
243.22732376245682,-1000.5476693368821,1196.90933190695,35.859999999999999,0.02570814142259957
243.20879902690143,-1000.3357199913389,1196.83518372001,35.859999999999999,0.025667548188028445
243.19027030840755,-1000.5507986704861,1197.696590149,36.240000000000002,0.025652730831779717
243.17174322696314,-1000.4623979969888,1198.7852095109499,35.899999999999999,0.025478780476191631
243.15321057828399,-1000.7630286746883,1199.9815940835001,36.240000000000002,0.025379464235512763
243.1346773118147,-1000.796389341552,1197.4684235416,36.240000000000002,0.025414457134744772
243.11614508533347,-1000.7402299868899,1197.4684235416,35.890000000000001,0.025551339826023041
243.09760805840736,-1000.9994540098249,1196.45729022709,35.890000000000001,0.025669637442186713
243.07905985662956,-1001.6028960015528,1196.3163848300401,35.869999999999997,0.025917546209795934
243.06051225297534,-1001.5705973264772,1195.13788165306,35.869999999999997,0.026105932063932354
243.04195584004938,-1002.0462980017273,1195.13788165306,36.299999999999997,0.026336235720030545
243.02340103106158,-1001.9596853414185,1195.29118481769,36.299999999999997,0.026354046747877877
243.00486116462969,-1001.1527873223574,1198.0053422457399,36.079999999999998,0.026319615749760775
242.98632927653077,-1000.7219573417837,1198.0053422457399,36.079999999999998,0.026419614958630617
242.96780605386417,-1000.2540239963188,1195.4826349595401,35.859999999999999,0.026700212105266071
242.94928795037046,-999.97758866054596,1192.6912299026501,35.859999999999999,0.026976192988933743
242.93077170538282,-999.87722933187092,1191.8148031014,36.25,0.027125257376646415
242.91226450975316,-999.38856400288785,1193.95198749924,36.25,0.02698095825615569
242.89375728203723,-999.3902966603797,1194.5358746690599,36.210000000000001,0.026705346792133159
242.87523549567919,-1000.1764633334585,1194.8315137423899,36.210000000000001,0.026525095510197608
242.85671657365441,-1000.0217893380466,1194.2934029452099,35.920000000000002,0.026528644895027487
242.83818569138265,-1000.6676426750467,1194.2934029452099,35.920000000000002,0.026751941896639719
242.81964555900021,-1001.1671486522025,1193.5478679594801,36.189999999999998,0.027173920019399875
242.8011044973704,-1001.2173280087641,1193.6182014486999,36.189999999999998,0.027567155449148097
242.78256290281502,-1001.246105991175,1189.3853174907299,36.299999999999997,0.027707622704328357
242.76403222233333,-1000.6567460116572,1189.3853174907299,36.299999999999997,0.027537858116049477
242.74551850433332,-999.74077199932469,1192.2494402229099,36.049999999999997,0.027212913456135995
242.72701688317278,-999.08754266961569,1192.2494402229099,36.049999999999997,0.026969581636581811
242.70852644203708,-998.48382132727659,1194.8224538352999,36.07,0.027021260722280501
242.69003867067894,-998.33965333968126,1195.0775617453501,36.07,0.027252492600413375
242.6715363738027,-999.12403131806764,1194.8453420216299,35.82,0.027664798416802378
242.65302906744452,-999.39454334146865,1192.10138226764,36.32,0.027886899184827806
242.63451377033343,-999.82604399873799,1190.83204160119,36.159999999999997,0.027825971036141199
242.61600465203716,-999.49238799801844,1194.0227978256701,36.159999999999997,0.027430628732267107
242.59749485180251,-999.52921267181841,1194.0227978256701,35.979999999999997,0.026962459086957921
242.57897597530862,-1000.0193306701461,1194.8265069516301,35.979999999999997,0.026813579930678788
242.5604544155679,-1000.1642259981815,1193.5807697273201,36.189999999999998,0.027007186371696024
242.54193056995064,-1000.28766333229,1192.18959715242,36.189999999999998,0.027249682078893327
242.5234073410864,-1000.2543586696509,1192.18959715242,36.25,0.027561130833106916
242.50489372656813,-999.73518398682847,1193.3340064685401,36.25,0.027558785961280231
242.48639394322223,-998.98830067743381,1194.09217764046,36.009999999999998,0.027314203067030758
242.46789957913586,-998.69566066491416,1196.5242858557999,36.009999999999998,0.026935371053448582
242.44940516849388,-998.69817466652739,1196.5242858557999,35.890000000000001,0.026540324715606928
242.43089354803703,-999.62750466966918,1198.3117101564101,36.240000000000002,0.026545792612241999
242.4123843386792,-999.49730532282729,1197.6667878230601,36.100000000000001,0.026714978740166071
242.39386235777789,-1000.1869686707633,1199.36790458773,36.100000000000001,0.02686533663168237
242.37533133891367,-1000.6750186677556,1200.3699779951501,36.090000000000003,0.0268559209558718
242.35680672650631,-1000.3290699980463,1199.2391585396699,36.090000000000003,0.026662737752945361
242.33828633713583,-1000.1010260056462,1198.0170247575099,36.280000000000001,0.026347649593721299
242.31976498539504,-1000.1529940019403,1200.01997947931,36.280000000000001,0.026040564604498665
242.30125063098774,-999.77513799423207,1200.01997947931,36,0.025804685431769201
242.2827372627531,-999.72188467075534,1205.13787330841,35.960000000000001,0.025830089836367913
242.26422035549379,-999.91299200289052,1206.0779578778699,36.210000000000001,0.026050140665758493
242.24570995713592,-999.56151132490982,1206.0779578778699,36.210000000000001,0.026261084203681305
242.22721275355556,-998.84899333991063,1208.26020339253,36.090000000000003,0.026220200173998096
242.20872094750635,-998.55752665711657,1208.26020339253,36.090000000000003,0.025875187593133089
242.19022888897544,-998.57116066850574,1208.98714172687,35.859999999999999,0.025587340604052728
242.17171802288897,-999.5867686696165,1208.9625846102899,35.859999999999999,0.025512258420335096
242.15319987386417,-999.98004733943799,1205.84812234022,36.259999999999998,0.025704549625149349
242.13467124641983,-1000.5458819942053,1205.4838187079199,36.259999999999998,0.025888711429497304
242.11614229406163,-1000.5634273428394,1211.9359030647199,35.869999999999997,0.025922826797917145
242.09762908932095,-999.7130559977096,1208.6740980951899,35.869999999999997,0.025733742448579799
242.07912977474078,-998.96298732850255,1205.6905276406401,35.93,0.025522302218749935
242.06063286918521,-998.83290000110151,1205.6137568490201,35.93,0.025334017764360756
242.04214626716038,-998.27650934037888,1209.3512069405599,36.07,0.025108859148980141
242.02365016771594,-998.78937000029646,1213.5304467118301,36.07,0.025041138543595819
242.00515654351858,-998.65570665751045,1213.5304467118301,35.859999999999999,0.025059204140800741
241.98665388239502,-999.14370067226196,1214.67223342326,35.859999999999999,0.025167862564391266
241.9681406383333,-999.71517933275811,1213.35711638416,36.020000000000003,0.025187024016063021
241.94962451648146,-999.87057999809838,1213.35711638416,36.020000000000003,0.025020554247938205
241.93110258111105,-1000.1845100028629,1213.5514275492901,35.880000000000003,0.024784712328307836
241.91256778211107,-1000.8791459983285,1213.79437611036,35.880000000000003,0.024758038218393185
241.89403326146919,-1000.8641146622995,1213.7030617836799,35.93,0.02473192393027401
241.87550387448152,-1000.5868973338773,1213.1830708006701,35.93,0.024765635747880314
241.85697730009898,-1000.4350166577137,1213.1830708006701,36.07,0.024727384250381179
241.83846674549395,-999.56994867187109,1214.4037740711899,36.07,0.024570350845412359
241.81996690419763,-998.99143000004563,1212.3543277209201,35.850000000000001,0.024336554731833087
241.80147413060519,-998.60977399302976,1212.3543277209201,35.850000000000001,0.02406048692426753
241.78297936916033,-998.71711802130517,1211.99932241432,36.310000000000002,0.023990925409151799
241.76447462290136,-999.25629798474176,1212.1941104166599,35.979999999999997,0.024036625408067908
241.74595362196305,-1000.1340506691463,1214.96119677558,36.210000000000001,0.024268900356283898
241.72742007713589,-1000.811420666589,1214.7385137961501,36.210000000000001,0.024411627613471498
241.70887855398777,-1001.2422499986349,1213.0722061481699,35.920000000000002,0.024443058711598818
241.69034118867913,-1001.0177266659232,1213.0722061481699,35.920000000000002,0.024390284800406344
241.67180349222235,-1001.0356086664489,1210.56547290867,36.140000000000001,0.024361227536999971
241.65326213774091,-1001.2331419969619,1210.56547290867,36.140000000000001,0.024434064208401388
241.63472040659246,-1001.2534820168601,1209.2827808002,36.240000000000002,0.024616829026825715
241.61618418474077,-1000.9559799912607,1209.22174563667,36.240000000000002,0.024817470048718572
241.59766443177782,-1000.0666599997468,1205.3500658691,36.009999999999998,0.024896868391698909
241.5791484144444,-999.86493600336155,1204.6121602788201,36.009999999999998,0.024981751204803091
241.56063162928402,-999.90639866235063,1205.84311554946,36.259999999999998,0.02492951953553893
241.54211205844439,-1000.0568253391377,1205.84311554946,36.259999999999998,0.024817879825073511
241.52358780304934,-1000.3097913324006,1208.6972247001199,36.07,0.024745122840154191
241.50504409749396,-1001.3600999907588,1208.6972247001199,36.07,0.024826094095359144
241.48649121841993,-1001.8554699982195,1205.0692087494399,36.119999999999997,0.025063173639348048
241.46792711379013,-1002.4616500084587,1204.7618871643399,36.119999999999997,0.025291697439337166
241.4493548621729,-1002.9015873311855,1205.4025179627599,36.259999999999998,0.025378583616560112
241.43078525446924,-1002.7588159977186,1205.4025179627599,36.259999999999998,0.025394429560121713
241.41222239058044,-1002.3946499946319,1205.29356065912,35.939999999999998,0.02547746006906829
241.39366730323457,-1001.9747166774474,1204.3305879033301,35.939999999999998,0.025606693494990094
241.37512479287668,-1001.2955593263362,1199.4718551006099,36.189999999999998,0.025859974952663217
241.35658995455546,-1000.8812693443689,1199.4718551006099,36.189999999999998,0.026077924083937169
241.33805804575312,-1000.7230753268045,1199.9050617104799,36.25,0.026243741936262482
241.31953971564189,-999.98982600681484,1199.9050617104799,36.25,0.026093478207688304
241.30101729908662,-1000.2104939845219,1200.89831362943,35.850000000000001,0.025957526842869637
241.28249414782729,-1000.2501680037785,1200.89831362943,35.850000000000001,0.025872433972092514
241.2639602646172,-1000.8296933446712,1197.3458763773299,36.210000000000001,0.025974344472043311
241.24541056239497,-1001.6839200008375,1198.25735071389,36.210000000000001,0.026300448094531616
241.22685804135816,-1001.8361359878688,1199.5085715661701,36.189999999999998,0.026603973361154765
241.20830301816056,-1001.9712526705115,1199.2322444000499,36.189999999999998,0.02672157560893354
241.18975013287664,-1001.8558053310711,1199.2322444000499,35.890000000000001,0.026832765172696005
241.17121154649394,-1001.0836646659779,1198.2373235508601,35.890000000000001,0.026752797675511197
241.15268538706172,-1000.4126093399677,1195.0057977444901,36.280000000000001,0.026595108207706677
241.13416890199991,-999.89019333707608,1195.0057977444901,36.280000000000001,0.026540648609453914
241.11566129658044,-999.41069265152635,1197.6095673572499,36.159999999999997,0.026463143938808262
241.09715716809899,-999.22293799938188,1200.0538349215799,36.159999999999997,0.026673014380379764
241.07865865756793,-998.91956867662691,1198.2819078304699,35.850000000000001,0.026778360411480615
241.0601580370618,-999.0335073315058,1197.5199219608201,35.850000000000001,0.026859161967757981
241.041648496568,-999.51518666383288,1197.4269387038901,36.299999999999997,0.026785101111546333
241.02313482306181,-999.73836933564894,1197.4269387038901,36.299999999999997,0.026539656227539978
241.00461380970376,-1000.1347213348502,1198.0642316418,36,0.026437338025871896
240.98609043802475,-1000.2620706657234,1197.9788777803001,36,0.026392950164840515
240.96756147945689,-1000.5637626646993,1197.6372239157199,35.880000000000003,0.02654500512257664
240.94903101937044,-1000.6448446687521,1197.73330661455,35.880000000000003,0.026756732009031725
240.93050761561739,-1000.2638026636953,1198.7449167662801,36.229999999999997,0.026726876912083728
240.91200144650628,-999.33313199965789,1198.7449167662801,36.229999999999997,0.026668723053259569
240.89350722419752,-998.68800467306619,1199.5457648689501,36.030000000000001,0.026573057601839596
240.87502921724689,-997.81237533470198,1198.57683164797,35.859999999999999,0.026419099622464689
240.85655278940735,-997.7271033352888,1198.8638876514301,35.950000000000003,0.026370347992167684
240.83807837528394,-997.61836266387706,1198.8638876514301,35.950000000000003,0.026294436925366739
240.81959363072849,-998.17620599394468,1202.6318553247299,36.100000000000001,0.026221396400867566
240.80108912558021,-999.24327800828792,1202.8593066763101,36.100000000000001,0.02629426411916445
240.78257328934586,-999.85515665448111,1196.8409057665999,35.859999999999999,0.02629078820362105
240.76405629101234,-999.91791000920296,1196.8409057665999,35.859999999999999,0.026386877936964419
240.74553932374081,-999.91623266343993,1194.6074002513201,35.939999999999998,0.02626425275856251
240.72701638771616,-1000.2385453299808,1197.37234084276,35.939999999999998,0.026178106453266896
240.70850307225939,-999.71903466577874,1198.2754705280599,36,0.026023833900037104
240.68999753333333,-999.29910200811423,1198.2754705280599,36,0.025943173096281056
240.67149996550626,-998.86866266112906,1202.18338992398,35.850000000000001,0.025789832903165697
240.65300615297528,-998.66587667295562,1204.4917588820199,35.850000000000001,0.02576483620415183
240.63451571182719,-998.4838219977886,1205.10544837778,35.939999999999998,0.025781981862198905
240.61601989177771,-998.77428267103494,1204.4915204634101,35.939999999999998,0.025940209421638657
240.59752230428393,-998.8697246639091,1204.3525224152199,36.090000000000003,0.025984031255485152
240.579010990136,-999.61096398955897,1204.3525224152199,36.090000000000003,0.025885424893441412
240.56048919033333,-1000.1771893438669,1206.0841567616601,36.020000000000003,0.025682807376145079
240.54196724150606,-1000.1852366727912,1207.32846347433,35.880000000000003,0.025399788803309311
240.52343745716055,-1000.6083546572925,1205.20963730927,35.899999999999999,0.025221751998804279
240.50490386680249,-1000.8138793344892,1204.0423398068399,35.899999999999999,0.025140476516877602
240.48637540803708,-1000.5367733330125,1202.8550151413699,36.210000000000001,0.025094051122494184
240.46786142306183,-999.75518866288257,1202.8550151413699,36.210000000000001,0.025167932937395037
240.44935761225926,-999.20578333929632,1202.19960238929,35.93,0.025212948940164903
240.43086164321002,-998.78232865893574,1202.19960238929,35.93,0.025175943349290474
240.41236638816039,-998.74377267965986,1204.2821889259999,35.890000000000001,0.025093967298950109
240.39387271118517,-998.65855666248729,1207.4884423599799,35.890000000000001,0.024939334644235284
240.37537869686412,-998.67677333634481,1208.32529167238,36.259999999999998,0.025013781465286638
240.35687645897539,-999.12084599123114,1208.32529167238,36.259999999999998,0.025267861784049547
240.33836107080253,-999.83096133453853,1205.95302652753,35.939999999999998,0.025460828716992758
240.31983602998778,-1000.3522039967127,1205.7415492226501,35.939999999999998,0.025641403891757519
240.30130355618519,-1000.7535853401636,1205.7415492226501,35.890000000000001,0.025510312994218191
240.28276530714828,-1001.0654479921203,1205.3650862413699,35.890000000000001,0.025375190511057952
240.2642341982594,-1000.6798799993314,1204.60715348806,36.299999999999997,0.025279028339843825
240.24570623308634,-1000.5101193451698,1205.1347738665099,36.299999999999997,0.025353730763093378
240.22718674606173,-1000.0522993294217,1203.6370281740501,36,0.025610056607810721
240.20867582203704,-999.58989733270846,1201.1741639583299,36,0.025875756722300233
240.19017588967918,-998.99634732485424,1200.46749120563,35.880000000000003,0.025956373040426729
240.17168246623456,-998.64486600933787,1200.7645607906099,35.880000000000003,0.02590550627490746
240.15319334446909,-998.41257533584871,1200.7645607906099,36.280000000000001,0.025726285660214881
240.13469547137046,-998.88514732602255,1201.1667729814999,36.280000000000001,0.025673246839045431
240.11617935572852,-999.87024466524656,1201.9115927114001,35.969999999999999,0.025866689780824934
240.09764592059253,-1000.8054973432248,1201.8770220133099,35.969999999999999,0.026180465816820264
240.07909670575299,-1001.6576013348543,1201.5024663808899,35.880000000000003,0.026797437006564135
240.06054842017281,-1001.6074213297651,1201.5024663808899,35.880000000000003,0.02722656250661247
240.04199639169144,-1001.8095379932585,1199.23820486524,36.240000000000002,0.027283251088067766
240.02345643523449,-1001.1576486759172,1196.79274520788,36.240000000000002,0.02710189153498346
240.00492925651866,-1000.4676506546491,1197.67799349761,36,0.026803567180787861
239.98641184841981,-999.94003733880186,1197.92952512855,36,0.026780624559506375
239.96790438580246,-999.40298133695751,1192.8895941841099,35.869999999999997,0.027027272926932206
239.94940393397542,-999.02439865932126,1192.8895941841099,35.869999999999997,0.027393896334042933
239.93090930291359,-998.71007733946408,1196.3290210162399,36.310000000000002,0.02774170703582695
239.91240717366671,-999.11497933161149,1196.3290210162399,36.310000000000002,0.027827202452667666
239.89389716544432,-999.54044400853957,1191.87250040442,35.93,0.027770708414902905
239.87537359922223,-1000.2725759920362,1191.87250040442,35.93,0.027586453487170759
239.85683649364188,-1001.0037013394417,1192.0413007785401,36.210000000000001,0.027466616077465818
239.8382878831234,-1001.6249679974389,1194.22473838624,35.899999999999999,0.027729685736037357
239.81973666697527,-1001.765672000082,1193.8134662882601,36.229999999999997,0.028254361824190558
239.80118360577788,-1001.8653046588287,1190.7748211353801,36.229999999999997,0.028888087511591231
239.78263778922229,-1001.4740940013345,1189.9413096834801,35.93,0.02931533070706531
239.76410629021015,-1000.7009466561819,1189.9413096834801,35.93,0.029362553939265019
239.74558979169129,-999.89092001799656,1189.21437134914,35.899999999999999,0.029152204388096299
239.72708000387658,-999.52854199512262,1189.21437134914,35.899999999999999,0.028951824122834004
239.70856642246923,-999.73339599562382,1188.46239906101,36.240000000000002,0.028821789760166985
239.69004866977798,-999.95864532775181,1188.15221645262,36.240000000000002,0.028852668281446166
239.67152758501246,-1000.1385773383824,1190.8217896010599,35.869999999999997,0.02904370427694582
239.65300651887654,-1000.1375713398269,1189.3896090256701,35.869999999999997,0.029173114653052775
239.63448395953094,-1000.2182046615548,1189.3896090256701,35.93,0.029193963848509585
239.61595579360494,-1000.5209600043346,1187.97960138078,35.93,0.029034592834574307
239.59741899950623,-1000.9868813307041,1190.32945517653,36.039999999999999,0.028770359023169819
239.57887487796319,-1001.3825633237213,1190.6918514599599,36.039999999999999,0.02876650231635329
239.56033078229635,-1001.3811660100736,1189.5715224232099,35.850000000000001,0.028992367693120115
239.54179524961722,-1000.9187646728803,1189.5715224232099,35.850000000000001,0.029364316202072267
239.52327203316048,-1000.2536886634671,1189.72411033203,36.030000000000001,0.02969570147890549
239.50475384585178,-999.98211467026204,1191.9864644988099,36.030000000000001,0.029779317677480439
239.48625390624693,-998.99673866193075,1192.7851668340199,35.869999999999997,0.029567245192462555
239.46775563061729,-998.90688400004899,1191.49818319061,35.869999999999997,0.029352921992046331
239.4492566202716,-998.94655866783341,1192.9611197663701,35.93,0.029124665167918954
239.43075525264186,-999.07385200547424,1193.1201449775899,35.93,0.029210991537391751
239.41224898625933,-999.33838465731844,1193.1201449775899,36.079999999999998,0.029298193340037287
239.39373830850607,-999.57659867615541,1193.0476657209001,36.079999999999998,0.02949022170340555
239.37522919020981,-999.49238799801844,1194.1093437802001,35.880000000000003,0.029490756699775855
239.35671212565418,-999.92148600260418,1194.1093437802001,35.880000000000003,0.029420615695128716
239.33819799891356,-999.7628439952108,1194.0533154074301,35.969999999999999,0.029214767525699795
239.31968646951847,-999.62258733386852,1194.6751111358501,35.969999999999999,0.028883191860965118
239.3011709395804,-999.83861665587472,1199.50094217073,36.25,0.028804056348845881
239.28266348420982,-999.40259001087327,1199.50094217073,36.25,0.028985486259667296
239.2641625377409,-999.05110932190041,1200.3985882280599,35.939999999999998,0.02907558240839473
239.24567102454313,-998.5417126799108,1198.4218595530799,35.939999999999998,0.029132775966262358
239.22718269543213,-998.36977199398018,1202.2761347623,36.119999999999997,0.02889593338733722
239.20869538560493,-998.31473066830677,1202.2761347623,36.119999999999997,0.028581963854333734
239.19019887638251,-998.81149801139929,1199.5138167755399,35.890000000000001,0.028376938356899171
239.1716979050741,-999.05245065330791,1200.4848957639799,36.259999999999998,0.028125580615131141
239.15318305603714,-999.80184799729159,1203.57122463837,35.939999999999998,0.027971332902389637
239.13467126795069,-999.63655666711747,1205.01174986503,35.939999999999998,0.027799523538864713
239.11616010901238,-999.60258266880646,1205.01174986503,36.210000000000001,0.027498087536984715
239.09765009458033,-999.54077933039957,1202.2053244358699,36.210000000000001,0.027231046309095768
239.07914224908649,-999.42365666772366,1202.47664481123,36.229999999999997,0.02691439456293164
239.06063804817285,-999.22684933662686,1204.63504846514,36.229999999999997,0.02674103300648574
239.04213954487679,-998.91917798807822,1204.8105245602801,36.020000000000003,0.026702622162688174
239.02365018200001,-998.42559534527845,1204.8105245602801,36.020000000000003,0.026736626809333114
239.00516600969138,-998.14530466549309,1204.35061506636,35.850000000000001,0.026722274098231358
238.98667707625933,-998.4024053313957,1207.61337371032,36.280000000000001,0.026554683630062536
238.96818907724676,-998.3519466791829,1210.3287232314001,35.920000000000002,0.026198739392785806
238.94968589043216,-999.17208798810861,1211.3467706855299,36.009999999999998,0.025985723157298399
238.93117236076557,-999.73060199487156,1208.87985335348,36.140000000000001,0.025761927383849019
238.91265119116056,-1000.1431586708193,1207.7237615255999,36.140000000000001,0.025700585288769506
238.89412134265436,-1000.6118193347402,1207.7237615255999,36.210000000000001,0.025725370885056505
238.87558938211126,-1000.7258693275566,1207.16085519324,36.210000000000001,0.02552419693817411
238.8570544982594,-1000.8837280012771,1207.9283246908601,35.899999999999999,0.025267021519974696
238.83852163537043,-1000.7745960037813,1207.9283246908601,35.899999999999999,0.02488352150898028
238.81999668458013,-1000.3473426761286,1207.72709938611,36.259999999999998,0.024495294529324061
238.80147682088889,-1000.0726393273357,1207.10554207629,36.259999999999998,0.024251010680494626
238.78295423566672,-1000.2196019971867,1209.4866287096299,36.140000000000001,0.024232993732647
238.76443780855556,-999.88706400347212,1210.06026387933,36.140000000000001,0.024378552203788963
238.74591773686416,-1000.0838713345689,1210.06026387933,35.859999999999999,0.024558852115336927
238.7273916498643,-1000.4086979917306,1209.51714629139,35.859999999999999,0.024541403275011395
238.70885558323468,-1000.9475979999962,1210.1353657407001,36.259999999999998,0.0243943753747826
238.69030954523453,-1001.4860520079842,1210.1353657407001,36.259999999999998,0.02418892250484149
238.67175816040748,-1001.7747806612748,1208.4714422787999,35.939999999999998,0.024057464261887561
238.65319513404944,-1002.4034233339648,1208.1214437629501,35.939999999999998,0.024086677779991437
238.63463486855557,-1002.2543366695453,1208.24589827608,35.880000000000003,0.024365090453684127
238.61608781748149,-1001.5407580008057,1208.24589827608,35.880000000000003,0.024753754138052329
238.59755359693818,-1000.847909337025,1207.0812233783299,36.189999999999998,0.024971672231183701
238.57902241560512,-1000.6837919851043,1204.51631599859,36.189999999999998,0.024980859204248234
238.56050652761741,-999.85795133673707,1206.54645044165,35.890000000000001,0.024660515291895248
238.54199650697529,-999.54111467424332,1206.54645044165,35.890000000000001,0.024351067844057873
238.52348237919753,-999.76289999943538,1203.8704399908099,35.880000000000003,0.024186292042002625
238.50496518529624,-999.92847066922866,1203.8704399908099,35.880000000000003,0.024311075813301077
238.48643629811124,-1000.5599079911987,1203.93624352649,36.030000000000001,0.024768495938163597
238.46790084304945,-1000.9145733364961,1205.0320154466599,36.030000000000001,0.025163165600013658
238.44935582433331,-1001.431010671319,1203.89690445625,35.880000000000003,0.025339746435946379
238.43080518043217,-1001.7347706606386,1201.9192221068399,35.880000000000003,0.025313662157403851
238.41226108475311,-1001.3811666695932,1201.04231846837,35.960000000000001,0.025070476246431786
238.39371756754338,-1001.349929326786,1198.9990710018999,35.960000000000001,0.024888486495902008
238.37517118495063,-1001.5046600079263,1198.6941336028699,35.890000000000001,0.024982193078806988
238.35663977079017,-1000.696364664225,1201.74541494196,35.890000000000001,0.025268048049137914
238.33811497625925,-1000.3389046696477,1198.4585760186401,35.880000000000003,0.025662869840226164
238.31960267387663,-999.6643286619651,1198.4585760186401,35.880000000000003,0.025884183122860904
238.30110152665435,-999.06195000304922,1198.59232885746,36,0.025856714285050882
238.28260055535796,-999.0524500047801,1195.91083477865,36,0.025657575791386875
238.26409838782718,-999.1170466624352,1198.0723378744501,35.890000000000001,0.025379753992288243
238.24558652730877,-999.64046799337075,1198.0723378744501,35.890000000000001,0.025239616830441267
238.22706329222245,-1000.2546946620225,1197.7552411264501,35.920000000000002,0.025245886706839932
238.2085300195555,-1000.7967240148839,1198.2535360161701,35.920000000000002,0.0255591649938645
238.18999577934571,-1000.8489713288133,1196.87452279026,36,0.025866872943523928
238.17145769277766,-1001.0566746747714,1196.87452279026,36,0.026110198551785601
238.15292946166667,-1000.5244799935111,1193.69187279843,35.880000000000003,0.026140407552767895
238.13441092355572,-1000.0010579920639,1193.8973896381101,35.880000000000003,0.026030417323760269
238.11591263446923,-998.9076106699772,1198.71344551008,35.880000000000003,0.025937728990195003
238.09741259138286,-999.00232666343516,1198.71344551008,35.880000000000003,0.025919549586535136
238.07891304914807,-998.97528067899589,1198.8481520233299,35.960000000000001,0.026034812131372025
238.06041079055552,-999.12196399823586,1197.72424670747,35.960000000000001,0.026322105493868535
238.04190495879021,-999.31491532580026,1197.1339222352401,35.859999999999999,0.026500738329231985
238.02339582082723,-999.49345000079859,1196.20337441008,35.859999999999999,0.026633307962212031
238.00488010876541,-999.84845133846784,1195.82929561487,35.899999999999999,0.0265040631538738
237.98635292383952,-1000.4679859984931,1195.82929561487,35.899999999999999,0.026254443869911558
237.96781288770381,-1001.1619513282548,1197.8651521045199,36.020000000000003,0.026100656635535947
237.94927538682722,-1001.0250473359114,1198.04110503687,36.020000000000003,0.025955314442315882
237.93073105004947,-1001.3941859975193,1196.65970762488,35.890000000000001,0.026097266620006269
237.91219690090128,-1000.8440540040046,1197.63841600876,35.890000000000001,0.026246633178123011
237.8936746985556,-1000.198926666421,1197.6675030788799,35.899999999999999,0.026349016563758067
237.87516263106176,-999.65164466689089,1197.6675030788799,35.899999999999999,0.026392566247769134
237.85665853362963,-999.22126133512256,1199.19528951589,36.009999999999998,0.026254137559595738
237.83815687935814,-999.08933066082034,1199.19528951589,36.009999999999998,0.026041097531320206
237.81965212688908,-999.25663332858551,1199.3140219824299,35.880000000000003,0.026011031330220445
237.80114376192589,-999.4517080131825,1199.3140219824299,35.880000000000003,0.025961108303568035
237.78263809262964,-999.30614199745946,1201.22137084262,36,0.025978478499819182
237.76412162722212,-999.88913200480772,1202.4871352299599,36,0.02588661594735497
237.74560626492607,-999.82956398791464,1203.13777960989,36.170000000000002,0.025656019443287485
237.72708759022223,-1000.0084340067568,1203.13777960989,36.170000000000002,0.025558487207178772
237.70857612706189,-999.61901065896359,1201.5768529864399,35.850000000000001,0.025392387887672146
237.69006155741988,-999.78676066802996,1200.6267548354599,35.850000000000001,0.025305502739422253
237.67154948371598,-999.65198001073486,1207.37996189355,35.93,0.025217127473518765
237.65304709474063,-999.12900466908491,1207.37996189355,35.93,0.025131807978907923
237.6345499884321,-998.84374066026623,1206.6709049547801,36.079999999999998,0.025094598537378408
237.61606092461724,-998.40944600224475,1206.6709049547801,36.079999999999998,0.024889252252150225
237.59758540635792,-997.67798600349124,1209.6961986656399,35.859999999999999,0.024538680711451176
237.57910804823453,-997.77733866309882,1209.6961986656399,35.859999999999999,0.024347444995030408
237.56061734734553,-998.49784800577379,1209.27276721868,35.950000000000003,0.024399970563831575
237.54211794791368,-998.96756932045912,1207.4488648711299,35.950000000000003,0.024549037015800572
237.52360378185199,-999.7649673302592,1206.3049323922301,36.119999999999997,0.024659225927392704
237.5050899986544,-999.74429267000505,1209.04698479736,36.119999999999997,0.024552275945110436
237.48657379919746,-999.87477067496263,1209.0808402396201,35.899999999999999,0.024221430852055865
237.4680550261975,-1000.0137419981301,1209.0808402396201,35.899999999999999,0.023869941422002851
237.44954158759271,-999.72568465907113,1209.0641509371001,35.979999999999997,0.023600540846844979
237.43103448301218,-999.38364734859113,1209.0641509371001,35.979999999999997,0.023481631657342718
237.41252959395067,-999.26400932129434,1210.0566876002199,36.259999999999998,0.02357910697872307
237.39403858780253,-998.5143320001556,1210.0566876002199,36.259999999999998,0.023734280847003825
237.37555357109886,-998.19090199712184,1210.52112704767,35.950000000000003,0.023751366470427401
237.35706501433341,-998.38206533348159,1210.2107060206799,35.950000000000003,0.023557583075968128
237.33857349388907,-998.54210399500312,1210.2107060206799,36.039999999999999,0.023234664570450699
237.32007141845676,-999.11207334439393,1211.2411512423901,36.119999999999997,0.023004695152482876
237.30155725135799,-999.765023334484,1210.0233089951601,35.890000000000001,0.022922185141462586
237.28303341919758,-1000.2869366623617,1210.0233089951601,36.259999999999998,0.023135414551871854
237.26449754088895,-1000.937428666055,1210.52565700122,35.979999999999997,0.023330263800381314
237.24596086475327,-1000.9805113255588,1204.2862420423301,35.979999999999997,0.023470003576093058
237.2274319248024,-1000.5627573476477,1204.7428136757401,36.210000000000001,0.023443840657140138
237.20891094353101,-1000.1329886553741,1204.7428136757401,36.210000000000001,0.023187430988268056
237.19039956522215,-999.61442867799894,1205.17768921586,35.899999999999999,0.022839359517233038
237.17189448058045,-999.27457065183194,1205.16099991333,36.189999999999998,0.022721950788853525
237.15338183462953,-999.68288135017849,1208.9020262839799,36.030000000000001,0.022918210469755809
237.13486634298758,-999.83654866553093,1208.9020262839799,36.030000000000001,0.02338671021185872
237.11634309444457,-1000.2554213209589,1204.8808580494899,36.280000000000001,0.023781578574816841
237.09781706539516,-1000.4055686691188,1204.4421678116501,36.280000000000001,0.023784942724142069
237.07928594304943,-1000.6806066692598,1205.65691061698,36.079999999999998,0.023615871459940208
237.06074242583946,-1001.3499293377781,1205.42159145136,36.079999999999998,0.023347799559922961
237.04218960574076,-1001.8522853309028,1205.3746229856799,36.07,0.023323137108606565
237.02362646866663,-1002.4094020020337,1202.9439452819799,36.07,0.02346779633282144
237.00505222297534,-1003.0092673298486,1201.78260824473,36.299999999999997,0.023935790064042967
236.98648545476547,-1002.6054833337139,1201.78260824473,36.299999999999997,0.024528991853982347
236.96793855892585,-1001.5323753390296,1196.4861388786001,36.030000000000001,0.024757405943460282
236.94940184346916,-1000.9826346606075,1196.4861388786001,36.030000000000001,0.024759051280324549
236.93087695787648,-1000.3438220054483,1199.2415427257499,36.030000000000001,0.024473940332824705
236.91235335233318,-1000.2746993380769,1199.2415427257499,36.030000000000001,0.024271535996353337
236.89382659581466,-1000.4448519998267,1196.9477173027699,36.280000000000001,0.024424322574691064
236.87529629820986,-1000.6360706589072,1197.79195759201,36.280000000000001,0.024818109549464597
236.85674804470372,-1001.6056893317931,1197.06048930412,36.159999999999997,0.025266648985726853
236.83819384107412,-1001.9269959997785,1197.06048930412,36.159999999999997,0.02565852573523603
236.81964524297535,-1001.6242973317352,1197.78981182454,36.020000000000003,0.025658894124076119
236.80108913530856,-1002.0298140073455,1199.2360590977701,36.020000000000003,0.0254468309409339
236.78254282516062,-1001.5007479891776,1197.41692512237,36.25,0.025201584728723615
236.76399742977765,-1001.451350680225,1195.9415907790201,36.25,0.025177711821761789
236.74545330202474,-1001.3828986565733,1194.8775285336401,35.939999999999998,0.025514753324778327
236.72691597500003,-1001.0156593350993,1193.52426451734,36.079999999999998,0.025987905549293294
236.70839275337033,-1000.2539680030864,1198.3055112726099,36.030000000000001,0.02636439063920935
236.68989186588894,-999.04792399506368,1198.3055112726099,36.030000000000001,0.026401705630575638
236.67139820858043,-998.65749465970703,1195.2365869565699,36.280000000000001,0.026203132129016801
236.65290523423442,-998.62061468517038,1195.2365869565699,36.280000000000001,0.026059112415115063
236.6343935682593,-999.6299626560658,1193.69139596121,36.049999999999997,0.026108295550095258
236.61586730637046,-1000.4181419967674,1194.55971652981,36.049999999999997,0.026268466488901365
236.59732621783959,-1001.2187806671167,1194.55971652981,36.100000000000001,0.026655107119837994
236.57879085383959,-1000.9096560006955,1196.06866789683,36.100000000000001,0.026823625789889501
236.56025345644431,-1001.019459345399,1194.98791634892,36.299999999999997,0.026749761565237146
236.54172351583941,-1000.6167926637735,1193.3313838638501,36.299999999999997,0.026437854389993097
236.52320318441997,-1000.0978966500584,1194.6779721591399,36.119999999999997,0.025977366079395121
236.50468425618513,-1000.0221246818903,1195.59421486786,36.119999999999997,0.025838261674288321
236.48617003837029,-999.76776200152324,1196.7643733935799,36,0.025973983318990562
236.46766445392595,-999.30155999451051,1196.7643733935799,36,0.026359904763513287
236.44916508035803,-998.96617266633109,1198.6013887645499,35.880000000000003,0.026638781041370123
236.43067888087663,-998.25477199584077,1198.30431917957,36.229999999999997,0.026575661162783631
236.41219381243204,-998.19369600886603,1198.0625627115401,36.25,0.026269676157558253
236.39369885023444,-998.72795866947797,1198.0625627115401,36.25,0.02597970370505313
236.37520171702465,-998.84519332961099,1196.85854874355,35.979999999999997,0.02581084146486938
236.35669041632113,-999.61023799014254,1198.6981867192001,35.979999999999997,0.025982621848401378
236.33816013216057,-1000.6353446704828,1198.6981867192001,36.170000000000002,0.026316129498890437
236.31962809401233,-1000.7300600044208,1199.27992812156,36.170000000000002,0.026497583217155975
236.30110559260515,-1000.2150759874708,1200.08530617777,35.880000000000003,0.026439416944296117
236.28259043208652,-999.81866800602904,1201.4230729845799,36.25,0.025917179892743718
236.26407821455538,-999.65974668100034,1202.6645186739599,35.969999999999999,0.025463246014069761
236.24557152597532,-999.36118332313288,1202.6645186739599,35.969999999999999,0.025159770414174294
236.22705945848131,-999.65164467788293,1204.70442827993,36.159999999999997,0.025207511048017588
236.20855140499992,-999.43488799345289,1203.92217682864,36.159999999999997,0.025444524359525138
236.19004181896287,-999.5176460022451,1202.9735091893101,36.259999999999998,0.025727745766459829
236.1715345974568,-999.38996132752789,1202.9735091893101,36.259999999999998,0.025724120852565376
236.15302839523454,-999.33492000185447,1202.15787913297,35.950000000000003,0.025449830834817014
236.13451133171625,-999.92142998738768,1202.70051988369,35.950000000000003,0.024937878673220306
236.11597829291361,-1000.7840953425307,1203.3137325422399,36.100000000000001,0.024557991165748649
236.097437191963,-1001.2194513328205,1203.3137325422399,36.100000000000001,0.024508952886357977
236.07889675432099,-1001.1836326685683,1204.2590623210699,35.850000000000001,0.02475362373836372
236.0603653463582,-1000.6960299908931,1203.7488465009701,36.280000000000001,0.025177438641121309
236.04184608700001,-1000.0400053413922,1202.09660555084,35.950000000000003,0.025297163259299028
236.02333691592588,-999.49523800299539,1202.09660555084,35.950000000000003,0.025031122683376858
236.00483568488883,-999.06647600177325,1206.31828383425,36.119999999999997,0.024510965580646617
235.98632870966659,-999.37666200046272,1210.19258620651,36.119999999999997,0.024050280652738232
235.96781898082739,-999.52535731681394,1207.4069031961999,36.280000000000001,0.023935336832049306
235.94930746488876,-999.62186068592439,1207.4069031961999,36.280000000000001,0.024165838130766958
235.9308017376421,-999.30927132007128,1206.3707359279099,35.950000000000003,0.024461294007324216
235.91229878365428,-999.15951534196392,1207.10101212275,35.950000000000003,0.024651382125266592
235.89378919141976,-999.51798066458514,1205.26828828672,36.170000000000002,0.024486010269758263
235.87528133971603,-999.42399200057537,1204.53920418491,36.170000000000002,0.024115972013346906
235.85677168849398,-999.52116599142164,1204.8484331188699,36.240000000000002,0.023782182895472983
235.83824947993824,-1000.1992620102646,1204.8484331188699,36.240000000000002,0.023597408501230266
235.81972183970367,-1000.492572666504,1204.38756995053,35.93,0.023900863405841643
235.80120280695081,-1000.0277686546432,1204.81147823471,35.93,0.02418171304862193
235.78268856327159,-999.76915867763535,1206.02288317953,35.969999999999999,0.024512591257917177
235.76418696075325,-999.0865359895563,1205.2859312636799,36.140000000000001,0.024615413406210318
235.74568707392586,-998.99388867893799,1202.2427561572499,36.25,0.024516276183636915
235.72718000867897,-999.3815233320388,1202.2427561572499,36.25,0.02442767015032396
235.70866511409869,-999.80430733570358,1202.32548741406,35.950000000000003,0.024491648920756184
235.69014102117291,-1000.3010179930677,1203.29179803035,35.950000000000003,0.024737074136619502
235.67161439503698,-1000.4378113399697,1201.2602330756499,36.189999999999998,0.025099026452477954
235.65309065290123,-1000.2820753307858,1201.2602330756499,36.189999999999998,0.025383495838232337
235.63456694906179,-1000.2800073294499,1200.9431363276401,36.25,0.025484530877733953
235.61603663903705,-1000.636741335603,1199.4759082169401,36.25,0.025456301452356958
235.59750317906179,-1000.8068386636403,1195.9380144999,36,0.025353521727676159
235.57896760602475,-1000.9209440011614,1195.9380144999,36,0.025488805654570696
235.56044491007407,-1000.2255813357676,1194.7633260206401,35.920000000000002,0.025709867485300318
235.54192931495061,-999.84213666703533,1194.21520164194,36.189999999999998,0.025962552878935476
235.52342626369136,-999.16476799962436,1196.7197891139699,36.259999999999998,0.026231947258067496
235.50492750687667,-998.93286799269993,1197.1742149799099,36.259999999999998,0.026215582882871482
235.48642443079018,-999.16610867151167,1196.09394026922,35.969999999999999,0.026316777289230632
235.46790878288903,-999.84498666102013,1193.2157508391999,35.969999999999999,0.026470860460326689
235.44938159071614,-1000.4683773355695,1190.0209414983899,36.210000000000001,0.026895740173098311
235.43084325165441,-1001.0703093346883,1190.0209414983899,36.210000000000001,0.027532932455032501
235.41229805185185,-1001.4407893386956,1190.75813183285,35.890000000000001,0.028086377097516758
235.39376161475303,-1000.9676033355703,1191.28122225776,36.210000000000001,0.028295112356477567
235.37523045411118,-1000.6826746596034,1190.59219248202,36,0.02822850624819051
235.35671214262956,-999.98882000825927,1190.59219248202,36,0.027876052379711878
235.33819726150611,-999.80358066577548,1186.50188285135,36.280000000000001,0.02766785729333417
235.31967949639491,-999.9593160044476,1186.50188285135,36.280000000000001,0.027758678834475584
235.30115696291369,-1000.2168079854426,1187.3902305829799,36.119999999999997,0.02817420599562551
235.28263921020982,-999.95864600925574,1186.8118270411301,36.119999999999997,0.028644631519518279
235.26412017850609,-1000.0277120018909,1185.7651693541,36.07,0.02907534854327767
235.24559958734577,-1000.1119226580437,1185.1607781840301,36.07,0.02910529366366315
235.2270719212346,-1000.4939700021359,1185.4685766063401,36.280000000000001,0.028854898284868865
235.2085360822594,-1000.9353046604948,1185.4685766063401,36.280000000000001,0.028644946090116273
235.19000050404941,-1000.9212233407806,1187.3971447225999,36.009999999999998,0.028719131109890245
235.17145278966652,-1001.57657667605,1186.3903029430301,36.009999999999998,0.029280706212957832
235.15291323471584,-1001.1359673356038,1181.2874294862099,36.119999999999997,0.029879803253515278
235.1343842958027,-1000.562701310447,1182.6585748980699,36.119999999999997,0.030312297036693928
235.11587248080255,-999.63801000697413,1182.6585748980699,35.869999999999997,0.030213940056802988
235.09736012046932,-999.66745799556907,1183.9715461697001,36.310000000000002,0.029725447909989131
235.07884574019744,-999.77653468133633,1186.2586958716699,36.07,0.029336373421921382
235.06033064487661,-999.81514732435676,1184.2109184516601,36.07,0.02907810111275053
235.04181955734558,-999.5987266762661,1184.2109184516601,36.07,0.029232066323841677
235.02330601525927,-999.73127266057543,1184.2578869173401,36.07,0.029609349240174915
235.0047877037654,-999.98882066777912,1184.01732254235,36.280000000000001,0.029954018284087225
234.9862821389878,-999.30049799173037,1184.01732254235,36.280000000000001,0.030090055521643181
234.96777497645684,-999.38677667120294,1183.15782346223,36.049999999999997,0.029851762162571859
234.94926713717285,-999.42332133487173,1184.91091548335,36.049999999999997,0.02942345726659756
234.93075025577792,-999.91159532677841,1186.33379773304,36.100000000000001,0.029271744821522859
234.9122340097656,-999.87728466558372,1187.3525604429899,36.100000000000001,0.029275048933781921
234.8937180959137,-999.85934800185703,1187.3525604429899,35.850000000000001,0.029655206535789132
234.87521673449385,-999.0735166726223,1185.9535200540399,36.280000000000001,0.030003209695430477
234.85671988171595,-998.83005000711671,1188.2857308728401,35.969999999999999,0.030058366753397341
234.83823556660499,-998.15301599105385,1190.48752671331,35.969999999999999,0.02977987543440893
234.81974947783945,-998.24879333876379,1191.71275993738,36.140000000000001,0.029161343759910807
234.80124603129639,-999.18611332558214,1191.71275993738,36.140000000000001,0.028820344143002496
234.78273233191359,-999.73976667128113,1191.6407575179001,36.280000000000001,0.028606441085819254
234.76421449540754,-999.96317132647607,1189.90101693881,36.280000000000001,0.028575209691921493
234.74570742393817,-999.38185934639432,1189.88432763628,35.950000000000003,0.028716776941276782
234.72720840014824,-998.94728465625792,1191.56589407514,36.030000000000001,0.028524827211194464
234.70871329514813,-998.73567000603055,1191.3522710028001,36.07,0.028180934281248418
234.69021393399996,-998.96550200062723,1192.37866310819,36.07,0.027707941419519877
234.67171673662966,-998.84865799606689,1192.1347608726901,36.259999999999998,0.027247956019653023
234.6532138809506,-999.15420666908676,1195.2179903051799,36.259999999999998,0.027279444048793143
234.63471325941978,-999.0335626652186,1199.2906569588999,36.210000000000001,0.027466361519507331
234.61621962177779,-998.65643266791903,1198.5663412292399,36.210000000000001,0.027638667571682422
234.597728641494,-998.5129353240435,1198.5663412292399,36,0.027635816695488133
234.57924445676545,-998.14597534218865,1199.6490001259999,36,0.027228448964126024
234.56074713625932,-998.85530732983943,1197.2226139572399,36.170000000000002,0.026704632780100053
234.54224152593841,-999.3029573301427,1197.2226139572399,36.170000000000002,0.026191453351048628
234.52372754096297,-999.75518867387473,1196.7665191610499,35.869999999999997,0.025897872526586728
234.50521338109874,-999.76463266791927,1197.7569100567,36.240000000000002,0.025836393860626528
234.48669597300008,-999.94003732780982,1200.2223968771,35.969999999999999,0.025922667439405387
234.46819328599992,-999.14509800789403,1200.3981113908401,35.969999999999999,0.025835466669396897
234.44969373651855,-998.97567199408843,1200.3981113908401,36.25,0.025513201120865355
234.43119765672841,-998.78830866802821,1200.51803595043,36.25,0.025040279660910082
234.41269128686434,-999.34397265882262,1204.7342306058699,36.170000000000002,0.024739335195079887
234.39416402329621,-1000.4722326795819,1205.1714903320701,36.170000000000002,0.024709903333169352
234.37563216003718,-1000.7206159883922,1205.1714903320701,36.030000000000001,0.024938791362138366
234.35709991388882,-1000.7412920116541,1204.8205381417899,36.030000000000001,0.025218437530659173
234.33857330741981,-1000.4367493261976,1205.14264168056,36.299999999999997,0.025254649419557951
234.3200517673458,-1000.1631639954012,1202.0560743875601,36.299999999999997,0.024962840183594959
234.30152766200007,-1000.3016886697634,1202.0560743875601,36.210000000000001,0.02450134811945506
234.28298936743209,-1001.0679066710127,1202.0749094575499,36.210000000000001,0.024052536527454264
234.264449007395,-1001.179442002696,1200.7423878601101,36.020000000000003,0.023895301334254677
234.2458966736543,-1001.8260219986324,1202.2422793200301,36.020000000000003,0.024173912695010097
234.22735276011119,-1001.3713313274802,1203.8170342227299,36.280000000000001,0.024520546818322799
234.20882142976555,-1000.6918386655011,1201.9051554089999,36.280000000000001,0.024734485073915926
234.19029567390123,-1000.390816672709,1202.1354677838599,36.140000000000001,0.024608494718233516
234.17177389375328,-1000.1761279896144,1203.65276380214,36.140000000000001,0.024054907266096062
234.1532467936913,-1000.4634033470164,1202.8147223967001,36.030000000000001,0.023725910318153135
234.1347115072964,-1000.9054653238313,1202.03437829427,36.030000000000001,0.023770634493173869
234.11617523266665,-1000.9588300072295,1202.5841716032201,36.259999999999998,0.024108456232766199
234.09763905633321,-1000.9535220048641,1202.88362537427,36.259999999999998,0.024572914056363925
234.07909965762971,-1001.1275299886428,1204.6855932099299,35.939999999999998,0.024917380269637756
234.06056823002484,-1000.6970906636417,1202.8683665833901,36.140000000000001,0.025011554564660421
234.04203121550626,-1000.998784003641,1199.04913890948,36.030000000000001,0.025029843673131918
234.02348912113581,-1001.2730960043658,1199.04913890948,36.030000000000001,0.024919605093590765
234.0049485137902,-1001.1927966634738,1199.3016242148401,36.280000000000001,0.025020947469327915
233.98640873220978,-1001.1482053413926,1200.31847957593,36.280000000000001,0.025296478219523737
233.96787543366668,-1000.798121328532,1199.1137503521099,36.119999999999997,0.025755962772712238
233.94934855401235,-1000.4515013335994,1199.1137503521099,36.119999999999997,0.026009706787052906
233.9308311397036,-999.94037267165368,1195.5703730071,36.049999999999997,0.025905633545744482
233.91231448492579,-999.8993580024935,1194.7072976478701,36.049999999999997,0.025496202423782335
233.89379553082716,-1000.0235213250264,1196.70023878816,36.259999999999998,0.025028804732172109
233.87526177697538,-1000.8227079965429,1196.7016692998,36.259999999999998,0.024909974183894457
233.85672729048136,-1000.8622706778623,1197.7349755448099,36.119999999999997,0.025212899267941222
233.83819570661728,-1000.7055286591307,1197.08862269981,36.119999999999997,0.025676452652114618
233.81967800669148,-999.95579599328698,1194.9101918828701,36.039999999999999,0.026168450717941855
233.80116647730864,-999.6225866743489,1195.1297754203999,36.039999999999999,0.026256724560892772
233.78265017437059,-999.88035865448296,1195.1297754203999,36.280000000000001,0.026081299608961495
233.76412911444453,-1000.1372360069749,1193.0781833026599,36.280000000000001,0.02575154312481575
233.74560151353097,-1000.4904493314556,1193.46537512128,36.009999999999998,0.025577944598624308
233.72707672624705,-1000.3385133325713,1195.8228583124701,36.009999999999998,0.025705041152446265
233.70856366430868,-999.70534467214907,1197.45221107628,36.119999999999997,0.026094165320676359
233.69005705333333,-999.35699266825225,1195.9785456631801,36.119999999999997,0.026522184616071368
233.67155446981491,-999.13950999539782,1192.0005311966599,36.280000000000001,0.026720284174678678
233.65305503106163,-998.96969267749159,1193.8439838700299,36.280000000000001,0.026472674477933934
233.63454029998789,-999.79547798115414,1193.8439838700299,35.939999999999998,0.026195849191500992
233.61601793517298,-1000.2077000057537,1195.1104635131901,35.93,0.02591618026628955
233.59749149013589,-1000.4280320020813,1192.4258699924801,36.189999999999998,0.025858521053639671
233.57896123185171,-1000.6339473458428,1191.3691987239399,36.189999999999998,0.026112207107790934
233.56043300074091,-1000.5244799825191,1194.9802869534799,36.240000000000002,0.026420443838457042
233.54190732870381,-1000.3862900034729,1193.9252846151901,36.240000000000002,0.026544485645684738
233.52338172288881,-1000.3827140100719,1195.81212947513,35.890000000000001,0.026604758780660692
233.50486081920994,-1000.1287986600138,1195.81212947513,35.890000000000001,0.026340141069487042
233.48633840887675,-1000.2101579921502,1196.35524706307,36.259999999999998,0.026111563452680717
233.46780842997535,-1000.6188606761011,1197.8792188023599,36.259999999999998,0.026047463633899537
233.44929001501239,-999.99440799877152,1198.82788644169,36.189999999999998,0.026069700507094094
233.43077219816044,-999.96211000519975,1198.82788644169,36.189999999999998,0.02627616023907316
233.41226049388902,-999.6320306574014,1197.63555498547,35.880000000000003,0.026323286190267609
233.39374886101243,-999.62817533537293,1198.1836793641701,35.880000000000003,0.026105304977018472
233.3752225980987,-1000.418197341472,1197.19805684067,36.25,0.025643623540719061
233.35669052787642,-1000.7317920023927,1197.19805684067,36.25,0.025350945063130955
233.33816479166683,-1000.3897553184567,1198.6102102530299,35.909999999999997,0.025141786582567344
233.31963633911127,-1000.5364380001608,1198.6102102530299,36.159999999999997,0.02515746487802302
233.30112290671613,-999.72534933721124,1197.2640987949501,35.840000000000003,0.025239511293224937
233.28262007070381,-999.15314466630673,1200.4705906475299,35.840000000000003,0.025293610785514443
233.26412311340746,-998.83569400185365,1203.6487106858101,36.280000000000001,0.025282571511956297
233.24561822434578,-999.26400933228638,1203.6487106858101,36.280000000000001,0.025026414343503712
233.22710644246919,-999.63622133426566,1208.43949418539,36.020000000000003,0.024686373980258886
233.20859736866672,-999.4899853343428,1208.43949418539,36.020000000000003,0.024310433202634128
233.19009145928408,-999.31910666218437,1207.56640524464,35.850000000000001,0.024189574445474767
233.1715865640123,-999.26434467613012,1207.56640524464,35.850000000000001,0.024294934967284521
233.15308481248138,-999.09458266995273,1206.2541492288301,36.25,0.024282152037927354
233.13458233967901,-999.13353132732891,1204.8806196308899,36.25,0.024153665750457107
233.11608025701236,-999.11246399996662,1207.4598321270701,35.859999999999999,0.023864443517012474
233.09757912945699,-999.06088798927692,1209.5333587567,35.859999999999999,0.023471084942293649
233.07907234256797,-999.36649200700174,1209.1607104731499,35.939999999999998,0.023274576911468507
233.06056315907412,-999.49590866869903,1209.1607104731499,35.939999999999998,0.023265202635386114
233.0420661303705,-998.83954999439402,1209.5078479657,36.049999999999997,0.02323210653896882
233.02356606141979,-999.00372333954726,1210.53972369906,36.049999999999997,0.023208420939706629
233.00506881230874,-998.85145199681892,1213.21501889408,35.909999999999997,0.022969098970524217
232.98657260834565,-998.79501400602544,1213.21501889408,35.909999999999997,0.022704591983771692
232.96806894035802,-999.19807133223173,1213.50112122311,36.009999999999998,0.02257436721142278
232.94956203135808,-999.37308599606956,1214.42380123422,36.009999999999998,0.022561712611187675
232.93105166508647,-999.55977866741807,1214.9039763097701,35.859999999999999,0.022629628792899582
232.91253362058029,-999.97440333370935,1215.96923064819,35.859999999999999,0.022808739709090756
232.8940257626667,-999.4243273334273,1215.96923064819,35.920000000000002,0.0228543662427915
232.87552004783936,-999.3086006763516,1214.2919557442599,35.920000000000002,0.022873123070098009
232.85700297811121,-999.92176532023939,1210.2612507654701,36.090000000000003,0.022692681388251229
232.83848410161733,-1000.0193306701461,1210.2612507654701,36.090000000000003,0.02247607646218119
232.81996775211107,-999.88287333759979,1211.6159452934201,35.869999999999997,0.022275887638423617
232.80145694501235,-999.58358333178785,1211.51032585029,35.869999999999997,0.022229244937145249
232.78295000290126,-999.37487399826614,1212.8092304240699,35.960000000000001,0.022375292878248694
232.76444252787658,-999.40365133214948,1212.8092304240699,35.960000000000001,0.022512485992885207
232.74593140825908,-999.60045934474999,1211.2957491035199,36.210000000000001,0.022676960670404547
232.72741581209871,-999.84219266026787,1211.35726110426,36.210000000000001,0.022644830040775252
232.70888203340746,-1000.8240493279504,1212.8254428893899,35.890000000000001,0.022584530011843133
232.69035213213581,-1000.6146686692052,1212.8254428893899,35.890000000000001,0.022585144673525764
232.67182297901246,-1000.5742686615241,1212.1192469739001,36.020000000000003,0.022637565726959213
232.65328858875316,-1000.8570740024423,1210.9996331929699,36.020000000000003,0.022747191706224277
232.63475548579021,-1000.7875599979945,1210.9996331929699,36.329999999999998,0.022877323339311677
232.61621645030851,-1001.1079160121291,1211.1095441710399,36.329999999999998,0.023017326990938457
232.59767990351853,-1000.9735266589344,1210.8713639821201,35.939999999999998,0.023070100910883816
232.57914242851854,-1001.0236500002793,1209.07273400697,35.939999999999998,0.023123300120759409
232.56059566927158,-1001.5249993353286,1207.6817998506799,36.100000000000001,0.023058546287928635
232.54204972854328,-1001.4807993283398,1207.6817998506799,36.100000000000001,0.023099927026210446
232.52351420828387,-1000.9180940071767,1207.1548947280501,36.310000000000002,0.023175143735483107
232.5049737178642,-1001.186482662553,1207.1548947280501,36.310000000000002,0.023269496025134187
232.48643593034564,-1001.0405260022494,1207.0480831918801,35.939999999999998,0.023399785993663408
232.4679030022717,-1000.778115992958,1207.0480831918801,35.939999999999998,0.023452629227716831
232.44935510576548,-1001.5864113366592,1205.4783350799501,36.100000000000001,0.023544916053962216
232.430811568889,-1001.3509913295661,1203.2181266806299,36.100000000000001,0.023693695870475765
232.41226478376547,-1001.5263966709605,1204.6388631628599,36.259999999999998,0.023888052543988153
232.3937252298395,-1001.135912001891,1204.6388631628599,36.259999999999998,0.024154219359942296
232.37519517954303,-1000.6227160091214,1202.92630230502,36,0.024481877276247888
232.35666039917288,-1000.8781399887811,1203.1160835166099,36,0.024755927216365336
232.33812245643205,-1001.0489080045058,1200.5139828341,36.210000000000001,0.0250288647572285
232.31958703965435,-1000.9125059946804,1200.5139828341,36.210000000000001,0.025094171165075414
232.30105056427166,-1000.9696706663942,1201.0828496316501,36.240000000000002,0.025111082947827653
232.2825202801111,-1000.6353446704828,1201.7797472214399,36.240000000000002,0.025082827658281768
232.26399654522211,-1000.2816840047011,1202.6659491856001,36,0.025130668657403259
232.24548005292596,-999.89058399264877,1202.6659491856001,36,0.025285512413420069
232.22696346955561,-999.89550199896121,1201.3696672164999,36.189999999999998,0.025383115013779666
232.2084369469014,-1000.4322233274734,1200.8120060935,36.189999999999998,0.02543349232806456
232.18990092061748,-1000.9454193312349,1200.16708376015,36.280000000000001,0.025545760171922685
232.17136523790126,-1000.9268666759978,1200.16708376015,36.280000000000001,0.025604459347991645
232.15283382270368,-1000.6964206684497,1194.4078438768199,35.939999999999998,0.02568110305581791
232.13430971113587,-1000.3020246621352,1194.4078438768199,35.939999999999998,0.025755639923512073
232.11579641534561,-999.7179726739904,1195.8183283589301,36.170000000000002,0.025683238893652264
232.09728335340745,-999.70534466115703,1197.4674698671699,36.170000000000002,0.025818139931837809
232.07877536511106,-999.43136800427635,1198.94709574546,35.869999999999997,0.025748645678176481
232.06025698222237,-999.99267598980748,1199.47018617036,36.259999999999998,0.02573162317710978
232.04173207076531,-1000.3452186815604,1197.4302765643899,36.009999999999998,0.025697995184268886
232.02321820996298,-999.74848332488534,1197.4302765643899,36.009999999999998,0.025535634616459208
232.00470311464196,-999.81514733534846,1197.3220345165801,35.899999999999999,0.025523706437407576
231.98619869951852,-999.23841666572002,1195.6504816592301,36.259999999999998,0.025462457490953133
231.96770054081483,-998.90056999912815,1194.0530769888301,36.039999999999999,0.025421355124587708
231.94919865888892,-999.10162400032164,1194.0530769888301,36.039999999999999,0.025326727580472715
231.93069145703694,-999.38890000625156,1196.0424418499999,36.140000000000001,0.025065339482484381
231.91217876556794,-999.68533932558296,1198.28977564451,36.140000000000001,0.024936762121433829
231.89366321493824,-999.83973400335969,1196.4150901335599,36.229999999999997,0.024922187951108489
231.87516283450628,-999.02054332630064,1196.4150901335599,36.229999999999997,0.024830585143196898
231.85667145169131,-998.53467200906152,1198.3961103434699,36.009999999999998,0.024657062158079807
231.83817978223456,-998.55015066440774,1200.5638123230699,35.869999999999997,0.024400677334784893
231.81967759608639,-999.11805200147091,1201.05161679406,36.299999999999997,0.024220020403175047
231.80116800281493,-999.51803665781767,1198.85387406991,36.299999999999997,0.024257407824473429
231.78264455972848,-1000.2659266692557,1197.6579663345799,36.020000000000003,0.024238907630984387
231.7641210121358,-1000.2715700044727,1199.10254467756,36.020000000000003,0.024327381213583521
231.74560320149391,-999.961774661356,1201.4345170777499,35.859999999999999,0.024228481995428267
231.72708241579031,-1000.1224279953485,1200.53496367156,35.859999999999999,0.024135659139157752
231.70856741774071,-999.80989467768813,1200.53496367156,36.280000000000001,0.023997905148715377
231.69004444239528,-1000.2406686540371,1197.80316326656,36.280000000000001,0.023805683274090075
231.67152171954311,-1000.2270340161044,1201.9344808977201,35.939999999999998,0.023604994646265413
231.65299574948142,-1000.4023833312901,1201.9344808977201,35.939999999999998,0.023606958697914088
231.63447049964205,-1000.3634913266668,1204.7459131176399,35.869999999999997,0.023619937187314404
231.61595404044442,-999.88879667195613,1204.7459131176399,35.869999999999997,0.023718421454937473
231.59744604593817,-999.43170333712828,1203.43627970651,36.240000000000002,0.023604425501220938
231.57894006516048,-999.32296199520488,1205.4795271729899,36.240000000000002,0.023375008668854138
231.56043034254316,-999.52502133543419,1203.832054595,36,0.023137096106144832
231.54190879625929,-1000.1634993282531,1201.4929296365899,35.939999999999998,0.022980325540179335
231.52337521832101,-1000.8132086687856,1203.5390381263501,35.909999999999997,0.022988221088556117
231.50484676576545,-1000.5364380001608,1203.2805923558001,35.909999999999997,0.02294681862398161
231.48632473312358,-1000.1897626605233,1203.2805923558001,36.210000000000001,0.022807382045814985
231.46782049908657,-999.2286379983434,1204.9499994456801,36.210000000000001,0.022679651162981578
231.44931794248143,-999.13805667752501,1202.9177192351499,35.890000000000001,0.022571532878183944
231.43081626233334,-999.09072799645219,1202.9177192351499,35.890000000000001,0.022590697436112622
231.41231484814824,-999.07636599609532,1202.1867277844799,36.210000000000001,0.022699701491038383
231.39380567190116,-999.49551734261445,1206.25534132187,35.890000000000001,0.022758548658062226
231.37529175832097,-999.75133332986229,1211.2294687306201,36.079999999999998,0.022922715998531806
231.35678424499997,-999.40571933348508,1210.7223523524201,36.079999999999998,0.023106718439482671
231.33828072601233,-999.19002533333912,1210.7223523524201,35.82,0.023034598887185505
231.31976997686419,-999.58045399818388,1207.7349672001601,35.82,0.022940959575302036
231.30125498606179,-999.80950332961982,1209.6952449912101,35.939999999999998,0.02275022470759518
231.2827309769506,-1000.2964920053357,1209.6952449912101,35.939999999999998,0.022697002728815623
231.26420642974082,-1000.3255493273659,1206.0655601102801,36.079999999999998,0.02277415451849692
231.24568514318526,-1000.1494740017716,1205.72652885038,36.079999999999998,0.022846956014286674
231.22717615423466,-999.4854033313942,1205.9074885734899,35.859999999999999,0.023055651954670735
231.20867388943202,-999.12229934207971,1204.43239264874,35.859999999999999,0.023214456937350015
231.19017222275301,-999.09000066700412,1203.98511934103,35.950000000000003,0.023275517546317553
231.17166887348139,-999.18086066792159,1203.98511934103,35.950000000000003,0.023322167497835705
231.1531546225556,-999.76954999272789,1206.4212806727,36.020000000000003,0.023421628613848982
231.1346358567902,-1000.0133513315654,1205.4976469871599,36.020000000000003,0.023540859629277908
231.11610867807397,-1000.4676506766332,1203.48730128852,35.890000000000001,0.023866484145425883
231.09758272662967,-1000.4013779922544,1203.48730128852,35.890000000000001,0.024206136459829795
231.07905901037049,-1000.2806779951537,1204.3892388807801,35.950000000000003,0.024635503068924754
231.06054340903717,-999.84247199988715,1203.8306240833499,35.950000000000003,0.024781576872161537
231.04202086830875,-1000.2171993335112,1201.42426507762,36.020000000000003,0.024836354160703879
231.02348903814826,-1000.7188286676994,1201.1858464700999,36.020000000000003,0.025000500801207592
231.00495397940759,-1000.8931719953218,1198.0139253156101,35.859999999999999,0.025164271811791424
230.98641348277783,-1001.1868180063968,1198.0139253156101,35.859999999999999,0.025500783491597127
230.96787904079019,-1000.8598673326827,1195.43352072639,35.960000000000001,0.025777093439217916
230.9493595475557,-1000.0526346622736,1195.06730974523,35.960000000000001,0.025922030003729904
230.93085131918517,-999.44433200948151,1194.9779027674099,36,0.026109764974296758
230.91233826966652,-999.7046740064452,1194.9779027674099,36,0.026043152642910967
230.89381507287652,-1000.2526266606868,1195.4647535639699,36.140000000000001,0.026019712282836491
230.87527638922236,-1001.0889173236384,1195.94993543028,35.880000000000003,0.026049812637088641
230.85673806879024,-1001.0693033361326,1196.2613101317099,35.950000000000003,0.026227825629264217
230.83819434356792,-1001.3611620045309,1196.2613101317099,35.950000000000003,0.026748531191525506
230.8196527562593,-1001.2457146650908,1193.7321655431001,35.969999999999999,0.027173053890138354
230.80111767061717,-1000.8946246756586,1191.1968220706999,35.969999999999999,0.027424442692440067
230.78258506746928,-1000.7605699848041,1195.23014965417,35.880000000000003,0.027352405920057929
230.76405473156797,-1000.638138671235,1194.0618984773,35.880000000000003,0.027113565141420607
230.74553189177766,-1000.233348676545,1190.4703605735699,35.969999999999999,0.026969152201650939
230.72700651983959,-1000.3700846562145,1190.4703605735699,35.969999999999999,0.027045284699991918
230.70848226443212,-1000.3097920029126,1191.0175312778399,35.950000000000003,0.027261032827173872
230.68996505087654,-999.92953200149702,1190.07792354559,35.950000000000003,0.027431685272838967
230.67144985207423,-999.82073532586094,1190.07792354559,35.899999999999999,0.027555982685114638
230.65293460049381,-999.8235853418297,1188.84100780976,35.899999999999999,0.027502468895481056
230.63441237848141,-1000.1999886692009,1186.79680666885,36.030000000000001,0.027421392087996668
230.61588406251852,-1000.52906199646,1188.38777403686,36.030000000000001,0.027288155010985828
230.59734871197537,-1000.9089293307675,1188.38777403686,35.859999999999999,0.027218111274112847
230.57881589358038,-1000.7721933291137,1191.4221276548101,35.859999999999999,0.027390622219147183
230.5602913070494,-1000.3276726734064,1192.94609939409,35.920000000000002,0.027691861610026992
230.54178396860476,-999.39627600995243,1191.1424626281801,35.920000000000002,0.027939140174694739
230.52328586164202,-998.89777598738397,1188.8932214848101,36,0.027965628027459694
230.50478600069144,-998.99249133231399,1189.5965563770001,36,0.027807121057970511
230.48628574961737,-999.01355800015642,1192.2263136179799,35.899999999999999,0.027584044471952816
230.46777885303717,-999.37241533036581,1195.23992481708,35.899999999999999,0.027478673602195681
230.44927330066665,-999.29982800753055,1195.10497988522,36.259999999999998,0.0274515027828682
230.43076865271604,-999.25098933384857,1194.8026650908801,35.920000000000002,0.027564997883392603
230.41227179269134,-998.83044133320118,1193.5225955870901,36,0.027381697048174253
230.3937751147902,-998.8206066616001,1193.5225955870901,36,0.027178935709146777
230.37527678740739,-998.90967867131303,1193.33329121271,35.890000000000001,0.027003975382006926
230.35676497862974,-999.63767399261837,1193.5154430288601,35.890000000000001,0.026919023229757352
230.33825270313579,-999.66287667412416,1194.21782424662,35.93,0.026963619103746679
230.31974164872832,-999.59693800355785,1194.21782424662,35.93,0.026882187361015834
230.30123482354338,-999.36855998635338,1197.07694018804,36,0.026894427016011198
230.28273898383941,-998.77534401429534,1197.8930470815999,36,0.027015961500078189
230.26424786696299,-998.52031132774425,1196.8056198126801,35.909999999999997,0.026844519506394524
230.24576407133341,-998.1249639970672,1196.8056198126801,35.909999999999997,0.026605825655948823
230.22727165577777,-998.59044000466326,1201.9959928984599,35.899999999999999,0.026310372891755154
230.20877752453097,-998.68308732627372,1200.91667186221,35.899999999999999,0.026183770968433707
230.19027350574069,-999.2170146760177,1198.46739750712,36.079999999999998,0.026297475108853552
230.17177040275308,-999.16756132986472,1198.45523815814,36.079999999999998,0.026233908196334806
230.15326336958023,-999.37979133406668,1198.45523815814,35.850000000000001,0.026115765789204035
230.13476237861732,-999.05351199656809,1201.0430337241901,35.850000000000001,0.025722773542122317
230.11626319959274,-998.95566732902614,1201.99241661935,35.969999999999999,0.025221938276716642
230.09775628956788,-999.37314134077428,1201.3253213554999,35.969999999999999,0.024925138181520808
230.07924331869151,-999.70042732535637,1201.3253213554999,36.189999999999998,0.024693994267861539
230.06073066550621,-999.68327200575106,1201.44953745002,36.189999999999998,0.024870060803115157
230.04222432772841,-999.34224000133077,1204.2612080885399,35.880000000000003,0.025193284571044694
230.02372712414825,-998.8489933289186,1206.2095649492201,35.880000000000003,0.025338311161233272
230.00524006059268,-998.30143200076157,1204.6212201859,36.079999999999998,0.025306314026761069
229.98674947665424,-998.49153267482131,1206.66256030352,36.079999999999998,0.024907189525118414
229.96824452964213,-999.2671386548983,1210.4076397904901,36.25,0.024286477517182162
229.94972059813583,-1000.2923013394634,1210.33897523153,36.25,0.024077023073639448
229.93118238841976,-1001.0633246680637,1210.33897523153,35.969999999999999,0.024135399409668242
229.91263792332106,-1001.4011153304309,1209.3647968011901,35.969999999999999,0.024480741058353923
229.89409170940743,-1001.4955513357415,1205.0043588881899,36.210000000000001,0.024777456292076189
229.8755536166295,-1001.0570100076231,1205.0043588881899,36.210000000000001,0.024711998800045022
229.85701923361719,-1000.856682665366,1205.5751330346,36.280000000000001,0.02431895481220863
229.83848955999997,-1000.6023753297036,1206.20670392593,36.280000000000001,0.023678210039594749
229.81996253650621,-1000.4592686633848,1206.85830198029,35.960000000000001,0.023211254213235534
229.80143494282703,-1000.4900586758829,1206.85830198029,35.960000000000001,0.02312238949243367
229.78290768546916,-1000.4718973247461,1206.9632061676,35.960000000000001,0.023507352710230404
229.76438936777785,-999.98915533011905,1208.5622797682599,36.140000000000001,0.024081608281569546
229.74586956927158,-1000.0691193381591,1207.3072442182599,36.210000000000001,0.024364313317869257
229.72735196662964,-999.95054266511477,1206.0915477384999,36.210000000000001,0.024239389839917642
229.7088309263581,-1000.1361746637148,1208.63285167609,36.07,0.023756643971425906
229.69029304779016,-1001.0454426675383,1208.63285167609,36.07,0.023323425809336114
229.67174291093826,-1001.7073900028674,1206.6148765820101,36.299999999999997,0.023290548051025924
229.65318486714824,-1002.1343646614125,1206.6148765820101,36.299999999999997,0.023603284121159505
229.63463293698766,-1001.8042286718537,1206.6270359309999,36.030000000000001,0.024055835481820522
229.61609841738266,-1000.8640586690669,1206.6270359309999,36.030000000000001,0.024275309926715283
229.59757659170361,-1000.1785866685068,1204.91852818948,36.100000000000001,0.024105156255737111
229.57905608435809,-1000.1073966593194,1204.91852818948,36.100000000000001,0.023665630991222437
229.56054137295067,-999.79441600035796,1202.9255870492,36.310000000000002,0.02314395064869482
229.54202330877777,-999.97546533648938,1202.9255870492,36.310000000000002,0.0229784173718433
229.52350357444442,-1000.0656540011915,1205.69171973368,35.899999999999999,0.023144968885006983
229.50498235929629,-1000.1456179982395,1205.0622946098199,35.899999999999999,0.023715751653166309
229.48645340071602,-1000.5637633352111,1204.2492871581701,36.259999999999998,0.024321183773427169
229.46792012183963,-1000.7970593257519,1204.2492871581701,36.259999999999998,0.024520222929768257
229.44937961279012,-1001.1874886721006,1203.0405048180201,36.009999999999998,0.024300021019246755
229.43083296323456,-1001.5190760009726,1203.9700989687601,36.009999999999998,0.023860234964921973
229.41228155253091,-1001.7761779969068,1206.61153872151,36.119999999999997,0.023610701588708566
229.39373680080246,-1001.4165933372492,1205.3572184273301,35.890000000000001,0.0237882727070838
229.37519827340748,-1001.0804793281492,1200.7712365116199,36.210000000000001,0.024310318331991029
229.35667605760494,-1000.1996533363493,1199.8669147332801,36.210000000000001,0.024789984644544214
229.33816005890137,-999.86392999381405,1199.7186183593999,35.869999999999997,0.02502178358799502
229.31965377285189,-999.3394466710904,1199.7186183593999,35.869999999999997,0.024895769437488925
229.30114878651855,-999.26926200093874,1195.2313417472101,35.950000000000003,0.024511047330774374
229.28263923256793,-999.5159133337612,1195.2313417472101,35.950000000000003,0.024093425731518271
229.26412348118529,-999.85057466252442,1198.6125944390999,36.030000000000001,0.023923484194072024
229.24559773774072,-1000.3901460070052,1198.6125944390999,36.030000000000001,0.024089758388719035
229.2270709356913,-1000.447310667727,1197.0728870717201,35.890000000000001,0.024493460858229777
229.20854496562981,-1000.4023833202982,1195.81522891703,35.890000000000001,0.024906054339657945
229.19001900797545,-1000.4017133360983,1195.81522891703,36.240000000000002,0.024859223313920226
229.17148531311119,-1000.8195226697063,1195.6793303107399,36.009999999999998,0.024613515578086553
229.15295328841981,-1000.7293333344925,1196.13900138605,35.840000000000003,0.024277373319554436
229.13442192598771,-1000.6935713339848,1194.9917310466401,35.840000000000003,0.024237288161749457
229.11589388322236,-1000.5143093295383,1194.74139150874,35.93,0.024584060947068494
229.09736956883975,-1000.3129766592372,1194.74139150874,35.93,0.024882345979634013
229.07885381124706,-999.85091000636805,1197.89662336071,36.140000000000001,0.025005106702386225
229.06034138571599,-999.67097867724158,1197.89662336071,36.140000000000001,0.024839215393394877
229.04182947448155,-999.64320666040999,1197.3642346101101,35.880000000000003,0.024449767337831572
229.02330805133329,-1000.1568500054726,1195.8793635224499,35.880000000000003,0.024153063486118623
229.00478327646908,-1000.3378426668675,1193.62678451857,36.090000000000003,0.023907907310373368
228.9862540643704,-1000.5774533288409,1195.3765386791899,36.090000000000003,0.024024676529050409
228.96771403546907,-1001.1615606726822,1196.16880371199,36.229999999999997,0.024337083520371321
228.9491824516048,-1000.7055286701227,1196.72265013726,36.229999999999997,0.024382296114803602
228.93064975738275,-1000.7654879911163,1196.72265013726,35.950000000000003,0.02425720915674847
228.91212436474063,-1000.3712026742114,1198.39205722714,35.950000000000003,0.023785940268630588
228.89361323892589,-999.60079399609799,1198.39205722714,35.93,0.02339780227346458
228.87510216483949,-999.59800066585774,1198.0802056885,36.259999999999998,0.023342960829928313
228.85659605471611,-999.32994666182913,1198.1817720153099,36.049999999999997,0.02354064749330332
228.83808859313586,-999.40292533273293,1198.1817720153099,36.049999999999997,0.023900534333542747
228.81958871251857,-998.99355333509425,1199.96848106009,36.119999999999997,0.024226269580829182
228.80108953350617,-998.95566666950629,1200.45795446133,36.119999999999997,0.024100021553196252
228.78258776229632,-999.09564533225296,1198.2003686666901,36.280000000000001,0.023700433473037442
228.7640753885062,-999.66818466549739,1198.2003686666901,36.280000000000001,0.023131907613248976
228.74555916318511,-999.87616734008293,1199.15356625957,35.869999999999997,0.022694722024399747
228.72704007870368,-1000.0305619958755,1200.08506775916,35.869999999999997,0.022799268155667098
228.70853277337042,-999.39448799676381,1199.97158050198,36.280000000000001,0.023160004578955708
228.69003050856799,-999.12229933108779,1199.97158050198,36.280000000000001,0.023457613881356709
228.67153880082734,-998.55221799523156,1201.3229371694299,35.899999999999999,0.023406540152208093
228.65305367339519,-998.19688133570253,1203.6494259416399,35.979999999999997,0.022950075154124859
228.63456744803699,-998.25616934246477,1208.1827173450799,35.890000000000001,0.022427820502349743
228.61607495488886,-998.59463000002393,1207.5890550123499,35.890000000000001,0.022114256600700558
228.5975870334814,-998.34775600231865,1208.1240663676299,36.159999999999997,0.022155285507957281
228.57908980403707,-998.85038999403878,1208.93588172625,36.159999999999997,0.022471999332442129
228.56058047153081,-999.50395533810354,1208.0537328784101,35.880000000000003,0.022867703808571352
228.54208070785185,-998.98723866366163,1208.0537328784101,35.880000000000003,0.022885538637552584
228.52357981312346,-999.04831533214008,1206.8141945379,36.280000000000001,0.022530923086001367
228.50508004944453,-998.98723866366163,1205.9024817827301,35.950000000000003,0.021866051894946
228.48657601202461,-999.21802067457327,1205.9492118298101,36.049999999999997,0.02138851521463421
228.46807112917278,-999.26367399943456,1206.58340532582,36.049999999999997,0.021308790896655459
228.44956769504924,-999.18544267087054,1208.85887251602,35.850000000000001,0.021556439910348512
228.43106730117285,-999.02126932571696,1208.85887251602,35.850000000000001,0.02188109585670845
228.41256630296294,-999.0539033336446,1209.03816330888,35.950000000000003,0.022069395836275582
228.3940751923088,-998.51997532438065,1207.8465471084801,35.950000000000003,0.021873472460609764
228.3755912093703,-998.13507867879946,1208.8200102829901,35.899999999999999,0.021463555999234329
228.35709480465428,-998.80585466519017,1210.26983383534,35.899999999999999,0.021028342755088386
228.33858628343231,-999.46014598668739,1210.77742705076,36.189999999999998,0.021087037817300699
228.3200709087161,-999.83023467560236,1210.7066167243299,35.909999999999997,0.021546200533366981
228.30155098603711,-1000.0758246651644,1210.7066167243299,36.009999999999998,0.022092556792407292
228.28302873195068,-1000.201720667173,1209.94129299418,36.009999999999998,0.022491962748610816
228.26450078644453,-1000.5090573313977,1208.69126423493,35.869999999999997,0.022276799304678848
228.2459765124197,-1000.3107973419483,1208.69126423493,35.869999999999997,0.021743642999758429
228.22745034056794,-1000.4132799946796,1207.3582658002699,35.93,0.021281283771480849
228.20891739903715,-1000.7788426628863,1206.62298281467,35.93,0.021085617032278719
228.19039002577782,-1000.4781560029461,1206.74409946729,36.189999999999998,0.021270871581579698
228.171865679321,-1000.3147086682012,1206.74409946729,36.189999999999998,0.021689217538373617
228.15334406785198,-1000.1670193284218,1209.2536937300799,35.869999999999997,0.022146989487543893
228.13482028639498,-1000.2841986768262,1208.3546171611099,35.869999999999997,0.022327059674293659
228.11628646217284,-1000.8265079958508,1204.3868546947101,35.979999999999997,0.022057509046570802
228.09775279317296,-1000.8181259935942,1204.3868546947101,35.979999999999997,0.021550846806522073
228.07921306333333,-1001.1454113406404,1205.9835441092901,36.280000000000001,0.021251578716105838
228.06065783214819,-1001.9824839962409,1205.9835441092901,36.280000000000001,0.021484723941230209
228.04210228328398,-1001.9996386673184,1201.31959930892,35.950000000000003,0.022195703865352467
228.02355467341974,-1001.5709326703211,1201.31959930892,35.950000000000003,0.022647874429855025
228.00499927355571,-1001.9915926574337,1200.18520357432,36.020000000000003,0.022896694853745257
227.9864567052594,-1001.2986880004203,1202.28352573914,36.140000000000001,0.022698249670112934
227.96792375751852,-1000.77917800673,1198.6500261604799,36.25,0.022216347150986759
227.94938984844447,-1000.8310899987995,1198.6500261604799,36.25,0.02196582448507101
227.93085933662968,-1000.6476379989924,1200.2443313889901,36.020000000000003,0.021955985579718975
227.91232399228417,-1000.9085946574353,1200.07839203815,36.020000000000003,0.022420868695078932
227.89379374641973,-1000.6332766801391,1200.07839203815,36.259999999999998,0.022966819289585397
227.87526915366686,-1000.3280086547861,1200.4095554840001,36.259999999999998,0.023171086282436415
227.85673786265443,-1000.6897146709329,1200.94671260675,35.960000000000001,0.023013499254954852
227.83820056874066,-1001.0138713438948,1198.92754541964,36.020000000000003,0.022704000068805477
227.81966629541972,-1000.8507593310097,1197.16539349143,36.119999999999997,0.022570433919699297
227.80113171061734,-1000.8675793287551,1196.3793273424301,36.119999999999997,0.022712357132052757
227.78259884772837,-1000.7745960037813,1196.9615455820001,36.310000000000002,0.023102087691098422
227.76407195461721,-1000.4522280035277,1197.5025174024699,36.310000000000002,0.023559106312101508
227.74554326923464,-1000.5490106572976,1195.3760618419701,36,0.023839634114706243
227.7270224048888,-1000.1266746764373,1195.57752556533,36,0.023754768900603442
227.70849527791353,-1000.4648566648891,1195.57752556533,36.159999999999997,0.023347428065843723
227.68997383511118,-1000.1579113267489,1197.0061298616099,36.159999999999997,0.022886458578338875
227.67145211395055,-1000.1729426737699,1197.08433116488,36.25,0.022844108228879091
227.65292729975312,-1000.3399666614358,1197.08433116488,36.25,0.023313464806306521
227.63439980956807,-1000.4844699928749,1196.1041922693501,35.979999999999997,0.024035613361267819
227.61587221486417,-1000.4901140095957,1194.37398843455,35.93,0.024295353015117187
227.59734046851847,-1000.7143026689753,1196.0047717100099,36.189999999999998,0.024211898240938768
227.57881903296288,-1000.1575200006644,1197.6257798225599,36.189999999999998,0.023659055846508556
227.56029890333352,-1000.0869999866688,1196.2348456662701,36.240000000000002,0.02310515898594058
227.54177916277786,-1000.0659900045551,1196.2348456662701,36.240000000000002,0.022960748111648565
227.52326602323458,-999.7095353380214,1197.6768014045699,35.899999999999999,0.023085668474997479
227.50475448762964,-999.62292266672046,1197.6398465204099,35.899999999999999,0.023619698159826317
227.48624741513575,-999.38191466911519,1197.6398465204099,36.280000000000001,0.024056393243837904
227.46773864762955,-999.47344533573653,1198.52032643799,36.280000000000001,0.024178785589759798
227.44922540358024,-999.71517866224644,1196.4744563668301,36.140000000000001,0.024015724449058209
227.43071030825942,-999.81514732435676,1196.4744563668301,36.140000000000001,0.023628454649852713
227.41219600559268,-999.77234400447185,1197.6489064274899,35.859999999999999,0.023362851806597799
227.39367234830863,-1000.2774933388289,1197.6489064274899,35.859999999999999,0.023458475870910035
227.37515195169135,-1000.1014173317309,1197.7888581501099,36.280000000000001,0.023734402947938268
227.35663749277765,-999.78078134044119,1199.3340491454701,36.280000000000001,0.024125259371638078
227.33811922060502,-999.98669732173846,1198.86031137232,35.93,0.024154729524373645
227.31960746459285,-999.63482465815355,1199.2670535167499,35.93,0.023809131236578046
227.30109734564198,-999.54642334712037,1201.8751146644499,35.909999999999997,0.023339771567549687
227.28258513534561,-999.6593560034438,1202.6409152318099,35.909999999999997,0.022826151303848748
227.26407072817284,-999.77798732869701,1202.6409152318099,36.119999999999997,0.022838596876605295
227.24554756449399,-1000.2508386584902,1202.5038245324899,36.119999999999997,0.023073872755412558
227.22702288690144,-1000.332589998215,1202.38819150784,35.869999999999997,0.023377466317959162
227.20850411492597,-1000.0136866754093,1202.1976950404301,35.869999999999997,0.023480945573531271
227.18997983986421,-1000.3108533351808,1202.1976950404301,35.950000000000003,0.023255238515311156
227.17146361350618,-999.87622333331547,1202.2820952274899,35.950000000000003,0.022957528833179523
227.15295464524681,-999.48428600589307,1201.70607587172,36.009999999999998,0.022744761992668908
227.1344410369384,-999.73484865397654,1201.70607587172,36.009999999999998,0.022682396490967541
227.11592396720985,-999.92176534222347,1203.3347133797099,36.090000000000003,0.02284863032951542
227.09739943241982,-1000.3248786616624,1205.0808912612099,35.859999999999999,0.022976564039526862
227.07887754154316,-1000.1821073391872,1205.07040084248,35.93,0.023022812486371357
227.06036397255576,-999.73272531892815,1204.36253599674,35.93,0.022907853133583584
227.04184908523447,-999.80391535009937,1203.82180259488,36.020000000000003,0.022570080015054336
227.02333611435807,-999.70042732535637,1205.45425480059,36.020000000000003,0.022359723231151603
227.00482497612359,-999.60146466180174,1207.74140450256,35.850000000000001,0.02234258068567167
226.98630689850626,-999.97619133590604,1208.1684122286299,35.850000000000001,0.022656505713097165
226.9677948630989,-999.64991199840722,1208.1684122286299,35.93,0.02304938104054613
226.94927974811114,-999.81620933812871,1207.3847302657,35.93,0.023183066188197383
226.93076712182733,-999.68181932541427,1207.70087333928,36.07,0.022961803612051822
226.91225956193836,-999.4082340056101,1204.5563703246601,36.07,0.022583594550967773
226.89374494780259,-999.78916333170559,1204.5563703246601,35.850000000000001,0.022278489126765555
226.87523235980248,-999.67975200558237,1203.3349517983099,35.850000000000001,0.022240668126960555
226.85672304696294,-999.50289333532328,1202.6912215580001,35.93,0.022404425676622753
226.83820745803692,-999.84180200469518,1204.95667516669,35.93,0.022548140132590603
226.81969589035813,-999.62465465370042,1204.95667516669,36.100000000000001,0.022685737871388806
226.80118821354321,-999.41454800653082,1206.41412811448,36.100000000000001,0.022430272976259744
226.7826853702839,-999.15353600338312,1204.8572546073499,35.850000000000001,0.022160251525684058
226.76418471046915,-999.03562999604253,1205.64093657028,35.850000000000001,0.02196993782020901
226.74568241358025,-999.12403199957157,1205.2134520069901,35.960000000000001,0.022065072429215758
226.72717234016048,-999.543964668228,1205.2134520069901,35.960000000000001,0.022390439278909213
226.70865278795068,-1000.0558193295902,1207.59215445425,36,0.022752945198756858
226.6901345023212,-999.98742399166679,1207.59215445425,36,0.023005722718150698
226.67162038800009,-999.76217334049909,1206.1163432736801,35.859999999999999,0.023084511569147426
226.65311316028414,-999.3902966603797,1201.70607587172,35.859999999999999,0.022947369145326312
226.63460938156783,-999.20405068180446,1200.23932459823,36,0.022733603701635026
226.61610347943216,-999.31871532510797,1200.23932459823,36,0.022654563397308293
226.59759586159277,-999.41136332822202,1198.3467576917101,35.950000000000003,0.022853003406559817
226.57907360646922,-1000.2017766713976,1198.08711982812,35.950000000000003,0.023446702920229077
226.56055502903703,-1000.0031813381044,1195.2065462120199,35.909999999999997,0.023866153012331109
226.54203135209886,-1000.2785546601052,1196.0977549669501,35.909999999999997,0.023882587750556673
226.52351035839533,-1000.1336599915898,1196.0977549669501,35.979999999999997,0.023727108624138477
226.50499088482735,-1000.0515726704853,1198.55060560114,35.979999999999997,0.023427868472121676
226.48646901361741,-1000.1810453364071,1193.49160116811,35.909999999999997,0.023615248502149633
226.46794174383942,-1000.4725680124338,1193.1730739084601,35.909999999999997,0.024061076759914316
226.44941429193847,-1000.4824026510589,1193.1730739084601,35.899999999999999,0.024617309160917762
226.43088009001218,-1000.8469040199734,1193.3688155852301,35.899999999999999,0.025147937447189829
226.41233876244445,-1001.2316886571055,1194.5871346696799,36.009999999999998,0.025375812414838148
226.3937977525556,-1001.2145339970199,1189.8392665194599,36.009999999999998,0.025298268423783746
226.3752505969629,-1001.5464020065345,1187.75644156414,35.909999999999997,0.025129975346557351
226.35671093853094,-1001.1415553261163,1187.75644156414,35.909999999999997,0.02497229000848681
226.33817597706192,-1000.8879193266694,1189.42823284009,35.890000000000001,0.025073015647496564
226.31964449770368,-1000.6998853458975,1190.24791601275,35.890000000000001,0.025336807595889153
226.30111514280244,-1000.5851646653934,1189.76845619302,36.009999999999998,0.025696459537153139
226.28258568959268,-1000.5904733272787,1185.8505232155901,36.009999999999998,0.025912208686794367
226.26405791379017,-1000.4998933364922,1183.05029667023,35.850000000000001,0.025992337619164144
226.24552736265434,-1000.6497613340409,1186.40866117581,35.850000000000001,0.025877680425177775
226.22699900219746,-1000.5314646711275,1186.40866117581,35.950000000000003,0.025794360171872609
226.20846715859273,-1000.7195546561238,1186.1368639632301,35.950000000000003,0.025938990426882996
226.1899354846914,-1000.7103906722105,1185.18605055643,35.960000000000001,0.026299368798083343
226.17139993753091,-1000.9195466655293,1183.8950137966899,35.960000000000001,0.026779793618680513
226.15287544206191,-1000.3227553266138,1181.57448548966,35.979999999999997,0.02691950648740854
226.13435478570378,-1000.1154433397161,1185.6016141893399,35.979999999999997,0.026850777995694988
226.11584471228397,-999.543964668228,1185.97783875201,35.829999999999998,0.026521937295528673
226.09733277414824,-999.64465932975463,1185.97783875201,35.829999999999998,0.026284480051053345
226.07882170730883,-999.59760932878123,1185.6709940041301,36.299999999999997,0.026363574180543067
226.06031862397555,-999.16649999759636,1186.7171748539399,35.920000000000002,0.026588744173861888
226.04181708043234,-999.08335133323158,1182.9592207621599,36.119999999999997,0.027001973037090551
226.02330829948147,-999.474171346145,1183.0936888568001,36.119999999999997,0.027327639977868644
226.00479476360505,-999.7309373277235,1183.0936888568001,35.850000000000001,0.027423452384553116
225.98628809986425,-999.35984200271741,1182.3975065228401,35.850000000000001,0.027315753195288301
225.96777668843222,-999.61621732872322,1184.0507011474001,35.909999999999997,0.02713040759724079
225.94927196183957,-999.25523600394558,1187.2803196049099,35.909999999999997,0.0269842261699367
225.93076815724706,-999.20544799545257,1188.2766709657501,36.25,0.027090340032330532
225.91226545680249,-999.14582400731058,1188.6450277143699,36.25,0.02723876800703055
225.89375750782733,-999.42924465823592,1185.6249792128799,35.920000000000002,0.027423289912049321
225.87524983824696,-999.4141573399661,1184.4741325943601,35.920000000000002,0.027445007322600863
225.85674262916041,-999.38929067281617,1184.4741325943601,35.859999999999999,0.027275743589142559
225.83824374298766,-998.93985332983618,1186.7004855514199,35.859999999999999,0.027008889661828808
225.81974119258035,-999.13772199320124,1188.09618807986,36.259999999999998,0.026616451029117607
225.80122941691369,-999.63588600141372,1188.09618807986,36.259999999999998,0.026620230115743913
225.78271842769138,-999.59341800338916,1190.09151340622,36.189999999999998,0.026775605767980767
225.76420989301235,-999.46087266760765,1190.09151340622,36.189999999999998,0.02690044749702596
225.74570699904959,-999.15627398891866,1188.4976850149301,35.869999999999997,0.027080417299770423
225.72720993103698,-998.84167268091448,1188.9633165554201,35.869999999999997,0.026990782672427261
225.70872365393825,-998.25896333222499,1187.961243148,36.210000000000001,0.026810561411060349
225.6902347587903,-998.40033798957995,1186.0605700088199,36.210000000000001,0.026583756419053976
225.67174448734579,-998.47465800288296,1195.5837244491199,36.189999999999998,0.026265372423526799
225.65324795846905,-998.81255934366766,1195.5837244491199,36.189999999999998,0.026281229730370611
225.63474854558035,-998.96829599038745,1197.0690723739899,35.909999999999997,0.026391166159049025
225.61624527391345,-999.17667001304142,1197.2562309809,35.909999999999997,0.026447461506087056
225.59773664920996,-999.46573398819157,1194.15965010639,36.259999999999998,0.026422273369436023
225.57923248140747,-999.22506133443017,1194.15965010639,36.259999999999998,0.026257847341884646
225.56072642923471,-999.32681732822516,1196.7872615798999,36.140000000000001,0.025943174124643441
225.54222233179016,-999.22126200563457,1196.7872615798999,36.140000000000001,0.025577763519112295
225.52370756140743,-999.79760066767494,1199.4618415191001,35.899999999999999,0.025317573712046196
225.5051939220495,-999.73652532922779,1199.81255529077,35.899999999999999,0.025207378589975769
225.4866752794199,-1000.0067019977928,1199.81255529077,36.25,0.025125069339638085
225.46816122303699,-999.75904467740702,1197.67250986964,36.25,0.025023756972459798
225.44964907793823,-999.65583533276322,1200.0142574327299,36.189999999999998,0.024887257161137634
225.43114816355555,-999.04937666440856,1200.0142574327299,36.189999999999998,0.024700131683979276
225.41264701013583,-999.06228466538914,1198.32220057514,35.859999999999999,0.024627239133539883
225.39413175235796,-999.82392000416974,1198.32220057514,35.859999999999999,0.024596530321366061
225.37560586611107,-1000.397857332566,1201.0358811659701,36.280000000000001,0.024357766118272138
225.35706971565443,-1000.9521246582402,1201.0358811659701,36.280000000000001,0.024322971905085082
225.33853491664206,-1000.8791466688403,1204.96501981795,35.920000000000002,0.024228404387247819
225.32000057296295,-1000.8545586707977,1203.71522947731,36.100000000000001,0.024180739286336655
225.3014688597406,-1000.712514007259,1200.1236915735799,35.859999999999999,0.024286598588736445
225.28293867906174,-1000.6297566579866,1200.1236915735799,35.859999999999999,0.024385980017656957
225.26441809411128,-1000.1115873251917,1199.6163367767699,36.259999999999998,0.024352719388143543
225.24588860260499,-1000.5925413396063,1199.6163367767699,36.259999999999998,0.024283605944278894
225.22736130696302,-1000.4739646665619,1200.96340190928,36,0.024028313866344117
225.20883779869138,-1000.2694466694243,1200.32277111087,36,0.023767977128236618
225.19031355675318,-1000.3090646624722,1198.3746526687901,35.859999999999999,0.023566712106349034
225.17179363407399,-1000.0758246761562,1199.31950561041,35.859999999999999,0.023409910495320065
225.15326622149385,-1000.4802793270027,1200.1475334343399,36.310000000000002,0.023383980405590268
225.13473982922224,-1000.4251826676165,1200.1475334343399,36.310000000000002,0.023650899537226548
225.11621198721002,-1000.5034686593815,1198.52962476368,35.950000000000003,0.023912981979308506
225.09767923503694,-1000.7686173467044,1198.52962476368,36.009999999999998,0.024025160822595537
225.07913342366672,-1001.4738139912035,1202.5774958822101,35.859999999999999,0.024082421632757572
225.06059025724701,-1001.3309866645038,1202.5774958822101,35.859999999999999,0.024051793542349122
225.04205452898771,-1000.9293260034179,1203.46155207891,36.259999999999998,0.024080028141699805
225.02352082791356,-1000.8198580025582,1199.9439239435101,36.259999999999998,0.024103637165825705
225.00499105081485,-1000.6079633312079,1197.86372159287,36,0.02416095695456531
224.98646718553087,-1000.2887253350701,1197.86372159287,36,0.0241907396285021
224.96794626840753,-1000.1295246594303,1193.8957207078599,35.880000000000003,0.024222100361767869
224.94942623604939,-1000.0817473400007,1193.70284005437,35.880000000000003,0.024064067330141325
224.93091016697545,-999.86772999312154,1193.8926212659601,36.259999999999998,0.023809367163915875
224.9123960712717,-999.76116800146337,1193.1668750246599,36.259999999999998,0.023510113567668991
224.89388237293844,-999.73970999654455,1195.6967348690901,35.909999999999997,0.023267040441099708
224.87535981979011,-1000.2178700102068,1196.27084687601,35.909999999999997,0.023348400779207509
224.85683011408645,-1000.6041079981876,1193.9631931737899,35.890000000000001,0.023665236722946792
224.83829264425938,-1001.0233706606601,1192.73939046137,35.890000000000001,0.024097292780175517
224.81976659658017,-1000.4065746786663,1194.0442555003499,36.140000000000001,0.024432598929200525
224.80124616064208,-1000.1035406557871,1194.0442555003499,36.140000000000001,0.024591134857309307
224.78272498481479,-1000.1434946741829,1194.8079103002401,35.859999999999999,0.024609007984647123
224.7642081748271,-999.90773933423827,1192.6173201343199,35.859999999999999,0.024473820292279028
224.74569287771604,-999.82604399873799,1192.14286710535,36,0.024370563533452884
224.72717380048141,-1000.0301706697911,1192.14286710535,36,0.024400335838068967
224.70865360564179,-1000.0905213388533,1193.9486496387301,35.93,0.024533317327537604
224.69013502097545,-1000.003571982685,1193.8442222886299,35.93,0.02463158012392732
224.67160024162956,-1000.8780846770521,1193.54429168037,36.210000000000001,0.024696835829966832
224.65306643603702,-1000.8255019972951,1192.1342840354801,35.920000000000002,0.024445371492493876
224.63452559585201,-1001.2053699911223,1192.38939194553,36.039999999999999,0.024310828497440158
224.61598490365429,-1001.1973786774146,1192.38939194553,36.039999999999999,0.024202624335223456
224.59744746693818,-1001.0215826694555,1193.9865581973299,35.850000000000001,0.024135169671231825
224.57891297319756,-1000.8626619929548,1193.8873760566,35.850000000000001,0.024239367081802122
224.56038255969153,-1000.6423293261151,1195.2451700264401,35.93,0.024355242237907096
224.54185592011117,-1000.4385373393861,1195.2451700264401,35.93,0.02445150165837183
224.52333063818514,-1000.3652240061425,1193.49112433089,36.039999999999999,0.024646483364312442
224.50481176790132,-1000.0189953263023,1193.81203577662,36.039999999999999,0.024591056217916695
224.48629470438263,-999.92143000937153,1197.83844922047,35.880000000000003,0.024478501746745339
224.4677662652839,-1000.5357113302325,1197.83844922047,35.880000000000003,0.024344130525460413
224.44924644091347,-1000.0705160032791,1199.7391223596501,36.259999999999998,0.024137945015918871
224.43071937292595,-1000.4616713270605,1198.3117101564101,35.899999999999999,0.024095157983527543
224.41219458460509,-1000.3385693258039,1195.0475210008001,35.969999999999999,0.024061406854468934
224.39366503411108,-1000.5957266774348,1195.43566649385,35.969999999999999,0.024104753718222852
224.37514192217296,-1000.2480446577381,1195.56322044888,35.920000000000002,0.024047197986471647
224.35662001267912,-1000.1831126672311,1197.1167560955,35.920000000000002,0.024034037360292054
224.3380998240618,-1000.0901853354895,1198.20418336441,35.869999999999997,0.024044133927620389
224.31958560521005,-999.76781799475577,1198.39253406436,35.869999999999997,0.024026635419345837
224.30108524444438,-999.01948134550446,1198.39253406436,35.969999999999999,0.023903664625078914
224.2825944390618,-998.50349065948706,1203.0090335618299,35.969999999999999,0.023788572797557774
224.26411326871602,-997.98319867314751,1208.4690580927199,35.979999999999997,0.0237071803833779
224.24562686225937,-998.2659486583691,1208.4690580927199,35.979999999999997,0.023691709059897342
224.22713148303703,-998.75047800666505,1206.6551693266799,35.880000000000003,0.023734579902194526
224.20863126508632,-999.01176933843988,1206.6551693266799,35.880000000000003,0.023513565663147828
224.19012084086407,-999.56290800102204,1206.5104492319199,35.939999999999998,0.023359335545336597
224.17159896344447,-1000.181380658267,1208.23922255507,35.939999999999998,0.023200297724884859
224.15307728056774,-1000.170875342946,1207.3971280333001,35.939999999999998,0.023062020121709943
224.1345533045679,-1000.2947039921471,1205.85217545654,35.939999999999998,0.023034581291644565
224.11603212874081,-1000.1434946631911,1208.2616339041699,35.899999999999999,0.023045916518614706
224.09753613898772,-998.78344666594046,1207.3759087772301,35.899999999999999,0.022976242211564642
224.07905424738271,-998.02214667100372,1207.3759087772301,36,0.022817703166817607
224.06057157656784,-998.06422400246402,1207.9009065509899,36,0.022586266411499262
224.04209341956809,-997.82047798634721,1207.80887696849,35.850000000000001,0.022237830701306568
224.02360782544446,-998.22208267618464,1207.80887696849,35.850000000000001,0.022034546774855602
224.00511843669133,-998.42699266991838,1210.61649449068,36.259999999999998,0.021849558177939311
223.9866224603951,-998.78271999601213,1212.46018558266,35.939999999999998,0.021783306984339602
223.96811231556805,-999.54782066076825,1213.5724083867599,36.119999999999997,0.021783611221442657
223.94959102281481,-1000.1498086751037,1214.06045127636,36.119999999999997,0.021720799714578531
223.9310616027162,-1000.588685325082,1214.06045127636,35.880000000000003,0.021555055343142358
223.9125244640249,-1001.0054893306464,1211.92779683206,35.880000000000003,0.021528625444460145
223.89399575276556,-1000.5504080039213,1212.1032729271999,36,0.02146485054402078
223.87548007277778,-999.84671934049595,1212.9339233558101,36,0.021429031881600599
223.85697377949373,-999.33983733765513,1211.4504827798,36.25,0.021325237015669008
223.83847662144467,-998.84653465002646,1212.1910109747701,36.25,0.021230663274733007
223.81998445838292,-998.57680533375446,1212.42609172178,35.920000000000002,0.021011820066434546
223.80149794120982,-998.2719273484222,1211.4306940353699,35.920000000000002,0.020822367329681998
223.78300528455571,-998.60345932159714,1213.9152543443699,36.159999999999997,0.020667468723600261
223.76449278141993,-999.67516933212175,1215.95277976427,36.020000000000003,0.02053878683944688
223.74596561616053,-1000.4669240067049,1215.0134104506301,36.259999999999998,0.020528199768909346
223.72742563900016,-1001.158766660938,1215.0134104506301,36.259999999999998,0.020559342169360454
223.70887287685184,-1001.8491560082906,1213.9197842979199,35.939999999999998,0.02067233642768472
223.69032191527162,-1001.7519253317161,1213.9197842979199,35.939999999999998,0.02083088787771457
223.67176674306182,-1001.9792993289242,1214.18323685923,36.07,0.020844619727443843
223.65321180472856,-1001.966669997051,1213.12203563714,36.07,0.020814364150724126
223.63466603267895,-1001.4716906781391,1211.43331664006,36.280000000000001,0.020808972830446679
223.61612078112341,-1001.4435839989675,1212.4313369311501,36.280000000000001,0.020894423755958288
223.5975886125926,-1000.737100664278,1212.7179160973899,35.909999999999997,0.020976766116837096
223.5790736859507,-999.80603866316392,1208.93969642397,35.909999999999997,0.021154267918661603
223.56055855233336,-999.8172153366844,1207.0359238429,36.020000000000003,0.021195938396009563
223.54204611335805,-999.67170466566608,1207.7793130611601,36.100000000000001,0.021156375811379191
223.52352643800023,-1000.0624693228826,1207.43122189417,36.259999999999998,0.021012235009231623
223.50498785782719,-1001.0833293441179,1208.5968504663499,36.259999999999998,0.020918012072383214
223.48644143074068,-1001.5070626716019,1208.5968504663499,35.939999999999998,0.020924591358637293
223.4678881294567,-1001.8782693345456,1205.33790652012,35.939999999999998,0.02122051497275667
223.44933058549395,-1002.1073739887022,1206.36239127664,35.899999999999999,0.021701562735470643
223.43077889539492,-1001.7912653481524,1206.36239127664,36.25,0.022054883764422956
223.4122324745309,-1001.5067266572464,1206.49995881319,35.939999999999998,0.022404444298490523
223.39369932500017,-1000.7900746591274,1207.15203370476,36.119999999999997,0.022485169269250271
223.37517625859275,-1000.2455860008298,1203.04455793435,36.07,0.022461514716679995
223.35666076693818,-999.83654934703475,1203.04455793435,36.07,0.022433973441202768
223.33814712759263,-999.73652465871601,1202.5712969984199,35.840000000000003,0.022463085536761185
223.31963856083956,-999.46260466557976,1202.17361476107,36.280000000000001,0.022480503339961912
223.30111876854318,-1000.0687840053072,1202.83761058302,36,0.022559689566305434
223.28259986618531,-1000.0207273242743,1202.83761058302,36,0.022553747724072613
223.26406971861721,-1000.627968677774,1200.19021036508,36.119999999999997,0.022491912052095862
223.24553321737034,-1000.9710673315142,1197.6224419620601,36.119999999999997,0.022468281289056823
223.22699318225932,-1001.161895994542,1199.7295856153501,36.240000000000002,0.022465283470014918
223.20844434408642,-1001.6372613369404,1202.21319224992,36.240000000000002,0.022577957972979065
223.18990049572849,-1001.3678113273116,1202.52981216071,36,0.022935004290874691
223.17137069896305,-1000.609025333988,1202.52981216071,35.890000000000001,0.023202478066261651
223.15284954901233,-1000.1420973385508,1198.04563499041,36.229999999999997,0.023375390516987421
223.13433876675307,-999.58224200038057,1198.04563499041,36.229999999999997,0.0234679463864042
223.11583913966678,-998.97986265996065,1199.7183799407901,36.119999999999997,0.023313228862684252
223.09734150043224,-998.87251866466136,1201.03731167761,36.119999999999997,0.023327095227180114
223.07885025420993,-998.52729600536088,1203.3668998917201,35.880000000000003,0.023361390659573579
223.060349989679,-999.01428467008475,1203.3668998917201,35.880000000000003,0.023497408260334043
223.04183969585176,-999.55586667065313,1198.7914083947401,36.280000000000001,0.023656866197556546
223.02332532798761,-999.77586466416039,1199.92723464098,36.280000000000001,0.023672457581938328
223.00479169832116,-1000.816001988034,1198.15030075911,36.030000000000001,0.023688367668280527
222.9862542284815,-1001.0233713421638,1195.89390705751,36.030000000000001,0.023600661927966369
222.96772376323452,-1000.6451233378594,1195.89390705751,35.850000000000001,0.023575437564746626
222.94919653175322,-1000.470499989114,1201.0938168876,35.850000000000001,0.023680000246093871
222.93067479713574,-1000.1736693436982,1202.0799162483099,36.310000000000002,0.023793231483527234
222.91216999292595,-999.25942732933765,1202.0799162483099,36.310000000000002,0.02398642711331337
222.89366905991366,-999.05038266296413,1201.5205861950601,35.969999999999999,0.024096794015666365
222.8751819311729,-998.30495200093026,1201.01895344483,36.079999999999998,0.023910635046482387
222.85669331645684,-998.38519466708556,1202.8843406301,35.829999999999998,0.023730907382571824
222.83819260386403,-999.03848001201129,1202.88839374642,35.829999999999998,0.023458252345394576
222.81967902866657,-999.73306066277189,1202.88839374642,36.299999999999997,0.023278423272983878
222.80114645138289,-1000.7591733196838,1201.3789655421899,36.299999999999997,0.023398557676472979
222.78260076418519,-1001.4671086751904,1201.90634750203,36.140000000000001,0.023291744294179836
222.76405529739515,-1001.4552066617733,1201.90634750203,36.140000000000001,0.023199714104398143
222.74551286569152,-1001.2913119967196,1204.3661122758499,35.859999999999999,0.022962910847713749
222.72697418100006,-1001.0889733388549,1204.3661122758499,35.859999999999999,0.022814310059279891
222.70845188138296,-1000.2041793240815,1202.36673383316,36.259999999999998,0.022651168206583593
222.68993931925922,-999.67835468094245,1204.1238789706099,36.259999999999998,0.02249966272004935
222.67144863182727,-998.49712132485342,1205.7856566650501,36.170000000000002,0.022487047442258549
222.65295969735789,-998.4024613466122,1205.7856566650501,36.170000000000002,0.022512744701543887
222.63447249825921,-998.30875132972619,1208.2244406013999,35.880000000000003,0.022474345230188531
222.61598596762963,-998.27265399636656,1208.2244406013999,35.880000000000003,0.022373335029750311
222.59749414296283,-998.55853200714432,1210.8179582140399,36.280000000000001,0.022025994126527851
222.57898837741965,-999.31133933239892,1211.28931180111,36.280000000000001,0.02176518137958406
222.56047046846922,-999.96708332324101,1208.29000571847,36.189999999999998,0.021720359930071837
222.54193813125929,-1000.7462093364626,1206.76555714197,36.189999999999998,0.021743862370095474
222.52339876567916,-1001.1257413269261,1206.76555714197,36.009999999999998,0.021935577190210352
222.50486284908641,-1000.939496007871,1206.11991955279,35.899999999999999,0.021903231323031319
222.48632858300005,-1000.8503686644452,1206.7345627229899,36.189999999999998,0.021654658229454449
222.46781416961741,-999.77832266154883,1206.6382416055501,36.189999999999998,0.021324290171970111
222.44930827265432,-999.31843600747277,1207.7344903629401,36.280000000000001,0.020930168945224439
222.43081729238276,-998.51293466452364,1207.2481164035901,36.280000000000001,0.020771498476497521
222.41233672635801,-997.95056533573199,1207.56664366324,36.009999999999998,0.020872562511258724
222.39385371717285,-998.08249599904229,1207.56664366324,36.009999999999998,0.021064498776551852
222.37536661533318,-998.30349934257742,1209.4747077792499,36.090000000000003,0.021309813286110483
222.35687168522225,-998.72622599000204,1210.8551515168101,36.090000000000003,0.021377799827187943
222.33836412533324,-999.4082340056101,1209.6022617342801,36.310000000000002,0.021231015106165207
222.31983562103713,-1000.5392319899208,1209.6022617342801,36.310000000000002,0.02093586036228608
222.30129086929625,-1001.4165940077609,1209.10587419341,36.140000000000001,0.020648738783125471
222.28273519107435,-1002.0066239824706,1210.07599950743,36.140000000000001,0.020672196735076892
222.26418460512346,-1001.7316413490184,1204.8081403742001,36.030000000000001,0.020859373936094813
222.2456487340618,-1000.9370373289786,1205.34529749695,36.030000000000001,0.021206850397712911
222.22713613986426,-999.68008666792241,1205.34529749695,35.850000000000001,0.021440441615176047
222.2086433859383,-998.60871200124177,1205.55439061575,36.229999999999997,0.021437352721128948
222.19016139706164,-998.0273993396562,1203.91526268903,36.189999999999998,0.021270193777795311
222.17169074445681,-997.41524066134798,1205.4988390802,36.189999999999998,0.020969574232749595
222.15321440043203,-997.72257733656465,1205.4988390802,36.009999999999998,0.020797608627351166
222.13472178929641,-998.60100132420871,1208.4776411625901,36.009999999999998,0.020847769663103498
222.11620915681476,-999.68215400973838,1208.13026525143,36.280000000000001,0.02124601974466913
222.09768000265427,-1000.5743246657486,1203.2789234255499,36.280000000000001,0.021687865055178203
222.07912867681495,-1001.7715953234461,1203.8840298514399,36.140000000000001,0.02213821953435675
222.06058371708636,-1001.4278253444824,1203.8840298514399,36.140000000000001,0.022292026423033628
222.04203593130862,-1001.5804319980783,1205.0572878190601,36,0.022267023510895247
222.02348896406193,-1001.5362313205777,1203.65967794176,36,0.022366343887414757
222.00495664030885,-1000.7454826665343,1202.66046555763,35.880000000000003,0.022433837870593804
221.9864354510249,-1000.144221333119,1201.0382653520401,36.25,0.022673425784425796
221.96792287648165,-999.67902533565405,1202.9668334682999,36.25,0.022896268507769095
221.9494179739753,-999.26473534269485,1202.4823668578099,36.25,0.023010269634237985
221.93091637869134,-999.08614533398372,1200.5552292532,36.009999999999998,0.023241662937988714
221.91240598033346,-999.56151132490982,1200.5552292532,36.009999999999998,0.023268539875895628
221.89388662266674,-1000.0453140032773,1199.4947432869401,36.259999999999998,0.02320220072270765
221.87535073918517,-1000.9377080056742,1198.38824252942,36.259999999999998,0.023186082644373725
221.85681273746923,-1001.0520926608307,1199.40032951836,35.909999999999997,0.023309043090082603
221.83826004051852,-1001.8456353376102,1199.4415759374599,36.210000000000001,0.023646774800945011
221.81970328299997,-1002.0649060016694,1195.3522199812201,35.969999999999999,0.024052018089306078
221.80113979512359,-1002.4283453238355,1197.10006679297,35.969999999999999,0.024380507975817693
221.78258501303708,-1001.9582326720738,1197.10006679297,35.890000000000001,0.024634494132452701
221.76404355507395,-1001.2387300094581,1198.03872085079,36.25,0.024811705165423786
221.74551461512345,-1000.5627573256636,1195.2392095612499,36.280000000000001,0.025031383466062523
221.72699987785168,-999.79581267647029,1193.9558021969599,36.280000000000001,0.025092103617668515
221.70849972404946,-999.00830532051202,1193.9558021969599,35.969999999999999,0.025037908920029172
221.68999826535796,-999.07876934127489,1191.78905389178,35.969999999999999,0.024977391581555888
221.67148524895066,-999.7028859932567,1192.3078527817499,36.210000000000001,0.024953493848761773
221.65296972418514,-999.8383373382394,1192.3078527817499,36.210000000000001,0.024947024264265993
221.63444273380253,-1000.4574806611882,1191.10717667427,35.869999999999997,0.02505972774681595
221.61591566581478,-1000.4616713380525,1192.89984618424,36.280000000000001,0.025090114734487995
221.597377378494,-1001.0675153229441,1191.8295850550601,35.969999999999999,0.025305980815568199
221.57883628375305,-1001.2191160109608,1191.8295850550601,35.969999999999999,0.025607383706296408
221.56030229706187,-1000.8352813241916,1188.95044195061,36.140000000000001,0.025872174237514117
221.54178561643229,-999.90075399710167,1188.95044195061,36.140000000000001,0.025944812217171032
221.52327667922225,-999.48260934163386,1189.74294540202,36.299999999999997,0.025763027367235607
221.50477594800003,-999.03948599957471,1194.11721159425,36.299999999999997,0.025549148099380047
221.48628816422215,-998.34032400538513,1195.5977911469699,35.950000000000003,0.025436482917222229
221.46779659203705,-998.54489799575538,1194.1975586649801,35.950000000000003,0.025433721022261265
221.44930461111107,-998.56697000263341,1191.57304663337,36.100000000000001,0.025485934068436321
221.43080177509893,-999.15314465531469,1193.9071648010199,36.100000000000001,0.02555679737043607
221.41229792497535,-999.20790667434471,1193.9071648010199,35.880000000000003,0.025472687564023443
221.39378723481497,-999.57726866035523,1195.1040262107899,36.280000000000001,0.025320818854480575
221.37526646153088,-1000.1217573406369,1193.23267856034,35.950000000000003,0.02516587367836097
221.35674492766677,-1000.1628286625496,1193.23267856034,35.950000000000003,0.025134651612597536
221.3382308661113,-999.75932399504222,1196.7751022309201,36.07,0.025199641368084363
221.31972598946911,-999.26333867757467,1196.7751022309201,36.07,0.02528578871029169
221.30121993728395,-999.32681799873717,1197.3172661444301,36.310000000000002,0.025447375245490091
221.28272705297542,-998.61575266109878,1198.3930109015701,36.310000000000002,0.0254646171339925
221.26424239430878,-998.1715679977633,1198.3930109015701,35.960000000000001,0.025277748290651613
221.24577442391345,-997.27040134852928,1198.4957693214101,35.960000000000001,0.025010321075938969
221.22730073725913,-997.57907933316926,1199.0009783507601,36.170000000000002,0.024672921540171935
221.20881803437044,-998.06595598944398,1200.64892776596,36.170000000000002,0.024514187958858812
221.19031932308644,-998.93040933579164,1200.64892776596,35.890000000000001,0.024571203522912245
221.17181020375307,-999.49244400224313,1200.5828858116699,36.259999999999998,0.024646087026284479
221.15328084883964,-1000.5851653249133,1198.1951234573301,36,0.024701140619840661
221.13475159120986,-1000.5799120077332,1198.6128328577099,36,0.024481757239569763
221.11622508822217,-1000.4311613356853,1199.6761798472601,35.880000000000003,0.024050071627295232
221.09770175586419,-1000.259947330675,1200.29511455239,36.240000000000002,0.023730215105177189
221.07918317119743,-1000.0035720046691,1202.0861151321101,36.140000000000001,0.023573332771975739
221.06066915413575,-999.75692133136658,1202.2775652739499,36.140000000000001,0.023642301353737089
221.04216586383944,-999.17767600060495,1204.5060639984699,36.07,0.023811854839899758
221.02366938669124,-998.80976600243525,1204.5060639984699,36.07,0.023713247438094529
221.00518045946924,-998.40206998755184,1206.5598018836699,35.859999999999999,0.023447498680150825
220.98668342456801,-998.83988466772598,1207.6515206875199,36.299999999999997,0.023061027741220895
220.9681762289259,-999.38856467339963,1207.08623016909,35.960000000000001,0.022619506343489471
220.94964870561728,-1000.4862586655833,1204.29005674005,35.979999999999997,0.022558482992099251
220.93110888471608,-1001.1503286654489,1207.0707329596,36.140000000000001,0.022590307313244726
220.91255830601236,-1001.73125000095,1208.9430342844801,36.140000000000001,0.022663483397157309
220.89400355601248,-1001.9564999925979,1208.9430342844801,35.899999999999999,0.022683330906992521
220.8754561210248,-1001.5614893357962,1207.52229780225,36.240000000000002,0.022449267824675954
220.85691588413593,-1001.1727919984116,1205.8581359217301,35.890000000000001,0.022127875643432385
220.83838934285191,-1000.4332293370211,1205.8581359217301,35.890000000000001,0.021730175037343303
220.81988164637045,-999.41560999831904,1207.84297082936,36.25,0.021498199148796235
220.80138571560491,-998.78026133910396,1210.9853280765201,36.25,0.021533574904371914
220.78288498438269,-999.03948599957471,1209.3085300098101,36.259999999999998,0.021780365036804118
220.76438944993831,-998.75885999792945,1210.38856630189,36.259999999999998,0.022173000291100396
220.74588731551867,-999.11525866023874,1210.38856630189,35.979999999999997,0.02225112481083703
220.72737914509875,-999.44120267587755,1210.32037858014,35.920000000000002,0.021953824910556332
220.7088577022964,-1000.1579113267489,1211.0106004489201,36.259999999999998,0.021715814042957599
220.69032205890139,-1000.9247433299573,1208.6988936303701,36.259999999999998,0.021589233847964403
220.67177282439494,-1001.6586633486266,1206.3073165783101,35.920000000000002,0.021847395434342571
220.65321198767913,-1002.2851826532921,1206.3073165783101,36.229999999999997,0.022287730960276347
220.63465410637036,-1002.1255906735519,1207.2626599386499,35.920000000000002,0.022701222649073666
220.61610483977788,-1001.6603959951265,1205.00984251617,35.920000000000002,0.022893869841516305
220.59757751827172,-1000.4753613316821,1205.00984251617,36.210000000000001,0.022697863677793237
220.57906176687666,-999.85057533303609,1206.2326915541501,36.210000000000001,0.022297755092787253
220.56055777396296,-999.21561734038562,1203.22885551797,36.25,0.02180173371648083
220.54206046586415,-998.85463733464746,1203.22885551797,36.25,0.021690462405236831
220.52356178044454,-998.92901265967953,1205.9682853184099,35.909999999999997,0.021911234494864748
220.50505837218518,-999.18404600575025,1205.9682853184099,35.909999999999997,0.022331273394251182
220.48654837016065,-999.54010932421556,1205.67526884976,36.240000000000002,0.022814819178657304
220.46802421928382,-1000.3041473486558,1205.4008490325,36.240000000000002,0.02292258768569418
220.44948263714818,-1001.2454353254714,1205.14049591309,35.950000000000003,0.022692394751167338
220.43093194771615,-1001.7372293285388,1204.5058255798599,36.119999999999997,0.022509446773300901
220.41237450204935,-1002.1020660083209,1204.0931229702401,35.859999999999999,0.022425120700161935
220.39382172024693,-1001.8502173295669,1199.1418837478,35.859999999999999,0.022598149042361633
220.37528108804943,-1001.1941386653931,1197.63579340408,36.280000000000001,0.023058848459961145
220.35675732625938,-1000.2831366630538,1197.49417275121,36.280000000000001,0.023402681369939688
220.33824573891368,-999.62571666747249,1196.3304515278901,36.049999999999997,0.023494198305724658
220.31975023034565,-998.75746267328952,1197.38187758707,36.049999999999997,0.023215752513755739
220.30126020519762,-998.46135799431408,1197.38187758707,36.140000000000001,0.022757898801837269
220.28275866786427,-999.08301600037976,1196.8404289293801,35.890000000000001,0.022503670504943469
220.26424224074069,-999.88706467398401,1198.06637740926,36.259999999999998,0.022623412728636348
220.24570805848151,-1000.8458419952093,1198.06637740926,36.259999999999998,0.022888650298060982
220.22715794750619,-1001.7059926672353,1198.3081338772899,36.009999999999998,0.023184065813226663
220.20860271735819,-1001.9824279920163,1198.3474729475299,35.880000000000003,0.023403212221309352
220.190048161889,-1001.945995336797,1196.21100380552,35.920000000000002,0.023424709220337469
220.17148951379011,-1002.1669973393083,1194.3427555969699,35.920000000000002,0.023362456509145549
220.15294009819763,-1001.6684419940191,1194.3427555969699,36.240000000000002,0.023378310721742211
220.13439595079004,-1001.3839600108256,1195.3090662132599,36.240000000000002,0.023446312789422514
220.11586739475317,-1000.542025990673,1195.6552500313801,35.969999999999999,0.023691171986243164
220.09735347496311,-999.751668662714,1197.6870534047,35.93,0.023753421586292827
220.0788481181728,-999.28926667699307,1197.6870534047,36.189999999999998,0.023522039666586971
220.06034179901238,-999.34123466229505,1197.5924012175101,35.899999999999999,0.023073020077098449
220.04183030272847,-999.62079933167206,1193.7531463805601,36.189999999999998,0.022687431840918818
220.02330886096303,-1000.1578553335163,1193.7531463805601,36.189999999999998,0.022637928946507391
220.00478605429629,-1000.2315600038364,1194.04258657009,35.859999999999999,0.022740162283037907
219.98625110524682,-1000.8872486719578,1194.04258657009,35.859999999999999,0.022856130572704841
219.96770980354324,-1001.2302919919852,1195.6509584964499,35.93,0.022973925286076054
219.94917172938293,-1001.0560046575955,1195.6256861240499,35.93,0.022760424766407071
219.93064178981476,-1000.6167366815329,1194.7556966252,36,0.02256468973453838
219.9121184771235,-1000.258885327895,1196.6701980436101,36,0.022141883775987952
219.89360144569125,-999.91969734088775,1198.50673657736,35.880000000000003,0.021967941688213595
219.87509862209885,-999.15247398961105,1198.50673657736,35.880000000000003,0.022117833910698759
219.85660775254317,-998.50695600744666,1199.5953559393099,36.280000000000001,0.022431372976337884
219.83812059792604,-998.30634932557018,1199.9215125943999,36,0.022575319233370028
219.81963603033338,-998.16665000244291,1198.7639902548799,35.880000000000003,0.022466897755912606
219.80115220260492,-998.12669733606276,1197.6810929395101,35.880000000000003,0.021996727844395807
219.78266038414822,-998.55819666330058,1198.20179917834,36.280000000000001,0.021476629701108921
219.76414589935811,-999.78217866508112,1200.02236366539,35.939999999999998,0.021120852061388185
219.74561376393825,-1000.7353126730734,1200.5204201365,36.100000000000001,0.021100985921339428
219.72707368950623,-1001.1640193295905,1200.5204201365,36.100000000000001,0.021478733463074755
219.70854518520991,-1000.5392320009129,1198.16627480582,35.869999999999997,0.021843402129572472
219.6900262963087,-1000.020000665338,1196.01478529153,35.869999999999997,0.021942723540764587
219.67152285492597,-999.18583466746668,1202.00195336365,35.920000000000002,0.021494849483462579
219.65304002165428,-998.07299667128507,1206.26440122895,35.920000000000002,0.020760660995037698
219.63456803104941,-997.48749266232346,1206.26440122895,36.039999999999999,0.020187291209907567
219.61609035523472,-997.79449399369616,1207.0602425408699,36.159999999999997,0.020113049284565237
219.59760881443216,-998.00320333820991,1205.9704310858799,35.869999999999997,0.020443830227104103
219.5791192176913,-998.43822400663976,1205.5856234533301,35.869999999999997,0.020798425078078785
219.56062121419745,-998.89218866738361,1205.5856234533301,36.280000000000001,0.020926398132111414
219.54211571460502,-999.29697799156179,1204.32105115903,36,0.020766740464400694
219.52359392101243,-1000.1768540000229,1203.16066779621,36.299999999999997,0.020405866407061019
219.50506813927151,-1000.3922140083408,1201.3806344724501,36.299999999999997,0.019977147587899143
219.48653921898776,-1000.5616953228835,1201.3806344724501,35.93,0.019715349711520311
219.46801050772845,-1000.5504080039213,1203.78532454793,35.93,0.019848214261000641
219.44948966304949,-1000.1256126626653,1206.0314662494,36.039999999999999,0.020251239959974708
219.43098073307402,-999.48221867506925,1204.9242502360601,36.039999999999999,0.020563309605279884
219.41248247607402,-998.90587800149353,1202.0584585736301,35.82,0.020547786515396665
219.39400652216051,-997.70151132824208,1203.18188705228,36.329999999999998,0.0201052820590003
219.37553102358032,-997.67692333019932,1206.39052467233,35.909999999999997,0.019685288679101798
219.35704624072835,-998.17827400627232,1206.8332680265,35.909999999999997,0.019534670030954937
219.33854565128399,-999.0318299967347,1204.7521120014301,35.960000000000001,0.019674952035363888
219.32002081122238,-1000.3413633265559,1204.7521120014301,36.159999999999997,0.019990861827024364
219.30148021111111,-1001.1924060079012,1206.5845974188601,36.210000000000001,0.020194288548472532
219.28293014566668,-1001.7035339993351,1206.5845974188601,36.210000000000001,0.020246918622667205
219.26437264722219,-1002.1049160023058,1203.7302498495901,36.020000000000003,0.019885958687297797
219.24581567549384,-1002.0764733307624,1201.73158666272,36.020000000000003,0.019501840905717608
219.22725837885184,-1002.0940186684046,1200.7011414409999,36.259999999999998,0.019353663337665215
219.20870736448134,-1001.7547760072044,1200.7011414409999,36.259999999999998,0.019518051088233328
219.190184071457,-1000.2578233141226,1202.2496702968699,35.939999999999998,0.019776841832295482
219.17167850562964,-999.30055467745888,1203.3106331003501,36,0.019882118539924717
219.15318353722219,-998.72829400232968,1206.0100085747299,36.119999999999997,0.019800107307255354
219.13469160182731,-998.56451132374104,1203.4949306839601,36.119999999999997,0.019579192412045351
219.11618772583955,-999.2093033394649,1203.4949306839601,35.869999999999997,0.019417659689796606
219.09767552796313,-999.65868532674813,1202.07562471338,36.329999999999998,0.019365031686168478
219.07913846791385,-1001.0012426605495,1202.3386004374699,35.939999999999998,0.019671284695414425
219.06057927446923,-1002.1964460094071,1201.38015763523,35.939999999999998,0.020221623900081906
219.04201639091352,-1002.395712008404,1201.38015763523,36.189999999999998,0.020782023466068115
219.02345748307417,-1002.1810233253095,1200.1465797599101,36.189999999999998,0.020820529515215517
219.00489778361725,-1002.2237706739455,1202.6244643478899,36.25,0.020635778912132485
218.98634739840747,-1001.7208013273896,1200.78601846528,36.25,0.020379352691959174
218.96781850502481,-1000.5602426645306,1200.78601846528,36.020000000000003,0.020331601714646722
218.949296094679,-1000.2101586736542,1197.6179120085101,35.869999999999997,0.020655559170283954
218.9307865541852,-999.51518666383288,1197.75929424277,36.299999999999997,0.021071504384151878
218.91228849896282,-998.8949820086159,1197.30534521405,36.299999999999997,0.0214685882565669
218.89380157924691,-998.29366465998419,1195.70054956681,35.93,0.021659405902560342
218.875314782679,-998.28701466669168,1195.2547067707401,36.020000000000003,0.021476016070231339
218.85680646945676,-999.4489140014382,1198.2480523882,35.880000000000003,0.021126220622532332
218.83827469104941,-1000.7160339964355,1200.06933213107,35.880000000000003,0.020898042450010895
218.81972569040747,-1001.6460346652813,1200.06933213107,36.210000000000001,0.021030409261919573
218.80116489922236,-1002.2827239963839,1200.54855353219,36.210000000000001,0.021555524117005526
218.78260816758018,-1002.0635086770294,1192.2728052464499,35.82,0.022061575819202487
218.7640592580002,-1001.6411173184887,1192.2728052464499,35.82,0.022307007269156534
218.745525192679,-1000.8395273457606,1194.41118173733,36.280000000000001,0.022055551200515087
218.72701151400003,-999.73864866427607,1195.9158415694001,35.960000000000001,0.021567874489501128
218.70849652216052,-999.80955933384428,1197.88756345362,35.979999999999997,0.021184943618869412
218.68999245162965,-999.21980866577792,1197.88756345362,35.979999999999997,0.021033076979689532
218.671496268358,-998.79389666953261,1197.7159020562101,36.189999999999998,0.021341955291438872
218.65300431329621,-998.56557333751323,1196.08011198999,35.869999999999997,0.022011218183034854
218.63451288495074,-998.537130654978,1191.8829908231501,36.030000000000001,0.022696466708764712
218.6160184215309,-998.701024671504,1192.4146643179299,36.030000000000001,0.022808243008430817
218.59750645753098,-999.64605599487493,1192.4146643179299,35.880000000000003,0.02251951437834564
218.57898357945697,-1000.2354159963768,1197.20711674775,35.880000000000003,0.022020417572374197
218.56044171895061,-1001.2604673430043,1198.6803053236399,35.950000000000003,0.021782624018794852
218.54188802134573,-1001.8996706647281,1194.7888368116401,35.950000000000003,0.021951287573747875
218.52334660891367,-1001.2362713305661,1193.63512916984,35.890000000000001,0.022247140815677705
218.50481450558047,-1000.7335799935973,1194.9125760689501,36.229999999999997,0.022594286129137921
218.48629715024686,-999.93718801532896,1195.1753133744401,35.899999999999999,0.022743957942542324
218.46780391513585,-998.63469599389259,1194.071196803,35.899999999999999,0.022630709123613348
218.44930997222247,-998.67291732182059,1194.071196803,36.140000000000001,0.022285235006911625
218.43081452883945,-998.75394268411287,1194.2230694559901,36.07,0.021932544190060781
218.41230952904945,-999.26998865987514,1199.23748960942,36.310000000000002,0.021734416699974925
218.39378449444436,-1000.3518686748529,1199.23748960942,36.310000000000002,0.021952620405084694
218.37526018730875,-1000.3125853221608,1199.7236251501599,35.939999999999998,0.022270595660557977
218.35672513477778,-1000.8928366734619,1199.7236251501599,35.939999999999998,0.022576768991667599
218.33818201390116,-1001.3285273370836,1199.3836402158299,36.189999999999998,0.022541569128399139
218.31964290701239,-1001.1117719936773,1199.3836402158299,36.189999999999998,0.022247796877088513
218.30110392429634,-1001.105066666672,1200.8017540933799,35.899999999999999,0.022019949843157853
218.28257320448139,-1000.6588700062255,1202.9637340264001,36.140000000000001,0.021833628417958075
218.2640513074073,-1000.1824420015272,1202.46734648554,36.049999999999997,0.021955990752267774
218.24553654425932,-999.79720999011818,1202.19459559853,36.049999999999997,0.022099717620032214
218.2270396707778,-998.83116800312951,1204.8553472584899,35.850000000000001,0.022068058861566573
218.20854628044452,-998.64307799614903,1206.6101082098601,36.280000000000001,0.021846503435009049
218.19004007201241,-999.33525533470629,1205.1624304249799,35.950000000000003,0.021557970387154568
218.17154080296314,-998.96052866060211,1201.40590684484,35.950000000000003,0.021338940916210407
218.15303572453089,-999.27423534096408,1201.5949728006101,36.229999999999997,0.021353121848658035
218.13451629649381,-1000.0491140025849,1201.5949728006101,36.229999999999997,0.021451389835509437
218.1159901567159,-1000.4115480076994,1208.4173212548901,36.170000000000002,0.02163013030348953
218.09746076249365,-1000.5872880004421,1207.09552849478,36.170000000000002,0.021679188225782357
218.0789389823457,-1000.1761279896144,1207.09552849478,36.090000000000003,0.021522064793712055
218.06042551166666,-999.72741666803506,1205.95040392284,35.869999999999997,0.021308268312692412
218.04191054672845,-999.80810666449952,1206.3340194623499,36.280000000000001,0.021031676890969419
218.02340486397514,-999.30686867837949,1207.31988040446,36.280000000000001,0.020935653394178515
218.00491102556776,-998.66727399759554,1208.9137087957499,35.950000000000003,0.020998357281657106
217.98641534832103,-998.76657132349021,1211.4888681756099,35.920000000000002,0.021208242208237964
217.96792641385187,-998.40246133562039,1212.65640409665,35.909999999999997,0.021291606957554013
217.94943474543223,-998.55009466018316,1212.28113320841,35.909999999999997,0.021150975177216303
217.93093945830879,-998.74550466663982,1213.0826965669,36.189999999999998,0.020762085920582093
217.91242564924681,-999.74568934611716,1214.6035688642901,36.189999999999998,0.020475872902641124
217.8938984829505,-1000.4669799999375,1211.4583505938499,35.890000000000001,0.020376354868846158
217.87536135771606,-1001.004762660718,1211.4583505938499,35.890000000000001,0.020568679183387308
217.85682526003708,-1000.9492746642554,1207.1563252397,35.950000000000003,0.02086558792225995
217.83828910233348,-1000.9525159953167,1207.1563252397,35.950000000000003,0.021042779295840881
217.81976427572852,-1000.3406366676196,1206.6940315597101,35.979999999999997,0.021071930720764489
217.80125209130875,-999.65795866781184,1206.4992435573599,35.979999999999997,0.020623579620767808
217.78275085923457,-999.06653200599783,1207.2459706361301,36.189999999999998,0.020207945874904952
217.76426171055559,-998.41402866471321,1209.0362559600201,35.869999999999997,0.020027913983865553
217.74576636445681,-998.74868933395658,1208.7310801423901,36.049999999999997,0.020313323992662762
217.72726335976535,-999.16225333849138,1208.1309805072499,36.049999999999997,0.020972597934076832
217.70875403967904,-999.50328466140786,1208.2613954855699,35.859999999999999,0.021448840080390615
217.69022997882726,-1000.2992859950957,1208.2613954855699,35.859999999999999,0.021609408362178187
217.67169543955558,-1000.8651206718469,1207.6972970601701,35.979999999999997,0.021383488143692213
217.6531514090741,-1001.3776459989128,1206.18095471632,35.979999999999997,0.021067817395193596
217.63459672427163,-1001.9529793329096,1206.18095471632,36,0.020932283047809655
217.61604641150626,-1001.7168893306247,1203.7941460364,36.189999999999998,0.021127820423217113
217.59750427781478,-1001.2752193394141,1201.33748070448,35.890000000000001,0.02155766719449478
217.57896146840719,-1001.3117080098501,1199.46851724011,35.890000000000001,0.02217116662224522
217.56044581428398,-999.84532265339169,1199.46851724011,36.240000000000002,0.022396502195342536
217.54193809297527,-999.41695067020646,1199.74055287129,36.009999999999998,0.022178800364255728
217.52343544425923,-999.14303066607818,1202.57201225424,36.189999999999998,0.021685541920025544
217.50492830139501,-999.38571466842302,1204.7809606529399,36.189999999999998,0.021253439294387395
217.48640808691371,-1000.0915819896178,1202.8402331877001,35.890000000000001,0.021533961915690444
217.46787137041972,-1000.9826906758238,1199.4527816120101,35.890000000000001,0.022239771979573057
217.44932574840743,-1001.4635886640297,1197.9660031755,35.979999999999997,0.023005365701956368
217.43077082972846,-1001.9656086647827,1197.2917553534201,35.979999999999997,0.023613037130976035
217.41221520945697,-1002.0034946598588,1195.32551709718,35.880000000000003,0.023794184552360417
217.39365997930878,-1001.9824280030084,1195.32551709718,36.210000000000001,0.023566826970681909
217.37510251295052,-1002.1031833448139,1192.7720538106,35.93,0.023111035638710423
217.35655765153089,-1001.4225166606134,1195.12309969939,35.93,0.022791418138380912
217.33802016203711,-1001.0244326634403,1193.43771856281,36.07,0.022914956012418213
217.31949540682723,-1000.3367813345992,1193.43771856281,36.07,0.023451141192028888
217.3009771346666,-999.98669667321064,1190.5962455983499,36.310000000000002,0.024071116412921405
217.28246722991352,-999.53485666655502,1188.72012957574,36.310000000000002,0.02428022523591733
217.26396376370374,-999.18717532836206,1191.32580653737,35.950000000000003,0.024146697385574845
217.24545476233322,-999.48607400808976,1191.9559469170499,35.950000000000003,0.023809660026337612
217.22693283214818,-1000.1842299927318,1190.10152698773,36.140000000000001,0.023654027731326844
217.20839840980241,-1000.8588066709261,1189.39556949086,36.140000000000001,0.023955799026976029
217.18985704291367,-1001.2338119921538,1189.46280353818,35.840000000000003,0.024452520945641036
217.17131157612343,-1001.4552066727651,1189.46280353818,36.280000000000001,0.025084519556023907
217.15277797232116,-1000.8146053229138,1187.3845085364001,35.969999999999999,0.025351525598326964
217.134251930852,-1000.4062393348224,1187.81723830905,35.969999999999999,0.025392453087312895
217.11574029798763,-999.62817467585319,1187.81723830905,35.979999999999997,0.024965594831980135
217.0972318098766,-999.45835799548274,1187.0748027652301,36.159999999999997,0.024511451942926289
217.07872808393813,-999.20120067682774,1191.6569699832201,36.259999999999998,0.02445085491125357
217.06022874866676,-998.96410465400345,1188.82479534445,36.259999999999998,0.024714102552647305
217.04173893771591,-998.44979134672496,1188.82479534445,36,0.02516060963360232
217.02324848311116,-998.48454865672477,1186.28706768597,36,0.025459484518302621
217.0047511305186,-998.8570399983231,1186.07272935781,36.210000000000001,0.025340378700905063
216.9862539714446,-998.84658999473129,1185.11571706721,36.210000000000001,0.024973645594885817
216.96774823797546,-999.30960733442703,1189.4177424213599,35.899999999999999,0.024571146614086995
216.94924113340755,-999.38364666708719,1189.4177424213599,36.229999999999997,0.024357270451877692
216.93072603808631,-999.81514734634061,1187.03212583448,36.020000000000003,0.024541562633116042
216.91222109624695,-999.26685932627117,1188.08283663784,36.020000000000003,0.024937654122395795
216.89371181548142,-999.50116133735139,1188.08283663784,35.950000000000003,0.025352501417947676
216.87521483853081,-998.83675533412202,1187.7850517970401,36.170000000000002,0.025391521758614179
216.85672446981488,-998.47991066054351,1186.38291196619,35.859999999999999,0.025107936114557368
216.83824288244452,-998.00571799934278,1189.0450941378001,36.280000000000001,0.024780113664952103
216.81976084804938,-998.02985733704475,1191.6069020756399,35.93,0.024467741860031301
216.80127374620992,-998.30349933158539,1191.6069020756399,35.93,0.024854626709528371
216.78278221334563,-998.54277467169879,1190.80176243803,36.229999999999997,0.025245439673721899
216.76428298982722,-998.95806999270178,1189.50548046893,36.229999999999997,0.025462056002156803
216.74578647439512,-998.8118333332593,1189.7040831689901,35.890000000000001,0.025414951764227502
216.72728456039516,-999.10335599829364,1193.2271949323599,36.25,0.024965550334137256
216.70878196445679,-999.14018067209361,1189.0224443700799,36.020000000000003,0.024554214132590221
216.69027390475316,-999.43522399681649,1190.0235641030699,36.020000000000003,0.024320170706203362
216.6717642731976,-999.52010399963353,1192.5639143662299,35.840000000000003,0.024231532591933003
216.65325049620986,-999.74395733715335,1195.75252482325,36.280000000000001,0.024534032369561538
216.63473953907405,-999.59168533490526,1197.41644828516,36.030000000000001,0.024726004855316713
216.61623090091351,-999.46646066911205,1194.06905103553,36.030000000000001,0.024813231495804316
216.59771798902463,-999.69724199851976,1194.06905103553,36.119999999999997,0.024635672784747448
216.57920544656804,-999.67729265617834,1193.22576442072,36.119999999999997,0.024236881481473668
216.56068518033339,-1000.0943766718738,1198.1793878292301,36.25,0.02390851059615335
216.54216661532112,-1000.0025106614087,1195.9136958019401,36.25,0.023800642748333108
216.52364057385196,-1000.4062393348224,1195.9136958019401,36,0.023956067037306818
216.50511676032096,-1000.2859306747981,1193.70093270551,35.859999999999999,0.024140360248535997
216.48658233798781,-1000.8588059894225,1194.4352620166901,36.25,0.024042566201582793
216.46805638033345,-1000.4017133360983,1196.7495914399101,36.25,0.02369532775578195
216.44953627656804,-1000.0856033325409,1199.00670039734,35.920000000000002,0.023218518541300456
216.43102225950614,-999.7569213423584,1197.32394186544,36.049999999999997,0.022876522403177127
216.41251140687652,-999.58604199968818,1194.17109419955,35.850000000000001,0.022862782292962125
216.39399931248158,-999.65309732524383,1194.17109419955,35.850000000000001,0.023065866497881313
216.37549159738276,-999.41661533735464,1196.7965599055999,36.240000000000002,0.023213022696698844
216.35697645653084,-999.81760600324878,1199.05557621188,36.240000000000002,0.023285210538609245
216.33845813261726,-999.98949133348276,1201.4693261944401,35.850000000000001,0.023197637252062243
216.31994252403715,-999.84286332597151,1201.4693261944401,35.850000000000001,0.023022272312159808
216.30142792232112,-999.78849266600196,1198.60448820644,35.920000000000002,0.022846151968231199
216.28290917620981,-1000.0122900102891,1198.60448820644,35.920000000000002,0.022870312549595741
216.26439089783952,-999.98703199507065,1198.6221311833999,36,0.022967179400026873
216.24586926669136,-1000.1680820017137,1198.48837834458,36,0.023143506717966156
216.22735252811114,-999.90388333070598,1199.5903491485501,36.210000000000001,0.023033560978252082
216.20883929025931,-999.71484399990641,1199.97086524616,35.890000000000001,0.022628340460016313
216.19032651392578,-999.6899220100355,1199.07250393301,36.009999999999998,0.022176306493670882
216.17181152312358,-999.80950331862766,1199.07250393301,36.009999999999998,0.021894795615913207
216.15329462207393,-999.91265668103074,1199.8063564069701,35.850000000000001,0.022000846345568835
216.13477864302465,-999.86286866154558,1198.08044410711,35.850000000000001,0.02247083932481337
216.11626367085185,-999.80849733106425,1198.00605750156,35.950000000000003,0.022876961147515217
216.09775172029617,-999.64533000645042,1198.00605750156,35.950000000000003,0.023014103573168326
216.07923523419748,-999.89024933030885,1199.4062899835501,36,0.022910946152072217
216.06071124577787,-1000.2953746578506,1203.18665542443,36.159999999999997,0.022681851141560974
216.04218287807402,-1000.5318560082039,1200.28319362202,35.859999999999999,0.022527375775198477
216.02365048188898,-1000.7493939927873,1200.28319362202,35.859999999999999,0.022672139520480625
216.00511429934548,-1000.9538573487081,1198.1791494106201,36.259999999999998,0.023256045663959557
215.98658165066672,-1000.7630286527043,1197.5301739609399,35.979999999999997,0.023872795412596286
215.96805233404942,-1000.5830973345697,1194.03591084908,36.189999999999998,0.024152613349796997
215.94953023620994,-1000.1932833312038,1192.9730406967401,36.189999999999998,0.023744434329467629
215.93101879788907,-999.61766932755631,1194.7463982995,35.890000000000001,0.023034157020306052
215.91250719192598,-999.62672200650854,1195.4103941214601,35.890000000000001,0.02254574869337227
215.89399232322208,-999.80291001106366,1196.02193784975,35.979999999999997,0.022462012457304979
215.87546660046934,-1000.3890286485283,1196.02193784975,35.979999999999997,0.022926494070026834
215.85693651086405,-1000.6248386846502,1194.4891446219899,35.890000000000001,0.023604638665354356
215.83839736567916,-1001.1138399840211,1194.22449996763,36.25,0.02422847165012711
215.81986280054309,-1000.8665173479593,1192.1273698958601,35.899999999999999,0.02440507627620174
215.80133378919757,-1000.566612658684,1191.74685379825,35.899999999999999,0.023917728621812906
215.78279644975311,-1001.0163300008031,1194.0399639654099,36.140000000000001,0.023265958036358957
215.76425136066661,-1001.4348106706267,1194.0399639654099,36.039999999999999,0.022809691732666448
215.74570356867901,-1001.5807673309303,1193.1199065589799,36.259999999999998,0.02296163701042472
215.72715630858028,-1001.5520453307597,1193.1199065589799,36.259999999999998,0.023586627929206357
215.70861357781473,-1001.3074613397532,1193.8783161495101,35.93,0.024118408974699395
215.69008196807408,-1000.7069259947626,1193.1215754892301,35.93,0.024328687125316183
215.67155707006165,-1000.3444926711519,1192.1342840354801,36,0.02423243286783314
215.6530334769383,-1000.2740286613812,1193.0729380933001,36,0.023737236241008503
215.63450397302469,-1000.5932113347981,1193.0481425581099,35.859999999999999,0.023415420824523917
215.61597477955542,-1000.5764473412773,1196.4236732034301,36.210000000000001,0.023254478963841679
215.59744296285194,-1000.7181019867792,1197.17040028219,35.890000000000001,0.023433112847515952
215.57890780580254,-1000.8984806681989,1196.7662807424399,35.890000000000001,0.023840644086868677
215.56038176433339,-1000.4062393348224,1196.7662807424399,36.210000000000001,0.024081144696132505
215.54185396785184,-1000.5010100024733,1191.0315979756799,36,0.024053083937656712
215.52332956344441,-1000.3178380018052,1192.8097239505901,36.210000000000001,0.023769335814989443
215.50481059588896,-1000.0242479949547,1192.8097239505901,36.210000000000001,0.023325337090442846
215.48629443575302,-999.87264733991424,1195.74012705566,35.899999999999999,0.023090257826299775
215.46776796483957,-1000.4294293267213,1197.6045605664899,35.899999999999999,0.023080568969848725
215.4492446128273,-1000.2610086629433,1197.2137924687599,35.969999999999999,0.023245457562209863
215.43071777145687,-1000.4494340027757,1197.48678177438,35.969999999999999,0.023495978162647958
215.41220320285177,-999.78670467479731,1199.20315732994,35.93,0.023445888527651112
215.39369515556785,-999.43455333111285,1199.47566979833,36.140000000000001,0.023304620351602967
215.37518898024689,-999.33346733250983,1196.60677869401,35.840000000000003,0.023040780802571013
215.35668625392594,-999.1472213319505,1196.60677869401,35.840000000000003,0.022956301563485694
215.33818174877783,-999.24327799729588,1195.89438389473,36.299999999999997,0.022934118491638129
215.31967424062961,-999.40544000485795,1199.28922644725,35.93,0.022939665039675584
215.30117363978997,-999.0324453397177,1205.10568679639,36.049999999999997,0.022753734769370086
215.28267135533324,-999.12336066335604,1204.2032723669099,36.049999999999997,0.022517185036175134
215.26416903879007,-999.12509333183982,1204.2032723669099,35.880000000000003,0.02223029214937923
215.24566015332098,-999.47981532988979,1201.39112489118,35.880000000000003,0.021963965978373769
215.22714313533339,-999.91897133047939,1202.4470809039001,35.939999999999998,0.02180291857599698
215.20862859259267,-999.78530799868508,1204.2893414842299,35.939999999999998,0.021651801146852976
215.19011523781487,-999.72115800082702,1204.72612437321,35.979999999999997,0.021753467414605113
215.17160133769133,-999.750606670926,1206.4525135102899,36.100000000000001,0.021901528037987422
215.15308920501252,-999.65516465606765,1203.46608203245,35.880000000000003,0.021817235066840246
215.13458362055556,-999.30156067601445,1206.0662753660999,35.880000000000003,0.021513912623934688
215.11607883497535,-999.2584213307822,1206.0662753660999,36.299999999999997,0.021148100503959221
215.09758908922211,-998.44627067604438,1207.5189599417399,35.969999999999999,0.020931366217351401
215.07910038965434,-998.38977665904235,1208.1913004149601,36.159999999999997,0.020804361755090803
215.06060133998761,-998.9486820028817,1208.1913004149601,36.159999999999997,0.020798348511695382
215.04210235033335,-998.94544133134048,1208.93039809828,35.880000000000003,0.020638970246095432
215.02359465385189,-999.41560999831904,1209.5350276869599,35.880000000000003,0.020445970197522211
215.00508748408657,-999.38716732677574,1210.7476247248201,35.939999999999998,0.020166864202805838
214.98657609853075,-999.61482001507534,1210.34422044089,35.939999999999998,0.019907229068598858
214.96805830755559,-999.96071265857586,1210.34422044089,35.969999999999999,0.019772016543884698
214.94954165898764,-999.89902266964168,1209.99755978555,36.140000000000001,0.01995409011164833
214.93101635844459,-1000.3662293231943,1211.78498408615,35.840000000000003,0.020275489534785904
214.91248891275313,-1000.4820673401912,1211.78498408615,35.840000000000003,0.020598195906364299
214.89397066024702,-999.98563532995047,1211.26809254504,36.310000000000002,0.020541312792414022
214.87545813123444,-999.67656667874576,1212.0985045550501,35.960000000000001,0.020166480294894457
214.85694490062977,-999.71445265183786,1209.3647968011901,36.170000000000002,0.019679445149493515
214.83843582682729,-999.4899853343428,1209.3647968011901,36.170000000000002,0.019376678392135686
214.81991899096303,-999.90913666987012,1208.8440905623499,35.890000000000001,0.019247048636531691
214.80139813282725,-1000.1263393325936,1208.7973605152799,35.890000000000001,0.019252785582037708
214.78286791386429,-1000.6318239998024,1211.4230646399301,36.009999999999998,0.019317923315044755
214.76432514376549,-1001.3095853343215,1211.4230646399301,36.009999999999998,0.019406927753898885
214.74578225675299,-1001.3158986757226,1209.92698787772,36.210000000000001,0.019451792656403611
214.72723795928405,-1001.3920633219906,1209.92698787772,36.210000000000001,0.01927955180529416
214.70868912111115,-1001.6372613369404,1210.0352299255401,35.909999999999997,0.019084526648193042
214.69015594675318,-1000.7914153310149,1210.0352299255401,35.909999999999997,0.019021526806284675
214.67162568225933,-1000.6342826677027,1209.7774994108099,36,0.019133062000161041
214.65309522839516,-1000.6445086653883,1209.7774994108099,36,0.01934000497432108
214.63456434714828,-1000.6675873303419,1208.39967827793,36.229999999999997,0.019417372021093442
214.61603036667898,-1000.8349453428118,1206.7216881181801,36.229999999999997,0.019472608760453518
214.59750667628398,-1000.2792813300335,1205.4294592654101,35.890000000000001,0.019379002555447174
214.57898416866675,-1000.2154113313144,1204.9173360964501,35.890000000000001,0.019273484752613083
214.56045633388888,-1000.5030780038089,1205.98568987676,36.030000000000001,0.019162229990431205
214.54192617287654,-1000.6286946661984,1206.6315658845399,36.030000000000001,0.019195458532880544
214.52339629849376,-1000.6132166703721,1206.6315658845399,36.240000000000002,0.019421854785647251
214.50485278749389,-1001.349593993934,1207.95025920275,36.240000000000002,0.019868585375426174
214.48631278445691,-1001.1601639965701,1206.50472718534,35.880000000000003,0.020132016192342901
214.4677836437655,-1000.5735973363005,1207.1339138905901,35.880000000000003,0.020193728713853054
214.44926045317294,-1000.2522919983468,1207.1339138905901,36,0.020188387076384175
214.43074508570371,-999.82984333852573,1208.29978088138,36,0.020170696075647861
214.41222357149388,-1000.1617673302812,1203.44724696246,36.259999999999998,0.020346152085466602
214.39370917777777,-999.77726066976084,1203.04265058549,36.259999999999998,0.020488922791779149
214.37518988632092,-1000.041738669396,1203.04265058549,35.920000000000002,0.02066316186845233
214.35666533186418,-1000.3259406644424,1204.1756158084399,35.920000000000002,0.020789774145217155
214.33813855569136,-1000.445913332095,1204.3477540430699,36.039999999999999,0.020801680578027653
214.3196162043335,-1000.2069733248335,1203.17688026153,36.039999999999999,0.020587293225874392
214.30108682251858,-1000.5866180052501,1201.98264145644,36.25,0.020480183890779918
214.28256282686422,-1000.2957653354074,1201.05805409647,36.25,0.020611517955311971
214.26403294007412,-1000.6138866655641,1200.13656617839,35.909999999999997,0.020918476705316855
214.24550422156801,-1000.5507993300059,1200.13656617839,35.909999999999997,0.02128964600137382
214.22698479249382,-1000.0491700068096,1201.4502527058401,36,0.021456395175476959
214.20847166537024,-999.70886467231753,1203.38954965944,36,0.021428333389249449
214.18996556765441,-999.32927665564534,1201.0880948410099,36.310000000000002,0.021413023484872978
214.1714672661482,-998.90828133568095,1199.1266249569201,36.310000000000002,0.021337781931244477
214.15296975729646,-998.86547799381242,1198.9125250473601,35.93,0.021324863453058784
214.13445752630867,-999.66047333993663,1198.9125250473601,35.93,0.02150997934055698
214.11593633807405,-1000.1441646693748,1202.2756579250899,36.030000000000001,0.021715870955446848
214.0974067099753,-1000.5999173323152,1201.8817903854599,36.030000000000001,0.021940512174272769
214.07889021146929,-999.8909193255007,1198.8469599303,36.259999999999998,0.021805264470282939
214.06037145811101,-1000.0126813473656,1199.9746799438799,36.259999999999998,0.021491390138558178
214.04184693056794,-1000.3244873245858,1201.9864561541599,35.920000000000002,0.021271216161550779
214.02333006159276,-999.91092466107477,1201.9864561541599,35.920000000000002,0.021322500996683154
214.00480470102465,-1000.3694706762394,1202.42943792694,36.159999999999997,0.021758457234687126
213.98628156322241,-1000.2494413228584,1200.11749268979,36.159999999999997,0.022208535416994052
213.96776177817299,-1000.0683926682308,1201.0802270269701,36.259999999999998,0.022620978866416341
213.94924468775321,-999.92288266772448,1201.0802270269701,36.259999999999998,0.022646165966155662
213.93074353432087,-999.06228534689296,1204.17847683173,35.960000000000001,0.02224126623856329
213.91223754009874,-999.3236879946212,1203.6973480817501,35.960000000000001,0.021717993330731124
213.89372217261729,-999.82984399804548,1205.30810419418,36.229999999999997,0.021280117542178244
213.87520857776553,-999.73412199504025,1205.30810419418,36.229999999999997,0.021022188783801868
213.85668112586418,-1000.4824026730431,1204.7785764668699,36.189999999999998,0.021189333245179482
213.83814843785177,-1000.7651526692565,1206.30445555502,36.189999999999998,0.021455172037552664
213.81961544561736,-1000.7815806594139,1201.38897912371,36,0.021678148252185499
213.80107878811108,-1000.9795053379953,1200.75860032542,36,0.02187771618831193
213.78255308398775,-1000.3880226609648,1203.2743934719999,36.259999999999998,0.021712111511722698
213.7640340067407,-1000.0301713403028,1205.4904944289301,36.259999999999998,0.021448098128736742
213.74551841058013,-999.84219267125991,1208.6946020954399,36,0.0211921706793828
213.72701117665451,-999.39063198223948,1208.0437192969,36,0.021212949525041169
213.70851100939504,-999.0090320124242,1208.0437192969,36.119999999999997,0.021392874834420973
213.6900110511728,-998.99774400096646,1204.1393761801,36.119999999999997,0.021625480926520176
213.67152378687669,-998.3122719894144,1206.73313221134,36.280000000000001,0.021640539372681313
213.65303446953081,-998.42313667737824,1208.6156855363499,36.280000000000001,0.02136671500849387
213.63454151485192,-998.61955266040627,1211.4626421287801,35.909999999999997,0.020974655117659027
213.61603744328417,-999.21986465901045,1211.4626421287801,35.909999999999997,0.020671412345154683
213.59751259080261,-1000.3420340032517,1212.78395805168,36.229999999999997,0.020520294916824899
213.57897525135795,-1001.0163300117949,1212.5731960026301,36.229999999999997,0.02059070911147607
213.56043800297547,-1001.0114126540104,1212.66307981766,36.240000000000002,0.020794220684016474
213.54190973254325,-1000.5266033395516,1212.1287837182001,36.240000000000002,0.020844753216290712
213.523392987753,-999.90421867454972,1209.92221950557,35.869999999999997,0.020725845046397948
213.50489362039497,-998.96583733347916,1209.92221950557,35.869999999999997,0.020299126494257906
213.48639989788884,-998.66101533038761,1209.47518461647,36.259999999999998,0.019771712320623414
213.46792153393829,-997.83165332983594,1209.0837012629199,36.259999999999998,0.019535717240949806
213.4494391880495,-998.04667799431002,1210.89544426148,36.100000000000001,0.019554825919840511
213.43095529513587,-998.13021733623145,1212.6318469800799,36.100000000000001,0.01967472335338051
213.41246473706181,-998.49013599870921,1211.02132928626,35.850000000000001,0.019721490227584751
213.39396132880267,-999.18404599475821,1211.7101206433899,35.850000000000001,0.019645320466781125
213.37544765633336,-999.7383133424164,1213.9052407628601,36.32,0.019569105165930457
213.35692797476545,-1000.0628046667265,1213.9052407628601,36.32,0.019467802103884723
213.33839968467893,-1000.52766467182,1213.84802029705,35.960000000000001,0.019389943530426109
213.3198649436298,-1000.8760166537324,1214.9492758452,35.960000000000001,0.019458765159772736
213.3013274882841,-1001.0225886680111,1212.2038855795699,35.840000000000003,0.019633566135321717
213.28279929545681,-1000.5224126736792,1211.8405356217099,35.840000000000003,0.01984906073270401
213.26429489999987,-999.2373546739318,1210.3225243476099,36.280000000000001,0.019699865949577396
213.24579779990123,-998.8434053274143,1209.1130267516401,36.280000000000001,0.019368361678270204
213.227310899852,-998.29260265720393,1207.9001912951701,36.009999999999998,0.019145345107334684
213.20882272596307,-998.36139000271578,1207.9001912951701,36.009999999999998,0.019106746956244595
213.19031682900018,-999.31843599648062,1206.6155918378299,35.859999999999999,0.019302376449268514
213.17180172125941,-999.81581800105232,1206.7550667232399,35.859999999999999,0.019549042400021959
213.15328270196301,-1000.0270420066989,1210.2355015558601,36.280000000000001,0.019754357646293335
213.13475548392594,-1000.4697740006895,1210.2355015558601,36.280000000000001,0.019860499443422604
213.11621760535803,-1001.0454426675383,1205.9961802954899,36.119999999999997,0.019963052531445688
213.09767100235806,-1001.5165619993594,1205.9961802954899,36.119999999999997,0.019906105261483707
213.0791103860617,-1002.2732800023393,1204.65626772121,36.039999999999999,0.020082190417790875
213.06055582439504,-1001.946329999137,1207.2898396599101,35.859999999999999,0.020314330854497166
213.0420040566915,-1001.7954559920407,1208.0918798556199,36.280000000000001,0.020719026727974005
213.0234526594443,-1001.7754513489625,1204.5425420454201,36.280000000000001,0.021143887815213858
213.00492114697551,-1000.7016733151182,1201.0926247945599,36.07,0.021212749803916502
212.98640766904947,-999.72780800511157,1199.7791766857099,36.07,0.021005498459866098
212.96790535871617,-999.124757998988,1199.66330524246,35.869999999999997,0.020631427573187002
212.94939596102472,-999.50747533827223,1199.66330524246,35.869999999999997,0.020427807334578687
212.93087400600018,-1000.1855713241392,1197.5625988915699,36.259999999999998,0.02062499418920483
212.91233165811113,-1001.2867860089874,1197.5625988915699,36.259999999999998,0.020926812038200331
212.89377773283957,-1001.9119646637492,1198.5804079270799,35.969999999999999,0.021404744019831928
212.87521592134576,-1002.337820666762,1200.7354737204901,35.969999999999999,0.021691827313663502
212.85666343859265,-1001.8340686680369,1197.6770398231799,35.840000000000003,0.021897413666751929
212.83811409440742,-1001.6645860014789,1195.35818044641,35.840000000000003,0.022014868962115977
212.81957928195041,-1000.8798726792487,1195.35818044641,36.310000000000002,0.022088791139019071
212.80104498896316,-1000.8518213118059,1194.8012345792299,36.310000000000002,0.022234110576362723
212.78251242513591,-1000.7584466717394,1196.8826290229099,36.100000000000001,0.022481384993383615
212.76399468588886,-999.95791933932742,1198.6912725795801,36.100000000000001,0.022724898950734856
212.74549021902467,-999.24121066647206,1196.36478380737,35.840000000000003,0.022953296504788889
212.72699772483941,-998.59468600424839,1193.75410005499,35.840000000000003,0.022850370859923304
212.70850320967901,-998.70381866126422,1195.1292985831899,36.259999999999998,0.022528854510435639
212.69000039953085,-999.15174800118655,1195.1292985831899,36.259999999999998,0.02214220766841005
212.67147374753097,-1000.439207994098,1195.9954733843199,36.039999999999999,0.022093975508491171
212.65293748014798,-1000.958438681145,1194.9285501156501,36.039999999999999,0.022476633181383748
212.63438864818514,-1001.6369259930965,1192.3603048754101,35.859999999999999,0.023205119904392498
212.61585259500015,-1000.9468719895876,1192.3603048754101,35.859999999999999,0.02372972045920646
212.59732440941963,-1000.5220213475948,1196.29015878322,36.280000000000001,0.023857533099902732
212.57880869735803,-999.8484513274758,1196.29015878322,36.280000000000001,0.023676739591509087
212.56030278797539,-999.31910666218437,1197.93620084956,35.969999999999999,0.023354044603975561
212.54180802653096,-998.7171179993212,1195.3991884469001,36,0.023088262728366296
212.52331583139517,-998.57853733172635,1191.04924095264,35.880000000000003,0.023116969194198853
212.50481811455552,-998.87670934152572,1192.0398702668999,35.880000000000003,0.023372060513893695
212.48632239798758,-998.76869466953065,1195.08638323383,36.310000000000002,0.02365859536183244
212.46782178369151,-999.03317198766217,1195.4387659357501,36.310000000000002,0.023688093458056329
212.4493216423086,-999.00763467679235,1197.90115331425,36.07,0.023298191120763648
212.43081439493835,-999.39135799264795,1198.58326895038,36.07,0.022815901571184728
212.41229844900002,-999.86108067034104,1195.23277225885,35.869999999999997,0.022439792139279206
212.39376835318529,-1000.625173995518,1193.5132972613901,35.869999999999997,0.022488713464025575
212.37523680862964,-1000.703406005586,1194.85559402175,36.259999999999998,0.022860529529795458
212.35672012798764,-999.90075466761368,1196.76032027725,36.259999999999998,0.023242795021874037
212.3382241589384,-998.78232865893574,1197.2784039113999,36.229999999999997,0.023424305641026159
212.31974748997536,-997.74012400423828,1197.2784039113999,36.229999999999997,0.023163900614119652
212.30127494679019,-997.51733199898683,1197.7485654054401,36.020000000000003,0.022763834439291347
212.282801468136,-997.56784732593599,1199.021482351,35.890000000000001,0.022382305723264509
212.26431072792579,-998.49997135181422,1200.4052639490701,36.159999999999997,0.022246864523691415
212.24581308249381,-998.87285332700128,1200.4052639490701,36.159999999999997,0.02259266044555714
212.22730180662975,-999.60889665873515,1201.4345170777499,36.310000000000002,0.022942447619742866
212.20878875814802,-999.70461801321278,1200.7144928830301,36.310000000000002,0.023126788431407849
212.19027142764207,-999.93584732145723,1201.6207220102201,35.979999999999997,0.022874942267378497
212.17174242354332,-1000.5662213325995,1201.26547828501,35.979999999999997,0.022224307886180291
212.15320443527162,-1001.0513666724062,1201.26547828501,36.140000000000001,0.021748032627696944
212.13466660223457,-1001.0429839996378,1200.5433083228199,36.140000000000001,0.02149011835473703
212.11613209503713,-1000.8633886628828,1202.40225820568,36.25,0.021585360592289309
212.0976096909134,-1000.2098226812824,1204.0916924585899,36.25,0.021914089506085456
212.07910823843196,-999.07843399743081,1202.15525652829,35.880000000000003,0.022145256187427357
212.06061892728394,-998.42280199305412,1202.15525652829,35.880000000000003,0.022179795845505702
212.04213982965445,-997.87127199339568,1201.6252519637601,36.259999999999998,0.02177253779513923
212.02365098624682,-998.39754401081177,1206.2839515547701,36.259999999999998,0.021146786292658176
212.00515432180254,-998.81987999167177,1206.2839515547701,36.140000000000001,0.020780061466869542
211.98663541322239,-1000.021063327638,1209.9000465750701,36.140000000000001,0.02079943919707386
211.96809916550632,-1000.9573766673728,1205.9890277372599,35.899999999999999,0.021163301743082005
211.94954989788891,-1001.6604513398312,1205.9890277372599,35.899999999999999,0.021596845860425328
211.93100606195074,-1001.3671406616079,1204.6035772089499,36.280000000000001,0.021700327178625314
211.91246676776547,-1001.1218860048978,1205.0200945162901,36.280000000000001,0.021552335883803505
211.8939342680865,-1000.7549826648035,1206.3755043000599,36.25,0.021128239532998822
211.87540929143202,-1000.3487393412489,1206.3755043000599,36.25,0.020661332337269796
211.85689251353082,-999.90600666575426,1205.84049294478,35.909999999999997,0.020443718458646818
211.83839124317271,-999.06859933682165,1206.5154560226699,35.909999999999997,0.02051804524668405
211.81990597293824,-998.2045926612634,1206.3867099746101,36.259999999999998,0.020852807081178652
211.80143209795071,-997.58924932663024,1206.3867099746101,36.259999999999998,0.020990346868743893
211.78295687875311,-997.66183667144946,1205.6516654076199,35.909999999999997,0.020861764336365874
211.76446693741985,-998.45683199558994,1204.9879080042699,36.189999999999998,0.020572805989624719
211.7459528489631,-999.76077666438698,1207.5397023605899,35.859999999999999,0.020360381656279531
211.72741055902486,-1001.2836566643914,1207.5397023605899,35.859999999999999,0.02040884043453613
211.70885217169138,-1002.1529160086021,1207.27768031093,36.32,0.020730721038041022
211.69028842407411,-1002.4423713318211,1207.27768031093,36.32,0.021125771525157978
211.67173572091357,-1001.8459706704621,1206.34903983462,36.030000000000001,0.021430065655914717
211.65319319090136,-1001.2966206586045,1206.34903983462,36.030000000000001,0.021411206368133252
211.63466911762967,-1000.2999566717915,1203.49588435839,35.869999999999997,0.021230056879642772
211.61616517023464,-999.21315933200526,1203.49588435839,35.869999999999997,0.020794507324764365
211.59767494329631,-998.47225466869531,1203.1480316100201,36.280000000000001,0.020602729383106838
211.57918456011106,-998.48069200466466,1203.1625751450699,36.280000000000001,0.020769098768447687
211.56069454840744,-998.46063199489777,1202.48808890439,36,0.021008605961939195
211.54220088488884,-998.65783000355088,1202.48808890439,36,0.021200383910517609
211.52369619037043,-999.25350399498154,1202.73747476786,35.859999999999999,0.021133882299074723
211.5051778333455,-999.99127934667126,1202.93941532843,35.859999999999999,0.02095238098383382
211.48664131346922,-1000.9720733190777,1201.48434656672,36.259999999999998,0.020920051670195127
211.46808842093833,-1001.8561966681478,1201.0306359566,36.259999999999998,0.020990512431016614
211.44952217944459,-1002.5770406621707,1201.97119736328,36.100000000000001,0.021305914144893169
211.43095648227168,-1002.5476473367765,1201.97119736328,36.100000000000001,0.021863595267689585
211.41240384429631,-1001.8424506702935,1202.4170401593501,35.859999999999999,0.022422382613052204
211.3938726050126,-1000.6869213187083,1201.8727304783699,35.859999999999999,0.02262231583685069
211.37535945822214,-999.70992668608983,1196.2310309685499,36.25,0.022556303697201283
211.35685859661731,-999.04652665943183,1196.2310309685499,36.25,0.022305171521999709
211.33835209637047,-999.35101332967167,1197.0788475369,36.119999999999997,0.022187585838956827
211.31984347166679,-999.46573399918373,1196.4894767391099,36.119999999999997,0.022195003312612552
211.30132914313589,-999.77374066959214,1196.5910430659101,35.880000000000003,0.022309545633513155
211.28280176987656,-1000.4781560029461,1196.5910430659101,35.880000000000003,0.022371334752957814
211.26426024672844,-1001.2422499986349,1196.0710520829,36.280000000000001,0.022444340091056877
211.24570324913572,-1002.0778700068745,1195.64928956619,36.280000000000001,0.022388232043576258
211.22713599975322,-1002.631466655853,1195.6669325431501,36.039999999999999,0.022267693026103246
211.20856707501244,-1002.7219360011978,1195.6669325431501,36.039999999999999,0.022195684206980093
211.19000737451839,-1002.2238266781703,1195.16053142077,35.899999999999999,0.022266834150949065
211.17145559337041,-1001.7961819914573,1193.79892275321,35.899999999999999,0.02251496951898312
211.15292166462984,-1000.8321519905875,1192.9193965100501,36.299999999999997,0.022724884459618837
211.13440367807408,-999.97127401109719,1193.50042265659,36.299999999999997,0.022844677375348451
211.11591199619761,-998.55082133011149,1195.0499051868801,35.93,0.022759128151868303
211.09741844340752,-998.6518506649702,1193.7645904737201,35.93,0.022530107651829914
211.07891810850623,-999.01808466939235,1194.07572675654,35.909999999999997,0.022341564513208716
211.06040279174084,-999.82710533100624,1196.78583106826,35.909999999999997,0.022190634368559021
211.04187846493812,-1000.313647346925,1194.2023270371301,36.140000000000001,0.022169078391360449
211.02333543511128,-1001.3236106498109,1194.2023270371301,36.140000000000001,0.022316261508153697
211.00478657728405,-1001.6383226692086,1195.1800817465901,35.859999999999999,0.022340526595522405
210.9862373427778,-1001.6586633376346,1195.1800817465901,35.859999999999999,0.022302220271570784
210.96768890093844,-1001.6158593252541,1195.6490511475899,35.93,0.022169411590950653
210.94916014414824,-1000.5528666718218,1195.6490511475899,35.93,0.021861349751302262
210.93064271638264,-999.941099341582,1193.7858097297899,36.090000000000003,0.021775730156650339
210.91214825398771,-998.70096932679917,1193.0963031168301,36.090000000000003,0.021651638671702961
210.89367269641977,-997.68010866802797,1193.7893860089,35.850000000000001,0.021629760869595501
210.87520291407392,-997.36824667559108,1193.84708331193,35.850000000000001,0.021487527225538022
210.85672775904942,-997.65837132348986,1194.6360104842199,35.939999999999998,0.021278330429926273
210.83823648695071,-998.52869333000081,1196.96536027972,35.939999999999998,0.02097486104865132
210.81972418456789,-999.66432867295725,1199.2994784473799,36.009999999999998,0.020680100551674511
210.80119757085211,-1000.437140652282,1199.9067306407401,36.009999999999998,0.020393532597265753
210.78265794553067,-1001.1397673568955,1196.3612075282599,35.890000000000001,0.020300103348551223
210.76411354459267,-1001.397650652983,1196.3612075282599,35.890000000000001,0.020396019226770812
210.74557816713579,-1000.9103826706238,1195.6418985893599,36,0.020483665993596287
210.72705281381471,-1000.3690793391628,1196.12898780453,36,0.020374958914745354
210.70854328572844,-999.5145166576491,1197.9052064305799,35.899999999999999,0.02000181936103964
210.69004876435818,-998.70415399411593,1201.40304582155,35.899999999999999,0.019585593701228348
210.67157136172841,-997.77974200827839,1201.40304582155,35.890000000000001,0.019233469951120324
210.65310808312347,-997.01704466671765,1203.4741882651099,35.890000000000001,0.019051121136017226
210.63464068497515,-997.23950000908576,1203.2991890071901,36.07,0.019012031454169777
210.61616098197524,-997.90396199455574,1203.2991890071901,36.07,0.019070155304231517
210.59767463348146,-998.26281866524539,1202.46996909022,35.880000000000003,0.019140875798002957
210.57916899729636,-999.30435399526266,1203.75433012895,35.880000000000003,0.019043213163019858
210.56063438040732,-1000.8693120082311,1202.1488192258901,35.960000000000001,0.018892640052070264
210.54209033027175,-1001.3787073201892,1201.04899418938,35.960000000000001,0.018595680597548448
210.52354036209897,-1001.6982813306826,1203.1570915171001,36.210000000000001,0.018406479300487683
210.50500404917287,-1000.960898008565,1205.3085810313901,36.210000000000001,0.018404536986530811
210.4864829571728,-1000.1389680049468,1203.71308370985,35.920000000000002,0.018565070086803609
210.46797643725944,-999.35207532145978,1202.1607401562601,35.920000000000002,0.018733913700030705
210.4494903288396,-998.24985467103215,1204.6426778605801,36.020000000000003,0.01869593228973912
210.43101036093827,-997.91826667164844,1204.6426778605801,36.020000000000003,0.018437568921033293
210.41252872906171,-998.0081213335302,1206.55837137203,35.850000000000001,0.018172403797621639
210.39404946793826,-997.88010066644142,1206.59031946544,36.329999999999998,0.017830352811061826
210.37555732454325,-998.57574333097432,1207.3136815206601,35.909999999999997,0.017736799386164532
210.35703931934566,-999.97228066917262,1206.83732114283,35.909999999999997,0.017881589013732012
210.33849569140762,-1001.3559086543747,1206.90479360876,36.189999999999998,0.018197092131834031
210.31992731823468,-1002.6921513387275,1206.18095471632,36.189999999999998,0.018494928044837645
210.30135466406182,-1002.9233253352434,1205.1087862382899,36.189999999999998,0.018496721367567907
210.28278209372837,-1002.9187980064876,1205.1087862382899,36.189999999999998,0.018375133060984154
210.26421689118513,-1002.520937333717,1205.2902227986101,36.009999999999998,0.018139056234236121
210.24567354262967,-1001.340821995625,1205.2902227986101,36.009999999999998,0.018062006899737332
210.22714915167887,-1000.317111342869,1204.4631486491101,36.259999999999998,0.018102876430569414
210.20863987712343,-999.50082599350765,1202.9451373750101,36.259999999999998,0.018357120245923834
210.19014337411107,-998.81116266755544,1200.20165445824,36.039999999999999,0.018638658018248339
210.17165318649398,-998.47013132265488,1200.20165445824,36.039999999999999,0.018733753295447231
210.15316104309878,-998.57574334196624,1200.1725673881299,36.079999999999998,0.018628716670741348
210.13465759034563,-999.18644866942589,1201.2502194941301,36.079999999999998,0.018309013293806992
210.11613311970368,-1000.3214146657183,1201.06973660824,36.310000000000002,0.018097751045577991
210.09758984255546,-1001.3369660030846,1202.5014403464099,36.310000000000002,0.018135630013918172
210.07902695280251,-1002.3960466597522,1204.4753079981001,35.950000000000003,0.018484644176934118
210.06044912151853,-1003.2028893341085,1203.2133583084801,35.950000000000003,0.018994612620774665
210.04188039133348,-1002.7114299933812,1198.3565328546199,36.189999999999998,0.019439991765898331
210.0233291161974,-1001.7688573489027,1198.3565328546199,36.189999999999998,0.01953062808191643
210.00479408333331,-1000.8917746596899,1197.7631089404999,36.25,0.019441072096204989
209.98628870066682,-999.29066399064106,1198.6073492297401,36.25,0.019184905622619847
209.96780329383949,-998.2119686759562,1197.26982084153,35.880000000000003,0.019055195149932258
209.94931916809867,-998.14279000436011,1197.26982084153,35.880000000000003,0.019274064230745385
209.93083058441974,-998.38351866234609,1196.2815757133501,36.210000000000001,0.019567128689661192
209.91232933372837,-999.06753733404162,1196.2815757133501,36.210000000000001,0.019898173500990653
209.89381998053091,-999.50507266360466,1196.4849467855599,36.25,0.01999583819860163
209.87529644639508,-1000.2708433345446,1195.9930891982401,36.25,0.019958485944162028
209.85675043425928,-1001.4846553318721,1195.3696245395699,35.859999999999999,0.019856942820159158
209.83819322246919,-1002.0894366654557,1194.3954461092301,35.859999999999999,0.019757379260158924
209.81962553846924,-1002.6549359983632,1197.21927609673,36.259999999999998,0.019868447750127999
209.80105487216053,-1002.8159806694324,1197.21927609673,36.259999999999998,0.020241247898854099
209.78250536446916,-1001.6734153340444,1194.47126322642,36.049999999999997,0.020640750100168952
209.76398531865436,-1000.082473998937,1191.11671341857,36.049999999999997,0.020941639724890663
209.74549242191367,-998.61642399731431,1190.14301182544,35.899999999999999,0.020904663125611823
209.72702683674075,-997.14159933731924,1190.14301182544,35.899999999999999,0.020693524018689423
209.70856369369136,-997.00972466724136,1190.7681454143701,36.259999999999998,0.020491258347888393
209.69008548598777,-997.8232159938666,1191.64743323892,36.259999999999998,0.020480664041767072
209.67158662465428,-998.93851200942083,1191.8276777061999,35.920000000000002,0.020772187665141006
209.65306398044436,-1000.2227873350154,1191.8276777061999,35.920000000000002,0.021118507205031719
209.634528434321,-1000.9194906613047,1192.6442614369701,35.869999999999997,0.021406985398343053
209.6159856900988,-1001.3081879986894,1190.9913052310101,35.869999999999997,0.021286416380656953
209.59743387686416,-1001.7979146709331,1189.86358521743,36.229999999999997,0.021173826735298818
209.5788969399629,-1000.9945926672569,1192.6313868321599,36.229999999999997,0.020963212266418015
209.56035751539505,-1001.1289266647549,1192.6313868321599,35.859999999999999,0.020781069364190771
209.54182150153088,-1000.9447486655314,1194.8875421151599,35.859999999999999,0.020783857128613071
209.52330267056786,-1000.0168720022459,1198.07805992103,35.909999999999997,0.020807851111607399
209.50479259093822,-999.54430000107993,1196.4823241808799,35.909999999999997,0.020937087631165686
209.48630077867915,-998.5578619899685,1196.4823241808799,36.090000000000003,0.020969350720261688
209.46781549602474,-998.20526333795908,1193.9352981967099,36.090000000000003,0.020934483034734823
209.44932585996287,-998.44034734168838,1194.26670006117,36.07,0.020793998196634064
209.43082710417286,-998.93281265898713,1196.1606974793301,35.850000000000001,0.020715439076338646
209.41230441443207,-1000.2252460029158,1198.22468736466,35.920000000000002,0.020715128637510183
209.39375419169156,-1001.7120279880567,1198.22468736466,35.920000000000002,0.02091795206768237
209.37520738070384,-1001.5277933360808,1196.6246600895699,36.049999999999997,0.021032622705491711
209.35665699032114,-1001.7210806670087,1195.8064074285501,36.049999999999997,0.021082644048229099
209.33811950807416,-1001.0240413373557,1197.9490754543599,36.07,0.020910209665303502
209.31959553207409,-1000.294704003139,1201.2673856338699,35.840000000000003,0.02062309947527665
209.3010777017779,-999.96283599362414,1203.1160835166099,35.950000000000003,0.020542408641384857
209.28257739275321,-999.01668733376039,1203.5912518013999,35.950000000000003,0.020611834606247173
209.26409266785186,-998.17514467266835,1203.08151281852,35.939999999999998,0.020861561517533614
209.24561249816048,-997.92916333503786,1204.8591619562101,35.939999999999998,0.021028865338847878
209.22713640145707,-997.70922198329094,1207.21283044968,35.93,0.020862938842235092
209.20865846591371,-997.8085193421615,1208.39014153363,35.93,0.020562980525652991
209.19016145066675,-998.83882333545762,1208.39014153363,36.039999999999999,0.020374805762640776
209.17165531983954,-999.33106466883385,1208.6154471177399,36.039999999999999,0.020350308879907325
209.15312167774076,-1000.8166733352415,1203.7772183152699,35.859999999999999,0.020557925518550672
209.1345703384568,-1001.7723213338546,1203.7772183152699,35.859999999999999,0.020850546032692485
209.11601942135815,-1001.74952332756,1206.8065651424599,36.299999999999997,0.021104103781334121
209.09748026893826,-1001.1142306725696,1208.10618497207,35.939999999999998,0.021143641531175764
209.07896402395065,-999.87722933187092,1207.45482533632,35.960000000000001,0.020918873038866602
209.06047425233342,-998.44766733017264,1209.7159874100701,36.189999999999998,0.020538968956074162
209.04199742816053,-997.74850533598305,1210.7550157016501,35.880000000000003,0.020190038608867183
209.02352460556796,-997.53241999876025,1210.7550157016501,35.880000000000003,0.020166934571331389
209.00505430996304,-997.39596266621413,1211.4254488260101,35.969999999999999,0.020239287986302951
208.98656833192598,-998.2428140001831,1211.4254488260101,35.969999999999999,0.020383650233425216
208.96807855306159,-998.44805867824095,1213.3583084771999,36.170000000000002,0.020301143327847632
208.94957300069149,-999.29982798554659,1214.22138383643,36.170000000000002,0.020027293097862851
208.93105308524684,-1000.0754340095916,1212.6106277240101,35.869999999999997,0.019599581142570932
208.91252144964224,-1000.7083226488909,1211.1667646368501,35.869999999999997,0.01935441253731976
208.89397375492587,-1001.5755146842619,1210.94288956438,35.920000000000002,0.019396206153531659
208.87542750272834,-1001.4976186665655,1209.75985643385,35.920000000000002,0.019735372101177682
208.85689494509893,-1000.7581119874154,1209.75985643385,36.009999999999998,0.020116415500385898
208.83837813511127,-999.90773933423827,1209.69929810754,36.159999999999997,0.020204940818243703
208.81988992811117,-998.36317800491236,1211.2878812894701,35.880000000000003,0.020019021918141304
208.80141613797514,-997.58466734566559,1211.2878812894701,35.880000000000003,0.019544095014340727
208.7829403268764,-997.69379933216942,1215.4792804097301,35.960000000000001,0.019317114112928475
208.76446473619754,-997.68189665923262,1215.4792804097301,35.960000000000001,0.019326282451911911
208.74596173771616,-999.16191799464752,1214.5909326781,36.119999999999997,0.019674330123237913
208.72743768411118,-1000.2988946690114,1213.1399170327099,36.119999999999997,0.02012163606833605
208.70890122113576,-1000.9690006712023,1212.62159497995,35.859999999999999,0.020359901503460377
208.69034734244443,-1001.9094493321046,1212.2611060453801,35.859999999999999,0.020345517745056042
208.67178480969139,-1002.3767686646181,1210.7926858416399,35.920000000000002,0.019989592118044422
208.65322010074095,-1002.4942833238903,1211.9430556229399,35.920000000000002,0.019670879058564125
208.63465150611123,-1002.704110004897,1211.2206472421501,36.090000000000003,0.019639359998202315
208.61608510837033,-1002.5854780091319,1211.2206472421501,36.090000000000003,0.020021051169023616
208.59753176155544,-1001.8807280024459,1207.2700509154899,35.840000000000003,0.020549199033826248
208.57899177198775,-1001.1594366561299,1204.4703012073401,35.840000000000003,0.021082178381640632
208.56048790944442,-999.20857734004835,1205.31740251987,35.950000000000003,0.021135460384865915
208.54199410933339,-998.66520599625994,1205.31740251987,35.950000000000003,0.020743743006081831
208.52350093941979,-998.63117533420427,1205.49860066159,36.119999999999997,0.020261038509634722
208.50498528529616,-999.84532267537577,1205.49860066159,36.119999999999997,0.01998019095329831
208.4864386823086,-1001.5165613288476,1202.34146146076,35.829999999999998,0.020353151480756334
208.46786309861727,-1003.0815193308239,1201.0106087935701,35.829999999999998,0.021092548132052111
208.44927532701234,-1003.7396666668452,1201.0106087935701,35.939999999999998,0.021825776337229791
208.43068916660474,-1003.6526620099404,1200.4009724141299,35.939999999999998,0.022206191604470189
208.41211351772824,-1003.0850393309925,1201.0873795851901,36.07,0.022037725691322403
208.39354968525927,-1002.4469533237777,1197.52850503069,36.07,0.02161855913004734
208.37499578690142,-1001.9105113238928,1196.95129358188,35.829999999999998,0.021289873668022364
208.35646280604922,-1000.7809660199187,1196.95129358188,35.829999999999998,0.021312427190116563
208.33794307274076,-1000.0655986564866,1198.4054086691599,35.939999999999998,0.02170880945863107
208.3194393198888,-999.20265400569235,1198.4054086691599,35.939999999999998,0.022258190440643671
208.30094956069132,-998.446996664469,1193.66397782135,36.039999999999999,0.022710429288042129
208.28246889739515,-997.95581799339254,1193.66397782135,36.039999999999999,0.022764484294294972
208.26398149650618,-998.31964800410742,1192.2208299900101,35.869999999999997,0.022457143703281252
208.24547034481483,-999.60219133173007,1192.2208299900101,35.869999999999997,0.022104151754566499
208.22692653475306,-1001.365743336968,1195.0239175586601,35.899999999999999,0.022045920286340556
208.20836322900004,-1002.4185106632265,1195.0239175586601,35.899999999999999,0.022533568029371363
208.18979623313592,-1002.6177766622234,1192.4008360386899,35.950000000000003,0.023039071303588378
208.17123097885195,-1002.5237313344694,1192.4008360386899,35.950000000000003,0.023520118037532855
208.15269452312333,-1000.9686093451179,1191.43094914328,35.909999999999997,0.023524940226200493
208.13418276711113,-999.63482465815355,1190.7865036471501,35.909999999999997,0.023308590888283322
208.11569155297528,-998.52556333687698,1192.2675600370801,35.850000000000001,0.022841616424179007
208.09720519102461,-998.26354533517372,1192.2675600370801,35.850000000000001,0.022464505294845668
208.0787239430619,-997.98738998754766,1191.719674077,36.280000000000001,0.022485701167709427
208.06024573433339,-997.82327133857143,1192.1168794771299,35.969999999999999,0.022711058455903887
208.04176713650634,-997.84428266170914,1190.3635490373999,36,0.023007548103111262
208.02328229467903,-998.18145867358908,1190.2488696871801,36,0.023149433030339242
208.00477778228375,-999.24366934536431,1188.1319508709801,35.840000000000003,0.023033547525676223
207.98626169355552,-999.86879132538991,1188.1319508709801,35.840000000000003,0.022848939723900612
207.96772222965441,-1001.1310506593231,1185.8719808902699,35.969999999999999,0.022862218324944672
207.94917892043216,-1001.3386980010566,1185.8719808902699,35.969999999999999,0.022950169327041199
207.93063426597533,-1001.4113406685967,1186.8630870417501,35.979999999999997,0.023223783614217935
207.91212169764196,-999.67869000280234,1186.8630870417501,35.979999999999997,0.023439998427394297
207.8936262345926,-998.75500466490905,1187.7814755179299,35.829999999999998,0.023588900356648505
207.87514898822221,-997.77130400179749,1187.73045393592,35.829999999999998,0.023529986957346864
207.85668327266669,-997.14863999717613,1187.73045393592,36,0.023290731212707142
207.83822163629623,-996.92836400507326,1189.3061625130399,36,0.023062148433122681
207.81974555303708,-997.70849599486655,1189.48593014311,36.009999999999998,0.022837032252142848
207.80125644367911,-998.41190532966493,1187.77313086666,36.009999999999998,0.022950076190222352
207.78275842054319,-998.89324934013212,1189.06917441716,35.859999999999999,0.022958459126187856
207.7642465351729,-999.6418099952898,1191.34178058407,35.859999999999999,0.022728325186523023
207.74572697054336,-1000.0564899952939,1188.84148464697,35.979999999999997,0.022466056466121591
207.7271934443456,-1000.8104146790255,1188.84148464697,35.979999999999997,0.022263346863777674
207.70865542917301,-1001.0528193197671,1188.7423025062401,36.079999999999998,0.022284145366383529
207.69011599839507,-1001.1292620085985,1187.4004825831,36.079999999999998,0.022450612034358088
207.67158899456783,-1000.4582066715966,1191.55444998198,35.890000000000001,0.022579170761531094
207.65307746620988,-999.62253132964406,1194.1634648041099,35.890000000000001,0.022736426649404104
207.63459169616056,-998.23158266346184,1195.4711908663701,35.93,0.0226749728188433
207.61611891909885,-997.52996133086003,1194.96312081374,35.93,0.022546546540552114
207.59763822891361,-997.95727000321745,1194.33917931785,36.170000000000002,0.022302819415810568
207.57914935341975,-998.39927666830363,1194.33917931785,36.170000000000002,0.022123939259700867
207.56064325571592,-999.32927600711753,1195.3836912374099,36.009999999999998,0.022203596303401216
207.54212480866653,-999.9961406672553,1197.13296856081,35.909999999999997,0.022339104772978045
207.52359411472838,-1000.6574726596015,1194.2333214561099,35.890000000000001,0.022401616181022425
207.50506940504937,-1000.3343226666989,1194.2333214561099,35.890000000000001,0.022250858860080786
207.48653823717277,-1000.6830653371602,1194.76070341595,36.210000000000001,0.021869603336704201
207.46800772535798,-1000.6476379989924,1196.5564723678201,36.210000000000001,0.021617024511497534
207.44947726009875,-1000.6451239973794,1197.98769926878,35.950000000000003,0.021568414660659344
207.43095931286422,-999.96915066505676,1197.9421613147499,35.950000000000003,0.021721276765211871
207.41246308924684,-998.79607533829392,1196.10085440884,36.210000000000001,0.022019885682667929
207.3939858946174,-997.76850999005319,1198.8202570462499,35.890000000000001,0.022315558872023241
207.37551852854332,-997.23776800012172,1201.0571004220401,36.259999999999998,0.022377606686081249
207.3570469539259,-997.46502934035288,1201.0571004220401,36.259999999999998,0.022257198053640848
207.33856356081492,-998.10322799355276,1200.60219771888,35.950000000000003,0.021918021764561223
207.32005806743214,-999.2966426697019,1200.60219771888,35.950000000000003,0.021745701217199005
207.30153050583962,-1000.4883259964072,1201.5482427535301,35.869999999999997,0.021735761939647887
207.28297593175301,-1001.9470006758327,1202.4826052764199,35.869999999999997,0.022018709116409945
207.26442180470383,-1001.9228606566268,1196.63944204324,36.299999999999997,0.02227807521558775
207.24587281130866,-1001.6456433391968,1195.7327360788299,36.299999999999997,0.022322760070810403
207.22734018125911,-1000.7620226761326,1197.2996231674699,36.07,0.022084704700483456
207.20882056487659,-1000.0592846555658,1197.2996231674699,36.07,0.021661890462923748
207.1903139859877,-999.35525999976858,1198.8474367675101,35.890000000000001,0.021326370121606493
207.17182167391357,-998.58485200315909,1198.61378653214,35.890000000000001,0.021268859925831218
207.15333548891351,-998.25399000319169,1199.3440627269799,36.25,0.02145659592598179
207.13485375874063,-998.01342933589558,1199.3440627269799,36.25,0.021962412738770417
207.11637335518515,-997.94179199639916,1197.59621591523,36.259999999999998,0.022239669544338987
207.09788677903711,-998.27511199375488,1197.59621591523,36.259999999999998,0.022360909112312807
207.07937169716052,-999.81442133593202,1198.5215185310301,36.079999999999998,0.022302447928855773
207.06083344192598,-1001.0657826654523,1198.5215185310301,36.079999999999998,0.022154507323424479
207.04227644433325,-1002.0778700068745,1198.9041803960999,36.049999999999997,0.02219638372606518
207.02371481392606,-1002.3280419883934,1199.2897032844701,36.049999999999997,0.022303158823436402
207.00515505546917,-1002.226956671294,1193.90788005684,36.240000000000002,0.022648706420213043
206.98660887467912,-1001.4937626630332,1193.90788005684,36.240000000000002,0.023073128730342368
206.96808202088897,-1000.4501046684792,1190.8980835554701,36.210000000000001,0.023172033120435757
206.94957073260497,-999.60956733543094,1192.39034561996,36.210000000000001,0.022997041754339097
206.93106870787673,-999.10933532588251,1193.59149856466,36,0.022711281972666458
206.91257017871607,-998.92057467518237,1192.54817873814,36,0.022521687463172426
206.89406706330854,-999.1682320065604,1192.54817873814,36.210000000000001,0.022525523480811532
206.87555057100016,-999.89058465216863,1193.7998764276399,36.210000000000001,0.02270827897924375
206.85702582200014,-1000.3364460017473,1193.2507983745099,36.259999999999998,0.022914294779476378
206.83847841288903,-1001.5600920001643,1193.2507983745099,36.259999999999998,0.023260987890323093
206.81991878482694,-1002.2199153519172,1190.7567013212099,35.969999999999999,0.023515545252391343
206.80134986527156,-1002.7216559910669,1190.08722187128,35.969999999999999,0.023482004177952341
206.78276720043218,-1003.4639013262642,1189.9281966600699,36.210000000000001,0.023359446267315058
206.76418532720996,-1003.4211539996122,1189.9281966600699,36.210000000000001,0.023299296279345259
206.74561809851866,-1002.6303493303523,1190.5912388075899,36.259999999999998,0.023438575570788
206.72707395007416,-1001.3840160040581,1190.5912388075899,36.259999999999998,0.023740349955391891
206.708555171889,-1000.0140219972692,1191.40448467785,35.960000000000001,0.023871160420218952
206.69005155562951,-999.19527801298341,1194.0113537325101,35.960000000000001,0.023749433459974639
206.67156125108647,-998.4764453235756,1192.0470228251199,35.969999999999999,0.023636942103017936
206.65306547656792,-998.77182400313461,1189.65163107534,36.159999999999997,0.023418273771488304
206.63455421416049,-999.60816999979897,1188.67888315664,36.280000000000001,0.023296733068800802
206.61603110841983,-1000.2477099953981,1188.7282358084001,36.280000000000001,0.023134648799491189
206.59750196772842,-1000.5735973363005,1188.7282358084001,35.960000000000001,0.023092090460889454
206.57896036696297,-1001.2464413350191,1190.83442578726,35.960000000000001,0.023160982466496737
206.56040751375309,-1001.8540733330992,1189.41464297946,36.259999999999998,0.023205839096302402
206.5418520683582,-1001.9940513253339,1189.41464297946,36.259999999999998,0.023151112521373678
206.52329867706177,-1001.883130006602,1190.80414662411,35.890000000000001,0.023011183357625094
206.50476685932099,-1000.7181580019959,1193.18833269934,36.189999999999998,0.022843058948317681
206.48625824082717,-999.46539866633191,1194.9266427667901,36,0.022908975892387915
206.46776060883943,-998.87212733857689,1194.39186983012,36,0.022885451720168471
206.44927854753098,-998.03131065491743,1194.39186983012,35.899999999999999,0.02283872932854045
206.43079586948156,-998.06461466902851,1194.42501001656,36.229999999999997,0.022807375837779358
206.41230843029626,-998.32171600544302,1195.36819402792,36.189999999999998,0.022577187053138485
206.39380853002467,-998.9946146673625,1195.36819402792,36.189999999999998,0.022421150154728689
206.37528992671608,-1000.0045786627443,1195.1641076998801,35.939999999999998,0.02218532893323219
206.35675815451842,-1000.7156986745757,1195.4039568190501,35.939999999999998,0.022019841190931713
206.33821820425911,-1001.1573140025852,1194.3067543872301,36.259999999999998,0.021894885650139133
206.31968070235823,-1001.0251026476401,1194.3067543872301,36.259999999999998,0.02178902323130464
206.30115037266657,-1000.6378033493751,1196.2284083638699,36.229999999999997,0.021656542602763246
206.28262238162955,-1000.511515999298,1198.5515592755701,36.229999999999997,0.021571511819873948
206.26410247965438,-1000.0747066581597,1201.6653062898299,35.969999999999999,0.021584423045173638
206.24559973366672,-999.14828333473065,1201.6653062898299,35.969999999999999,0.021498119462721246
206.22710848744438,-998.52729600536088,1204.27122167006,36.259999999999998,0.021408949464851283
206.20863250664203,-997.70296332707494,1204.27122167006,36.259999999999998,0.021270818797195983
206.19015507813566,-997.78113934391035,1202.3967745777099,36.170000000000002,0.021159700643756114
206.17166821741969,-998.29047866263568,1200.5549908345899,36.170000000000002,0.02103144405971074
206.15316798600011,-999.01249665689602,1200.68612106873,36,0.020852520439412985
206.13464861591365,-1000.0459846689811,1203.3597473335001,36,0.020591901195584014
206.11610665709875,-1001.2657760048893,1200.28796199417,36.25,0.020431319460813471
206.09757315056791,-1000.8093526652533,1200.5328179040901,36.25,0.020263878011554805
206.07904264600009,-1000.6472466619158,1200.5328179040901,36.189999999999998,0.02001623726933948
206.06051937159253,-1000.256818008063,1203.4672741254899,36.189999999999998,0.019758265056952821
206.04200612753104,-999.71517932176619,1204.68630846576,36.009999999999998,0.019483389338380536
206.02349893190134,-999.38856400288785,1204.68630846576,36.009999999999998,0.019384603948053556
206.00500102051842,-998.88721467883056,1204.5754438132601,36.210000000000001,0.019382146291009865
205.98650436227157,-998.81954532933173,1205.46855991704,36.210000000000001,0.019425038877716187
205.96800691138267,-998.86234800068848,1207.40332691709,36.189999999999998,0.019457659986738686
205.94951166254333,-998.74343732482384,1207.40332691709,36.189999999999998,0.019415156496166323
205.93100679313591,-999.26294800001801,1207.2047242170199,36,0.019252521713450672
205.91247800944441,-1000.5543193411664,1206.6332348147901,36,0.019106676595047042
205.89393801262972,-1001.1598279932065,1208.43758683653,36.25,0.018769537819778127
205.87538714830853,-1001.7466733445674,1207.7471265491399,36.25,0.018469082810881863
205.85682989718518,-1002.0915606600239,1206.2050349956801,36.159999999999997,0.018323793394310402
205.83827484813582,-1001.9726486651198,1204.12507106365,36.159999999999997,0.01831527385347044
205.81972889498761,-1001.4814700050355,1203.9674763640701,36.020000000000003,0.018340573751861426
205.80120634804953,-1000.217534655371,1203.9674763640701,36.020000000000003,0.0182701316198286
205.78269963980256,-999.36224533690483,1206.07199741268,36.25,0.018167422256956018
205.76419879061729,-999.04585600472024,1207.324410358,36.25,0.018046532442112746
205.74569532440728,-999.18717533935421,1208.9363585634701,36.049999999999997,0.017931696232056468
205.7271900452221,-999.28507600012892,1208.9363585634701,36.049999999999997,0.017695710477260297
205.70867447596302,-999.84073999092323,1209.4770919653299,36.090000000000003,0.017677215446345838
205.69016033576531,-999.76357067613094,1209.4770919653299,36.090000000000003,0.017826354334150037
205.67163582683943,-1000.3234819965421,1208.7275038632799,36.32,0.018072949930016149
205.65309303708656,-1001.3106466555978,1206.2586791823701,36.32,0.018352829962839795
205.63453752650625,-1001.9975713364946,1205.8915145267899,35.950000000000003,0.018416940133232352
205.61597180449388,-1002.5489886681841,1206.29706457818,35.920000000000002,0.018439126305433731
205.59741238339524,-1002.2087393269245,1205.58013982536,36.189999999999998,0.018423914694140467
205.57886781998778,-1001.4064240033078,1204.4786458586,36.189999999999998,0.018525273641737953
205.56034151879012,-1000.420264672296,1204.4786458586,36.280000000000001,0.018574088399277162
205.54184057956797,-999.05071799581606,1203.8766388746101,36.280000000000001,0.018594188411567424
205.5233533080247,-998.31266333748295,1206.12301899469,35.93,0.018646134474756298
205.5048579619135,-998.74869000446847,1202.7598861169699,35.93,0.018651086016023055
205.48635519730865,-999.14928866277444,1202.7598861169699,36.170000000000002,0.018642668920798494
205.46784561748163,-999.51731065840113,1202.2406103897799,36.170000000000002,0.018615837517849735
205.44932151109899,-1000.301744662996,1204.00347757381,36.259999999999998,0.01864460400039291
205.4307835611236,-1001.0492986710706,1201.90157912988,36.259999999999998,0.018810930965785417
205.41222993595065,-1001.895759338475,1201.90157912988,35.979999999999997,0.019125870118719763
205.39367548499987,-1001.94035134206,1201.7652036863799,35.939999999999998,0.019325294229654608
205.37512175428384,-1001.9014586669248,1199.0503310025099,36.189999999999998,0.019474963965571586
205.35656982412365,-1001.8042286498699,1199.0503310025099,36.189999999999998,0.019547647485682648
205.33803366124687,-1000.9527953459278,1198.63047583466,36.240000000000002,0.019608670842568867
205.31952465883964,-999.48612999033037,1199.5095252405999,36.240000000000002,0.019599450759777433
205.30102950830863,-998.73812867393099,1200.83513269843,35.93,0.01961552228069393
205.28255827724692,-997.44647733364343,1200.0400066423399,35.93,0.019671712072602751
205.26408483067897,-997.56611466844436,1197.98722243157,36.159999999999997,0.01977353563033566
205.24559767709874,-998.30629333233742,1198.14100243342,36.159999999999997,0.019777419250649683
205.22709118306176,-999.35067799681974,1198.3219621565299,36.210000000000001,0.019698467927759828
205.20856022938295,-1000.6714986565948,1198.3219621565299,36.210000000000001,0.019561414506545364
205.19001853755572,-1001.2513586708196,1200.0485897122101,35.939999999999998,0.019579770873825043
205.1714749810123,-1001.3520533433382,1200.0485897122101,35.939999999999998,0.019648020267136933
205.15293150933343,-1001.3474706588858,1198.7012861610999,36.210000000000001,0.019733200055908836
205.13439214374088,-1001.1257419974381,1197.30749098152,36.210000000000001,0.020009739738505599
205.11585566112362,-1000.9700613329587,1197.5735661475101,35.890000000000001,0.020172168595724956
205.09732375335818,-1000.7230193335718,1197.9860303385301,36.189999999999998,0.020420630971190921
205.07881597925939,-999.41980133470304,1200.80723772135,35.859999999999999,0.020443626369935238
205.06031400109873,-999.10682067574157,1200.41122441426,35.859999999999999,0.020339372050743248
205.04182198085195,-998.56909332668988,1200.41122441426,36.25,0.020341081537512552
205.02333300808644,-998.40452933695587,1198.5363004846899,36.25,0.020363380513047376
205.00483161355564,-999.07530466382696,1199.06344402593,36.020000000000003,0.02045048815376857
204.98632238453087,-999.49836733659936,1199.1943358414601,36.020000000000003,0.020374858548652938
204.96779580393846,-1000.4353519905657,1199.5698451483099,35.890000000000001,0.020369973241088871
204.94925401483957,-1001.256611339472,1198.6567018814901,35.890000000000001,0.02041139329977943
204.93071229611107,-1001.2528113401644,1198.99358737392,36.280000000000001,0.020343191508328237
204.91216855848143,-1001.3618319997229,1198.99358737392,36.280000000000001,0.020136779378006307
204.89363093343212,-1001.0317526629167,1201.5420438697399,36,0.019946299077214378
204.87511325213572,-999.95479000572345,1203.63607449962,35.909999999999997,0.01983855333358547
204.85660060619762,-999.68288065768252,1204.2981629727101,35.869999999999997,0.019987203801978121
204.83810351850627,-998.84273533222256,1205.14478744802,35.869999999999997,0.020122894403245342
204.81961919098759,-998.15368600822967,1203.99251031786,36.159999999999997,0.020187151511803739
204.80113449299995,-998.1736913328117,1203.99251031786,36.159999999999997,0.020308692209402353
204.78264995022215,-998.16531000106716,1204.46982437012,35.899999999999999,0.020373416037338263
204.7641605490617,-998.42766266511035,1203.04026639942,35.899999999999999,0.020399328527863116
204.74566005066666,-999.02691333144605,1203.04026639942,36.259999999999998,0.020370205042763833
204.7271458390739,-999.76742600915156,1203.91812371232,35.939999999999998,0.020224539975509832
204.70862164886427,-1000.3062713212402,1206.35523871842,35.969999999999999,0.020036969545163534
204.69008302937041,-1001.0854526681745,1207.94310664452,35.969999999999999,0.019841197258974413
204.67155337540748,-1000.6013139974352,1208.83503065527,35.840000000000003,0.019729330932003273
204.65303238791381,-1000.1333246587378,1208.83503065527,35.840000000000003,0.019663867235600475
204.63452403019758,-999.45131667610588,1208.93492805182,35.960000000000001,0.019816108461885411
204.61602761203713,-998.80658066460671,1210.33897523153,35.960000000000001,0.020030170882465746
204.59753808048146,-998.43470400647129,1212.3388305114299,35.920000000000002,0.0200617458279722
204.57905314138293,-998.18671132025759,1213.3463875468201,35.920000000000002,0.019897537096527331
204.56057282888901,-997.93687467159066,1214.49127370015,35.899999999999999,0.019661059810363132
204.54208679186422,-998.24599933801176,1214.49127370015,35.899999999999999,0.019395103065313037
204.52358864661718,-998.89984334019186,1210.58573849031,36.039999999999999,0.01928223814208211
204.5050790398889,-999.51876332774589,1210.58573849031,36.039999999999999,0.019195419220410459
204.48655278422234,-1000.4178059934036,1212.13688995086,35.829999999999998,0.019203117117007784
204.46803234828388,-1000.1035406777713,1210.5223191407099,35.829999999999998,0.019167947265555072
204.44950799561738,-1000.3150439900611,1210.5223191407099,35.909999999999997,0.019144237862105645
204.43098759900013,-1000.1014173317309,1211.4316477098,35.909999999999997,0.019011882439330729
204.41247300451846,-999.78810201042938,1212.8607288433,36.090000000000003,0.018938936090801231
204.39396003985195,-999.70009199250444,1215.3643626409,36.090000000000003,0.018942563077501338
204.3754604645062,-998.97706867020054,1215.3643626409,35.82,0.018991306423089507
204.35696990643214,-998.49013599870921,1215.5148047822499,35.82,0.019108648927333445
204.33847838702471,-998.54204800177047,1214.7299307262799,35.909999999999997,0.01913642821476037
204.31998315785208,-998.74237532204381,1213.6906640160901,35.909999999999997,0.019047301667440241
204.30147791798771,-999.28295267607234,1212.9489437280799,36.189999999999998,0.018860226911834164
204.28295934676558,-1000.0028459942605,1214.5179765841899,36,0.018667791863915446
204.26444166650629,-999.95473400149888,1210.1773274156201,35.899999999999999,0.018527439483042283
204.24591068075301,-1000.6732306765509,1207.5625905469201,35.899999999999999,0.018438530256255317
204.22737183359251,-1001.0977466671957,1210.8174813768201,35.880000000000003,0.018587314216955281
204.208831869889,-1001.1580399910097,1210.8174813768201,35.880000000000003,0.018773005450409139
204.19028765728399,-1001.387480670514,1210.65654881675,36.030000000000001,0.018867727165404916
204.17174718032115,-1001.1857559926249,1212.5453010255501,36.030000000000001,0.018868607778250904
204.15321717555557,-1000.6202573412212,1212.93320809999,35.850000000000001,0.01884242003366925
204.13469492767922,-1000.2013853233292,1212.93320809999,35.850000000000001,0.01890377763031428
204.11617879962975,-999.87091467143034,1209.09609903051,35.920000000000002,0.019109386739686231
204.09766598397542,-999.69204533409197,1208.3591471146501,35.920000000000002,0.019203640734014992
204.07914620513586,-1000.0680573353789,1208.45308404602,36.039999999999999,0.019212573143625043
204.06062307974091,-1000.2487713276664,1207.82032106165,36.039999999999999,0.019127873498512298
204.04208687134567,-1000.9552533433164,1208.88462172563,35.850000000000001,0.01899976282365971
204.02352756096289,-1002.2027606698477,1206.8649777012999,35.850000000000001,0.018976812976565095
204.0049663144691,-1002.3073106643949,1206.8649777012999,36.310000000000002,0.019049760370148529
203.98640022198776,-1002.5689939927661,1204.9292570268201,35.920000000000002,0.019280858751699423
203.96783559686432,-1002.4897566656464,1200.5313873924499,36.140000000000001,0.019563882515200432
203.94927705327166,-1002.1613540040913,1201.74493810474,36.140000000000001,0.019800004867746617
203.93073288619752,-1001.3850220026137,1203.2252792388499,35.890000000000001,0.020015464271807917
203.91220025097522,-1000.7623020047599,1202.28781727407,35.890000000000001,0.019934574764084501
203.8936749887161,-1000.3641619923703,1202.6754859299001,36.020000000000003,0.019868105233395463
203.87514970679027,-1000.3652239951504,1202.79088053595,36.020000000000003,0.019800565729100036
203.85663989930862,-999.52960400889481,1202.79088053595,35.850000000000001,0.019879825420658921
203.83813274920982,-999.38610533498741,1199.2231844929699,36.25,0.020115097159554431
203.81962016845671,-999.67936066850598,1198.3930109015701,35.909999999999997,0.020316907512732147
203.80109409387657,-1000.4080273260271,1198.3930109015701,35.909999999999997,0.020405812602660695
203.78255358380261,-1001.1875439948212,1198.71630653337,36.020000000000003,0.020368001936961297
203.76400510366653,-1001.6179273485737,1200.4214764143801,36.020000000000003,0.02023682412285208
203.74545045714797,-1001.9509120020856,1199.07488811909,36.280000000000001,0.020175012241424341
203.7268988839877,-1001.7849506547358,1195.21155300278,36.280000000000001,0.020244405091674425
203.70835495802464,-1001.3720020041759,1196.3609691096499,35.960000000000001,0.020514608664780505
203.689830851642,-1000.301744662996,1198.5033987168499,35.960000000000001,0.020650244417407686
203.6713163668519,-999.78217866508112,1197.2297665154699,36.049999999999997,0.020724374587523842
203.65281898114819,-998.85882800051991,1197.2297665154699,36.049999999999997,0.020621059871358073
203.6343297093332,-998.42067800947791,1197.1498962819501,36.259999999999998,0.020469146676185653
203.61584982524687,-997.91374066193237,1196.5664859493399,36.259999999999998,0.020316227642452327
203.59735617517293,-998.65710399314253,1200.5850315791399,35.909999999999997,0.020312442346569062
203.57885488412342,-999.06971667331459,1200.5850315791399,35.909999999999997,0.02045870655602729
203.56034139377766,-999.72847867081521,1196.25320389905,35.979999999999997,0.020730828661701221
203.54182523985182,-999.87231199607038,1196.25320389905,35.979999999999997,0.020865888027593475
203.52330088718534,-1000.3150439900611,1194.7053902990101,35.909999999999997,0.020843855004036228
203.50476892044458,-1000.7262040008885,1194.7053902990101,36.240000000000002,0.020624833794799131
203.48624100080261,-1000.5076606662774,1195.65167375227,35.890000000000001,0.020475442426930987
203.46771855838276,-1000.2118906716262,1199.64280124221,35.890000000000001,0.020575467496509275
203.44921471448166,-999.20757065998907,1198.4657285768701,36,0.020972221257881687
203.43072029140751,-998.69884600274258,1197.33085600506,36,0.021417305501975289
203.41224423919769,-997.70681933060723,1197.7421281030299,36.25,0.021445878471836533
203.39377653577782,-997.25598467397924,1197.7421281030299,36.25,0.021163935051669733
203.37530342758038,-997.54784266087381,1199.0806101656699,35.920000000000002,0.02075018464892129
203.35681919733335,-998.14843333957708,1199.0806101656699,35.920000000000002,0.02046783661599191
203.33832405920987,-998.73745866774698,1196.4143748777401,36.170000000000002,0.020459755849616252
203.3198150702593,-999.4854033313942,1198.07805992103,36.07,0.020627129000101687
203.30128960001247,-1000.3753933290917,1203.3218387749,36.310000000000002,0.020901759467069372
203.28275335849386,-1000.9570420050327,1203.42888872968,36.310000000000002,0.021184646625695924
203.26420986714825,-1001.3485326616658,1201.58281345163,35.899999999999999,0.021141938241246536
203.24567658827166,-1000.7970593367438,1201.58281345163,35.899999999999999,0.020888103167778005
203.22714699949393,-1000.5977939972665,1205.5188662432299,36.07,0.020531671535381001
203.20862608961718,-1000.1291333443378,1205.5188662432299,36.07,0.020343670622403675
203.19011724450624,-999.47763599061682,1206.1928756467,35.82,0.020378801143269863
203.17162428258038,-998.61994399748301,1204.3425088337101,36.280000000000001,0.020472479779226081
203.15312955320977,-998.71538601234124,1201.8908502925501,35.909999999999997,0.020491818179658096
203.13463999579014,-998.43610066059932,1202.8843406301,35.909999999999997,0.020270704609395139
203.11615106235806,-998.4024053313957,1203.7092690121301,36.039999999999999,0.019903541021355532
203.09765237693824,-998.92901267067157,1203.7092690121301,36.039999999999999,0.019544369231282256
203.07914078960496,-999.62571599696082,1200.3418445994701,36.259999999999998,0.01933019814443045
203.0606089915309,-1000.7170959992156,1202.78420481494,36.259999999999998,0.019521218618416152
203.04207236092591,-1000.9780526686504,1206.3750274628401,35.939999999999998,0.019797789343430162
203.02353339787661,-1001.1040046638919,1206.3750274628401,35.939999999999998,0.019897990342769879
203.00500777135795,-1000.3838320060846,1208.65788562988,36,0.019849822341508925
202.98648764172859,-1000.0869999866688,1211.0256208211899,36,0.019692640950877662
202.96798003009883,-999.41102800636213,1210.1735127178999,35.909999999999997,0.019568287660581791
202.94948302727161,-998.83815266975409,1206.60891611682,36.189999999999998,0.019684447387885894
202.93099483992603,-998.36211666165195,1206.5130718365999,35.850000000000001,0.019815512413317665
202.91251177900011,-998.08528999979455,1207.6415071060101,35.850000000000001,0.020045638079469217
202.89402714619766,-998.17017133264301,1208.5508356751,35.960000000000001,0.020100226011932933
202.87553484034581,-998.58451599979537,1208.5508356751,35.960000000000001,0.01982628885357204
202.85702841149381,-999.3471580076432,1206.22506215871,36.140000000000001,0.019332368135620753
202.83850374632098,-1000.3319193325115,1208.25090506684,36.140000000000001,0.018941760058383363
202.81996990243212,-1000.8275699986308,1208.25090506684,35.850000000000001,0.018794604887113989
202.80143026365425,-1001.1404940048396,1207.0611962153,35.850000000000001,0.01897636698524411
202.78289084529627,-1001.128591331903,1208.7997447013499,35.950000000000003,0.019403163133147716
202.76436222406159,-1000.5455466723455,1208.8521967950101,35.950000000000003,0.019806337857749271
202.74584349761722,-1000.0112279965169,1208.8521967950101,36.07,0.019892923952233355
202.72734094101247,-999.13805665554116,1206.8478115615601,36.07,0.019663100436944542
202.70885565732095,-998.20531934218354,1210.00185132049,35.869999999999997,0.019262866638436973
202.69036626235794,-998.42732800277031,1207.82222841051,35.869999999999997,0.018993143201458496
202.6718741189629,-998.57574333097432,1207.82222841051,35.890000000000001,0.019189184536518567
202.65336819096311,-999.32011199022816,1205.87077210793,35.890000000000001,0.01961392247634515
202.63485424530867,-999.7530653388261,1201.37491242587,35.960000000000001,0.020107446860746694
202.61633736288883,-999.91165067148336,1201.37491242587,35.960000000000001,0.020186573050634714
202.59781989061727,-999.9435026647775,1204.3100839030801,35.960000000000001,0.01983612983213684
202.57928709809886,-1000.7707959934817,1204.3100839030801,35.960000000000001,0.019392628840480122
202.56074556874066,-1001.2425853424787,1199.54767221781,35.859999999999999,0.019093902988735312
202.54219680196303,-1001.6334059929279,1199.54767221781,35.859999999999999,0.019324439476499294
202.52364930903713,-1001.5646179988884,1202.9267791422301,35.979999999999997,0.019778840042388991
202.50511244353092,-1000.9907373342364,1202.9267791422301,35.979999999999997,0.020357980908468205
202.48659105971592,-1000.1547260109044,1204.2218690182999,35.909999999999997,0.020801275963433074
202.46808159682726,-999.51099598696851,1201.14221586492,35.909999999999997,0.020819589912189296
202.44957118606166,-999.56218134208575,1197.7507111729001,36.210000000000001,0.020517657197639583
202.4310587025804,-999.67410798886158,1202.2754195064799,35.829999999999998,0.020174881849063735
202.41253469345676,-1000.2964926758474,1202.3450377398799,36.020000000000003,0.020109841402557949
202.39399855024692,-1000.9517333321556,1198.7172602078001,36.020000000000003,0.020431522282495507
202.37544956927169,-1001.644972662501,1198.7172602078001,35.890000000000001,0.020881627377689262
202.35689395520967,-1002.0031593489909,1195.8791251038499,35.890000000000001,0.021053464669842953
202.33832664062976,-1002.6349873155415,1196.3371272489001,35.909999999999997,0.020911365549712058
202.31976384193817,-1002.3911293459354,1196.3371272489001,35.909999999999997,0.020472054471179408
202.30120456364205,-1002.2010279903719,1197.3184582374599,36.25,0.020143384517233725
202.282651386531,-1001.8715639965485,1195.9005827785199,35.979999999999997,0.02014564971845564
202.26411072019764,-1001.1959820013025,1196.6425414851401,35.960000000000001,0.020514769071806643
202.24557764932095,-1000.7858273405027,1196.6425414851401,35.960000000000001,0.02101300180849822
202.22706393132117,-999.74077198833265,1196.35095552813,36.170000000000002,0.021387275508310023
202.20856380441961,-999.00685268414315,1193.9932339183399,35.880000000000003,0.021450484379936054
202.19006576265448,-998.89425531670361,1192.2515859903799,35.920000000000002,0.021173314494804928
202.17154847148157,-999.93372333788113,1192.89030943993,35.920000000000002,0.020800813407986861
202.15302389735788,-1000.3270026782146,1192.89030943993,36.140000000000001,0.020590241381649058
202.13447722296286,-1001.5204173323799,1192.85287771855,36.140000000000001,0.020820278046618849
202.11592325216043,-1001.9144233316496,1194.3074696430499,35.899999999999999,0.021285347439076945
202.09736424704943,-1002.186275993962,1194.3074696430499,35.899999999999999,0.021578341520103652
202.07880952292592,-1001.9551026679579,1194.2843430381199,35.920000000000002,0.02163060112349258
202.06026771416055,-1001.2576733312602,1195.4089636098099,35.920000000000002,0.021427959828878337
202.04174000976548,-1000.4960373329599,1191.6223992851301,36.210000000000001,0.021137788684018045
202.02322121813592,-1000.0147479966855,1191.6223992851301,36.210000000000001,0.02095613524361006
202.00472316291373,-998.89498199762386,1191.1660660703301,35.899999999999999,0.020859357375633585
201.98623849700013,-998.1719593348397,1191.1660660703301,35.899999999999999,0.020901573199334784
201.96775361067907,-998.18386133726472,1192.9451457196601,35.890000000000001,0.020936381900380972
201.9492709843704,-998.06182066827648,1192.8307047880501,35.890000000000001,0.020787462379046263
201.93077498218537,-998.78411799116407,1191.88036821847,36.210000000000001,0.020523256524157645
201.91226574696296,-999.49870200993132,1193.29991260766,36.210000000000001,0.020092994796444687
201.89373893145671,-1000.4480373376554,1194.0251820117501,35.909999999999997,0.019952054652730387
201.87519998807412,-1001.1029426611119,1192.9191580914401,35.909999999999997,0.019945869635159066
201.85665800339504,-1001.2671726700095,1192.9191580914401,35.869999999999997,0.020045404224326373
201.83811728635803,-1001.1987199978298,1192.31095222365,35.869999999999997,0.019972009791314686
201.81958179817309,-1000.9163619872206,1197.9905602920701,36.280000000000001,0.019827588566429074
201.80106913981484,-999.68355134537023,1195.8955759877699,36.280000000000001,0.019553132974601772
201.78256899945663,-999.00757934307956,1195.8955759877699,36,0.019196505772798071
201.76408150129643,-998.32490065077593,1193.62392349528,35.890000000000001,0.018914240523040606
201.74560225982728,-997.87903933417306,1195.78971812603,35.890000000000001,0.018739137382176446
201.72712360922233,-997.84713266668575,1195.78971812603,35.890000000000001,0.018810374257167747
201.70864532391363,-997.82740667073085,1194.21949317688,36.189999999999998,0.018915695445744757
201.69015306979011,-998.58172266955512,1190.5940998308799,36.189999999999998,0.018830718479265561
201.67164729701236,-999.31172999896364,1195.59826798418,35.859999999999999,0.018497828596919612
201.65312831703696,-1000.0249186716505,1200.1871109231799,35.859999999999999,0.01808359805254757
201.63459254324695,-1000.9317846603261,1200.9624482348499,35.920000000000002,0.017774171302436952
201.61605046130865,-1001.2724246681502,1200.9624482348499,35.920000000000002,0.017859553920829559
201.59751528564186,-1000.8994860072346,1198.79498467386,36.159999999999997,0.018131819857394628
201.57899232270373,-1000.2399986588455,1199.4174956581001,36.159999999999997,0.018349209185600207
201.56047971608663,-999.68075732263424,1198.8750933259801,35.880000000000003,0.018329595522765616
201.54198027008658,-998.97008400357618,1198.8750933259801,35.880000000000003,0.017867751632893076
201.52348480083955,-998.75533933824101,1198.28119257464,35.909999999999997,0.017252565459797305
201.5049946525433,-998.46800799859841,1199.0996836542699,35.909999999999997,0.016710010046041321
201.48650262608643,-998.56942867053351,1198.6941336028699,36.229999999999997,0.016419448782994908
201.46800430491351,-998.9093433384611,1198.6941336028699,36.229999999999997,0.016458975155916121
201.44949512762949,-999.4955733358471,1197.83868763908,35.939999999999998,0.016576831959821379
201.43097245134575,-1000.2245193219953,1197.86133740679,35.939999999999998,0.016638115043754443
201.41243580004956,-1000.9791699941516,1197.5347039144899,36.170000000000002,0.016561157789825014
201.39389846783948,-1001.0159393452304,1197.8420254995899,35.880000000000003,0.016256642219996689
201.37535712681469,-1001.2324153380256,1198.44880085573,36.25,0.016046743844707528
201.35681874739501,-1001.0724886629694,1199.3106841219301,36.25,0.016006551064463682
201.33828131067912,-1001.0215826584633,1199.3106841219301,35.969999999999999,0.016203713090204203
201.31975508708621,-1000.4160740174158,1199.99256133945,35.969999999999999,0.016575740243230743
201.30124040155559,-999.79301865373418,1199.6881007776401,36.119999999999997,0.016737242943893074
201.2827373182223,-999.16649999759636,1199.71694942915,35.82,0.016709195657127356
201.26423835961734,-998.94376466708138,1198.29287508641,36.280000000000001,0.016397906252061972
201.24573900571616,-998.96511066355083,1197.8012559177,36.280000000000001,0.016080138993262192
201.22723842350615,-999.03143934116224,1196.1840625028699,36.030000000000001,0.015875246993223829
201.20872282112347,-999.84252866363147,1196.1840625028699,36.030000000000001,0.015975556646011021
201.19020083298781,-1000.1873593263359,1194.6863168104101,36.07,0.016172525161512279
201.17166479324706,-1000.9461460011632,1195.2833170036499,35.869999999999997,0.016343815052419965
201.15312338703708,-1001.2359353381943,1201.80549643105,36.310000000000002,0.016381415642329984
201.13458572265432,-1001.0338766684769,1201.80549643105,36.310000000000002,0.016274123144943625
201.11604678548159,-1001.1026073282601,1199.95965957161,36.189999999999998,0.016241948017878559
201.09752276395045,-1000.2971626820314,1199.2174624463901,36.189999999999998,0.016270545829042311
201.07900795423447,-999.79972466224319,1198.02465415295,35.850000000000001,0.016511968435002973
201.06050012943226,-999.42253932023857,1196.7152591604299,35.850000000000001,0.016832991197008509
201.04199887149369,-999.06792868210994,1196.7152591604299,36.229999999999997,0.017197989965592395
201.02349967902464,-998.95639332844269,1196.4916225065699,36.229999999999997,0.017397643794811662
201.00498361616036,-999.86739467126165,1196.52523953023,36.259999999999998,0.017488690928981747
200.98646696760503,-999.89902198813797,1191.62835975031,36.259999999999998,0.017405728704559517
200.96794473938257,-1000.2003240130449,1191.62835975031,35.880000000000003,0.017260368916816284
200.94940780972829,-1000.9942013301805,1192.1729078499,35.880000000000003,0.017192658651033563
200.93086154407413,-1001.4983453255016,1193.4739581911499,36.25,0.017204608555360115
200.91231167937042,-1001.6926939996902,1193.6348907512299,36.25,0.01744445723905377
200.89376896102482,-1001.3067906630575,1193.6813823796999,36.159999999999997,0.017697443774527057
200.87523867065437,-1000.6356800033346,1193.2782165143699,36.159999999999997,0.017877149705020485
200.85671460980262,-1000.2992859950957,1191.0125244870801,35.880000000000003,0.017936883706767714
200.83820842827177,-999.33380266536142,1191.33510486306,35.880000000000003,0.017978822197703356
200.81972007846937,-998.37088933047301,1191.33510486306,36.25,0.018047101590006998
200.80122658465439,-998.64866600864536,1191.67032142524,36.25,0.0182181741650633
200.78273234888897,-998.68873133200236,1192.5939551107799,36.100000000000001,0.018379008400456896
200.76423137138272,-999.05278533763169,1192.4377909228599,36.100000000000001,0.01855915722659927
200.74572285016055,-999.46014599767932,1191.8901433813701,35.869999999999997,0.018623635798859471
200.72719826983942,-1000.3273373405545,1191.5925969591899,35.869999999999997,0.018701575079834571
200.70865314143211,-1001.4369339946829,1191.67699714625,36.280000000000001,0.018717919787294656
200.69010636872832,-1001.525726005257,1191.67699714625,36.280000000000001,0.018684276271107806
200.67155749846916,-1001.6389939944321,1191.10717667427,35.950000000000003,0.018731184930266858
200.65300982341969,-1001.5744526704898,1191.7809476591301,36.079999999999998,0.018868764039665736
200.63446647487666,-1001.3408213251131,1192.7796832060401,35.899999999999999,0.019098157062552856
200.61592819997517,-1001.0668446792245,1190.74859508855,35.899999999999999,0.019044448724139851
200.5974064074075,-1000.1767986553183,1189.87479089198,36.280000000000001,0.019011892791959886
200.57890540196306,-999.05429400020921,1193.0226317671099,36.280000000000001,0.018970200576309451
200.56040534024709,-999.0033326619905,1190.5695427143,36.119999999999997,0.018966959592310373
200.54190873996308,-998.81641533620791,1190.5695427143,36.119999999999997,0.019073748136150787
200.52341160777777,-998.84513800689035,1192.74153622884,35.859999999999999,0.018980741091668668
200.50489106216054,-1000.1094633306235,1192.74153622884,35.859999999999999,0.018977532158907892
200.48635528216064,-1000.9321199931779,1195.75920054426,36.259999999999998,0.018972877618753294
200.46780160421005,-1001.8986093324596,1195.1662534673501,36.259999999999998,0.0189646633592561
200.44923877239509,-1002.3929180076519,1195.1662534673501,35.909999999999997,0.01899468816429168
200.43068182654312,-1002.0750760061225,1193.6832897285601,36.229999999999997,0.019105244436361524
200.41213646427153,-1001.4495626670365,1194.56925327411,35.909999999999997,0.019084942637876051
200.39360275595084,-1000.8202493176506,1194.3887703882201,35.909999999999997,0.019113588048661388
200.37510199265438,-999.04121800853875,1193.16568293162,36.159999999999997,0.01891306808509171
200.35661596287656,-998.24560800093536,1194.28076675901,36.159999999999997,0.018820274202911005
200.33813728640746,-997.84852933180605,1199.9055385477,36.329999999999998,0.018726748721909145
200.31966246975307,-997.64009933790351,1201.8634321526799,36.329999999999998,0.018584520246329353
200.30118099309877,-997.99973933127399,1201.8634321526799,35.939999999999998,0.018634946190633772
200.28268964237046,-998.53293932958582,1202.42943792694,36.07,0.018630370289057563
200.26418642348162,-999.17381999707266,1202.2701742971201,36.07,0.018720391927719252
200.24566117983949,-1000.3631566753185,1202.3633959726601,36.07,0.018773429719915649
200.22712074219749,-1001.1836326685683,1205.5698878252399,36.280000000000001,0.018680309881870753
200.20857823185199,-1001.2955586558244,1207.7998170614001,36.280000000000001,0.018611558607411458
200.19003201172831,-1001.4958866795854,1207.7998170614001,36.119999999999997,0.018629749410993525
200.17150016191349,-1000.7198899999678,1206.49805146433,36.119999999999997,0.018730548515829313
200.15298952348144,-999.57447533011498,1206.71668132742,36.090000000000003,0.018697902567946973
200.1344951521605,-998.69605133147866,1207.1208008671799,36.090000000000003,0.018578665328808648
200.11601896335821,-997.71419532331629,1205.99236559777,36.299999999999997,0.018534200881241868
200.09754362102478,-997.66848600522201,1204.9697881901,36.299999999999997,0.01848738122448591
200.07907127858013,-997.506492010334,1206.76078876982,35.969999999999999,0.018435130929282867
200.06059772232103,-997.5720379918082,1206.76078876982,35.969999999999999,0.018367246818350589
200.04210397393834,-998.66241266601958,1211.3255514294599,36.140000000000001,0.018214194311037057
200.02359956502457,-999.23808134386013,1211.3255514294599,36.140000000000001,0.018274644394976829
200.00508257291375,-999.91757398385539,1211.4409460355,35.869999999999997,0.018276766775553545
199.98654419453078,-1001.0724326807288,1212.74891051637,36.25,0.01833765870866344
199.96800489930857,-1001.1219419981304,1213.43579452465,35.93,0.018328724220751737
199.94946478038278,-1001.1664219932662,1213.29631963924,35.93,0.018437708626668676
199.93093954398762,-1000.3627653382421,1211.9475855764799,36.189999999999998,0.018512867391832818
199.9124282225925,-999.6113553376274,1212.44683414064,36.189999999999998,0.018567740916937157
199.89393193481482,-998.79953999375766,1213.77101108682,36.25,0.018535245004521139
199.8754520703952,-997.91267865915211,1213.4956375951299,36.25,0.018412564984196526
199.85697902635806,-997.54437800540995,1213.3442417793599,35.950000000000003,0.018297900551369484
199.83849512723458,-998.13055266908327,1213.3442417793599,35.950000000000003,0.018234240514855886
199.82000293209879,-998.57853733172635,1211.9587912510401,36.210000000000001,0.018106540670572172
199.80149646392579,-999.34928134269171,1210.7359422130501,36.210000000000001,0.017937038923535726
199.78296714111124,-1000.5834319859176,1213.2445828014099,35.909999999999997,0.017988707658233707
199.7644285350616,-1001.0847266797499,1215.03081500898,36.240000000000002,0.018125096747984518
199.74587741101234,-1001.760698660057,1211.86223171499,35.920000000000002,0.018377771806903406
199.72732185490136,-1002.0000299934029,1213.07482875285,35.920000000000002,0.018556172848123449
199.70876341479018,-1002.155766002587,1213.07482875285,36.159999999999997,0.018603263629202227
199.69020647617279,-1002.0746853395577,1210.2614891840799,36.159999999999997,0.018682715796734882
199.67166309555549,-1001.3425533340771,1208.46023660424,36.299999999999997,0.018651463714066809
199.65313876875297,-1000.3136473359328,1208.46023660424,36.299999999999997,0.018675924386515989
199.63463085807416,-999.4271766569002,1208.5443983727,36,0.018677431055267254
199.61612659196291,-999.23037000730733,1208.5443983727,36,0.018895904846566797
199.59762209923474,-999.2426073206002,1205.00316679515,36.140000000000001,0.019043023794524345
199.57909312098775,-1000.5648253379912,1203.4253124505699,36.140000000000001,0.019160564991530564
199.56056016703701,-1000.779513339582,1203.4253124505699,35.859999999999999,0.019111342522503402
199.54200583923466,-1001.9337013267836,1204.7449594432101,36.299999999999997,0.018878807834823683
199.52344415812343,-1002.3307800069048,1204.66795023298,36.039999999999999,0.018793771876128698
199.50487911701234,-1002.5122199986089,1202.9034141187001,36.039999999999999,0.018844781447230056
199.48631185520989,-1002.6321373325487,1202.9034141187001,36.030000000000001,0.01912725674957157
199.46774819244433,-1002.4377893398641,1199.4840144496,36.030000000000001,0.01949757958512072
199.4491938387778,-1001.9350979919038,1201.67341252248,36.299999999999997,0.019779300521772663
199.43065648691362,-1001.0170006665066,1202.0679953179399,36.299999999999997,0.019970761825726102
199.41213592783933,-1000.1101900115439,1202.0679953179399,36.210000000000001,0.020061527480094432
199.39363372098774,-999.11916998649167,1196.66519125285,36.210000000000001,0.02006177272172481
199.37513170970371,-999.10860933745812,1196.9942089312301,36.009999999999998,0.020093757455595978
199.35663770262965,-998.67638199926841,1197.7368828936701,36.009999999999998,0.020090496789612087
199.33812925281492,-999.45628999414703,1195.5408090997701,36.170000000000002,0.020180217304552089
199.31960182058029,-1000.4813406702629,1195.5408090997701,36.170000000000002,0.020304426749097271
199.30105237807413,-1001.6698953338757,1193.2877532586799,36.229999999999997,0.020391973155326325
199.2824891768395,-1002.4128666684896,1192.8404799509599,36.229999999999997,0.020418176429971267
199.26393193917283,-1002.0908340010877,1194.1277020129801,35.979999999999997,0.020311262666522598
199.24537820224691,-1001.9017939997764,1194.9643129067799,35.979999999999997,0.02017067331244345
199.22683372369136,-1001.4018420003592,1194.2497723400299,36.210000000000001,0.020150745078196648
199.20830645391374,-1000.4725679904498,1194.2497723400299,36.210000000000001,0.020309828425667871
199.18980409804934,-999.12721667788026,1192.8378573462801,35.869999999999997,0.020504515210019315
199.17130727113582,-998.8286533310046,1192.59037883167,36.259999999999998,0.020732397423632754
199.15282388528402,-998.1028359969564,1190.6496513664299,35.960000000000001,0.020718347895420122
199.13434319508656,-997.9572706627373,1190.6496513664299,35.960000000000001,0.020810567462653768
199.11586267356799,-997.94816200154457,1191.6922559371301,35.939999999999998,0.020724083811342421
199.09736761409877,-998.73321133813033,1192.4842825513199,36.159999999999997,0.020560020990515231
199.07885360945681,-999.75625066566272,1191.34416477015,36.280000000000001,0.020464188932582825
199.06032415727176,-1000.5904179935659,1190.5817020632901,36.280000000000001,0.020448261257620573
199.04178746769145,-1000.9812373359675,1190.5817020632901,35.950000000000003,0.020518528507999238
199.02325240170381,-1000.8935633323982,1187.3823627689301,35.950000000000003,0.020659340345593243
199.00471884343224,-1000.8121466660053,1188.3639321761,36.140000000000001,0.020629330026991903
198.98620172817277,-999.92422401012379,1188.3639321761,36.140000000000001,0.020524706286729883
198.96769772283955,-999.21628799509722,1188.1932244531199,36.280000000000001,0.020564133299733514
198.94921616858014,-998.00393000813813,1189.1802774882599,36.280000000000001,0.020616145599271298
198.93073736276554,-997.85551398743837,1188.6261926443799,35.960000000000001,0.020689633153835169
198.91227267992608,-997.09287333160626,1190.401457596,35.960000000000001,0.020691581693333443
198.89380856209866,-997.06236268071132,1190.401457596,36.07,0.020659856710732224
198.8753340382963,-997.62428532772174,1192.79041204338,36.07,0.020537619583206781
198.85683654186448,-998.86480731711663,1193.9817898251799,36.299999999999997,0.02044791045495787
198.83831657986428,-1000.0779480112049,1193.60103530896,36.299999999999997,0.020401118735176457
198.81977060085188,-1001.4828666701557,1190.0388228939601,35.920000000000002,0.020334830307611872
198.80121520100005,-1001.9915919979139,1190.0388228939601,35.920000000000002,0.020515505839309053
198.78265670914814,-1002.1585600033391,1189.69597693634,36.049999999999997,0.020518308091183369
198.76409947148147,-1002.0908340010877,1190.09842754584,36.049999999999997,0.020324557808079444
198.74556619881491,-1000.7967239929001,1188.6447892957699,36.280000000000001,0.020111787854594575
198.72705872377784,-999.40365200266126,1191.9597616147701,36.280000000000001,0.019990231631614445
198.70857309032098,-998.22420667075289,1193.31421772411,35.950000000000003,0.020154784958297058
198.69009382298765,-997.88043599929324,1190.6749237388301,35.950000000000003,0.020422691271818481
198.67162211177779,-997.47240533306183,1191.25594988536,36.140000000000001,0.020489670951468648
198.65314486437026,-997.77136000602195,1192.7308073915001,36.140000000000001,0.020459927609136161
198.63466012704939,-998.17581532737995,1196.2441439919601,36.25,0.020288224860043266
198.61615495238283,-999.27943199439994,1196.2441439919601,36.25,0.020042327756528304
198.59762563576552,-1000.5830973345697,1196.38314204015,35.979999999999997,0.01972560564387418
198.5790779545062,-1001.5747880033414,1195.6421370079699,35.979999999999997,0.019607626733334924
198.56051498609878,-1002.4002940003609,1197.2173687478701,36.210000000000001,0.019795284090632442
198.541957020963,-1002.1301173317959,1197.2173687478701,36.210000000000001,0.020083214886361771
198.52341250930871,-1001.4036293320439,1193.74456331069,35.869999999999997,0.020233975300736336
198.50490301433339,-999.51272866644445,1193.8137047068701,36.280000000000001,0.020078061565820694
198.4864179914199,-998.19123732997366,1196.87690697633,35.960000000000001,0.019653846199372271
198.46795329513577,-997.09359934201473,1199.3113993777499,35.960000000000001,0.019363615043704471
198.44949633711107,-996.67573333367011,1200.0929355732101,36.140000000000001,0.019388935628423105
198.43103971022234,-996.65785199266452,1197.71280261431,36.140000000000001,0.019637973356969173
198.41257000651851,-997.36400000549406,1198.8498209535901,36.299999999999997,0.020039059850889513
198.39407810320989,-998.56277866624919,1198.8498209535901,36.299999999999997,0.020421777539474929
198.37557292129634,-999.27982333147634,1201.2254239589499,35.969999999999999,0.02045953128311797
198.3570484320372,-1000.322419993762,1200.3563881345301,35.969999999999999,0.020207467792245231
198.33851090425932,-1001.0265000052561,1201.2778760526,36.079999999999998,0.019786806979918598
198.31996649090135,-1001.3983213296787,1200.6403446960901,36.079999999999998,0.019590206857939208
198.30141758132098,-1001.6411173404726,1201.0528088870999,36.310000000000002,0.019822813988578575
198.28287680529644,-1001.2019053246665,1201.0528088870999,36.310000000000002,0.02027284457289236
198.26436129398778,-999.83761066831119,1199.8113631977301,35.939999999999998,0.020560985431790624
198.24586500000004,-998.79987533760141,1197.5764271707999,35.939999999999998,0.020681465459286959
198.2273920014938,-997.54191933750963,1197.5111004723401,36.140000000000001,0.020506908705555302
198.20893415353098,-996.72378999271916,1196.4382167384899,36.020000000000003,0.020166159508322172
198.19047075696298,-997.02341467186295,1196.5562339492101,36.240000000000002,0.01993170939636708
198.17199328293833,-997.78359733030697,1199.27778235409,36.240000000000002,0.019953573741216906
198.15348690582729,-999.34436399589902,1198.84219155815,35.869999999999997,0.020321596202171586
198.13495445892599,-1000.7521326708188,1196.9028946045501,35.869999999999997,0.021058927403496332
198.1164103301482,-1001.3829540012782,1196.0162158031701,35.960000000000001,0.021497390951226346
198.09786075208646,-1001.6772153333521,1195.5811018444399,35.960000000000001,0.021386002712818038
198.07929835592606,-1002.3693926609174,1195.5811018444399,36.119999999999997,0.0210254980934435
198.060737317432,-1002.2960786791456,1196.9584461401,36.119999999999997,0.020710742097508599
198.0421848998767,-1001.8305479863646,1194.5799821114499,35.850000000000001,0.02080386193270372
198.02364512450617,-1001.1478700085406,1194.5799821114499,35.850000000000001,0.021238139723302303
198.00511815998775,-1000.4560839960679,1194.9473851856501,36.299999999999997,0.021808385441623446
197.98661181496314,-999.34263132741512,1196.7915531148401,35.939999999999998,0.022230606736261663
197.96812076949377,-998.51645534619604,1193.13039697771,36.049999999999997,0.022344748595506989
197.94963029627144,-998.48555400675264,1191.2971963044599,36.049999999999997,0.021969485618002622
197.93112903833349,-999.06792864913416,1189.51215618994,35.829999999999998,0.021427730095937916
197.91260270401247,-1000.4220533340125,1189.51215618994,35.829999999999998,0.021198047326860203
197.89405133885194,-1001.7737186694866,1192.9100981843601,35.939999999999998,0.02135624798766201
197.8754736959136,-1003.1927186701356,1192.7501192987099,35.939999999999998,0.021901315905880389
197.85688719712348,-1003.6709346660386,1192.7501192987099,36.100000000000001,0.022369241336089578
197.83830930065434,-1003.2064093342772,1191.3489331423,36.020000000000003,0.022575514805015837
197.81975351791363,-1002.0122679991916,1189.6757113547001,35.869999999999997,0.022393469185829414
197.8012121830987,-1001.2320800051738,1189.6757113547001,35.869999999999997,0.022018441100786712
197.78268824641987,-1000.2925806570986,1188.9826284626299,35.909999999999997,0.021829527489527774
197.7641708124446,-999.9414346634419,1188.9826284626299,35.909999999999997,0.021987240764776417
197.74565600893831,-999.7993893403833,1189.3941389792101,36,0.022518671011067196
197.72714496072828,-999.59660334121781,1191.3320054211599,36,0.02305858354102773
197.70864537296302,-998.97773932491225,1191.3320054211599,35.920000000000002,0.023172801976427123
197.69013954844451,-999.31452399971568,1190.4586780617999,35.920000000000002,0.022909533645041742
197.67161935258039,-1000.090576661574,1187.9042611008001,35.909999999999997,0.022509175658952302
197.65308363776552,-1000.9286000040013,1186.7870315059499,35.909999999999997,0.02221460972398602
197.63452208601237,-1002.3237946697686,1186.7870315059499,36.020000000000003,0.022378722207062676
197.61595351207407,-1002.702992668404,1187.3921379318399,36.020000000000003,0.022648092775493685
197.59739319483944,-1002.2571306702976,1187.4972805377599,35.880000000000003,0.022983973220127976
197.57884876698751,-1001.3991040038317,1188.8839231591101,35.880000000000003,0.023114114171986149
197.56032951382718,-1000.0396706570682,1191.3174618861001,36.280000000000001,0.022912135142340122
197.54183162211118,-998.8861526650586,1188.46859794481,35.960000000000001,0.022497603458165503
197.52334569580248,-998.24002066994285,1189.3099772107601,36.079999999999998,0.022207228476899009
197.50486930624703,-997.72503599347283,1189.3099772107601,36.079999999999998,0.022126419682391631
197.48638262661729,-998.28070000625121,1189.2916189779801,35.869999999999997,0.022486060242053411
197.46788142766667,-999.06474333328958,1190.4808509923,35.869999999999997,0.022744382212659502
197.44936851474068,-999.69729800274456,1191.0828579762999,35.969999999999999,0.022651565568699281
197.4308450199259,-1000.2687199994959,1191.0828579762999,35.969999999999999,0.022197174323615905
197.41231477508634,-1000.6332213354344,1190.24100187314,36.189999999999998,0.021542500083079952
197.39377202362957,-1001.3085786652541,1190.24100187314,36.189999999999998,0.021067551439755576
197.37522012554322,-1001.8024966628897,1192.80400190401,35.909999999999997,0.020908778536201697
197.35667581566679,-1001.3927333281744,1193.1251517683399,35.909999999999997,0.02117123558269093
197.33814549943199,-1000.6370766794469,1193.1251517683399,36.210000000000001,0.021503937117372193
197.31964300076544,-999.13492799244898,1191.44239323645,35.969999999999999,0.021661886324029773
197.30117024956795,-997.52856466573985,1195.7410807300901,36.25,0.021294130841379502
197.28270691198767,-997.02022933403452,1199.9262809665499,36.25,0.020602640381721517
197.26424547740748,-996.91746733069192,1199.9055385477,35.93,0.020151986841856269
197.24577017956801,-997.66608333055444,1199.9055385477,35.93,0.020070589251463596
197.22726674543227,-999.18544333039017,1197.0199581408499,36.079999999999998,0.020406415896990007
197.20874764853093,-1000.0312326725713,1196.600102973,36.079999999999998,0.02068079179846765
197.19021701358034,-1000.654287332765,1196.600102973,36.310000000000002,0.020706280029053101
197.17168306518525,-1000.8332133338479,1198.1352803868399,36.310000000000002,0.02028648223423507
197.1531445501974,-1001.0798093439493,1197.4503037274201,35.969999999999999,0.01961174731199538
197.13460326091359,-1001.2296213262814,1197.8880402908401,35.969999999999999,0.018976331795790669
197.11605741745672,-1001.4755466706794,1199.64733119575,35.969999999999999,0.01872793668259333
197.09753187580242,-1000.379249332624,1200.98390590953,36.159999999999997,0.018941115376946312
197.07902139362955,-999.566037334626,1199.8983859894699,36.210000000000001,0.019358253729746776
197.06052474160521,-998.81920931497609,1199.8983859894699,36.210000000000001,0.019601467584207159
197.04204857349393,-997.71307800880732,1199.7577190110301,36,0.0193190202155833
197.02357704958035,-997.46229133283339,1204.25071766981,36,0.01875893005904539
197.00509198113573,-998.19369600886603,1208.0055723196899,36.259999999999998,0.018156812423824744
196.98657926379016,-999.68673666121481,1208.0055723196899,36.259999999999998,0.017885349479101212
196.96804154767906,-1001.0366699987171,1209.7565185733499,35.920000000000002,0.018010371260313813
196.94948096449369,-1002.2714920111347,1208.31837753277,36.140000000000001,0.01834408690584793
196.93090715962973,-1002.9854626544865,1202.30855969293,36.049999999999997,0.018514920439777923
196.91233360933327,-1002.9717160081044,1202.44827299693,36.049999999999997,0.018354833326144335
196.89377513713586,-1002.1574986600787,1202.44827299693,36.280000000000001,0.017694523563665601
196.87523672564214,-1001.0742206609413,1203.5364155216701,36.280000000000001,0.016951121187253802
196.8567089757162,-1000.4984960008601,1204.40449767166,36.049999999999997,0.01651121096305648
196.8381934250865,-999.83973400335969,1204.53896576631,36.049999999999997,0.016608535202898799
196.81969009546918,-999.17979933565323,1204.53896576631,36.119999999999997,0.017134107440271495
196.80120438958033,-998.22811799700594,1204.64887674437,36.119999999999997,0.017580448958953793
196.78273278185176,-997.46681734254958,1205.1803118205401,36.280000000000001,0.017675404537641742
196.76425420990128,-997.84288532607707,1205.9885509000501,36.280000000000001,0.017361162848085494
196.74575701251837,-998.84865867757071,1205.9885509000501,35.969999999999999,0.016963035910879797
196.72722756034574,-1000.5904173230539,1206.9252976090099,35.920000000000002,0.016585093823621933
196.70866442327161,-1002.4094020020337,1207.20353212399,36.210000000000001,0.016540238217700433
196.69010411223462,-1002.2567959969655,1208.4852705580299,36.210000000000001,0.016762118584787322
196.6715371422469,-1002.6163793375835,1208.4852705580299,36.189999999999998,0.017210934312425201
196.6529839775678,-1001.8708926713249,1205.9628016904401,36.189999999999998,0.017429607811618304
196.63445052380263,-1000.8065033197962,1201.0203839564799,35.850000000000001,0.017154657596618491
196.61592921138288,-1000.1508706668917,1202.3424151351901,35.850000000000001,0.016734629046604322
196.5974203911112,-999.47629467020136,1202.3424151351901,36.259999999999998,0.016418197708299623
196.57892077746914,-998.97913667153614,1202.2310736454799,36.259999999999998,0.016564125610282275
196.56042243664209,-998.91040465973742,1203.11632193522,36.049999999999997,0.016928302747243964
196.54192655140744,-998.77780267120352,1203.11632193522,36.049999999999997,0.017173934932029067
196.52343095176565,-998.76238065761788,1204.24809506513,35.850000000000001,0.017243932103749512
196.50491940375298,-999.62359268389628,1201.03516591014,35.850000000000001,0.0170626625763418
196.4863977074198,-1000.1716019908905,1199.9496459900899,36.280000000000001,0.01679045561957563
196.46786094022238,-1000.9854286613595,1199.9496459900899,36.280000000000001,0.016500378647021013
196.44930307856811,-1002.1245293302917,1201.37968079802,35.969999999999999,0.016537335601158585
196.43074327459257,-1002.2294146796745,1201.6271593126201,36,0.017014105486885554
196.41218405527155,-1002.197843334047,1200.1425266435799,35.869999999999997,0.017720876887822191
196.3936436300495,-1001.1829619918726,1198.3677385291701,35.869999999999997,0.018110793699946448
196.37512917113577,-999.78078134044119,1198.5005376935601,36.329999999999998,0.018117758953482898
196.35662625646918,-999.15739199592349,1198.5005376935601,36.329999999999998,0.017805983210157396
196.33813116388882,-998.73499934032702,1195.6743235199799,35.979999999999997,0.017575568830655856
196.31963957928397,-998.5455686614589,1195.6743235199799,35.979999999999997,0.017555804105621006
196.30113997807425,-998.97846532432879,1194.2612164331899,35.829999999999998,0.017880170295001909
196.28263836312337,-999.08720734775579,1194.2612164331899,35.829999999999998,0.018339990126082267
196.26412674991352,-999.62711333259278,1192.0463075693001,36.259999999999998,0.018741160425837355
196.24560498943205,-1000.1750659978264,1194.45314341225,36.259999999999998,0.018786021197183214
196.22706559072836,-1001.1275299996347,1197.3644730287201,35.920000000000002,0.018468065601100082
196.20850876904933,-1002.0683706681252,1197.3644730287201,35.920000000000002,0.01804876141004862
196.18994758050616,-1002.3041813307908,1196.5846057635099,35.899999999999999,0.017990557893249663
196.17138574313594,-1002.3392179914019,1195.40562574931,35.899999999999999,0.018278756703380888
196.15283978275315,-1001.4818606716002,1194.3241589455799,36.299999999999997,0.018810833696382815
196.13430932371602,-1000.6447880050075,1194.3241589455799,36.299999999999997,0.019233196763355404
196.11579997775311,-999.50468199703994,1196.68331106702,35.979999999999997,0.019250890866481088
196.09729891435805,-999.05742333381318,1199.3087767730699,36,0.019082522231488791
196.07881303359244,-998.23756134252267,1198.82049546486,35.859999999999999,0.018637623226970948
196.0603172073333,-998.77461799289483,1197.24693265521,35.859999999999999,0.018205016646158409
196.04181116135803,-999.32648266588524,1198.1510160149401,36.310000000000002,0.018098040801539247
196.02328992034575,-1000.1470146633594,1198.1510160149401,36.310000000000002,0.018296609113654178
196.00474994422225,-1001.1587106677055,1196.4422698548201,36,0.018752964427281332
195.98620673848151,-1001.3331099995523,1196.4422698548201,36,0.01894005367787098
195.96766691034554,-1001.1507193430058,1198.57397062468,35.869999999999997,0.018866021803891367
195.9491322355185,-1000.8724406603313,1198.57397062468,35.869999999999997,0.018594974850886403
195.93060894765429,-1000.2575446669994,1198.4888551818001,36.310000000000002,0.018333328065002048
195.91209836718508,-999.57134533699104,1198.4888551818001,36.310000000000002,0.018189731564357336
195.89359420558026,-999.2247266610982,1201.0039330725599,35.939999999999998,0.018404412819304491
195.87511230053082,-998.02287267042027,1202.0584585736301,35.939999999999998,0.018674537748743295
195.85663323497533,-997.86953999542379,1202.0584585736301,36.140000000000001,0.019033353573986396
195.83816011333349,-997.54856866029036,1201.7981054542199,35.869999999999997,0.019130409795966374
195.8196769095926,-998.09300200685914,1202.3490908562101,36.259999999999998,0.018930770456845342
195.80117510632093,-999.0973766707051,1202.3490908562101,36.259999999999998,0.018640765918497483
195.78265615841977,-1000.0231866626865,1203.0090335618299,35.969999999999999,0.018404283459784485
195.76412597877783,-1000.6297006647541,1203.0090335618299,35.93,0.018375923651613991
195.745590854852,-1000.8966919954904,1201.7323019185401,35.869999999999997,0.018405900857435098
195.72705710720987,-1000.8223726746832,1203.7843708734999,35.869999999999997,0.018406422389423322
195.70853540570374,-1000.1718813305097,1203.7843708734999,36.280000000000001,0.018342678535472317
195.69002076465446,-999.79061666057021,1204.4240479974801,36.280000000000001,0.018230635264829806
195.67153421540752,-998.27365933540216,1204.6784406517099,35.969999999999999,0.018135678651876361
195.65305680554317,-997.780132674843,1207.20782365892,35.969999999999999,0.018067708646222803
195.63459038838275,-997.18652666276409,1210.7128156081201,35.880000000000003,0.018117240526530264
195.61612498532097,-997.13176533622982,1210.7128156081201,35.880000000000003,0.018213618968541841
195.59764428271598,-997.95794066892108,1213.2162109871199,36.280000000000001,0.018339797643391165
195.57915492603709,-998.42526066095445,1214.70489677249,36.280000000000001,0.018321995942253273
195.56065181062957,-999.1682320065604,1213.4374634548999,35.950000000000003,0.018143357919888584
195.54213070620992,-1000.1396386596588,1211.09190119408,35.950000000000003,0.017844742789511564
195.52359654981473,-1000.844445341081,1211.00297105348,35.890000000000001,0.017678454114740533
195.50505864537021,-1001.0468400031701,1211.00297105348,35.890000000000001,0.017653041419326325
195.48652111759256,-1001.026499994264,1209.7360145731,36.32,0.017775779386812792
195.46800412548154,-999.9175739948472,1209.7360145731,36.32,0.017881669727762273
195.44949932644448,-999.25914800071052,1210.8103288186001,36.100000000000001,0.018034291764861664
195.43101527211113,-998.13893400082782,1210.8103288186001,36.100000000000001,0.018033735038331111
195.4125416692716,-997.57455333444511,1212.5016704203699,35.869999999999997,0.017985427347719213
195.3940655984444,-997.70782466964295,1213.39931647769,35.869999999999997,0.017878483565126797
195.37558976871625,-997.69480531973295,1214.34893779146,36.189999999999998,0.017886549853210434
195.35709998362955,-998.44839468160467,1214.34893779146,36.189999999999998,0.017982332249911154
195.33858947455562,-999.56748999297872,1212.7734676329501,35.859999999999999,0.018115937713930084
195.320059430469,-1000.6223806762698,1210.9641088204501,36.32,0.018119880310379009
195.30151286680245,-1001.5144379937992,1210.2643502073699,36.170000000000002,0.017941188476896661
195.28294920299999,-1002.4378453330968,1210.5669034203199,36.170000000000002,0.017677253739409982
195.2643861124939,-1002.4068873299087,1210.85586677264,36,0.017499582215452562
195.24582096788887,-1002.5178086706251,1211.2974180337701,36,0.017385404150604741
195.22727189585186,-1001.6498899983017,1211.83195255184,36.140000000000001,0.017424635597662119
195.20874430735805,-1000.4897786657519,1212.31641916232,36.140000000000001,0.017514216401267185
195.19023292801231,-999.61448467123148,1212.31641916232,36.299999999999997,0.017596556707049665
195.17173308671599,-998.99143000004563,1211.5286840830699,36.299999999999997,0.017593682023411251
195.15323894304947,-998.68375799197736,1211.5749372929299,35.909999999999997,0.017546385319889512
195.13474062188897,-998.90934266794943,1210.60481197891,35.909999999999997,0.017490944720510795
195.11623235419759,-999.44645533353787,1209.8490249930601,36.07,0.01756967045179687
195.09770528517274,-1000.461727342277,1209.8490249930601,36.07,0.017614726796620538
195.07915028888885,-1001.969799330655,1209.84807131863,35.850000000000001,0.017760465330718348
195.06058748293847,-1002.3915213205479,1208.9756976337101,36.240000000000002,0.017816615810767749
195.04201106727146,-1003.1264460187331,1207.42931454531,35.899999999999999,0.017871037127966144
195.0234277784445,-1003.4975966554681,1206.3399799275401,35.899999999999999,0.017893188114785193
195.0048585422347,-1002.7387553284316,1206.7927368632199,36,0.01785493455465818
194.98630514988895,-1001.8831866703462,1206.7927368632199,36,0.017936372510513537
194.96777242256798,-1000.7672753337931,1205.7298667108901,36.189999999999998,0.018142990561446429
194.94926718270358,-999.28295267607234,1203.5886291967199,36.189999999999998,0.018401162495771978
194.93077885980247,-998.36943666112825,1206.8201550030899,35.859999999999999,0.018713412186934342
194.91230022265438,-997.84640599675743,1206.8201550030899,35.859999999999999,0.018652788264969456
194.89381127576547,-998.40313200132402,1207.0733555642801,36.32,0.018419916223946009
194.87529844770381,-999.69271532928394,1203.48205607916,35.93,0.018229365555442752
194.85677464037045,-1000.2855960014662,1202.9084209094499,36.07,0.0182412368189518
194.83823271467912,-1001.2639873321809,1202.9084209094499,36.07,0.018419167030194573
194.81967957586417,-1001.8694960062048,1200.8666039546299,35.859999999999999,0.01867838307517895
194.8011179661604,-1002.3269240033725,1201.4650346595099,35.859999999999999,0.01893810720893925
194.78255527714819,-1002.3852066601072,1201.4774324271,35.960000000000001,0.019097573431277697
194.76400266504939,-1001.8410533346615,1199.40581314633,35.960000000000001,0.019090053520148791
194.74546741072854,-1000.9037333258593,1198.9087103496399,36.100000000000001,0.018860657390801189
194.72695474512352,-999.6839426714547,1200.01306533969,36.100000000000001,0.018585706136039888
194.70845442886426,-999.017078000325,1200.55117613687,35.869999999999997,0.018503259245137363
194.68996722975314,-998.30875200023786,1199.8001575231699,35.869999999999997,0.018594611646197776
194.67147511946908,-998.57395533976967,1199.8001575231699,35.960000000000001,0.018824901850330776
194.65298678933337,-998.36982732769297,1198.4263895066199,35.960000000000001,0.018980584825979169
194.63448781209883,-998.94477066563672,1198.40922336688,36.240000000000002,0.019038369260476411
194.6159810521111,-999.36503933765687,1198.8805769539599,36.240000000000002,0.018897322528385184
194.59745615307395,-1000.3445480048647,1199.6480464515701,35.899999999999999,0.018640220575401135
194.57891717035812,-1001.1050666556802,1199.6480464515701,35.899999999999999,0.018422096551277471
194.56037488662975,-1001.2833213315395,1201.1045457249299,36,0.018368960459687642
194.54183781416054,-1001.0019133372451,1199.8771667333999,36,0.018515466818971767
194.52330065062978,-1001.0068306620537,1197.8229520109801,35.890000000000001,0.018757115019793096
194.50477436185187,-1000.4195940065923,1198.6638544397199,36.280000000000001,0.018818071107489804
194.48626949865434,-999.26261266716608,1204.0750031560699,35.93,0.018773028215241995
194.46777857012353,-998.51014066377138,1203.0810359812999,35.93,0.018645905785852037
194.44930124509887,-997.77555133141402,1200.5170822760001,36.100000000000001,0.018476010820682769
194.43082293288887,-997.82885934007572,1200.7915020932601,36.100000000000001,0.018501060290442135
194.4123434772099,-997.890606663266,1201.277637634,36.280000000000001,0.018539406979449329
194.3938449418396,-998.92090999704226,1199.5181083104701,36.280000000000001,0.018521731509794082
194.37532090064192,-1000.2982246738194,1199.5181083104701,35.969999999999999,0.018489077277610018
194.35677768869132,-1001.3334453324043,1198.9056109077501,35.969999999999999,0.018468720638016061
194.33823037685187,-1001.5548393315119,1201.30338684361,36.159999999999997,0.018419355367477921
194.31968165561753,-1001.6309466545157,1201.30338684361,36.159999999999997,0.018263105301881376
194.30113370116047,-1001.589540681255,1200.8565903731101,35.880000000000003,0.018242797298820723
194.28259881109892,-1000.8840633231371,1204.12697841251,36.259999999999998,0.018375554220366186
194.26407198318515,-1000.4487073438393,1207.8045854335501,36,0.018537799924453653
194.24556528114803,-999.36191000405302,1207.8045854335501,36,0.018667682171317146
194.2270720149877,-998.6363726581518,1207.30748263687,35.890000000000001,0.018506519911731922
194.20858873261741,-998.09724799545222,1207.30748263687,36.25,0.018416007771896586
194.19010451477791,-998.1477633333933,1205.74274131569,36.079999999999998,0.018339842141437603
194.17161371662968,-998.50310000391437,1203.9608006430601,36.079999999999998,0.018256007589692442
194.15310463661731,-999.49032066719474,1203.9608006430601,36.100000000000001,0.018241835961970255
194.13458156400003,-1000.2459213336817,1203.30348054212,36.100000000000001,0.018230592829411245
194.1160510397653,-1000.6483086756882,1206.30016402008,36.32,0.018232836284188467
194.09751455092595,-1000.9703973253304,1205.1314360060001,36.32,0.01823023168348294
194.07898162285179,-1000.7781160039499,1204.5732980457899,35.969999999999999,0.018132200667598415
194.06045302851862,-1000.5440939920087,1204.5732980457899,35.969999999999999,0.018042241120692106
194.04194596948139,-999.38118801017879,1207.9564580865499,36.170000000000002,0.017979948057879277
194.02344748481491,-998.91817198952265,1207.9564580865499,36.170000000000002,0.017978901874414793
194.00496575567914,-998.01337333167089,1209.4329845229399,36.259999999999998,0.018024215880400537
193.98648509238276,-997.95581800438447,1209.46159475584,36.259999999999998,0.018054550096716419
193.9680064479877,-997.84679733383405,1210.22787216042,36,0.017996699451721818
193.94951900881483,-998.32171533493124,1209.2162620086999,36,0.018038587224565614
193.93102385724691,-998.73818466716352,1209.2162620086999,36.140000000000001,0.017990202952507209
193.91251331608632,-999.56922267245454,1206.8218239333401,36.140000000000001,0.017963494693104161
193.89399269285195,-1000.1136546560156,1208.36224655655,36.25,0.01786841389745418
193.87546202477776,-1000.6560760054734,1208.36224655655,36.25,0.017807936921593801
193.85691608406168,-1001.4807986688199,1208.2962046022701,35.909999999999997,0.017700538867856896
193.83837979803707,-1000.9594453282283,1206.7874916538599,35.909999999999997,0.017572422002270903
193.819863325395,-999.88952267137245,1206.5383442089999,36.210000000000001,0.017417115684294104
193.80136113820993,-999.11810799470356,1206.5383442089999,36.210000000000001,0.017346011269380176
193.78287315265419,-998.35122000925458,1206.61654551226,35.880000000000003,0.017450303875122534
193.76439830288885,-997.64188732910804,1207.15894784438,36.159999999999997,0.017629303030591532
193.74592040044442,-997.80673199948478,1209.5469486173299,35.859999999999999,0.017733486994896189
193.72744002276551,-997.9403946607672,1209.9727642503699,35.859999999999999,0.017787004923830858
193.70894845781476,-998.54450734018269,1209.5514785708799,36.280000000000001,0.017821619084646953
193.69043972239521,-999.47171265626048,1209.5514785708799,36.280000000000001,0.017950265774258005
193.67191729860497,-1000.2108846730705,1204.8834806541799,36.07,0.018124787344439328
193.65337068214814,-1001.5172886692876,1204.96358930631,36.07,0.018300283701197202
193.63481090403715,-1002.2280179925704,1204.96358930631,35.869999999999997,0.018506376072291452
193.61625523202471,-1002.0062886716028,1204.7528272572499,35.869999999999997,0.018691179454669311
193.59770696609863,-1001.6063600084888,1202.33192471646,36.310000000000002,0.018795989460833919
193.57916683890136,-1001.1668686530634,1200.3234863666901,36.310000000000002,0.018906574698037134
193.56063635398783,-1000.6461853296474,1200.3234863666901,35.939999999999998,0.018837113551456487
193.54212206374083,-999.77167333876832,1201.2597562384301,35.979999999999997,0.018821279008427751
193.52361953300004,-999.13666000141291,1203.15685309849,35.909999999999997,0.018817405729343775
193.50511385749374,-999.30647734130309,1203.15685309849,35.909999999999997,0.018963360535663925
193.48660201040735,-999.63974266446598,1200.7326126972,36.25,0.019264684792088413
193.46807965181472,-1000.2073640023901,1198.0170247575099,36.25,0.019508627134634811
193.44953679065438,-1001.3145026591301,1197.9984281061199,35.880000000000003,0.019549778144861536
193.43097987791356,-1002.0732880039259,1197.9984281061199,35.880000000000003,0.019551001285839167
193.41241141366663,-1002.6970693340478,1197.37496344745,35.880000000000003,0.019607780922758326
193.39383946732116,-1002.8851026552998,1195.6016058446901,35.880000000000003,0.019792094818279597
193.37526806112345,-1002.855934676836,1196.1001391530201,36.240000000000002,0.020120037305987874
193.35670127946932,-1002.6062093221385,1196.1001391530201,36.240000000000002,0.020428938380127402
193.33815059624698,-1001.736894006679,1196.18287040983,35.909999999999997,0.020632222292533042
193.31962270351852,-1000.5062073374128,1194.1462986643701,35.909999999999997,0.020563940830884187
193.30111348070363,-999.49803200374743,1193.97988247632,35.909999999999997,0.020423512905679786
193.28261168983946,-999.09670666452132,1193.97988247632,35.909999999999997,0.020235084619992356
193.26412037222229,-998.53115132738924,1193.6594478678001,36.240000000000002,0.020206335727087014
193.24562105660502,-998.96304333272701,1193.70593949627,36.240000000000002,0.020305865134341967
193.22711214629649,-999.48115666129718,1193.68662758906,35.979999999999997,0.02048179301308525
193.20859430254305,-999.96356268553654,1193.08390534924,35.979999999999997,0.020629103396440852
193.19006089328386,-1000.8040999966008,1191.5220250513601,36.140000000000001,0.02068871424568593
193.17151257561721,-1001.609153998249,1190.45939331763,35.859999999999999,0.020617975122108056
193.15296511476555,-1001.5628859899244,1190.1062953598901,36.310000000000002,0.020456525183845449
193.13441589267902,-1001.657992671931,1193.3552257245999,36.310000000000002,0.020456930830466413
193.11587696274066,-1001.1022166726873,1193.43771856281,36,0.020566570258643335
193.0973494849629,-1000.483799997683,1193.43771856281,36,0.020736674266557821
193.0788382680864,-999.60571133189865,1193.6553947514799,35.840000000000003,0.020972324743055024
193.06033851682719,-998.98656799795799,1191.69320961156,35.840000000000003,0.021062818252269699
193.04184567907402,-998.6132386704777,1191.69320961156,36.310000000000002,0.020948166235310355
193.02335463981493,-998.51611999136014,1189.21913972129,36.310000000000002,0.020744543934481271
193.00486516000001,-998.43191000571915,1189.60466260966,35.939999999999998,0.020457470999385517
192.98636965246908,-998.75740666906472,1190.2967918273,36.140000000000001,0.020208528470286174
192.9678581034197,-999.62364866613689,1191.1844243031101,35.899999999999999,0.020088615509736219
192.94933759711108,-1000.107340666087,1191.8276777061999,35.899999999999999,0.019985790258443041
192.93080212238277,-1000.9156353282843,1190.6162727613801,36.240000000000002,0.020019890116544477
192.91226432761724,-1001.0409173393259,1188.9749990671901,36.240000000000002,0.020056226192007351
192.89372848967915,-1000.9352486562701,1188.9749990671901,35.890000000000001,0.020124635970157827
192.87520839833348,-1000.0849326668372,1189.60466260966,36.229999999999997,0.01999876461587027
192.85670034483951,-999.43488867495671,1190.46153908509,35.979999999999997,0.019748454089796662
192.83819764541983,-999.14576866260575,1192.20843222242,35.960000000000001,0.019490945469564376
192.81969936254322,-998.90727533712538,1191.4602746320099,36.159999999999997,0.019357263416160272
192.80121340416048,-998.24175266791474,1189.0641676263999,36.159999999999997,0.019346792259080661
192.78272209275315,-998.53081599453742,1190.32182578109,36.299999999999997,0.019329520356319834
192.76422712330879,-998.72834999556233,1190.32182578109,36.299999999999997,0.019278104110642243
192.74572619029632,-999.05038267395605,1191.89371966049,35.93,0.019109856553107336
192.72721781291358,-999.4523786678941,1192.9732791153499,36.090000000000003,0.018983670616008454
192.70870182041986,-999.86359466096212,1191.34488002597,36.07,0.018745238589638356
192.69017658403712,-1000.3627646677304,1193.2543746536201,36.07,0.018445977732363242
192.67164628124695,-1000.6363506690385,1197.0507141412199,36.280000000000001,0.018111801602356564
192.65311590602462,-1000.6402620062836,1197.0507141412199,36.280000000000001,0.017914658204794036
192.63458653766656,-1000.5858913353218,1199.62444300943,36.119999999999997,0.017875931742901877
192.61606085941978,-1000.3866253253328,1199.62444300943,36.119999999999997,0.01796972109961522
192.59755279972836,-999.43522333729663,1197.99938178055,36.039999999999999,0.018008257151011262
192.57905259520987,-999.0110439985433,1198.42996578574,36.039999999999999,0.017888818149493717
192.56054886202483,-999.20159199192028,1196.93269693049,36.280000000000001,0.017720772374490025
192.54204342659267,-999.29351333609793,1194.79479727683,36.280000000000001,0.017533641716640645
192.5235274672097,-999.8618066807494,1192.6261416228001,35.950000000000003,0.017355777739711229
192.50500071690126,-1000.4445166559829,1192.6261416228001,36.079999999999998,0.017043278658050293
192.48646686681474,-1000.8279046719629,1198.44379406497,36.049999999999997,0.01674559070465402
192.46793111269145,-1000.9307226575459,1197.6694104277401,36.049999999999997,0.016603027987890533
192.44939099893821,-1001.1661426756309,1194.0237515000999,36.280000000000001,0.01656297698120239
192.43085394613593,-1001.0008513234729,1194.0237515000999,36.280000000000001,0.016542244703546337
192.41231358609883,-1001.179442002696,1192.20843222242,36.100000000000001,0.016524903480570782
192.3937951452593,-999.99580533440337,1194.93999420881,36.100000000000001,0.016382629470032842
192.37528941697531,-999.30932733528789,1198.54893667089,36.030000000000001,0.016192355094126542
192.35679042008647,-998.94583199790509,1199.0431784442901,36.030000000000001,0.015998785892773738
192.33829702354333,-998.64341332900096,1199.7567653366,36.310000000000002,0.015858122045931063
192.31979725365451,-998.98757399651333,1200.0094890605801,36.310000000000002,0.015894654724862567
192.30129417653089,-999.16616467573647,1200.0094890605801,35.899999999999999,0.015902308128502341
192.28277737895053,-999.9070693390463,1198.4614370419299,36.100000000000001,0.015855034198973453
192.26424786779015,-1000.5936026608827,1196.1068148740301,36.030000000000001,0.015686782499287687
192.24571618044459,-1000.7111166606348,1196.64587934564,36.030000000000001,0.015593042804823806
192.22718348002465,-1000.7658226754404,1198.1348035496201,35.850000000000001,0.015548763584619455
192.20864680285189,-1000.9805673297834,1197.2624298646999,36.240000000000002,0.015615581847404652
192.19011745518523,-1000.584773998829,1196.0395808267101,36.210000000000001,0.01562746138422343
192.1715942449506,-1000.2533526710953,1198.48813992597,36.210000000000001,0.015667401658755336
192.15307479103714,-1000.050511327225,1198.48813992597,36.009999999999998,0.015748931712278716
192.13456474348152,-999.54256800310782,1198.3560560174101,36.009999999999998,0.015895738157965703
192.1160546959261,-999.54256799211589,1195.3648561674199,36.25,0.016132650073186455
192.09754900696294,-999.30720401123142,1195.3648561674199,36.25,0.016246683276541642
192.07904775627156,-999.06753733404162,1197.25170102736,35.920000000000002,0.016325768077897037
192.06053802019758,-999.52574799437036,1196.8223091152099,36.119999999999997,0.016304373531812324
192.04201531079008,-1000.226308005696,1192.9852000457299,36.049999999999997,0.016316907069246031
192.02348138308662,-1000.832095986363,1190.62271006378,36.049999999999997,0.01637468943276962
192.00492912696285,-1001.8218306842323,1190.62271006378,35.880000000000003,0.01652615351672591
191.98637591054339,-1001.8736866500931,1191.54467481907,36.280000000000001,0.016645050295856469
191.9678338482594,-1001.2713633358818,1194.3115227593801,36.159999999999997,0.016690431570013951
191.94930322675324,-1000.6535613333484,1193.18809428073,36.159999999999997,0.016834929376142518
191.93078109580262,-1000.1950713334005,1189.8392665194599,36.039999999999999,0.016908575266962433
191.91226303783958,-999.97513000363767,1189.8392665194599,36.039999999999999,0.017072109299862061
191.89375404267892,-999.48573867523783,1189.46113460793,36.280000000000001,0.017113173390465562
191.87525216800017,-999.1012326522532,1191.24474421081,36.280000000000001,0.017145440609295539
191.85675448944443,-998.87464201070179,1193.60270423921,35.920000000000002,0.017255989634993151
191.83825492755554,-998.97634200027221,1193.60270423921,36.090000000000003,0.017475039804071179
191.8197437758642,-999.60219133173007,1191.8307771481,36.090000000000003,0.017580537955046667
191.801220579074,-1000.2526266716789,1191.8307771481,36.090000000000003,0.017662625755320766
191.78268592908643,-1000.8710993289238,1191.7578210541999,35.869999999999997,0.017591630002810752
191.76413561630861,-1001.7168900011363,1192.86742125361,36.299999999999997,0.017595473270893197
191.7455780019753,-1002.1111739990018,1191.586636494,35.979999999999997,0.017700411583992322
191.72701758643211,-1002.2624393321826,1191.586636494,35.979999999999997,0.017883420607338867
191.70846038808645,-1002.0887106660393,1191.6159619827199,36.119999999999997,0.018017363422869533
191.68991753313577,-1001.3141673372703,1191.21684923373,36.119999999999997,0.017987429683679147
191.67139440775321,-1000.2487706571545,1190.61603434277,36.25,0.017975736406249183
191.65288292492593,-999.62007267273589,1190.61603434277,36.25,0.018016857403438821
191.63437682720991,-999.3292766666375,1188.67578371475,35.960000000000001,0.01810682420954136
191.61587614772844,-999.03669199882256,1187.8179535648801,35.880000000000003,0.018014766070978901
191.59737263598777,-999.1896339962625,1189.74914428582,36.210000000000001,0.017988404471680586
191.57886787007408,-999.25735933899387,1192.28305724657,36.210000000000001,0.017976959545394813
191.56035338528397,-999.78217866508112,1192.9077139982801,35.899999999999999,0.017994511875575457
191.54182360818507,-1000.6079633421999,1190.7056797391999,36.280000000000001,0.018016292394234988
191.52328693722214,-1000.9802319969315,1192.16432478003,35.979999999999997,0.017922842457360807
191.50473969160478,-1001.5512633381106,1194.24810340978,35.979999999999997,0.017864945244771006
191.48619570562971,-1001.3752426537333,1194.24810340978,36.119999999999997,0.017891966009701499
191.46765831444449,-1001.0191240015552,1195.3484052834999,36.119999999999997,0.018063517694965687
191.44913072697537,-1000.4897233320391,1194.5022576454001,36.280000000000001,0.018161311743954446
191.43061921103717,-999.62186066394054,1196.3659759004099,36.280000000000001,0.018292738952226235
191.41212650885177,-998.60591801148166,1198.3703611338599,36.020000000000003,0.018196894477815462
191.39363950428393,-998.29824666293302,1198.3703611338599,36.020000000000003,0.018194091205517425
191.37516420024701,-997.66641799289437,1196.9379421398601,36.119999999999997,0.018066347882186105
191.35668109998767,-998.08741400535484,1194.2116253628301,36.119999999999997,0.018104315841937384
191.33818999656788,-998.51958466880797,1193.5507289827699,35.880000000000003,0.018157746851655939
191.31968922602465,-999.04160933462322,1195.1498025834301,36.259999999999998,0.018102324884729879
191.30117230530868,-999.91371866182681,1201.9845488052999,36.009999999999998,0.018077050860685562
191.28264151409891,-1000.6627253282539,1202.57678062639,36.009999999999998,0.017901613480469702
191.26410887162982,-1000.7626933308445,1202.57678062639,36.079999999999998,0.017842775619596189
191.24557605427154,-1000.7721373468731,1201.50556582279,36.079999999999998,0.017869440427838734
191.22705406612366,-1000.1873599858556,1202.0162584801001,36.299999999999997,0.017789722325834274
191.20854171200006,-999.66712267370929,1202.0162584801001,36.299999999999997,0.017699029089388262
191.19003684260485,-999.26294734049827,1201.7530443374001,35.969999999999999,0.017677461724684377
191.1715536388642,-998.0930019958671,1203.23076286683,36.049999999999997,0.017574717195156572
191.15307374754332,-997.91413132849686,1201.8579485247101,36.07,0.017422308316083934
191.13459979493823,-997.59344067400639,1201.8579485247101,36.07,0.017259266851260491
191.11612536737039,-997.61908866329372,1202.9732707707001,35.859999999999999,0.017072476659118433
191.09763847974091,-998.29193199150029,1202.5913241614501,36.280000000000001,0.016919185098668819
191.07914019065444,-998.9076106699772,1204.86536084001,36.159999999999997,0.016895815115058558
191.06063482765447,-999.28960199885296,1206.74219211843,36.159999999999997,0.017111949205044663
191.04211671795068,-999.97792400438971,1206.74219211843,36.039999999999999,0.017234463658821888
191.02359817259273,-1000.0014493291403,1205.22894921648,36.039999999999999,0.017306116516575314
191.00508255056778,-999.84358934737202,1210.7225907710299,36.259999999999998,0.017111821921790754
190.98656316183948,-1000.0469913270563,1210.7225907710299,36.259999999999998,0.016886509130014288
190.96805221711119,-999.59101532872148,1210.80556044645,35.950000000000003,0.016741516698270544
190.94954895890112,-999.17594334311309,1208.4006319523601,36.049999999999997,0.016829398358371907
190.93105851155556,-998.48415666012852,1206.73694690906,36.119999999999997,0.017017457213829308
190.91257080539503,-998.3361326690009,1207.5625905469201,36.119999999999997,0.017249126814451659
190.89407872718522,-998.57222333080563,1208.4964762325901,36.310000000000002,0.017376455174223246
190.87558397816051,-998.71644733361745,1208.4964762325901,36.310000000000002,0.017322387759023589
190.85707743238277,-999.35347199757189,1207.6028832915899,35.969999999999999,0.017159250046646157
190.8385499225308,-1000.4855320066471,1206.70690616452,36.140000000000001,0.017016070588473497
190.82000896438271,-1001.2117399962677,1208.1221590187699,36.039999999999999,0.01691819064679901
190.8014569369505,-1001.8094813405062,1210.4751122564201,36.039999999999999,0.016877983378899588
190.78289719816053,-1002.225894657522,1209.8051559692799,36.299999999999997,0.017194342278926418
190.76434850900003,-1001.6292146675358,1208.0399045991801,36.299999999999997,0.017564108389369903
190.7458110598642,-1001.0222533351591,1208.0399045991801,35.909999999999997,0.017959514835210365
190.72728390702474,-1000.4662533300092,1207.5351724070499,36.039999999999999,0.018102387994669868
190.70876985064203,-999.75904466641487,1212.2520461382901,36.079999999999998,0.018015492497251262
190.69025337800016,-999.88952266038052,1212.2520461382901,36.079999999999998,0.018022124549161949
190.67173660629641,-999.90567200341422,1211.15222110179,35.880000000000003,0.018096194702974602
190.65321871182712,-999.96630134158397,1207.9106817139,36.280000000000001,0.018290326832176254
190.63468838213586,-1000.6378033273912,1205.52673405728,36.020000000000003,0.018463031293556517
190.61614881476547,-1001.1366380013075,1205.62925405851,36.020000000000003,0.01854749189387896
190.59760340592587,-1001.4520773391612,1205.62925405851,36.170000000000002,0.018529583603549917
190.57903223981472,-1002.8429700011188,1203.65037961607,36.170000000000002,0.018655449774703788
190.56047180564195,-1002.2634453307381,1201.94783233974,36.259999999999998,0.018726327557438222
190.54191543824706,-1002.0438393228351,1201.94783233974,36.259999999999998,0.018760952062334142
190.52336882179023,-1001.5172886692876,1201.23281493578,36,0.018815162279044773
190.50484617758033,-1000.2227873350154,1202.1662237842299,35.909999999999997,0.018886387759202764
190.48633047793845,-999.84778066177216,1201.61738414972,36.210000000000001,0.019095507961154671
190.46782256103711,-999.42751267125573,1201.61738414972,36.210000000000001,0.019229957842187759
190.44931743190125,-999.27697333749165,1201.0523320498901,35.899999999999999,0.019354495328226785
190.43080984614809,-999.40963067073017,1202.52528220716,36.140000000000001,0.019435975701180708
190.41229443313574,-999.83230266594592,1201.5370370789799,35.850000000000001,0.019427801803685758
190.39377245120994,-1000.1870239934841,1201.5370370789799,35.850000000000001,0.019382610919465287
190.3752320197776,-1001.1832973467084,1199.0343569558099,36.310000000000002,0.01935125949173918
190.3566908536298,-1001.2229719815169,1196.8542572086201,36.310000000000002,0.019349476529576737
190.33814228243213,-1001.6228446733824,1196.8542572086201,35.969999999999999,0.019312602367363967
190.31959526965437,-1001.5386899994701,1196.1790557121101,35.969999999999999,0.019266290794905709
190.30105199871625,-1001.3366306592408,1196.9384189770699,36.189999999999998,0.019234761393110294
190.28251805135807,-1000.8331573406151,1196.4608665062001,35.899999999999999,0.019338077141506003
190.26399634260477,-1000.1722726785782,1193.9651005226499,36.329999999999998,0.01946419064480524
190.24548999758039,-999.34263131642331,1192.7565566011101,36.329999999999998,0.019603355069065322
190.2269918388765,-998.90057001012019,1194.37375001594,35.969999999999999,0.019781020372773784
190.20850276885179,-998.40978133509668,1193.51401251722,35.909999999999997,0.019893438247620014
190.19001682288896,-998.24108199121918,1191.63336654107,35.890000000000001,0.019851606340583083
190.17151913812336,-998.87497734355372,1191.63336654107,35.890000000000001,0.01977893317615451
190.15300860318524,-999.56888665809902,1191.4268960269601,36.240000000000002,0.01961299528409774
190.13448276246902,-1000.3953986756578,1193.14231790809,36.240000000000002,0.019689009830576025
190.11595028245696,-1000.7539206510314,1193.3292380963801,35.890000000000001,0.01971190071232418
190.09740456317283,-1001.4688413436741,1193.3292380963801,35.890000000000001,0.019710899026702575
190.07885580986405,-1001.6326786744719,1191.4180745384799,36.229999999999997,0.019666663265393836
190.06031624869149,-1001.1363033169836,1191.30935565345,35.899999999999999,0.019548359427963433
190.04178899133342,-1000.4718973357382,1187.75358054085,36.210000000000001,0.019455721805976232
190.02327882685188,-999.54888200402854,1187.75358054085,36.210000000000001,0.019429726517623466
190.00478491704945,-998.67112933061594,1192.9983130691401,36,0.019338777699945475
189.9863035449136,-997.99409533653704,1192.9983130691401,35.890000000000001,0.019295808545837977
189.96781537723473,-998.36105465887181,1193.0936805121501,35.880000000000003,0.019335239704656466
189.94932371502475,-998.54975933832338,1192.5171843191599,35.880000000000003,0.019382356354585913
189.9308116930616,-999.64918600998271,1192.5171843191599,36.259999999999998,0.019361068397895906
189.91229364130865,-999.97479465979359,1191.75901314724,36.259999999999998,0.019200300390708996
189.8937610319507,-1000.7609053286478,1194.67439588003,35.960000000000001,0.019131706408673142
189.87521002379009,-1001.7544406743527,1194.0776341054,35.960000000000001,0.019039936989363786
189.85665617717299,-1001.9077173231406,1193.1785575364299,36.189999999999998,0.01899040097647257
189.83810980080233,-1001.5043240155547,1193.1785575364299,35.890000000000001,0.018897184896980342
189.81956593898775,-1001.3685379862478,1193.1807033038999,36.210000000000001,0.01870715784161674
189.80103453828397,-1000.6956380052889,1193.14231790809,36.210000000000001,0.018703991335521638
189.78252524406182,-999.50188799628756,1193.14231790809,36.009999999999998,0.018609148557724463
189.7640266435061,-998.92443000820288,1193.1356421870801,35.880000000000003,0.018537642633251548
189.7455437636668,-998.07551132142589,1194.3427555969699,35.950000000000003,0.018468772362486292
189.72706764729631,-997.71028400805505,1194.3427555969699,35.950000000000003,0.018372435333230443
189.70859519516068,-997.51241532270615,1193.0989257215199,36,0.018404532848858169
189.6901077363209,-998.32277734870343,1193.0989257215199,36,0.018321298478671619
189.6716053349258,-999.12967533478866,1199.35145370382,35.880000000000003,0.018173797683802125
189.65308528290115,-1000.0828093317887,1200.5216122295401,35.880000000000003,0.01809767550816764
189.63455916279014,-1000.4104859939273,1200.5216122295401,36.280000000000001,0.01819559475925888
189.61602937948155,-1000.6082986640597,1200.8105755818599,35.939999999999998,0.018406896327896629
189.59749558629613,-1000.8248320130953,1199.4945048683301,35.960000000000001,0.018529336283210775
189.57897259854337,-1000.2413386492292,1199.4945048683301,35.960000000000001,0.018635103476136325
189.56045511902482,-999.94389400185389,1200.7848263722501,36.189999999999998,0.018689345784592803
189.54196011750622,-998.73008200452637,1201.7585279653699,35.899999999999999,0.018638213063228402
189.52347964151855,-997.94570333364425,1202.6916983952201,36,0.018524861790948918
189.50500740359274,-997.50084799361321,1202.6916983952201,36,0.018333535016621619
189.48653706866679,-997.39808600126253,1200.9877206072499,35.869999999999997,0.018128402942616344
189.46806450581471,-997.51839401275902,1200.9877206072499,35.869999999999997,0.018130101054704327
189.44957713803709,-998.31785999091869,1200.25267604025,35.909999999999997,0.018306866082309099
189.43107486702479,-999.12263466393938,1200.25267604025,35.909999999999997,0.018450422214641347
189.41255815430878,-999.90248666558568,1197.8012559177,36.079999999999998,0.018568438370544591
189.3940344121728,-1000.2820753417776,1201.15866674884,36.07,0.018600696286481127
189.37551440464193,-1000.080406668113,1204.4631486491101,35.869999999999997,0.018557219037491041
189.35698668679021,-1000.496763991896,1203.46345942777,35.869999999999997,0.018591943929242037
189.33846777822228,-1000.0210626681182,1203.46345942777,36.310000000000002,0.018750796507268241
189.31996200544452,-999.31172999896364,1202.4153712290999,35.960000000000001,0.01898863042488538
189.30146706187656,-998.7269526709224,1200.7733822790799,36.159999999999997,0.019315715042800087
189.28297701085194,-998.46275532994605,1200.7733822790799,36.159999999999997,0.019557608497465125
189.26449813362967,-997.85937000196259,1201.53322238126,35.890000000000001,0.019565620969749328
189.24601717127157,-997.97196733642625,1199.55887789236,35.890000000000001,0.019430376387893755
189.22752964620989,-998.3263533311125,1201.01847660762,36,0.019270681459552384
189.20902666739502,-999.16085600285942,1200.6868363245501,36,0.01923431538448709
189.19050480239497,-1000.1807100035552,1200.6868363245501,35.880000000000003,0.01938640139441113
189.17197069256795,-1000.8419306579642,1198.862933977,36.310000000000002,0.019629186841488806
189.1534219257901,-1001.6334060039198,1199.9985218046299,35.960000000000001,0.019907919279294504
189.13487022949383,-1001.7915999995004,1198.6702917421201,35.960000000000001,0.020196705855523755
189.11631862943207,-1001.7864033350726,1198.6702917421201,35.920000000000002,0.020331923537316499
189.09777814625917,-1001.1860913364685,1198.0234620599099,36.259999999999998,0.020283357140285032
189.07924376324684,-1000.856682665366,1198.0234620599099,36.079999999999998,0.020333715822524381
189.06071208209895,-1000.7107819873029,1198.1278894100101,36.079999999999998,0.020584298510443189
189.04218555324687,-1000.4325580117975,1199.5927333346301,36.07,0.021011700022428428
189.02366892434583,-999.89796065586961,1196.04768705937,36.07,0.021371282633707023
189.00514630601231,-1000.2213900103754,1194.5563786693101,36.280000000000001,0.021594110877129858
188.9866160477161,-1000.6339479943706,1194.5563786693101,36.280000000000001,0.021646631263204451
188.96807617507415,-1001.1531226662012,1194.0788261984401,35.960000000000001,0.021545067435164603
188.94952204906164,-1001.9228046743862,1193.4622756793799,35.899999999999999,0.021378967087906261
188.93096390801242,-1002.1396166595532,1193.2014457227499,36.280000000000001,0.021309585617019271
188.91239587320999,-1002.673879331157,1192.3722258057901,36.280000000000001,0.021283290249591642
188.89383905670368,-1002.0680913394979,1191.7897691476101,35.939999999999998,0.021329427965704792
188.87528986153109,-1001.6565393210822,1191.3267602118001,36.039999999999999,0.021428042608386252
188.8567580251605,-1000.7191640115433,1190.9989346264499,35.890000000000001,0.021450289838891742
188.83822768927158,-1000.6381380007232,1191.9902791965301,35.890000000000001,0.021668011317766037
188.81971748545681,-999.55100599859679,1191.9902791965301,36.259999999999998,0.021933745592735941
188.80121160195074,-999.31770932655229,1192.96731865016,36.259999999999998,0.022248887558599436
188.7827036726419,-999.42818267743974,1191.0921563019899,35.909999999999997,0.022564734227495928
188.76419245575318,-999.60571199141827,1190.5635822491099,35.909999999999997,0.022713548196347647
188.74567005782711,-1000.2094880079503,1189.0052782303401,35.880000000000003,0.022763740282252334
188.72713544716055,-1000.8689759938754,1189.0052782303401,35.880000000000003,0.022827150928878024
188.70859841402478,-1000.999789331685,1189.8511874498399,36.189999999999998,0.022654518894580079
188.69005601335806,-1001.289636002972,1190.72070011147,36.189999999999998,0.022483566361290789
188.67151198908667,-1001.3773106550691,1190.61841852885,36.009999999999998,0.022380873562746987
188.65297502734575,-1000.9959340096563,1189.4921290269101,35.869999999999997,0.022347477373820167
188.63444326134572,-1000.7153640012435,1186.06176210186,35.960000000000001,0.022463866823683357
188.61592387262965,-1000.0469906675366,1189.00194036984,35.960000000000001,0.022337544299826456
188.59742050990118,-999.18158733784992,1191.52393240022,36.079999999999998,0.022131577138162682
188.57892759351861,-998.61748465907078,1191.52393240022,36.079999999999998,0.021966377060901369
188.56043513139497,-998.59295467678828,1191.0799969530101,35.850000000000001,0.021948747134550049
188.54194229365442,-998.61323798897388,1191.0799969530101,35.850000000000001,0.021961751495040142
188.52344623870374,-998.78696733662082,1188.9277921829,36.280000000000001,0.0219853491455025
188.50494266901245,-999.19276332986647,1191.17727174488,35.939999999999998,0.021952256146996356
188.48642767096308,-999.80989466669621,1191.4128293291101,36.140000000000001,0.021999239306246934
188.46789865340747,-1000.5669480025279,1189.8817050315999,36.140000000000001,0.021962341331908261
188.44935917088898,-1001.1320559983587,1189.8817050315999,36.009999999999998,0.021720241960499813
188.43081647840754,-1001.3053939979374,1190.70925601831,35.869999999999997,0.021399293711816911
188.41227914517296,-1001.0159946679512,1192.6449766927899,35.899999999999999,0.021202486626411735
188.39374732846909,-1000.7181020087633,1194.3723195043001,35.899999999999999,0.02118179885026256
188.37523088790127,-999.88779066240841,1194.4169037839099,36.189999999999998,0.021225782118072689
188.35673544451842,-998.75394267312083,1192.9551593011799,36.189999999999998,0.021275590281002888
188.33824987523468,-998.22074132279329,1193.58196182036,35.899999999999999,0.02111075445470547
188.31977361606181,-997.71799533361582,1193.81227419523,35.899999999999999,0.020878438117753299
188.30130044991358,-997.55097200546982,1193.81227419523,36.229999999999997,0.020562897755915736
188.28281614722238,-998.15234532535021,1197.34754530758,35.899999999999999,0.020285399837025875
188.2643067950616,-999.50501668136371,1198.3117101564101,36.25,0.02027259000780943
188.24578386524684,-1000.2382099971288,1199.6256351024699,36.25,0.02044728232258294
188.22724091923456,-1001.3190846620789,1201.0909558643,35.909999999999997,0.020676272824850905
188.20868471430876,-1002.0350659944942,1201.0909558643,35.909999999999997,0.020547036280662404
188.19013206287673,-1001.8431773292298,1199.3690966807701,36.259999999999998,0.020282566552708527
188.1715866612839,-1001.4516860130769,1198.5191343449501,35.880000000000003,0.019830803705393477
188.15305324581462,-1000.8044353404447,1197.77550670809,36.210000000000001,0.019473421084907606
188.13453054365431,-1000.2259166576274,1197.5368496819599,36.210000000000001,0.019168524695104827
188.11601284891367,-999.95551599414785,1203.0552867716899,35.909999999999997,0.019015530125793149
188.09751354054316,-998.96265200664254,1203.0552867716899,35.909999999999997,0.018976331796401336
188.07902680192609,-998.28388532209578,1204.1825299480599,36.189999999999998,0.018966389403433297
188.06053501037044,-998.55674400494763,1202.89745365351,35.899999999999999,0.018916740589040641
188.04203957940734,-998.75327200741719,1200.8215428378001,36.259999999999998,0.018706445892007956
188.02352686206177,-999.68673666121481,1200.8215428378001,36.259999999999998,0.018507654047660235
188.00499819529622,-1000.5480053402457,1203.2431606344201,36.009999999999998,0.018364290393133753
187.98645789424685,-1001.1762566648673,1206.1099059712801,35.899999999999999,0.018329455822626232
187.96790556671601,-1001.8256866657805,1207.3258408696499,35.93,0.018366410713321707
187.94935198707418,-1001.8933006595827,1207.3258408696499,35.93,0.018366982955055997
187.93080409058035,-1001.5864106661473,1207.8358182711399,36.100000000000001,0.018182834608983449
187.91226260674063,-1001.2401273450902,1205.06992400526,36.100000000000001,0.018142058208863551
187.89374477644424,-999.96283600461629,1203.7703041756499,35.859999999999999,0.018055500045043794
187.87524215462969,-999.14157798574149,1200.7946015351499,35.859999999999999,0.017991451959689285
187.85675173935797,-998.48242467314833,1202.30402973938,36.280000000000001,0.017985689141465044
187.83826562472848,-998.25018999289205,1204.2287831579199,35.969999999999999,0.01786565511098925
187.81977322159256,-998.58976933895963,1204.4755464167099,36,0.01766943165685923
187.80128058460497,-998.60239732980915,1206.90693937623,36,0.017433963294343092
187.78277926146902,-999.0714493417986,1207.1081646809801,36.119999999999997,0.017251688990527068
187.76425878103697,-1000.105943330455,1207.1081646809801,35.880000000000003,0.017183874212429961
187.74572114874067,-1001.0321439999931,1204.7568803735801,35.969999999999999,0.017213007018742683
187.7271710895061,-1001.7031986664832,1205.5071837314599,35.969999999999999,0.01727929338327228
187.70860945392596,-1002.3283213280127,1205.2315718211601,35.960000000000001,0.017383139993418985
187.69006771656785,-1001.25381733872,1205.2315718211601,35.960000000000001,0.017324763661664855
187.67153794566676,-1000.6076286578758,1204.73232325701,36.159999999999997,0.017168338722759927
187.65301871838284,-1000.0382733324283,1204.04996920228,35.859999999999999,0.016997849776536119
187.63451030167909,-999.45450200294238,1203.4465317066299,36.259999999999998,0.0168798336104551
187.61600669887642,-999.19455134305508,1203.15589942406,35.960000000000001,0.016918103723104674
187.59751182670371,-998.72309732691008,1199.3228434709099,36,0.017010507485877926
187.5790135634814,-998.90621400485713,1199.3228434709099,36,0.01727033613805928
187.56050780416069,-999.31100331804339,1197.3206040049299,36.140000000000001,0.017344709478832161
187.54199733440737,-999.56536667991418,1197.7256772191099,35.859999999999999,0.017084158541918641
187.52348111528389,-999.87583266675074,1200.54640776472,35.969999999999999,0.016717542375480589
187.50494610103701,-1000.890769331646,1200.54640776472,35.969999999999999,0.01640123729227097
187.48640720939517,-1001.1001486603597,1200.8291722332399,35.979999999999997,0.016395754904316325
187.46786400986409,-1001.3327746776927,1198.4535692278801,35.979999999999997,0.016596081355407633
187.44932296167914,-1001.2166019873636,1195.70555635757,35.869999999999997,0.016978155410256154
187.43078976662954,-1000.7925326784999,1194.44599085402,35.869999999999997,0.01730853897968734
187.41226809719765,-1000.1701493215456,1194.44599085402,36.280000000000001,0.017574171851653112
187.39375856912361,-999.51451599812924,1195.20296993291,35.960000000000001,0.01751300671571519
187.37525158871603,-999.37694201059378,1194.5930951348701,35.969999999999999,0.017292719963465004
187.35674192404952,-999.52189199083818,1194.5930951348701,35.969999999999999,0.017108225979950559
187.33822182648154,-1000.0852686702009,1195.36557142324,36.140000000000001,0.017236919247945258
187.31969535558031,-1000.4294286672016,1194.9969762560099,35.880000000000003,0.017466785179111301
187.30115543119757,-1001.1559166669532,1192.1867361291299,35.960000000000001,0.017835497851779403
187.28261068566678,-1001.4162586639171,1191.5484895167899,35.960000000000001,0.0179156650727351
187.26406061297516,-1001.7039253474036,1191.5484895167899,36.020000000000003,0.017843998764237819
187.24550665562955,-1001.9136966617212,1190.78602680993,36.020000000000003,0.017618804969785091
187.22695366065429,-1001.8617286654274,1192.33622459605,35.850000000000001,0.017378651025104216
187.20840185362971,-1001.7975793270892,1192.2239294319099,35.850000000000001,0.017291619959722868
187.18986110969144,-1001.2001726671748,1192.80638609009,35.899999999999999,0.017484713137990493
187.17134047299999,-1000.114381336936,1192.80638609009,35.899999999999999,0.017745625219610983
187.15283764319753,-999.1528093334548,1193.2615272118501,36.119999999999997,0.017884459551962675
187.13433778844458,-998.99215665898191,1191.56589407514,36.119999999999997,0.017966842284817944
187.11583550398765,-999.12336067434808,1192.11974050042,36.039999999999999,0.017900864281629379
187.09731248932098,-1000.2427920000775,1191.2333001176501,35.869999999999997,0.017876319788282344
187.0787851750494,-1000.4749706651173,1193.59340591352,35.859999999999999,0.017866971380032841
187.06024849166675,-1000.9809026626353,1193.59340591352,35.859999999999999,0.017920133342712447
187.0417103016172,-1001.0622626762757,1197.62673349699,36.229999999999997,0.017958205812131894
187.0231770030741,-1000.798121328532,1196.5309615768099,36.229999999999997,0.017992476415436186
187.00464467207422,-1000.745873992619,1192.23656561811,35.909999999999997,0.018047069515359813
186.98612528956801,-1000.0466553346847,1192.23656561811,35.909999999999997,0.017899199281507402
186.96761691735804,-999.45209933926674,1191.8770303579599,36.210000000000001,0.017758172211452549
186.94911649140738,-999.023001334681,1194.9750417441201,35.890000000000001,0.017662423972178886
186.93062990282721,-998.27578332997052,1196.8966957207599,36.170000000000002,0.017741598812238427
186.91214688018519,-998.08322266897062,1195.8621973827101,36.170000000000002,0.017831876054319649
186.89365914195062,-998.33786466697302,1195.8621973827101,36.07,0.017900633518698129
186.87517999154323,-997.87412199837252,1197.7879044756801,35.890000000000001,0.017686714936133375
186.85668491861736,-998.7339379970665,1201.8445970826899,35.909999999999997,0.017486036651981427
186.8381768009753,-999.4383526709006,1201.8445970826899,35.909999999999997,0.017322459154283078
186.81965644367907,-1000.0992939966824,1199.28851119143,36.189999999999998,0.017263657520181833
186.80111764206168,-1001.0952873397758,1197.7509495915101,36.189999999999998,0.017354560807787002
186.78258488990141,-1000.7686166542086,1201.0411263753299,36.009999999999998,0.017366072987995626
186.76406136196303,-1000.2705086722045,1202.62088806878,35.869999999999997,0.017363750896472015
186.74554846870379,-999.6962359999643,1200.5473614391501,36.229999999999997,0.017271752775434399
186.72704737944454,-999.05881999893336,1199.7674941739399,35.890000000000001,0.017167196294998337
186.7085687298765,-997.8470766734531,1198.97236811785,36.259999999999998,0.017089653342891205
186.6900905666667,-997.82081333019096,1200.93026172283,36.259999999999998,0.017115308182635312
186.67162867159266,-996.94233399784196,1204.25953915829,36,0.017191414826781621
186.65316674961713,-996.94378667817875,1204.25953915829,36,0.017269811492282575
186.63469694140733,-997.36964332971911,1207.2443017058699,35.840000000000003,0.017391466022187684
186.61621536128416,-998.00532665127423,1208.52747065156,35.840000000000003,0.017375526945267679
186.59771012141979,-999.28295267607234,1207.57308096565,36.310000000000002,0.017241425819739632
186.57918192964203,-1000.5223559989429,1207.9233179001001,36.310000000000002,0.017041009327297959
186.56064574606182,-1000.9539133309487,1206.33497313678,36.210000000000001,0.016835173597756291
186.54210699722231,-1001.0924373347989,1206.37383536981,36.210000000000001,0.016800044107288043
186.52357176981494,-1000.9022799969948,1206.37383536981,36.009999999999998,0.01692500792444368
186.50505483564214,-999.91444533175513,1207.4464806850499,35.890000000000001,0.016979710717169163
186.48655331797531,-999.08195400859165,1209.1652404266899,36.210000000000001,0.017023523234076889
186.46807294649386,-997.94005999842716,1211.2366212888501,36.210000000000001,0.016950887315622963
186.44959723266655,-997.68854667450887,1211.2366212888501,35.909999999999997,0.016871414452806217
186.43112946404946,-997.25950532267575,1211.0835565428199,36.210000000000001,0.016889943639926401
186.4126571743829,-997.50364199436524,1211.30552426642,35.909999999999997,0.017029334686595319
186.39416104907409,-998.79076667640891,1211.30552426642,35.909999999999997,0.017216198345377631
186.37564529767903,-999.85057533303609,1212.1254458577,36.189999999999998,0.017400308410395807
186.3571075225926,-1001.0398546660339,1213.4262577803399,36.189999999999998,0.017475935936802679
186.33855247455554,-1001.972594001919,1213.6150853175,36.299999999999997,0.017349230543981665
186.31999080586425,-1002.3301093302092,1213.6150853175,36.299999999999997,0.017164856615261782
186.30143565953082,-1001.9779020042841,1209.5610153151799,35.950000000000003,0.017033220378493658
186.28287468002472,-1002.2928933303251,1208.7365637703599,35.979999999999997,0.017010933814755425
186.26434002381484,-1000.8714353322874,1211.19442119532,36.140000000000001,0.017000461624428101
186.24581755449373,-1000.2133433409709,1213.39693229162,36.140000000000001,0.017068913825783807
186.22731147644438,-999.32821466385724,1213.39693229162,35.859999999999999,0.017157519855025654
186.2088162338149,-998.74310199197214,1211.3677515229899,36.280000000000001,0.017222466154466643
186.19031361201237,-999.14157733721368,1209.93175624988,35.950000000000003,0.017213654806843767
186.17180750808646,-999.3296119994892,1211.65456910784,35.950000000000003,0.017200949502969264
186.15329220476551,-999.82637933158969,1211.65456910784,36.189999999999998,0.01734991041405793
186.13475988722229,-1000.7451473336826,1212.3614802791501,36.189999999999998,0.017630885257108698
186.11621638345676,-1001.3492033383615,1211.13577021787,36.240000000000002,0.017907875072566644
186.09766488170376,-1001.7810946621954,1210.80007681848,36.240000000000002,0.017944507095741961
186.07909571586433,-1002.734955329124,1211.5882887349501,36,0.017880869825078995
186.06054142738279,-1001.9315780027271,1211.18893756735,35.899999999999999,0.017675704636665044
186.0419914778272,-1001.697276002639,1209.8287594114299,36.259999999999998,0.017624199392248355
186.02344873361741,-1001.3081873281777,1208.47692590677,36.259999999999998,0.017725080252097229
186.00492692759246,-1000.1775253472305,1208.5379610702901,35.890000000000001,0.017831006816969204
185.98641749781495,-999.50920798477205,1207.9330930630099,36.189999999999998,0.018095715594598716
185.96791584976535,-999.08899467944059,1206.4620502545899,35.890000000000001,0.018242588264014169
185.9494199841852,-998.77674132794323,1203.55429691724,35.890000000000001,0.018274629894090146
185.93091657592583,-999.18404600575025,1201.6488554059099,36.259999999999998,0.018269287213602884
185.91240274719755,-999.74675132691345,1206.32090643894,36.259999999999998,0.018052160741906402
185.89387969424698,-1000.2448593309015,1207.97195529603,36.189999999999998,0.017926065872484714
185.87533435060496,-1001.4485566684808,1207.97195529603,36.189999999999998,0.017909182024264354
185.85678442795066,-1001.6958233332941,1208.40039353375,36.020000000000003,0.018130648468774331
185.83823560323461,-1001.636534667012,1206.4310558356101,35.880000000000003,0.018442379724841838
185.81969076043214,-1001.4215113325695,1201.97787308429,36.25,0.018640074667226125
185.80115766264197,-1000.7872806693672,1201.97787308429,36.25,0.018609603867409112
185.78263699387671,-1000.116113323916,1203.17950286621,35.909999999999997,0.01836034158274609
185.76413123350608,-999.31106001476371,1203.63798184848,36.159999999999997,0.018208069313433242
185.74563671317273,-998.70409800088339,1202.53005057932,35.880000000000003,0.018142709096504228
185.72714907841984,-998.33227665447669,1204.3258195311801,35.880000000000003,0.018129388069608718
185.70865640209863,-998.60452134636125,1205.5179125688001,36.259999999999998,0.018258655650718471
185.69016193350623,-998.70130398913921,1205.5179125688001,36.259999999999998,0.018390134593231154
185.67164571438278,-999.87583266675074,1198.7394331383,36.119999999999997,0.018481589436650077
185.6531202700001,-1000.3739966639716,1198.9966868158201,36.119999999999997,0.018457965929346822
185.63458480871603,-1000.9149093398597,1198.9966868158201,36.049999999999997,0.018226094553317699
185.61604855375299,-1000.9577680044493,1201.7165662904499,35.890000000000001,0.01795000603642272
185.59750706992588,-1001.2401266635864,1204.6548372095599,36.299999999999997,0.017800516343513154
185.57896708655562,-1001.1591019937898,1204.67939432614,36.299999999999997,0.01788489003377948
185.56043654266679,-1000.6493699969645,1201.69892331349,35.950000000000003,0.018051689902565577
185.54191927735826,-999.93232666176903,1198.0120179667499,36.039999999999999,0.018124661101150467
185.52340849613569,-999.58218601813996,1201.4528753105301,35.869999999999997,0.018095594513884435
185.50489966964193,-999.47663066257303,1202.9546741193101,35.869999999999997,0.017814457217464091
185.48639458501225,-999.27457000330412,1202.9546741193101,36.280000000000001,0.017478029337182916
185.46787801508634,-999.89477599954466,1204.2244916229799,36.280000000000001,0.017312259103206294
185.44935690445683,-1000.1399739925104,1202.11973215577,35.950000000000003,0.017156393992407065
185.43081663549376,-1001.1745240073755,1201.8138410823201,35.950000000000003,0.017252117395670667
185.41227003870384,-1001.5162266555155,1201.04231846837,36.25,0.01729197489557999
185.39371706234573,-1001.8607233373837,1199.3116377963599,35.909999999999997,0.017278532813618193
185.37515877849376,-1002.1473280070978,1199.8163699884899,36.07,0.017208791235546615
185.35660995998776,-1001.6361993231682,1199.8163699884899,36.07,0.01712715356161992
185.3380796954815,-1000.6342833382146,1202.5219443466599,36.140000000000001,0.016946411797848501
185.31956148748156,-999.98323199576294,1203.91526268903,35.850000000000001,0.016743387608011483
185.30105567640749,-999.31379800029936,1206.9114693297699,36,0.016631902092058354
185.28256196735802,-998.66028867145133,1208.6915026535401,36,0.016622392251270105
185.26406641324689,-998.75992200070971,1208.6915026535401,35.880000000000003,0.016566531532474404
185.24557421812355,-998.57853666121468,1208.4807406044899,35.880000000000003,0.016619629325911201
185.22707428576547,-998.99634733584628,1208.74705418909,35.969999999999999,0.016511317544105411
185.20856512813577,-999.49451200357873,1209.4911586631699,35.969999999999999,0.016470066173689377
185.19004541345691,-1000.0645926579311,1209.4911586631699,36.090000000000003,0.016489160352507623
185.17151431801247,-1000.6791539999151,1211.48314612903,36.07,0.016483257836993774
185.15297476306182,-1001.1359673356038,1208.7384711192201,35.899999999999999,0.01651406183741877
185.13444217956786,-1000.7595086745196,1209.0317260064801,35.899999999999999,0.01656102844170412
185.11592095820987,-1000.1459533310913,1207.7118405952299,36.259999999999998,0.01657869563947453
185.09741535409881,-999.30262199729077,1207.7118405952299,36,0.016549229630518268
185.07892595914799,-998.42732734325057,1208.30025771859,36.240000000000002,0.016385034341267927
185.06044118871597,-998.17760332957664,1210.76073774823,36.240000000000002,0.016373375233478347
185.04196532587667,-997.69659332192964,1207.65056701309,35.93,0.016400753002796951
185.02348375920974,-998.00460001432202,1207.65056701309,35.93,0.016419836829596707
185.00500203007419,-998.01337332067885,1208.0475339946199,35.979999999999997,0.016385355135168207
184.98650967246937,-998.58731066006726,1210.87494026124,35.979999999999997,0.016303918220092119
184.96800248303714,-999.3882293405477,1212.83807907558,35.859999999999999,0.016284419432175293
184.94947932556795,-1000.2505033366305,1212.5662818630101,36.280000000000001,0.016401169001436403
184.9309489896666,-1000.638138671235,1210.3337300221599,35.939999999999998,0.016446977652985764
184.91240986416065,-1001.112777321721,1210.3337300221599,35.939999999999998,0.016599727998648114
184.89387529177782,-1000.8669086740435,1210.3709233249299,36,0.016546005181739532
184.87535291454316,-1000.2083706714575,1209.7739231317,36,0.016512441346131675
184.8568359669259,-999.91517133117156,1207.2071084030999,36.299999999999997,0.016418714083412819
184.83834208920993,-998.66939666213216,1207.2071084030999,36.299999999999997,0.016192700709380892
184.81987213819761,-997.37735466627203,1205.7000643849401,35.93,0.016065387881911704
184.80140488283959,-997.23178933205281,1205.5996901511801,35.93,0.016094132639994183
184.78292877371607,-997.70989267097866,1207.3487290559699,36.07,0.016410261813390815
184.76444074883952,-998.35334333331116,1206.5080650458401,36.07,0.016849199309975468
184.7459320465309,-999.46992466505594,1206.5080650458401,35.859999999999999,0.017002036588492152
184.72740595228407,-1000.4090893288073,1207.85274599227,36.310000000000002,0.016991719605365725
184.7088651700617,-1001.2022400089905,1209.8101627600399,35.93,0.016908164437818448
184.69031551335812,-1001.681461992457,1207.1668156584301,35.93,0.016867179001263555
184.67175693044445,-1002.1634773391397,1207.1668156584301,36.07,0.016967721485105867
184.65319244191346,-1002.4823806729376,1205.1083094010701,36.07,0.017128987235971095
184.63463821241987,-1001.9283926539067,1204.0866856678299,36.329999999999998,0.017530696669565572
184.61610282875313,-1000.9107180034757,1201.7098905694399,36.329999999999998,0.017857150066354195
184.59758930529622,-999.7302666730119,1201.7098905694399,35.93,0.018018245073237901
184.57909257565433,-998.82340066235213,1200.76527604643,35.93,0.018012761655088874
184.5605988986791,-998.65855666248729,1201.49364489241,36.090000000000003,0.017698034640368229
184.54210232529638,-998.81496266686327,1201.49364489241,36.090000000000003,0.017688958382971933
184.52359303107423,-999.50188799628756,1200.1589775274999,36.280000000000001,0.017882704535120551
184.50506140891363,-1000.7075966714583,1200.1589775274999,36.280000000000001,0.018269434165814055
184.48651432474082,-1001.5425453324906,1197.15633358435,36,0.018720492298697003
184.46795480635811,-1002.2139926660889,1197.7972028013701,36,0.018958679091375386
184.44939345638261,-1002.3128986768911,1200.5175591132099,35.890000000000001,0.019004153506829935
184.43083566613583,-1002.1206733267594,1199.0553377932699,36.280000000000001,0.018982281903598106
184.41228253353097,-1001.869160662361,1196.3614459468699,36.170000000000002,0.01904770214843329
184.39373658659261,-1001.4811346721835,1194.4195263885899,36.170000000000002,0.019281286126852194
184.37520913469123,-1000.4824026730431,1194.4195263885899,36.079999999999998,0.019584552698047774
184.35669336364208,-999.85163665431241,1195.6459517056901,36.079999999999998,0.019906899997521293
184.33818542812358,-999.42851799929952,1193.3084956775299,36.299999999999997,0.020131976865827485
184.3196898481483,-998.76131866582978,1193.3084956775299,36.299999999999997,0.020108999061199222
184.30119956946902,-998.4750486804395,1192.84644041615,36.049999999999997,0.019972509600470659
184.28270337275313,-998.79462265795701,1193.7116615428499,36.049999999999997,0.019778319536320484
184.26419253254323,-999.58537133398454,1193.4312812604001,36.07,0.019798010796139968
184.24565903220986,-1000.8090180029134,1193.4312812604001,36.07,0.019969024389565368
184.22711445639507,-1001.4070939984998,1193.2412616302099,35.829999999999998,0.020252869774307243
184.20856748293832,-1001.5365666644217,1192.28544143265,36.280000000000001,0.020479266010993064
184.19002877859256,-1001.0900346711232,1191.5418137957799,36.119999999999997,0.02050419026684373
184.17149771522236,-1000.6774219909511,1190.63701518023,36.119999999999997,0.020421393627085324
184.15298177550611,-999.86074467796948,1190.63701518023,36.079999999999998,0.020289023713397945
184.13446597237049,-999.85336932279631,1189.7922980537801,36.079999999999998,0.02034578058874114
184.11596015406164,-999.31418867785601,1191.1293496047699,36.310000000000002,0.020472599817736203
184.09746426881478,-998.77780333072349,1191.5430058888201,36.310000000000002,0.020549504294609913
184.07897867986429,-998.22180332557332,1191.5430058888201,35.939999999999998,0.020521564615016401
184.060489583963,-998.41117867072853,1192.79780302022,35.939999999999998,0.020293619286374083
184.04198766996302,-999.10335599829364,1191.02325332442,36.189999999999998,0.020098776246510918
184.0234754720866,-999.65868532674813,1191.84055231101,36.189999999999998,0.019966017252770467
184.0049548478147,-1000.1137106822242,1191.44477742252,36.159999999999997,0.019753339394510953
183.98642746834554,-1000.478491335798,1191.44477742252,36.159999999999997,0.019735339003867668
183.96789196775327,-1000.9170319824125,1191.54920477262,36.07,0.019814643176170772
183.9493647693705,-1000.4687126684214,1191.3947095149399,35.850000000000001,0.019861505268955956
183.93084545723468,-1000.0428553353771,1190.6610954595899,36.310000000000002,0.01987206645476549
183.91234305687669,-999.12961933056397,1192.2275057110201,36.310000000000002,0.019681062542869464
183.89384951028407,-998.65151600263005,1194.4121354117599,35.899999999999999,0.019630067465326789
183.87536310280251,-998.26600400307393,1194.4121354117599,35.899999999999999,0.019510996836975561
183.85687557876554,-998.32629799739971,1193.92695354545,35.899999999999999,0.019469988643933588
183.83838257855555,-998.62201133929864,1193.4036247019301,35.899999999999999,0.01947267809389935
183.81987520699997,-999.39806400115697,1192.4489965974101,36.119999999999997,0.019467862119374006
183.8013647051728,-999.56709866689437,1192.4489965974101,36.119999999999997,0.019377412066612278
183.78283827359257,-1000.427305332153,1192.36173538706,36.07,0.019094936746764987
183.7642963344444,-1001.2647140021093,1194.3513386668401,35.869999999999997,0.018789998975146913
183.74574847725938,-1001.5842879906187,1193.46537512128,35.979999999999997,0.018560800500224992
183.7271946885927,-1001.9045880005287,1193.46537512128,35.979999999999997,0.018543393046803643
183.70865411435804,-1001.1910086722692,1192.9384699986499,35.960000000000001,0.018617544941380494
183.69012761137034,-1000.4311613356853,1192.51599222612,35.960000000000001,0.018598165149158966
183.67161669354331,-999.58956265937661,1195.6669325431501,35.890000000000001,0.018273605446078353
183.65311697539502,-998.98478000675345,1198.6385820673199,35.890000000000001,0.017950167464483247
183.63462014123451,-998.829044668081,1198.39444141322,36.25,0.017642034224893584
183.6161093920864,-999.58045399818388,1197.4872586115901,36,0.017612684103136586
183.59759530362965,-999.76077666438698,1198.46715908851,35.869999999999997,0.017659763499763382
183.57907758404934,-999.95685733654716,1198.58565313645,35.869999999999997,0.017641910039957936
183.56054036153103,-1001.0100159888904,1198.58565313645,35.939999999999998,0.017629729378399694
183.54200270440748,-1001.0334846718806,1198.0577943393901,35.939999999999998,0.017407765201814061
183.52345442502454,-1001.6070866784171,1193.9763061972001,36.140000000000001,0.017062564284887033
183.50490470313579,-1001.6849819926257,1193.9763061972001,36.140000000000001,0.016638088143488057
183.48635768414837,-1001.53902532133,1199.7136115686401,35.840000000000003,0.016262457801231318
183.46782143021002,-1000.9577126707364,1199.7136115686401,35.840000000000003,0.016254337709358021
183.44930703648149,-999.7772613402725,1199.3998526811399,36,0.016379757887969575
183.43081051380261,-998.81222465934354,1197.30510679544,36,0.016482529336897984
183.41232690753094,-998.11473866989331,1196.0398192453199,35.960000000000001,0.016377588938372767
183.39385301288891,-997.59031066989053,1198.52247220546,36.140000000000001,0.016059089040379664
183.37537515495066,-997.80432866529736,1203.0133250967699,35.850000000000001,0.015806494688773709
183.35688475312358,-998.48169866273997,1203.0133250967699,35.850000000000001,0.015670463655996492
183.33836895620985,-999.85303334141656,1200.78101167452,35.950000000000003,0.015605844349534969
183.31982693945673,-1001.2689046679816,1200.78101167452,35.950000000000003,0.015753606952806296
183.30127531455571,-1001.7877446554879,1203.1203750515399,36.07,0.015891699323733448
183.28272335128398,-1001.8060166740503,1199.51930040351,36.07,0.015948574155417561
183.26416699733335,-1002.0431133344107,1199.51930040351,35.859999999999999,0.015732901586001508
183.24562704604932,-1001.1573693362981,1199.18646802741,35.859999999999999,0.015467634010053568
183.22710031539518,-1000.4434553237146,1197.58214921738,35.899999999999999,0.015213034224169419
183.20857998397534,-1000.0978966720423,1197.58214921738,35.899999999999999,0.015202486474244192
183.19007959009872,-999.02126933670911,1197.04451525742,36.170000000000002,0.01522857903057467
183.17159078704947,-998.39536466054665,1197.8439328484501,36.049999999999997,0.015279961129817204
183.15310834286413,-998.05198600766721,1199.9367713852801,35.869999999999997,0.015388351555290272
183.13462973158042,-997.84500932064532,1197.7368828936701,35.869999999999997,0.01539190713899578
183.11612990270365,-998.99075934533403,1195.6697935664399,35.950000000000003,0.015430594285771631
183.09760924635793,-1000.1154426692044,1195.6697935664399,35.950000000000003,0.015505363961519147
183.07906964069122,-1001.1387060026433,1197.77979824302,36.140000000000001,0.015660438478228095
183.06051414356776,-1001.9968446665663,1196.67401274133,36.140000000000001,0.015991247361609059
183.04195149387655,-1002.3830833250586,1196.67401274133,35.859999999999999,0.016295429732864956
183.02339124803717,-1002.2532753262851,1195.7551474279301,35.859999999999999,0.016303254912309079
183.00483749144453,-1001.9028560025566,1195.06564081498,35.979999999999997,0.016176263904863448
182.98630278350615,-1000.8742286735198,1193.6642162399501,35.979999999999997,0.015920505133199151
182.96778945562963,-999.71970533148226,1191.59784216855,36.090000000000003,0.015782589709810921
182.94928464417285,-999.25981866641405,1191.59784216855,36.090000000000003,0.015975792586579954
182.93078679074071,-998.88408533423456,1190.1926028958101,35.869999999999997,0.016243677168719793
182.91229447143203,-998.5852426697237,1191.0966862555399,35.869999999999997,0.016598144747432562
182.89379808638273,-998.80479266240991,1192.3772325965399,36.32,0.016728438846713538
182.87529085141981,-999.3906879974561,1191.89157389302,35.939999999999998,0.01672633612959808
182.85676338088885,-1000.4834086715985,1191.6650762158699,36.07,0.016586553930681106
182.83821840770381,-1001.4285519924267,1191.21422662905,36.07,0.016484810045792078
182.81965249735822,-1002.559158661645,1191.21422662905,35.880000000000003,0.016597206181318061
182.80106829893842,-1003.5467146687691,1192.33121780529,35.880000000000003,0.016836603680989937
182.78249633291361,-1002.8861653395838,1190.1093948017799,35.920000000000002,0.017096961125984186
182.763942746037,-1001.8936913371392,1189.4892680036101,35.920000000000002,0.017307088192416716
182.74540707055556,-1000.926475998441,1188.8421999028001,36.030000000000001,0.017217085173994354
182.72689398895068,-999.70640666393706,1191.74065491446,36.030000000000001,0.017038690348748605
182.70839141164188,-999.13917467353804,1193.91026424292,35.880000000000003,0.016828920277544183
182.68988824449383,-999.17102599632062,1193.91026424292,35.880000000000003,0.016769608485728917
182.67139158004932,-998.81988000266381,1191.7368402167399,36.259999999999998,0.017077878320218818
182.65288798345674,-999.19421599921145,1190.83228001979,35.890000000000001,0.017396265432587803
182.63437272566688,-999.82392065269755,1190.49491769015,36.009999999999998,0.017662276002393774
182.61585830607399,-999.77865801638472,1192.0181741736101,36.009999999999998,0.017491254125480873
182.59733082829626,-1000.483799997683,1193.7061779148801,35.869999999999997,0.017212507213250707
182.57879523664201,-1000.9219493292049,1192.6094523202701,35.869999999999997,0.017013623277545187
182.56025221302482,-1001.3232753279513,1191.0406578827699,35.939999999999998,0.016995509054391851
182.5417101114198,-1001.2734866709302,1192.36888794528,35.939999999999998,0.017242849699619426
182.52318293891364,-1000.4673153327894,1192.36888794528,36.020000000000003,0.017422371435794587
182.50466833097531,-999.78882866936556,1194.24071243295,36.020000000000003,0.017552196774239942
182.48617018469136,-998.8998993334244,1195.15337886255,35.859999999999999,0.017608144428129083
182.46768225191352,-998.34837000427785,1193.8835613588799,35.859999999999999,0.017450114506016353
182.44919607208641,-998.25371066357241,1193.8835613588799,35.920000000000002,0.017225874793085422
182.43071230956798,-998.12317599487062,1194.1262715013299,35.920000000000002,0.017127879991352724
182.4122117408026,-999.03071333075377,1195.9916586866,36.030000000000001,0.017081476336900218
182.39369569035804,-999.86672400555801,1196.27084687601,36.030000000000001,0.017362025881471423
182.37518665587638,-999.48786201028645,1196.22960045691,35.829999999999998,0.017489462883087819
182.35666972895075,-999.91405398368681,1194.8119634165701,35.829999999999998,0.017475175368777032
182.33815679016041,-999.69869467885667,1197.1389290259999,35.960000000000001,0.01719840181902765
182.31964619727168,-999.57201599170298,1197.1389290259999,35.960000000000001,0.016787435027762206
182.30112481965432,-1000.1543913375724,1199.10922039857,36.079999999999998,0.016638374785050172
182.28260552717296,-1000.0417939921167,1200.09961129422,36.079999999999998,0.016664925756507999
182.26409685074074,-999.4685273404159,1201.49579065988,35.869999999999997,0.016922259488572351
182.24560379775309,-998.62486133328355,1201.49579065988,35.869999999999997,0.017075037786272354
182.22712862408656,-997.65937799255732,1203.56192631268,35.899999999999999,0.017074317572920952
182.20866322000009,-997.13182066994261,1203.1504157960901,35.899999999999999,0.016864254659243235
182.19018145154308,-998.01549667771133,1201.7003538251299,36.100000000000001,0.016596124816135243
182.17169395958035,-998.32456598843578,1201.7003538251299,36.100000000000001,0.016386859739052486
182.15319062997543,-999.17979866514156,1202.2403719711699,35.869999999999997,0.016371883033859107
182.13466761530876,-1000.2427920000775,1203.5166267772499,35.869999999999997,0.01658831826059445
182.11614349650637,-1000.3024153286997,1203.6956791514999,35.969999999999999,0.01681449098316392
182.09762053356783,-1000.2399986808293,1204.4364457650699,35.969999999999999,0.016881592781457861
182.07910318444451,-999.93685266049295,1204.4364457650699,36.039999999999999,0.016795140175006426
182.0606043883086,-998.93499133874036,1204.11076594719,36.07,0.016590809030825483
182.04211193343193,-998.59256333971166,1203.29370537921,35.869999999999997,0.016368401967547342
182.02362251881482,-998.42838932404663,1205.72462150152,35.869999999999997,0.016292906884526295
182.00513944443205,-998.08601666972288,1212.9832760075701,35.950000000000003,0.016251388527256529
181.98665503929644,-998.15787732262982,1212.9832760075701,35.950000000000003,0.01649291668305396
181.9681667412348,-998.36809532972097,1209.6537601534999,36.090000000000003,0.016582769654610894
181.94966541188896,-999.0717846746503,1207.93166255136,36.090000000000003,0.016578449350347548
181.93115202606182,-999.72283466508622,1208.82620916679,35.850000000000001,0.016418715117678315
181.91262014934574,-1000.7213426693127,1208.82620916679,35.850000000000001,0.01619071906361616
181.89406870037038,-1001.7782446682108,1209.35645214992,35.920000000000002,0.016233836189137218
181.8755168084939,-1001.802161330038,1208.99644005256,35.920000000000002,0.016383092015504835
181.85697651364202,-1001.1759220025273,1207.5189599417399,36.079999999999998,0.016472471057341349
181.83844463175316,-1000.7216219979398,1207.9309472955399,36.079999999999998,0.016447908966214262
181.81993266774083,-999.64605666538671,1209.5521938267,35.829999999999998,0.016177788178519208
181.80142466599983,-999.43209401468471,1208.24899771798,35.829999999999998,0.015954834719559229
181.78291571016061,-999.48361531820535,1208.24899771798,36.280000000000001,0.016077415398896924
181.76441447809884,-999.06653133548605,1207.8098306429199,35.939999999999998,0.01630551181070572
181.74590466440753,-999.52993933075459,1209.7107422007,36.140000000000001,0.016715359971883035
181.72738986193832,-999.79933333615861,1209.7107422007,36.140000000000001,0.016962558851086461
181.70887442202471,-999.83375533529056,1212.28852418524,35.880000000000003,0.017038398524663472
181.69033903835799,-1000.9107180034757,1208.69364842101,35.880000000000003,0.017014991281440336
181.67178422316053,-1001.9600206632784,1207.2536000315699,36.039999999999999,0.016802222368938292
181.65322200291359,-1002.3598933331599,1207.2536000315699,36.039999999999999,0.016790396645883394
181.63465128383967,-1002.8188299929051,1209.4816219188699,35.850000000000001,0.017061577069822344
181.61609181823462,-1002.2111426721041,1209.2083941946501,36.299999999999997,0.01759223950476858
181.59754845003707,-1001.3418826683735,1201.2316228427401,35.880000000000003,0.018156509222412069
181.57901811413595,-1000.6381386602429,1202.8321269550499,35.880000000000003,0.01846869476346584
181.56051568686428,-999.13107267042062,1202.8321269550499,36,0.018344102435096994
181.54201997029631,-998.76869466953065,1206.2753684848999,36,0.017946673973143784
181.52352014866653,-998.99036800825763,1207.20353212399,36.280000000000001,0.017714199302988905
181.50501299235808,-999.38644065684741,1203.8322930136101,36.280000000000001,0.017783934661422193
181.48648774251848,-1000.3634913376585,1203.8322930136101,35.950000000000003,0.018226066600872937
181.46794898745688,-1001.0927733271707,1201.96642899113,35.950000000000003,0.018717829762432286
181.44939912276558,-1001.6926933291784,1201.99241661935,36.039999999999999,0.019037138873737217
181.43084131285187,-1002.1217353405314,1201.0973931667099,36.039999999999999,0.018971365767479008
181.41228539351869,-1002.0196439919006,1201.2113572610999,35.869999999999997,0.018654172820776502
181.39373022132111,-1001.9792986694044,1201.2113572610999,36.32,0.018298765638223292
181.37516789034572,-1002.3658726717408,1197.6255414039499,35.960000000000001,0.018183031223647637
181.35662782212356,-1001.1636839967388,1197.6255414039499,35.960000000000001,0.018423644625863576
181.33810180653077,-1000.4048420101825,1197.4569794484401,36.090000000000003,0.018836535098633238
181.31960239365426,-998.96829533086759,1197.4569794484401,36.090000000000003,0.019227349095260259
181.30111605860492,-998.26209266582896,1195.05848825675,36.299999999999997,0.01939763314455371
181.28263084011098,-998.20179867150318,1194.8591703008599,36.299999999999997,0.0192948078883752
181.26414036067897,-998.4858893286123,1195.8190436147499,36,0.01894134407053235
181.24563701761721,-999.18052533506989,1196.52976948378,36,0.018605773022115253
181.22711241762957,-1000.3283993323428,1198.4313962973799,36.119999999999997,0.018546520209895334
181.20857010181476,-1001.2850540000234,1198.4313962973799,36.119999999999997,0.018914103924679924
181.19002291414822,-1001.5481339935146,1195.6490511475899,36.280000000000001,0.019355039631154532
181.17146678682732,-1002.0308753286218,1193.01857865078,36.280000000000001,0.019616489822119582
181.15292772546923,-1001.109313336769,1191.4998521208599,35.979999999999997,0.019357876030074578
181.13439555176524,-1000.737380014889,1192.9477683243499,35.979999999999997,0.018890286894109855
181.11587992972829,-999.84358999589983,1192.9477683243499,35.960000000000001,0.018354765031035104
181.09736970729611,-999.55201133763251,1193.53499335468,36.189999999999998,0.018131098603263958
181.07886300525919,-999.36190999306086,1195.00222146538,36.259999999999998,0.018233572030249379
181.06036044139506,-999.13844866312957,1195.1107019317999,36.259999999999998,0.018609348274370909
181.04186255588891,-998.88581733220667,1192.7222243216299,36,0.018915402590447463
181.02336012861724,-999.13107267042062,1192.7222243216299,36,0.019028604862340343
181.00484635162951,-999.74395733715335,1188.6285768304599,36.280000000000001,0.018801116910081662
180.9863170422594,-1000.5827059865013,1188.6285768304599,36.280000000000001,0.018422445280116741
180.96776559224674,-1001.7783006834273,1189.9198520088,35.93,0.018160294532747777
180.94921411014803,-1001.7800333299272,1193.3368674918299,35.969999999999999,0.018042931341361972
180.93065698321004,-1002.084854651515,1193.1945315831299,36.159999999999997,0.018098348129429009
180.91211566080267,-1001.2314099989899,1192.4423208763999,36.159999999999997,0.018216666456754099
180.89358661738268,-1000.56834467864,1191.47958653922,36.280000000000001,0.018164790746620554
180.87506531840737,-1000.1501446674754,1191.6026105407,36.280000000000001,0.017969299942065187
180.856558077247,-999.39102265979602,1195.02081811676,35.93,0.017712645022402725
180.83805944460482,-998.92616267668666,1197.8203294063001,35.93,0.017463474844567724
180.81956104479008,-998.91358999756596,1196.3404651093999,36.210000000000001,0.017360419859316353
180.80105852645681,-999.13598999522912,1196.3404651093999,36.210000000000001,0.017523920792666854
180.78255515753088,-999.18192200018984,1194.5802205300599,36.119999999999997,0.017660947308526041
180.7640406468642,-999.78357600071308,1194.7556966252,36.119999999999997,0.017685398665257784
180.74552527835806,-999.82989933175827,1194.4073670396001,36.090000000000003,0.017487916891281582
180.72700942970357,-999.85582734216882,1195.5207819367399,35.880000000000003,0.017303069015742616
180.70849046318503,-1000.0241920017222,1192.1185484073801,36.299999999999997,0.017240026754293019
180.68997369148147,-999.9056719924223,1193.9541332667,36.299999999999997,0.017151655627894169
180.67146556038256,-999.43907934082893,1193.9541332667,35.950000000000003,0.017004101016818131
180.65296519237054,-999.01987264960485,1198.93922793141,36.039999999999999,0.016769490519006672
180.63447707746934,-998.35820466488701,1202.42562322922,35.859999999999999,0.016680374320041033
180.61598705851853,-998.46102334296609,1201.3505937279001,35.859999999999999,0.016755603461058723
180.59749532387661,-998.55367066457632,1201.3505937279001,36.259999999999998,0.016813018462679713
180.57900510418528,-998.47186333161892,1200.98390590953,36.259999999999998,0.016848718124112153
180.5605071534693,-998.88933866240677,1202.7663234193701,35.939999999999998,0.016874714450190856
180.5420125151729,-998.71046800602869,1199.2300986325899,35.939999999999998,0.016961939006473699
180.5235097960865,-999.14683066538589,1199.2300986325899,36.170000000000002,0.017063027872970295
180.50501053841964,-998.95991401011497,1197.4715229834901,35.890000000000001,0.016865779959836489
180.48651215206152,-998.91286333862979,1199.9191284083299,36.210000000000001,0.016482085407797761
180.46801124596294,-999.04892932310759,1202.02293420111,36.210000000000001,0.016218760146620916
180.44950603093824,-999.28161133367303,1202.5982383010701,35.840000000000003,0.016303401851085586
180.4310068001729,-998.95846132977817,1200.41313176312,35.840000000000003,0.016546093136442473
180.41251114880254,-998.76517399885029,1196.9899173962999,35.93,0.016979162266798114
180.39402650980242,-998.1705060059752,1196.9899173962999,35.93,0.017297283426985968
180.37555149756781,-997.65066066844099,1202.5074008116001,36.07,0.017428081481644885
180.35706867670365,-998.07232666510129,1203.82204101348,36.07,0.017386309605771012
180.33857921034559,-998.43118333579082,1205.4957396382999,35.869999999999997,0.017196872383815086
180.32007573069137,-999.18790132777872,1205.4957396382999,35.869999999999997,0.017152625238054366
180.30156130385188,-999.77904933147715,1203.73120352402,36.009999999999998,0.017440184537465344
180.28303461253077,-1000.4413313401384,1203.73120352402,36.009999999999998,0.017910160948513543
180.26450667427162,-1000.5086659943212,1203.9937024108999,35.93,0.018324471177942798
180.24597517524685,-1000.7009473376856,1202.17409159828,35.93,0.018447718282516009
180.22744350756781,-1000.7100546688467,1202.2799494600199,36.25,0.018428222581518335
180.20891246903707,-1000.6760806595436,1202.09970499274,35.920000000000002,0.018289074712427033
180.19038805117299,-1000.3185646607415,1200.5874157652199,35.950000000000003,0.018173648666520409
180.17187202762952,-999.86527134720529,1202.9510978402,35.950000000000003,0.018227943740022831
180.1533564190496,-999.84286331497947,1202.9510978402,35.869999999999997,0.018438313979758311
180.13484668297542,-999.52574800536252,1203.32207719351,35.869999999999997,0.018933915214053087
180.11633547954315,-999.60498534347403,1201.21922507515,35.93,0.019419752056114906
180.09781875958035,-999.90287799167027,1200.5475998577599,35.93,0.019570883989198925
180.07928377845681,-1000.8889806699297,1200.5475998577599,36.090000000000003,0.019598622902613834
180.06073130916036,-1001.8333420091008,1200.39238934426,36.079999999999998,0.01951409813915525
180.04216843904928,-1002.3949859979955,1200.1627922252201,35.850000000000001,0.01971481679019477
180.0236026777159,-1002.5511120032324,1198.39754085511,35.850000000000001,0.020087741113678746
180.00504668698744,-1002.023499335913,1198.39754085511,36.280000000000001,0.02045584014183105
179.98650007674067,-1001.5169533254439,1197.2431179574901,35.920000000000002,0.020824868438700409
179.96797172870396,-1000.5307939834398,1196.0064406402601,36.119999999999997,0.020898696445536942
179.94944741432096,-1000.3129766812212,1196.28086045752,36.119999999999997,0.020653834148566034
179.93093419096289,-999.71406133674532,1195.7906718004599,35.890000000000001,0.020487399556459993
179.91241930983944,-999.80358066577548,1194.50154238958,35.890000000000001,0.020444747060005024
179.89390809296293,-999.60571133189865,1194.70443662458,35.979999999999997,0.020688611806584305
179.87539564776534,-999.67204066902968,1196.4167590638101,35.979999999999997,0.021049291313923225
179.85688142996312,-999.76776132001942,1195.7165236135199,36.119999999999997,0.021339323786192296
179.83835518670369,-1000.4171360092038,1193.76554414815,36.119999999999997,0.021607602635793557
179.8198259549383,-1000.5785153316208,1194.18492247879,35.869999999999997,0.021664963831182226
179.8012831455309,-1001.3117079988581,1195.8905691970101,35.869999999999997,0.021641522438674253
179.78273409314821,-1001.6488286660333,1195.6790918921299,35.950000000000003,0.021692049801249468
179.76418573616056,-1001.6112773332974,1195.0479978380199,35.950000000000003,0.021758477928953437
179.74563986683953,-1001.4769433357997,1193.7691204272701,36.140000000000001,0.021983602389756773
179.72710204621001,-1001.0423139934539,1193.7691204272701,36.140000000000001,0.022190284609525365
179.70857795328399,-1000.3010180040598,1192.58775622699,35.850000000000001,0.022229263555552579
179.69006769151838,-999.55413534319291,1193.2450763279301,35.850000000000001,0.022137819071073029
179.67156049588891,-999.38856399189592,1195.2969068642701,35.93,0.021914310960423705
179.65305810793825,-999.12894933537211,1195.2969068642701,35.93,0.021776016801062229
179.6345490931235,-999.48679999651415,1194.0807335473,36.090000000000003,0.021981553485998083
179.6160407281607,-999.45170799119842,1192.3836698989501,36.090000000000003,0.022062471958651318
179.59752634167896,-999.77687001418815,1192.7937499038901,35.859999999999999,0.022194758060397286
179.57900787393814,-999.99725800374824,1196.4243884592499,35.859999999999999,0.022139934201409965
179.56047708996294,-1000.6623346616893,1196.4243884592499,36.299999999999997,0.021993155696565077
179.54193819107408,-1001.100539997436,1194.8827737430099,35.93,0.021829262585250354
179.52340158633348,-1000.9766559925383,1194.3253510386201,36.100000000000001,0.021731974566073637
179.5048741675555,-1000.4806140113265,1193.3266154917001,36.100000000000001,0.021686353193726141
179.4863547581358,-1000.0481086635493,1193.3266154917001,35.850000000000001,0.021850232863660557
179.46784428838268,-999.56536666892225,1192.7353373450401,35.850000000000001,0.021964855906733641
179.44934264756805,-999.08860399089201,1195.42589133094,35.920000000000002,0.021995883431249207
179.43083955698756,-999.16689134566479,1195.9320540347201,35.920000000000002,0.021854017141766324
179.41233794929627,-999.08681532917547,1195.5646509605201,36.280000000000001,0.021580664643246535
179.39383934769145,-998.92448666095527,1195.5646509605201,35.950000000000003,0.02135518420804592
179.37533334104938,-999.32435867131699,1196.64158781071,36.07,0.021151777150059014
179.35683055677779,-999.15035066555447,1196.76246604472,36.07,0.021201298671630654
179.33831264265442,-999.9673626628603,1196.76246604472,35.82,0.021330239244901388
179.31978194249379,-1000.6578086739571,1196.2172026893099,35.82,0.021416645295563839
179.30125409427171,-1000.5038039922334,1199.0529536071999,35.93,0.021363825847581213
179.2827214517902,-1000.7626940013562,1199.0529536071999,35.93,0.021016482889262427
179.26418563971609,-1000.9338520021419,1201.06592191052,36.140000000000001,0.020606930683329108
179.24565605095057,-1000.5977933377469,1201.06592191052,36.140000000000001,0.020295761319012957
179.2271275787285,-1000.5374999919489,1201.3091088901899,36.030000000000001,0.020193861180851317
179.20860396697512,-1000.2750346819206,1201.7764093609301,35.890000000000001,0.02009967342429635
179.19008669546912,-999.93266132410895,1202.2005560637199,36.189999999999998,0.020119425740180833
179.1715694498271,-999.93126466998069,1204.54397255706,35.869999999999997,0.019974699242298229
179.15305339938274,-999.86672399456609,1199.0229128626499,36.310000000000002,0.019848726486634979
179.13453567255544,-999.95724867362389,1199.9091148268101,36.310000000000002,0.019590990204028817
179.11600652564195,-1000.5739333286722,1199.9091148268101,36.009999999999998,0.019308799467593982
179.09749093672858,-999.84180132319148,1201.7215730811999,36.009999999999998,0.01904817091089735
179.07897552992591,-999.83196734408591,1204.0213589693701,35.859999999999999,0.018830694673449881
179.06045649097538,-1000.0281033279751,1205.4974085685501,35.859999999999999,0.018824386513961289
179.04193566595075,-1000.1245513303969,1205.77850410682,36.259999999999998,0.018783235508619898
179.0234078311727,-1000.503078014801,1205.90415071298,36.259999999999998,0.018694863336760004
179.00488972146911,-999.97792399339755,1206.99849212152,36.140000000000001,0.018613362270353991
178.98637506696301,-999.79134333049853,1206.99849212152,36.140000000000001,0.018507367416275896
178.96786409119755,-999.59269133346083,1207.4865350111199,36.020000000000003,0.018529541171795356
178.94936011069137,-999.21494733420184,1208.07376004145,35.869999999999997,0.018542372728118716
178.9308521420615,-999.43030601248802,1209.28683391652,36.259999999999998,0.018304885467960084
178.91233729404942,-999.80179265258676,1209.21506991566,36.259999999999998,0.018138985879959456
178.8938242911112,-999.70215866380852,1209.9079143891199,36.280000000000001,0.017885997268220075
178.87530803266654,-999.87795601279117,1209.6423160603399,36.280000000000001,0.017710192542996727
178.85678623285185,-1000.1771899923947,1206.03647304016,35.969999999999999,0.017625256967492817
178.83826790170392,-999.98988198905545,1206.03647304016,35.969999999999999,0.01746208614559204
178.81974819427163,-1000.0642013428386,1206.43677788219,36.119999999999997,0.017425936327889534
178.80123575011118,-999.671984664805,1205.84526131693,36.119999999999997,0.01729476472832972
178.78272689050607,-999.47841867576153,1207.82437417798,36.329999999999998,0.017065293053225992
178.7642148820124,-999.64845865855057,1210.7149613755901,36.329999999999998,0.016831510386930138
178.74570017576551,-999.79413733125057,1212.3915210236901,36.189999999999998,0.016744761833784035
178.72718076014817,-1000.0484433368813,1212.3915210236901,36.189999999999998,0.016872605511197999
178.70865262009875,-1000.5195626687026,1207.2223671939801,36.009999999999998,0.017161472810821064
178.69013540756785,-999.92947666778412,1207.2223671939801,36.009999999999998,0.017345032351441206
178.67161927227181,-999.87130598652288,1207.1968564029801,36.210000000000001,0.017425255437593105
178.65309893464209,-1000.0982320048942,1207.1968564029801,36.210000000000001,0.017308096087295281
178.63457460060502,-1000.3140380024976,1204.4607644630401,36.32,0.017149838514411334
178.61604299188886,-1000.7068706720419,1204.4607644630401,36.32,0.017056020190732619
178.59751493566685,-1000.5150359884747,1204.08787776087,35.950000000000003,0.016890504502704708
178.57898307964217,-1000.7202253328196,1201.6839029412199,35.950000000000003,0.017020478847236224
178.56045571880259,-1000.4774853372423,1200.5619049742099,36.020000000000003,0.017234387086942488
178.54193941586433,-999.88035866547511,1199.63111873044,36.020000000000003,0.017307485555143068
178.52342877019774,-999.57486599667959,1199.63111873044,36.159999999999997,0.017280630351671072
178.5049083673704,-1000.1017526755745,1204.42285590444,36.159999999999997,0.017048452668990129
178.48638828946915,-1000.0842066674206,1202.00123810783,35.869999999999997,0.016851489330312337
178.46787040018523,-999.96602133145279,1202.00123810783,35.869999999999997,0.016817377054104091
178.44934463087651,-1000.3915426721255,1200.3778458091999,36.299999999999997,0.016957274112875721
178.4308125409753,-1000.7328546646928,1201.1112214459399,35.950000000000003,0.017123273064050818
178.41227023861734,-1001.284327330095,1200.7774353954101,36.030000000000001,0.017420854422149277
178.39372133525924,-1001.6407813371089,1200.6517887892501,36.030000000000001,0.017482548330137435
178.37516913914811,-1001.8185900016988,1199.02863490923,35.859999999999999,0.017451226921147967
178.35660654740752,-1002.3799539914546,1196.1747641771799,35.859999999999999,0.017307590071935677
178.33805456550638,-1001.8070226616138,1197.2321507015399,35.890000000000001,0.017179914023086315
178.31952039670387,-1000.845115336273,1197.2321507015399,35.890000000000001,0.017087817595530824
178.3009910024692,-1000.5872886709537,1196.1859698517301,36.280000000000001,0.017209295180339673
178.28248085040738,-999.54821133832502,1193.89119075432,35.939999999999998,0.017344890571982394
178.26398141888907,-998.96930198894302,1192.77920636883,36,0.017394831200485964
178.24547647085183,-999.26719401059529,1195.3341001670501,36,0.017208470437575223
178.22696466929634,-999.63728399656566,1196.5967651124899,35.869999999999997,0.017064586283086897
178.20843383255547,-1000.6651840071463,1196.5967651124899,35.869999999999997,0.01691660326401748
178.18989371983955,-1001.1660866604144,1195.4223150518301,35.909999999999997,0.016982917579974065
178.17135688745671,-1000.9889486725201,1194.6584218333301,35.909999999999997,0.017194730332652661
178.15282310151869,-1000.8244406540348,1194.6407788563699,36.229999999999997,0.017411124170651826
178.13428830872857,-1000.8788106654767,1193.70808526374,36.229999999999997,0.01767747518072068
178.11576362492596,-1000.3329253420588,1195.69840379934,35.939999999999998,0.017647307573563455
178.09722959891354,-1000.837404670232,1194.2190163396599,35.939999999999998,0.017451635665680081
178.07871250228391,-999.92321800057618,1194.2190163396599,36.119999999999997,0.01717248207561679
178.06020341606188,-999.49065598905463,1195.6316465892401,35.869999999999997,0.016944494307688358
178.04170617937035,-998.85078134210733,1193.91550945228,36.259999999999998,0.016994838499015244
178.02321597933334,-998.47080199935067,1193.9398281502499,36.259999999999998,0.01711685210591056
178.00472058149401,-998.7514833237168,1195.09091318737,36.189999999999998,0.017255043815381971
177.98622373387664,-998.82977133800932,1195.9504122675,36.189999999999998,0.017207349762772099
177.9677236069877,-999.00685200263945,1196.3032718066299,35.920000000000002,0.017065453441728582
177.94921280608639,-999.58324866944793,1196.3032718066299,35.920000000000002,0.016876312183158874
177.93069823024695,-999.78709533037011,1195.70603319478,36.210000000000001,0.016797312222514384
177.91217744454335,-1000.1224279953485,1195.6674093803699,36.210000000000001,0.016704573185920387
177.8936566774567,-1000.1214226782968,1199.1719244923499,36.259999999999998,0.016851286512701413
177.87514770817285,-999.48434132861394,1199.1719244923499,36.259999999999998,0.016860473486580169
177.85663489355562,-999.69198932986728,1199.3690966807701,35.979999999999997,0.016858669823841189
177.83812546275303,-999.50926334046881,1197.9044911747601,35.979999999999997,0.016817188716210074
177.8196238736665,-999.08581067164369,1197.3709103311201,36.159999999999997,0.016648088483007282
177.8011246553333,-998.95778999356264,1197.3709103311201,36.159999999999997,0.016613996896180018
177.78263320111125,-998.53852799060996,1198.793077325,35.859999999999999,0.016639615518311855
177.76414914574079,-998.13899000505239,1199.92961882706,36.280000000000001,0.016624894408599343
177.74566721585185,-998.02421400182777,1201.06568349191,35.960000000000001,0.016590110547634332
177.72718181523459,-998.21163333211246,1201.06568349191,35.960000000000001,0.016459807134875028
177.70869371274091,-998.35753465870323,1199.27754393548,36.159999999999997,0.016256433188650578
177.69018809001227,-999.30362734731852,1199.27754393548,36.159999999999997,0.016106370207120788
177.67168412295072,-999.21422132379348,1199.9322414317401,36.310000000000002,0.016004104788615088
177.6531814297407,-999.14543334074597,1201.7392160581601,36.310000000000002,0.016026461708869098
177.63467573456808,-999.30753932209939,1208.4645281391799,36.090000000000003,0.016202694841271598
177.61617046883953,-999.28434934119252,1208.4645281391799,36.090000000000003,0.016390568479747902
177.59766514413587,-999.28753399751736,1209.2551242417201,36.030000000000001,0.016502393403530422
177.57916091113597,-999.22858199411871,1209.31258312614,36.030000000000001,0.01654917270357658
177.56065540429634,-999.29736933963022,1209.4460975463501,35.890000000000001,0.016476945533115211
177.54215209951849,-999.17845800424607,1208.0382356689299,36.280000000000001,0.016425063630823369
177.52365098541978,-999.06016133034075,1204.9831396321199,36.090000000000003,0.016453217509630014
177.50514708355564,-999.21070066410482,1207.3701867306499,36.090000000000003,0.016404866343838063
177.48663209792599,-999.80922400099257,1207.3701867306499,36.030000000000001,0.016356283383495596
177.46811871830852,-999.72249934322633,1208.2973966953,36.030000000000001,0.016255886810881626
177.44959625622238,-1000.2129526524224,1208.3944330685699,36.259999999999998,0.016253253237104061
177.43107908819746,-999.92707334458862,1206.2851436478099,36.259999999999998,0.016236608431842006
177.41256565580252,-999.7253493262192,1206.2851436478099,35.899999999999999,0.016278086436880196
177.39404345965451,-1000.1985919930888,1207.7564248748299,36.229999999999997,0.016378368154728398
177.37552765653092,-999.85336867426849,1209.49616545393,36,0.016406961818448845
177.35701132048152,-999.88214666767146,1211.4609731985299,36,0.016422174457900937
177.33848760422234,-1000.2806779951537,1211.4609731985299,35.939999999999998,0.016364636307034677
177.31996434948152,-1000.2557560052828,1211.95259236724,36.159999999999997,0.016196917527860233
177.30143936661739,-1000.3490746631086,1211.48481505928,36.280000000000001,0.016083062312212574
177.28290398295064,-1000.9107180034757,1211.48481505928,36.280000000000001,0.016020176308717365
177.26438799045673,-999.86359467195405,1211.4507211984101,35.969999999999999,0.015951058722701854
177.24586563288898,-1000.2073086576854,1209.6306335485699,35.969999999999999,0.016109085530415439
177.22734263062964,-1000.2421220048859,1209.28707233513,36.119999999999997,0.016249149209744834
177.20882416392615,-999.99720198853163,1209.28707233513,36.119999999999997,0.01628996183338011
177.19029966120993,-1000.3231466746823,1208.43281846438,35.890000000000001,0.016210076089376389
177.17177853091354,-1000.1410360062828,1210.8687413774401,36.280000000000001,0.015949373035845121
177.15326135046911,-999.92774399930033,1211.9847788792599,35.969999999999999,0.015825871380234311
177.13474494301224,-999.88600267120376,1211.9847788792599,35.969999999999999,0.016029915877153588
177.1162271841111,-999.95898066060374,1207.42406933595,36.079999999999998,0.016413259628361612
177.09770991880237,-999.93232667276095,1207.42406933595,36.079999999999998,0.016700807546984608
177.07917810211111,-1000.7181013272594,1206.99086272608,36.299999999999997,0.016811212728356416
177.06065340485182,-1000.3336520009951,1210.76765188785,36.299999999999997,0.016715260637613444
177.04211909944465,-1000.8524919885015,1212.62326391021,35.93,0.016515677174884169
177.02357677743217,-1001.2853886733553,1208.3872805103399,35.93,0.01640231348734765
177.0050408411727,-1000.9405580106509,1207.58214087273,36.07,0.016491860156730986
176.98650500840739,-1000.9349693276429,1204.0332798997499,36.07,0.016811889492175758
176.96797061297553,-1000.8573533200777,1204.0332798997499,35.880000000000003,0.017252102913918203
176.94944175166668,-1000.5585106775507,1202.0744326203401,36.32,0.017578404192664186
176.93091774876555,-1000.2961566614918,1202.2327425757301,35.939999999999998,0.017594913433831055
176.91240515456778,-999.68008667891445,1202.2327425757301,35.939999999999998,0.017260127801662993
176.89389301567911,-999.65549998891947,1205.1393038200499,36.07,0.016790692590338951
176.87537259939492,-1000.1024793455028,1207.64508338512,36.079999999999998,0.016559282734472769
176.85685907697535,-999.73021065779517,1206.1053760177299,36.259999999999998,0.016779133844163567
176.83834188928392,-999.92813533637673,1206.1053760177299,36.259999999999998,0.017229799805392514
176.81981427491374,-1000.4911759903919,1203.25460472758,35.899999999999999,0.017647222725524551
176.80128621972844,-1000.5149800062341,1201.5885354982099,35.899999999999999,0.017898705680997724
176.78275152419755,-1000.8735586673361,1200.58574683496,36.039999999999999,0.017830605311684879
176.7642194084444,-1000.7342506702931,1199.64947696322,36.039999999999999,0.017657833584982657
176.74568865034556,-1000.6609373370493,1199.64947696322,35.859999999999999,0.017464928743794825
176.72716097077776,-1000.4946966610722,1202.53028899792,36.280000000000001,0.017331893461528528
176.70863481859254,-1000.4122180028913,1202.95848881703,35.920000000000002,0.017411153146777193
176.69011350617276,-1000.1508706668917,1202.95848881703,35.920000000000002,0.017659581376622321
176.6715807798889,-1000.7672193295687,1200.56738860218,36.170000000000002,0.017965188660598621
176.65305795975308,-1000.2322873332846,1198.1517312707599,36.009999999999998,0.018031393286196015
176.63453771318515,-1000.0933146690935,1200.5213738109301,36.170000000000002,0.017751953054367057
176.61602073349385,-999.91690332914357,1200.5213738109301,36.170000000000002,0.017320215695434744
176.59749869360502,-1000.1901539975999,1199.7951507324201,35.880000000000003,0.0169719931542608
176.57896747398766,-1000.6858593379122,1199.7951507324201,35.880000000000003,0.016854316411682946
176.56042802975307,-1001.129988667535,1202.6356700224501,36.25,0.016829186226264874
176.54188301103713,-1001.4310106603269,1203.7486080823701,36,0.016781132052425079
176.5233321984569,-1001.7438793328231,1202.4549487179499,36.030000000000001,0.016864516462556173
176.50478216508651,-1001.7018020013629,1201.25188842438,36.100000000000001,0.016900434472884161
176.48624350109887,-1001.0878553318501,1201.7625810817001,35.850000000000001,0.01673680937047534
176.46770735685169,-1000.9517893473724,1204.9812322832599,35.850000000000001,0.016519115827557811
176.44919186519755,-999.83654932505078,1204.9812322832599,36.310000000000002,0.016225113851856099
176.43067486583953,-999.91796533192382,1207.72233101396,35.93,0.016185920689720645
176.41216775506177,-999.38398199993901,1202.29997662306,36.009999999999998,0.01629383199765783
176.39366188500014,-999.31698332713586,1200.7667065580699,36.009999999999998,0.016328753499187682
176.37515334412348,-999.46120734093984,1200.7667065580699,35.909999999999997,0.016220835965912655
176.35664102932111,-999.66499932766885,1201.64027233604,35.909999999999997,0.016165642688297968
176.33813120941971,-999.53027467459833,1204.2266373904499,35.869999999999997,0.016079791309680413
176.3196156856915,-999.83828132302278,1204.2266373904499,35.869999999999997,0.015896713977993526
176.30109693234564,-1000.0126806768537,1203.78222510603,36.329999999999998,0.015687361973755989
176.2825775105062,-1000.048779329253,1207.3713788236801,35.899999999999999,0.015630893823161889
176.26404751298762,-1000.6198660041448,1208.62617595508,36.210000000000001,0.015689775141913238
176.2455234842223,-1000.297553326612,1207.9953203195701,36.210000000000001,0.015850059887174289
176.22700412758007,-1000.0452586805565,1209.1762076826301,36,0.015908777709334125
176.2084946709013,-999.5106606541168,1209.1762076826301,35.93,0.015859946398051019
176.18999831171595,-998.80339600828199,1209.81969950434,35.850000000000001,0.015793323723399626
176.17150016543201,-998.8998993334244,1209.26346889299,35.850000000000001,0.015779198667547303
176.1529971928272,-999.16052065901567,1209.26346889299,36.259999999999998,0.015572506102274002
176.13449657853073,-999.03317200964602,1206.8058498866401,36.259999999999998,0.01528902393870875
176.11599834739508,-998.90448132538143,1209.0789328907599,35.890000000000001,0.014943563274175776
176.09750203374082,-998.80093732938963,1212.3617186977499,36.259999999999998,0.014706490978594658
176.0790031993088,-998.93705932908415,1207.73115250244,35.939999999999998,0.014723145100591931
176.06049539314799,-999.42153268414722,1207.73115250244,35.939999999999998,0.014859579711459122
176.04199416728389,-999.06619666215397,1207.61742682665,36.140000000000001,0.014836212825556454
176.0234873555556,-999.3678333274172,1210.05954862351,36.140000000000001,0.014815833423775866
176.00498292698774,-999.23914266513646,1213.3647457796001,35.850000000000001,0.014714280971842226
175.98647780406171,-999.27663800463972,1215.1230830100901,36.299999999999997,0.014590037367630877
175.96797542853079,-999.12827866966836,1212.67452391082,36.090000000000003,0.014510990848551186
175.94947741987662,-998.89246732549907,1213.96937536828,36.090000000000003,0.01467291576280948
175.93098271017294,-998.71432399856917,1213.96937536828,36.049999999999997,0.014837073786340286
175.91249133356803,-998.53433666521778,1212.66594084095,36.049999999999997,0.015091105471419673
175.89400015875299,-998.5234400128204,1212.7474800047301,36.259999999999998,0.015097166306498011
175.87550318800021,-998.8364206497979,1210.2428925326899,36.259999999999998,0.014993688089058953
175.85699178898773,-999.61554667401163,1210.2428925326899,35.920000000000002,0.014719062801560955
175.8384778443704,-999.75300933460153,1209.1366301937901,36.240000000000002,0.014554690569046352
175.81996673718527,-999.59978799754242,1209.26132312552,35.979999999999997,0.014500133694062989
175.80145283808645,-999.75055133721298,1209.26132312552,35.979999999999997,0.014669818602984209
175.78292831571613,-1000.3242079959585,1210.5092061173,35.939999999999998,0.01505699215341438
175.76440192345672,-1000.4251820080965,1211.69939180605,36.159999999999997,0.015390295942663463
175.74587409487654,-1000.5027433304768,1209.7724926200499,36.280000000000001,0.015499898133007953
175.72734631804951,-1000.4999486592128,1210.22262695105,36.280000000000001,0.015485983139917458
175.70881476729619,-1000.7037406789181,1211.01656091411,35.960000000000001,0.0154081162831749
175.69028830983959,-1000.428702656793,1211.01656091411,35.960000000000001,0.015602764769780423
175.67176181925922,-1000.4304913404935,1210.6994641660999,36.030000000000001,0.01587791265019791
175.65322421387663,-1001.0306906601364,1208.5644255357299,36.030000000000001,0.016152859772782573
175.63468136617271,-1001.3137760111857,1205.55653638322,35.890000000000001,0.016523909036843192
175.61613577624686,-1001.461855995546,1203.6367897554401,36.280000000000001,0.01676157841261133
175.5975983912715,-1001.0187886687035,1201.85246489673,35.93,0.016800186907984797
175.5790649623456,-1000.8051619993811,1202.5641444401899,35.93,0.016748505753958674
175.56053774534567,-1000.4697179964651,1205.41706149781,36.009999999999998,0.016602602683711418
175.5420092275925,-1000.5399586708412,1204.46219497468,36.009999999999998,0.016785565146994315
175.52348331548143,-1000.3992539976862,1204.46219497468,36.229999999999997,0.017124423757997692
175.50495112832101,-1000.7381066628334,1202.85835300188,36.229999999999997,0.017494786948424639
175.48642377472842,-1000.4770940001659,1202.7551177448199,35.880000000000003,0.017748501981143937
175.46790017539499,-1000.274364005225,1202.3521902980999,35.880000000000003,0.017789585724623816
175.4493711774939,-1000.5658866592676,1198.5520361127899,35.93,0.017845623405410883
175.43084569379022,-1000.37611999902,1197.1484657702999,35.93,0.018032676439202484
175.41231992550615,-1000.3914873384128,1197.1484657702999,35.960000000000001,0.018242393723173413
175.39379463013589,-1000.365949994567,1197.8653905231199,36.140000000000001,0.018528416343442263
175.37526864661714,-1000.4031100122104,1196.8728538600001,35.840000000000003,0.018902885622227868
175.35674030479009,-1000.5304586615799,1195.11189402484,35.840000000000003,0.019230259989182943
175.33821043040749,-1000.6132166593801,1195.11189402484,36.299999999999997,0.019441149721891208
175.31968863060504,-1000.1771893328748,1195.4657072384,35.93,0.019279603534242608
175.30117650412348,-999.65483000471966,1195.4657072384,35.969999999999999,0.019055745675958736
175.28266716438264,-999.50434600466815,1196.57602269364,35.969999999999999,0.018991793816784893
175.26415464882734,-999.67583998683358,1194.54851085526,35.920000000000002,0.019165543422071704
175.24563613658034,-999.99966133793566,1192.7021971586,35.920000000000002,0.01939851479899319
175.22711534983961,-1000.1224839995732,1193.1246749311299,35.850000000000001,0.019514570019886011
175.2086010792593,-999.77061133598818,1193.1246749311299,35.850000000000001,0.01945471081013319
175.19009161016058,-999.51133133081248,1192.4334993879199,36.259999999999998,0.019415363468752108
175.17157895801242,-999.68321600152638,1192.4334993879199,35.909999999999997,0.019293703756934642
175.15306318696304,-999.85163666530445,1190.1120174064699,36.189999999999998,0.019234842106326335
175.13453937962947,-1000.2855960124582,1190.8236969499201,36.189999999999998,0.019439161859948633
175.11601402009873,-1000.3694146610228,1190.8236969499201,36,0.019675292490689878
175.09749042697536,-1000.2740286613812,1190.07053256876,35.890000000000001,0.019970174054132081
175.07897075161733,-1000.0624693338746,1189.7455680067001,35.920000000000002,0.019956036582208504
175.06045942504943,-999.61163466625464,1188.6958108777801,35.920000000000002,0.01971696192990479
175.04194903912332,-999.56084001067825,1189.63303442395,36.119999999999997,0.019661097056134232
175.02344158374095,-999.40259064840893,1189.63303442395,36.119999999999997,0.019668770128527711
175.00493771396305,-999.20896800661296,1186.9658454615901,35.859999999999999,0.019736727706303796
174.98643368896307,-999.21734999787748,1186.9658454615901,35.859999999999999,0.019894443036241653
174.96792308986426,-999.57235133554673,1191.6107167733601,36.280000000000001,0.019923113285072607
174.94941958433347,-999.1892986634108,1191.6107167733601,35.950000000000003,0.019906719935990334
174.93090645721011,-999.70886466132572,1188.4626374796201,36.009999999999998,0.019793917109196566
174.91239437625941,-999.65237133681921,1188.6190400861501,36.009999999999998,0.019611587959997397
174.89387668876537,-999.95512467905564,1189.0672670683,36.140000000000001,0.019557827873908834
174.87535264135823,-1000.2985599846872,1189.0672670683,35.880000000000003,0.019602544811106667
174.85682255174075,-1000.62483934417,1191.0983551857901,35.909999999999997,0.019849524318751716
174.8382892666543,-1000.7973946695957,1189.2854200941799,35.909999999999997,0.019818486445270997
174.8197523432099,-1000.9938659973286,1189.2854200941799,36,0.01963912301950033
174.80122789327157,-1000.3202966697055,1192.7403441357999,36,0.019414177577820241
174.78270411181478,-1000.2841986658341,1192.7403441357999,35.859999999999999,0.019113461794584088
174.7641804410741,-1000.2782199977652,1192.2210684086201,35.859999999999999,0.019076749065317172
174.74565862885188,-1000.1778599985785,1191.2969578858599,36.259999999999998,0.019075058187591643
174.72713401540742,-1000.3291260022711,1191.8760766835301,36,0.019097207122164145
174.70861437316051,-1000.0606813316781,1191.3734902588701,35.880000000000003,0.019107260228968425
174.69010001151867,-999.77552866079679,1192.1488275705401,35.880000000000003,0.018910615600800377
174.67158593651877,-999.76004999445865,1193.1194297217601,36.25,0.01851075846057507
174.65307744116055,-999.45874934355106,1193.1194297217601,35.93,0.018179501518970572
174.63455443374065,-1000.2424006739933,1198.6288069044101,36.189999999999998,0.017941797978650934
174.6160191597655,-1000.9047946581275,1198.6288069044101,36.189999999999998,0.017967985734021027
174.59748568634561,-1000.8075646740486,1196.9646450238999,35.920000000000002,0.018058003233788745
174.57895368027164,-1000.7283279954568,1196.9646450238999,35.920000000000002,0.017992494007720239
174.56042811274094,-1000.3806466572639,1195.56822723964,36,0.017788866538413464
174.54190960050616,-999.99966067841592,1195.6967348690901,36,0.017419765803469787
174.52339613603718,-999.7270813241912,1195.7222456601,35.880000000000003,0.01716271249231148
174.50489016766682,-999.32229200001291,1195.7222456601,36.280000000000001,0.016912663772604149
174.4863837264073,-999.3478280138271,1194.46673327288,35.920000000000002,0.016798707142146138
174.46788164269151,-999.11252065271913,1193.9741604297401,35.920000000000002,0.016874434017885704
174.44938256198768,-998.95035800762128,1192.24777129266,36.189999999999998,0.016905248371754077
174.430884123889,-998.9156573283899,1192.24777129266,36.039999999999999,0.016715646610391814
174.41237655779014,-999.40856933846192,1199.6697425448599,36.310000000000002,0.016365271679268063
174.39387138933344,-999.27909666154801,1201.07927335254,36.310000000000002,0.015999171876136992
174.37535511122223,-999.87901800457951,1201.07927335254,35.939999999999998,0.015925310767105114
174.35683353907402,-1000.1648960043652,1199.8099326860799,35.939999999999998,0.016103171645309163
174.33830756797519,-1000.4024393355148,1197.97291731512,36.090000000000003,0.016190045414195962
174.31977391243217,-1000.8173993236659,1197.3005768419,36.090000000000003,0.016241772097277129
174.3012462535678,-1000.4935786760515,1199.4883059845299,35.850000000000001,0.016022382511616824
174.28273231412345,-999.75272999498236,1195.22347393316,36.299999999999997,0.015611577155943459
174.2642220389136,-999.55486133161742,1194.7635644392401,35.979999999999997,0.015149749815947258
174.24571951437028,-999.13632533907298,1194.7635644392401,35.979999999999997,0.01485065970916744
174.227224786037,-998.71532999712451,1197.6281640086399,35.909999999999997,0.014854825832353157
174.20872016913572,-999.24931266958947,1197.8119847550399,36.259999999999998,0.01531815052375474
174.19022011364206,-999.0029966586269,1194.7268479736899,36.090000000000003,0.015735423397428457
174.17172007676555,-999.00199133058322,1194.7268479736899,36.090000000000003,0.015875655743862606
174.15321714348156,-999.15839733495909,1193.67995186805,36.049999999999997,0.015638413737954795
174.13470274251847,-999.77765200683723,1196.36025385383,36.049999999999997,0.01522806990101948
174.11617202374086,-1000.6588139910089,1198.61092550885,36.259999999999998,0.015081477658413181
174.09762882420981,-1001.3327746776927,1197.49369591399,36.259999999999998,0.015179628709754494
174.07908337087662,-1001.454479991845,1196.5874667868,35.93,0.015613298032864299
174.06054352409862,-1001.1517260120729,1197.42383926199,36.049999999999997,0.016064243390911573
174.04200961502477,-1000.8310899878074,1193.52402609873,36.100000000000001,0.016292914134562526
174.02349062160494,-1000.0256446710669,1193.52402609873,36.100000000000001,0.016110624294576551
174.00496577533326,-1000.3416986703998,1194.24142768877,35.859999999999999,0.015608801816141743
173.98644203319751,-1000.2820753307858,1194.2790978287601,36.280000000000001,0.015225736431761217
173.96791858391359,-1000.2662613315957,1191.63575072715,36.030000000000001,0.015336491375830682
173.94938170496317,-1000.991463322661,1191.63575072715,36.030000000000001,0.015789246596103229
173.9308427025926,-1001.1061280099324,1190.1716220583501,36.140000000000001,0.016348312296894239
173.91229542386409,-1001.5530513403072,1190.1716220583501,36.140000000000001,0.016700155615307775
173.89375364822206,-1001.2558846695437,1192.3119058980801,36.310000000000002,0.016644667417325249
173.8752192062224,-1000.8598679812105,1192.4914351095499,36.310000000000002,0.016471539727014189
173.85667696802471,-1001.2808626746311,1191.47457974846,35.939999999999998,0.016186682294658007
173.83813052127169,-1001.5081246633903,1191.76568886825,36.07,0.016026397547564953
173.81959176518538,-1001.0928286608835,1192.6471224602601,36.090000000000003,0.016171653863976621
173.80105017787636,-1001.2457146870747,1191.4824475625101,36.090000000000003,0.0164969348230199
173.78251217512351,-1001.0521486540632,1191.4824475625101,35.859999999999999,0.01680362762593254
173.76398069576547,-1000.6998853349056,1189.02077543983,36.299999999999997,0.01687446816411721
173.74545618064195,-1000.3238166698741,1189.0851484638599,36.159999999999997,0.016585382527404813
173.72693827272843,-999.96702733000836,1190.28010252477,36.159999999999997,0.016212743801039684
173.70840996296297,-1000.5287273341198,1190.28010252477,36.020000000000003,0.016116967636394138
173.68987591833337,-1000.8384099982757,1192.2251215249401,36.020000000000003,0.016326244095893328
173.67134223588886,-1000.8188520040028,1188.1801114297,36.25,0.016858699830568057
173.65281362190117,-1000.5451553352691,1188.42949729317,36.25,0.017353481508285397
173.6342931021359,-1000.1080673250233,1188.42949729317,35.880000000000003,0.017597177593459478
173.61578247613582,-999.57380400489149,1190.7702911818401,36.280000000000001,0.017285653283719095
173.59727042106172,-999.65097400118736,1192.04487705766,36,0.016939599687663742
173.57875838565434,-999.64991199840722,1192.04487705766,36,0.016723529744936454
173.56024007416048,-999.98882066777912,1190.7869804843599,35.969999999999999,0.016772233778868759
173.541723543568,-999.89265199398449,1189.63303442395,36.159999999999997,0.017061226281408527
173.5232141127656,-999.50926332947688,1194.1472523387999,36.329999999999998,0.017279584163728368
173.50469691988883,-999.92841534650779,1194.1472523387999,36.329999999999998,0.017391961690617685
173.48618756669134,-999.50507266360466,1192.8247443228699,35.909999999999997,0.017325341077983503
173.46768226888898,-999.28608132817249,1194.1770546647399,35.909999999999997,0.01697303313050388
173.44917261041971,-999.52155733949019,1198.56967908975,36,0.01662089488968695
173.43065784727156,-999.79721000111022,1198.56967908975,36,0.016630259857787013
173.41214070511123,-999.92567665748436,1194.7430604389999,36.159999999999997,0.016790531158207316
173.39361716475312,-1000.2711793379083,1194.7430604389999,36.159999999999997,0.017188373546197882
173.37511860248151,-998.9223626663869,1193.0831900934199,35.850000000000001,0.017386056068032691
173.3566325789136,-998.24527266808343,1194.93999420881,35.850000000000001,0.017327789425823525
173.33815423461735,-997.83059199756758,1194.6727269497801,36.310000000000002,0.01710962814208699
173.31968266517288,-997.4647500007336,1194.5313447155199,35.93,0.016664583236518576
173.30119593379038,-998.28349465553129,1200.31061176188,36.049999999999997,0.016461179289063262
173.28269614424704,-998.98863533977374,1200.25291445886,36.049999999999997,0.016476860682430088
173.26419303503695,-999.16789734422025,1200.25291445886,35.899999999999999,0.016683700192383005
173.24568062296296,-999.67025199632144,1200.28533938948,35.899999999999999,0.016803115396634202
173.22716632650628,-999.7720086606281,1202.4263384850401,35.850000000000001,0.016717298163026816
173.20865917019762,-999.38644066783934,1203.0686382137101,35.850000000000001,0.016474220901838227
173.19014109256787,-999.9761920064177,1203.0686382137101,36.310000000000002,0.016325800171474884
173.17162745322233,-999.73652465871601,1200.98390590953,35.950000000000003,0.016260867317078199
173.15311874366654,-999.47031601312437,1201.2666703780501,36.049999999999997,0.016334502852826289
173.13461809004946,-999.03529532271045,1201.2666703780501,36.049999999999997,0.016380887899863465
173.11612812285182,-998.45822867170216,1203.1902317035499,36.079999999999998,0.016210726977627734
173.09764255459257,-998.22068600007253,1203.63321347633,35.880000000000003,0.015985540426901017
173.07915799216048,-998.16637133333552,1204.80527935091,35.939999999999998,0.015708805168994446
173.06066632995069,-998.54975932733123,1203.04479635296,35.939999999999998,0.015559282358826422
173.04215799085188,-999.45031133707016,1203.5740856616601,36.090000000000003,0.015682000677711177
173.02363452812332,-1000.2669873420041,1203.5740856616601,36.090000000000003,0.015911792095961701
173.00510640774061,-1000.5185006659224,1206.8923958411699,35.869999999999997,0.016053285858728294
172.98657076329627,-1000.9247999937015,1206.30183295033,35.869999999999997,0.016081688102928017
172.96804719087655,-1000.2729106653684,1206.30183295033,36.259999999999998,0.015767436052803951
172.94951589985192,-1000.6897153304525,1205.5226809409501,35.899999999999999,0.015411617027400367
172.93099622449387,-1000.0624693338746,1209.5297824775901,36.25,0.015124229505625735
172.91247353475308,-1000.2252460029158,1207.40094273102,36.25,0.015132552426509065
172.89394228925934,-1000.6872566625522,1203.7722115245101,35.93,0.015518570110240005
172.87542145698771,-1000.1249426674736,1203.7722115245101,35.93,0.015903981411704706
172.8569133134815,-999.4397493360209,1203.3742908685599,35.890000000000001,0.016075454437831399
172.83840601332096,-999.39420866813657,1205.02820074894,35.890000000000001,0.015934193508359038
172.81990732170368,-998.92934733301149,1206.0286052261099,36.32,0.015583996555782818
172.80140042512349,-999.37241533036581,1206.80298886335,36.32,0.015289529945926132
172.78287071941963,-1000.6041080091793,1205.7620532229,36.210000000000001,0.015426574069743149
172.76433892755563,-1000.7167606553718,1204.6543603723501,36.210000000000001,0.015856304923695341
172.74579672246932,-1001.2790746614426,1204.6543603723501,36,0.016520329639994006
172.72726044886446,-1000.9587746625245,1205.4933554522199,35.899999999999999,0.016921601364940773
172.70873528387656,-1000.3589093457019,1206.50186616205,36.210000000000001,0.016976655982991789
172.6902108401481,-1000.3199613368538,1206.30636290388,36.210000000000001,0.01666646037119025
172.67168818351868,-1000.2234579897272,1205.77135154859,35.859999999999999,0.016151887060843674
172.65316897588883,-1000.0372120111518,1206.19525983277,36.259999999999998,0.015963022080622037
172.63464632444436,-1000.2231780015801,1203.38501970589,36,0.016162749375056674
172.6161254611236,-1000.1266193207407,1203.38501970589,36,0.016760589145707203
172.5976125161236,-999.69903000071645,1200.61101920736,36.079999999999998,0.017395521415863389
172.57909545881478,-999.92109467651983,1198.48313313522,36.079999999999998,0.01763156408477725
172.56059055630882,-999.26473532071077,1201.9905092704901,36.299999999999997,0.017346754250617765
172.54207325167906,-999.93445000780946,1204.4548039978499,36.299999999999997,0.016837138680210015
172.52354702187668,-1000.4164093282835,1203.47037356739,35.93,0.016548678072668958
172.50501886838262,-1000.520288679111,1203.47037356739,36.25,0.016717278496715778
172.48647987945691,-1001.1054019885319,1200.8992673038599,35.950000000000003,0.017297201692531985
172.46794222129625,-1001.0335406761052,1201.0199071192601,35.950000000000003,0.017938993663334516
172.44941072951866,-1000.7005559896172,1201.0199071192601,36.009999999999998,0.018370017000870167
172.43089056677772,-1000.0887880108496,1199.8704910123899,36.100000000000001,0.018376399651900951
172.41237988902466,-999.5765986651636,1195.9303851044599,36.280000000000001,0.018041290134842347
172.39387129019755,-999.46433666355165,1195.9303851044599,36.280000000000001,0.017643584351929795
172.37534876912346,-1000.2161380012427,1197.86181424401,35.950000000000003,0.017573786906015795
172.35683631151855,-999.67271066422165,1197.86181424401,35.950000000000003,0.017934730280923974
172.33832189192586,-999.7786580053928,1198.9635466293701,36.07,0.018474577613482871
172.31981335207408,-999.46115199623489,1198.04348922294,36.07,0.018934533005401526
172.30130199135814,-999.61347866168398,1197.3608967496,35.850000000000001,0.019004449461259711
172.28277865901237,-1000.2599466711551,1195.58706230963,36.280000000000001,0.018783415557123307
172.26424525698775,-1000.8037093300363,1195.13955058331,35.920000000000002,0.018549484921856561
172.24570782648149,-1001.0212473366037,1195.3646177488099,35.920000000000002,0.018339280248057803
172.22716716739512,-1001.1955906642258,1195.3646177488099,36.170000000000002,0.018412008254205529
172.20863295925938,-1000.8472393308413,1195.8579058477801,36.009999999999998,0.018794115430180058
172.19011292067916,-1000.0820833323723,1192.89936934702,36.189999999999998,0.019061051110267787
172.17158997741976,-1000.2389360075374,1191.7611589147,36.189999999999998,0.01918546544970777
172.15307199706163,-999.97093933776523,1191.7611589147,35.859999999999999,0.018820023787917604
172.13454831391363,-1000.2788899929571,1193.0755606979801,35.859999999999999,0.018354505305820262
172.1160236032099,-1000.3343780004117,1194.9933999769,36,0.018139208349428983
172.097484334889,-1001.1204893287855,1194.9933999769,36,0.018280283030300975
172.07893585372844,-1001.6179826712946,1194.6164601584001,35.909999999999997,0.018670376800956155
172.06039066737048,-1001.4400633282871,1195.59111542596,36.189999999999998,0.01901535006874041
172.04185309406174,-1001.0289586731564,1194.93474899945,35.880000000000003,0.019055739457745333
172.0233267731976,-1000.4213266640842,1193.4248439580001,35.880000000000003,0.018818667161757105
172.00479908743213,-1000.4950313344042,1192.6022997620501,36.299999999999997,0.01835941439741957
171.98627283072847,-1000.4178619976283,1192.6022997620501,35.939999999999998,0.017959669020969769
171.96774471654322,-1000.5181660035823,1195.1409810949499,36.140000000000001,0.017830504936025355
171.94923095922221,-999.74289533437309,1196.2846751552399,36.140000000000001,0.017886221827186806
171.930716436148,-999.78424600689709,1198.1419561078501,35.869999999999997,0.018093411091491603
171.9122113587531,-999.27417932574735,1198.1419561078501,35.869999999999997,0.018124690076258061
171.89370572877786,-999.30401866241073,1197.4247929364201,35.920000000000002,0.018000953521671807
171.87519033439514,-999.83129666739035,1197.39403693605,35.920000000000002,0.017725629734291107
171.85667264067899,-999.9554606714272,1199.24440374904,36.119999999999997,0.017458556430533644
171.8381490154816,-1000.2757606593532,1199.24440374904,36.119999999999997,0.0173125819576989
171.81962039424693,-1000.5455466723455,1200.85110674514,35.880000000000003,0.017343181082566866
171.80109992623463,-1000.1052726647512,1200.85110674514,35.880000000000003,0.017491271714711595
171.78259065788885,-999.50049067164764,1198.94471155938,36.280000000000001,0.017480389730523557
171.76408033818524,-999.55726399529306,1199.0148066299901,36,0.017201248554088857
171.74558564813586,-998.71326266630081,1200.3311157621299,36.140000000000001,0.016676729753677313
171.7270854757038,-999.0093113300594,1200.39763455363,36.140000000000001,0.01621762394562206
171.70859029827173,-998.73958133228371,1200.39763455363,35.880000000000003,0.016081590827622307
171.69009229479011,-998.89218800786364,1198.8662718375101,35.880000000000003,0.016170085099398865
171.67158927665443,-999.162979326916,1200.4524708333599,35.93,0.016316148554891823
171.65308678419757,-999.13459267058909,1204.4214253928001,35.93,0.016285917821917278
171.63458453283957,-999.12157333167124,1206.83088384043,35.950000000000003,0.016110103789729376
171.61607565461728,-999.47942400380532,1203.7941460364,36.140000000000001,0.015906383181975309
171.59756242401241,-999.7144526628299,1203.7941460364,35.859999999999999,0.015601235337010525
171.57905130440733,-999.60045867423821,1204.0680890164499,35.859999999999999,0.015467230432167148
171.56052860224699,-1000.2259166576274,1205.55248326689,36.280000000000001,0.01558402760247473
171.54201470212345,-999.750606670926,1205.7601458740401,36.020000000000003,0.015786654415947177
171.52350545343219,-999.49942932838735,1203.4296039855001,36.310000000000002,0.015875832697304644
171.50501605123463,-998.42771866933492,1203.4296039855001,36.310000000000002,0.015588179224773766
171.48653570562956,-997.93866267378723,1202.8411868621299,35.93,0.015162723139923213
171.46805374261726,-998.02600266354409,1202.8411868621299,35.93,0.014779117582145363
171.44956685498778,-998.29193199150029,1202.77419123342,36.07,0.014781980881535348
171.4310724898767,-998.69571599862695,1203.8914208282699,36.07,0.015060794022786424
171.41256625660492,-999.33659667710572,1203.8914208282699,35.840000000000003,0.015467397044379137
171.39405468167914,-999.62504599077693,1204.7764306994,36.240000000000002,0.01576165980012029
171.37553798862984,-999.90142466280554,1209.46183317445,35.890000000000001,0.015799525289625953
171.35700746439511,-1000.6483086756882,1207.5492391048999,35.890000000000001,0.015594568104399284
171.33846845477777,-1001.106519336017,1206.06412959863,36.229999999999997,0.015517957511592363
171.319927432469,-1001.2152046737157,1206.06412959863,36.020000000000003,0.015629940770409589
171.3013912302718,-1000.9549186480002,1205.1161772151199,36.25,0.016082270697698572
171.28286045872835,-1000.6616633474579,1204.0587906907499,36.25,0.016652635400926569
171.26433827603697,-1000.1978653341525,1204.0587906907499,35.909999999999997,0.016916937502351403
171.24582627270362,-999.64818000043533,1203.7395481752801,35.909999999999997,0.016783481055817739
171.22732046785183,-999.31346199693576,1203.2076362619,36.030000000000001,0.016459843347601966
171.20881058275305,-999.53379533428688,1202.6173117896701,36.030000000000001,0.016186889266429569
171.19028973807411,-1000.1256126626653,1202.6173117896701,35.880000000000003,0.016239719045464469
171.1717688406051,-1000.1284633271619,1201.42140405433,36.25,0.016581190544324872
171.15323505571618,-1000.8243840012823,1204.2080407390599,35.93,0.017085836993191585
171.13469057612329,-1001.4018980155757,1206.9243439345801,35.93,0.017649960816094726
171.11615148993835,-1001.1106539866726,1203.6580090115101,36.170000000000002,0.017964274930901289
171.0976143647039,-1001.004762660718,1201.4509679616699,36,0.01793816685549952
171.07907154907403,-1001.3120440132138,1203.1034473304101,36.240000000000002,0.017776262635303984
171.06052241185182,-1001.6534099984704,1203.1034473304101,36.240000000000002,0.017760071067735143
171.04198321492598,-1001.116633995765,1203.9329056659799,35.93,0.018277002713476261
171.0234466743581,-1000.9731906665628,1201.7678262910599,35.93,0.019007363461235764
171.00491695519756,-1000.6048346681159,1196.47183376215,36,0.019776584171947626
170.98640154840751,-999.83196666258232,1195.7162851949099,36,0.020216752041836809
170.96789688700025,-999.25171599278485,1195.55368370458,35.890000000000001,0.020126580359159464
170.94938628065447,-999.57274267262312,1195.55368370458,36.210000000000001,0.019763739155109743
170.93086947686425,-999.90740467189812,1198.9335058848301,35.909999999999997,0.019594598564993598
170.91234072525918,-1000.5525866726828,1198.9335058848301,35.909999999999997,0.019677463500268343
170.89380881128389,-1000.7233546664237,1195.3014368178201,36.210000000000001,0.020086277895477317
170.87527393983953,-1000.8830579950933,1195.3014368178201,35.979999999999997,0.020696030309823747
170.85673704950608,-1000.992078006124,1195.0105661166399,36.210000000000001,0.021089285403440343
170.83819920920985,-1001.0433759962342,1193.5364238663201,36.210000000000001,0.021292131609437381
170.81967048450628,-1000.5511339923461,1195.37725393501,35.890000000000001,0.021131140073071018
170.80114334511129,-1000.4655273305927,1195.37725393501,35.890000000000001,0.020862783618139084
170.78261859611104,-1000.3364460127393,1195.15337886255,36.009999999999998,0.020835028138359839
170.76410694979003,-999.62890133478948,1195.38679067931,36.009999999999998,0.021121231839362035
170.74559660420982,-999.55866133092502,1195.38679067931,35.890000000000001,0.021757504179695714
170.72709135711108,-999.28334333164503,1194.03567243048,36.259999999999998,0.022259177638406145
170.70859114535804,-999.01143466510803,1192.98806106902,35.920000000000002,0.022330350351279078
170.69009136822223,-998.98796533358995,1192.8802958584199,35.920000000000002,0.02207913953729556
170.67158293186418,-999.45556333521074,1192.8802958584199,36.07,0.021634164985393146
170.65306713493823,-999.85303400093642,1191.8107499850701,36.119999999999997,0.021395537381270573
170.63453793008631,-1000.5770620027564,1191.5599336099499,36.280000000000001,0.021586814483170635
170.6160066970123,-1000.6865859968485,1193.1151381868301,36.280000000000001,0.021918588837003598
170.59747946655551,-1000.4704446663934,1194.22235420017,35.969999999999999,0.022481724413833445
170.57896358477768,-999.85761600388514,1192.0575132438601,35.969999999999999,0.022678370081762985
170.56045633740743,-999.39135799264795,1192.0575132438601,36.25,0.022492548451877408
170.54194997375305,-999.34363733696284,1190.1327598253199,36.25,0.02199696997630882
170.52344067953089,-999.50188799628756,1191.5921201219701,35.920000000000002,0.021557547158630879
170.50493953853089,-999.06161399968539,1195.95899533737,36.07,0.021512553918454757
170.48643114148143,-999.45344067067413,1197.3926064243999,36.07,0.021799866947872976
170.46791579885189,-999.82850199612642,1195.2940458409801,36.07,0.022163192427554941
170.44939822827155,-999.94881133765455,1196.12922622314,35.869999999999997,0.022382565467817125
170.43087373901221,-1000.322420004754,1196.12922622314,36.259999999999998,0.022230833357245603
170.41234602840728,-1000.4963726658118,1194.1315167107,35.869999999999997,0.021818795562179385
170.39381359393835,-1000.7514613236112,1194.1315167107,35.869999999999997,0.021372254310973313
170.37528035334583,-1000.7949919949281,1193.58196182036,36.259999999999998,0.020972032923448111
170.3567537727408,-1000.4353526720694,1195.6714624966901,36.259999999999998,0.020957676078744825
170.33822548265428,-1000.52766467182,1195.8228583124701,36.030000000000001,0.021080647905038132
170.31970480043196,-1000.1168400048363,1195.8228583124701,36.030000000000001,0.021159131497490307
170.30119971579006,-999.27457066282398,1193.40076367864,35.869999999999997,0.020977433569417218
170.28269890696293,-999.04367666544715,1193.40076367864,35.869999999999997,0.020497422656537406
170.26419548524711,-999.18477265369449,1200.57907111395,36.229999999999997,0.020156649662445039
170.24568739346924,-999.43695600578053,1200.57907111395,36.229999999999997,0.019941162320187861
170.22716202049384,-1000.3701406714312,1200.6756306499999,35.840000000000003,0.019974548155467751
170.20863074291344,-1000.6889893420281,1200.6756306499999,35.840000000000003,0.020051305705981841
170.1900879003951,-1001.3134959900627,1200.9552956766199,35.939999999999998,0.020170138324418923
170.17155170544427,-1000.9545273438998,1201.32865921601,35.939999999999998,0.020061376395095951
170.15302951550632,-1000.1982566492451,1199.2968558426901,35.950000000000003,0.019723865103084968
170.13450875567889,-1000.1210306817007,1199.02815807201,35.950000000000003,0.019170849890646251
170.11599598555546,-999.68958666619164,1200.1890182720399,35.909999999999997,0.018852836354118597
170.09750025656797,-998.76936532424224,1200.31299594796,35.909999999999997,0.018766891841328414
170.07901043941965,-998.450126009065,1201.8531801525601,36.119999999999997,0.018802356589740082
170.06051862095069,-998.55819732282043,1203.45892947423,36.119999999999997,0.01886496837873643
170.04202641856796,-998.57892866880275,1205.0782686565201,35.859999999999999,0.018719589961593876
170.02352968892583,-998.82340067334417,1205.8588511775599,35.859999999999999,0.018457704123591216
170.00502889251845,-999.0430059997434,1205.8588511775599,35.969999999999999,0.018199298320891719
169.9865161875926,-999.68606599551129,1207.99508190096,35.969999999999999,0.018029495446673142
169.96798870360499,-1000.484135330535,1206.7595966767799,36.280000000000001,0.018097681724549043
169.94946261660496,-1000.4086980027228,1207.03973854062,36.280000000000001,0.018332192884426911
169.93092582975302,-1000.9864900046198,1207.03973854062,35.93,0.018415968446602506
169.91238748965435,-1001.070365327921,1206.4725406733201,35.93,0.018343130745210261
169.89386669049387,-1000.1231546652768,1207.6765546413101,36.119999999999997,0.017878081035551198
169.87535888432106,-999.42153333267504,1207.6765546413101,36.119999999999997,0.017382436338289699
169.85685787991352,-999.05423800697645,1206.8776138875,36.259999999999998,0.017118706475952938
169.83836049420981,-998.85882800051991,1205.45187061451,36.259999999999998,0.017121003729634484
169.81985928180234,-999.06547000321768,1204.2001729250201,35.960000000000001,0.017411190397026512
169.80136062949367,-998.92722466847488,1204.2001729250201,35.960000000000001,0.017555570235822167
169.7828603328889,-999.01601665706471,1206.6041477446699,36.240000000000002,0.017596820580522036
169.76435332559262,-999.37839399843483,1208.9201460981501,36.240000000000002,0.017405478286716337
169.74583875698755,-999.78670467479731,1206.68592532705,36.159999999999997,0.017043498031847782
169.72731255822228,-1000.4147333235443,1206.68592532705,36.159999999999997,0.016792892587034782
169.70876890441968,-1001.3573053414789,1208.04181194804,36.030000000000001,0.016882529269881381
169.69022216482722,-1001.5239379920685,1208.04181194804,36.030000000000001,0.017200892582134239
169.67167501648149,-1001.5460106694582,1205.1924711695301,36.259999999999998,0.017680429547991417
169.65313562398765,-1001.1271946667828,1204.5284753475801,36.259999999999998,0.017854820731715237
169.63461313603713,-1000.2143493285345,1205.1619535877601,36,0.017610227482190391
169.61609497355568,-999.9807739983745,1203.9700989687601,35.880000000000003,0.017351334293734172
169.59758471180228,-999.55413468367294,1202.3536208097501,36.310000000000002,0.017036595897207765
169.57907725022224,-999.40292532174112,1199.18432225994,36.310000000000002,0.017135554097197477
169.5605616023087,-999.84498733153191,1199.18432225994,36.07,0.017474458250690557
169.54203830928395,-1000.2578233361068,1201.4113904728199,36.07,0.017778259805432448
169.52351159106158,-1000.4427840094831,1202.6847842556001,35.840000000000003,0.017987083017874862
169.50496030454326,-1001.7694719883979,1202.6847842556001,35.840000000000003,0.017811018556241117
169.48641004971608,-1001.7137606675324,1202.3939135544199,36.259999999999998,0.017459159723234512
169.46784649044446,-1002.4322006678482,1201.64098759186,36.259999999999998,0.017106942835086309
169.44927683100005,-1002.7616099984706,1201.17917074909,35.950000000000003,0.017207078639263497
169.43071133664191,-1002.5366953396746,1201.17917074909,35.950000000000003,0.017722898887446943
169.41215031055577,-1002.2954086509777,1200.1983165977399,35.899999999999999,0.018322763763572038
169.39360481893848,-1001.4565473336609,1197.1324917236,35.899999999999999,0.018599310680938369
169.37507828283944,-1000.4329493488739,1197.3315712608801,36.229999999999997,0.018536964839848489
169.35655689901239,-1000.1547266594322,1195.2942842595901,36.229999999999997,0.018148858936835439
169.33804651308648,-999.56083999968621,1194.58308155335,35.939999999999998,0.017829802302948231
169.319529852111,-999.89969267582546,1197.8963849421,35.939999999999998,0.017582567198397427
169.30099209149392,-1001.0390733219127,1197.7578637311301,35.850000000000001,0.017733701195534211
169.28245898750609,-1000.7876153426994,1196.3275905046,35.850000000000001,0.018194248483284867
169.26392626741986,-1000.7668846562366,1196.3275905046,36.310000000000002,0.018623063549593626
169.24539087029629,-1000.911444673404,1195.4876417502901,36.310000000000002,0.018612829353099561
169.22685356396298,-1001.0145419986064,1196.00357961697,35.950000000000003,0.018292278466532343
169.20831380101239,-1001.1471993318449,1196.00357961697,35.950000000000003,0.017764804267027236
169.18977672130862,-1001.0023040038097,1194.67368062421,35.890000000000001,0.017515356750727122
169.17124637919764,-1000.6384739930949,1194.67368062421,35.890000000000001,0.017663263201784692
169.15272776244464,-1000.0053046621607,1193.68400498438,36.299999999999997,0.017949061264715255
169.13421405169143,-999.74038067324011,1193.2181350252799,36.299999999999997,0.018381246678003543
169.11571330701236,-999.04021266950303,1193.4415332605299,36.140000000000001,0.018456388887184677
169.09720946309884,-999.20757133050085,1196.8516346039301,36.140000000000001,0.018302954530720086
169.0787152997778,-998.68481933523753,1197.46365516945,35.890000000000001,0.017746812141551455
169.06020641533323,-999.47976000716903,1196.9272133025199,35.890000000000001,0.01730454879623727
169.04169387908649,-999.67695732332641,1196.9272133025199,36.210000000000001,0.017288049892840007
169.0231700200124,-1000.2883900022182,1196.0348124545601,36.210000000000001,0.017626448026902376
169.00463934677768,-1000.6563546745808,1192.03867817386,36.299999999999997,0.017971325041636642
168.98611519485192,-1000.3042039904162,1192.03867817386,36.299999999999997,0.01793031581758606
168.96760231504953,-999.69550933003597,1194.6336262981399,36.030000000000001,0.017525575429981899
168.94909231923467,-999.53977400235567,1196.9341274421399,36.030000000000001,0.017047878354857299
168.93059191293852,-999.02193999142082,1193.9877502903601,36.100000000000001,0.016676178200916894
168.91209845017289,-998.64698934438616,1193.9877502903601,36.100000000000001,0.016343634986614342
168.89360203303713,-998.80652533089392,1196.52070957669,36.280000000000001,0.016370444672226845
168.8751216615679,-997.94005933890742,1199.96418952515,36.280000000000001,0.016503416831525602
168.85663950919749,-998.03622800171001,1198.17795731759,36.119999999999997,0.016625261761749052
168.83815154329628,-998.3501586659944,1198.17795731759,36.119999999999997,0.016534152543151586
168.81965982313588,-998.5528886609352,1199.7622489645801,36.07,0.015957126813515975
168.80114877492585,-999.59660334121781,1200.4817963220801,36.07,0.015575532913522162
168.78263061969139,-999.98038266129799,1199.6351718467699,36.280000000000001,0.015469602207924217
168.76411089259281,-1000.0652633236347,1199.6351718467699,36.280000000000001,0.015746200876630104
168.74559202230859,-1000.0189953482864,1196.76938018434,36.079999999999998,0.016155382620917678
168.72708311201245,-999.48115599078551,1197.1060272581601,36.079999999999998,0.016449830597100375
168.70859799803716,-998.1961546657742,1200.33683780871,36.079999999999998,0.016438766482239721
168.69011457285194,-998.1049600025168,1200.33683780871,36.079999999999998,0.016142202337587043
168.6716396061482,-997.64820200054055,1200.9130955830899,36.299999999999997,0.015702733981286951
168.65315983900004,-997.9074260014919,1200.9130955830899,36.299999999999997,0.015385412709329936
168.63467449735788,-998.20844867578751,1203.32398454237,35.969999999999999,0.015312214901567324
168.61617607271606,-998.91493065846157,1205.4177767536401,35.969999999999999,0.015546975453368653
168.59765442812346,-1000.1688080011303,1207.31010524155,36.119999999999997,0.015837310095838237
168.57912459307411,-1000.6110926648118,1207.5485238490701,36.119999999999997,0.01592150992528123
168.56058658411118,-1001.0524839979071,1205.7539469902499,36.32,0.015731916448220695
168.54204899113572,-1001.0300206759365,1203.8096432458899,36.32,0.015453561733699632
168.52352246849389,-1000.4322226569617,1203.8096432458899,35.950000000000003,0.015217194125477736
168.50500383932098,-1000.0059753388564,1202.26206806446,36.140000000000001,0.015105953848508763
168.48649061491355,-999.71411800048986,1203.3480648217301,36.009999999999998,0.015145882765865126
168.46799686758018,-998.66235600227503,1203.3480648217301,36.009999999999998,0.015162981839218338
168.44950609529633,-998.50170332780226,1205.3605562878299,36.240000000000002,0.015326639023195232
168.43102332618534,-998.06953199383713,1207.17945184463,36.240000000000002,0.015354804284214749
168.41254209064192,-997.98671934382821,1204.39090781103,36.259999999999998,0.015322259737504541
168.39404330175321,-998.93459999067181,1207.0709713782001,36.259999999999998,0.015398631286131824
168.37553162955561,-999.63029867042144,1207.0709713782001,35.93,0.015484198103728029
168.35700701714825,-1000.3290699980463,1206.8008430958801,35.93,0.015674822241314206
168.3384690992593,-1001.0475660025866,1209.0972911235399,36.140000000000001,0.015727626150277101
168.31992840187661,-1001.1976586655618,1209.0972911235399,36.140000000000001,0.015584726092790324
168.30138858097519,-1001.1503286764411,1209.3411933590401,36.329999999999998,0.015392753604185372
168.28284799949373,-1001.1913999983535,1208.2849989277099,36.329999999999998,0.01546565546566043
168.26432631040734,-1000.1712106648058,1206.80036625866,35.960000000000001,0.015568531431992114
168.24581769916051,-999.4650073292554,1202.57654220778,35.960000000000001,0.01580300119906269
168.22732359998776,-998.68135532830149,1200.8124829307201,36.07,0.015982809581481742
168.20883969465419,-998.13088801292713,1204.9433237246701,36.07,0.016096433005225102
168.19035170288902,-998.35155532012243,1205.48977917311,36.280000000000001,0.016088498140307123
168.17185935150627,-998.5869746676957,1208.10165501853,36.280000000000001,0.015962295643154125
168.15335431239504,-999.27211200591569,1209.02576554129,35.950000000000003,0.015936958504284483
168.13482892700011,-1000.3708113261429,1207.0061215169601,35.950000000000003,0.016088625409312145
168.11629140543212,-1001.0261646724042,1206.03194308662,36.009999999999998,0.016447223927253195
168.0977457254692,-1001.4667179976336,1206.03194308662,36.009999999999998,0.016772406590159935
168.07918972749397,-1002.0238906619973,1203.9565091081299,36.299999999999997,0.016923086305363787
168.06064918533335,-1001.1892766742973,1203.4739498465001,36.299999999999997,0.016938532816039607
168.04211069622227,-1001.0784119973255,1205.4854876381701,35.920000000000002,0.016658308197138219
168.02358210811119,-1000.543757999637,1205.4854876381701,35.920000000000002,0.016400369088371794
168.00507020204927,-999.64292734277478,1205.3374296828999,36.030000000000001,0.016320794820108252
167.98656524780259,-999.26752932146303,1205.3374296828999,36.030000000000001,0.016638444116867563
167.96806384085181,-999.07597534052252,1197.19805684067,36.299999999999997,0.017226047607429931
167.94956688355569,-998.83569399086173,1197.19805684067,36.299999999999997,0.017736027423712688
167.93106854272827,-998.91040468172139,1198.6507414163,35.93,0.017874060811176942
167.91256691535804,-999.08787799147558,1205.24063172825,35.93,0.017622018031262066
167.89405144958047,-999.83515198941882,1205.08446754032,36.090000000000003,0.01724148893883962
167.87550563820986,-1001.4738140131875,1205.08446754032,36.090000000000003,0.017047627929482567
167.8569573464074,-1001.6077573331287,1203.78532454793,36.310000000000002,0.017224548182201118
167.83840196620966,-1001.9905306766376,1202.25515392484,36.310000000000002,0.017709718609815864
167.8198481971977,-1001.9035266462763,1201.2714387502001,35.979999999999997,0.018172490721723084
167.80130840941985,-1001.1485400037326,1201.2714387502001,35.979999999999997,0.018432269699645201
167.78277635781478,-1000.7307866743491,1199.756526918,36.210000000000001,0.018328165424672419
167.76425527304926,-1000.1385773383824,1199.756526918,36.210000000000001,0.018022406020210817
167.74573976174079,-999.83761065731926,1200.7824421861701,36.240000000000002,0.017647873608687005
167.72723001324687,-999.52641867106604,1203.80845115286,36.240000000000002,0.017452734622536284
167.70871214361725,-999.96495999918454,1203.80845115286,36,0.017557658462228717
167.69019162386439,-1000.1080666545114,1204.4614797188599,36,0.017829182445104362
167.67164855471611,-1001.3257340068434,1200.1117706432101,36.32,0.018174636893255932
167.65309914532108,-1001.668107331679,1198.68364318414,36.32,0.018193670038400282
167.63454464885183,-1001.9428093394484,1199.67284198676,36.079999999999998,0.01786499594759618
167.61598841080266,-1002.0368546562106,1199.67284198676,36.079999999999998,0.017371179746641058
167.59742748302466,-1002.2901000110768,1200.1792431091401,36.090000000000003,0.01694500136484501
167.57887310969122,-1001.9361600056758,1201.53822917202,36.090000000000003,0.016876797508119715
167.56033366545665,-1001.129988667535,1201.53822917202,36.329999999999998,0.01705987379271711
167.54180610386413,-1000.4883259964072,1201.3415338208099,36.329999999999998,0.017179518735201172
167.5232882994321,-999.96143932850418,1201.8164636869999,35.960000000000001,0.017175580277239109
167.50477523129629,-999.7056793344891,1201.8164636869999,35.960000000000001,0.016994322123087824
167.48626990658022,-999.28753466802914,1202.16169383069,36.189999999999998,0.016610944229312294
167.46775525311099,-999.791287337266,1202.16169383069,36.189999999999998,0.016279307508309061
167.44924385411113,-999.6155459925078,1205.8464534099601,36.259999999999998,0.015937543168400251
167.43072041724676,-1000.2655906768841,1205.8464534099601,36.259999999999998,0.015826835812553262
167.41219947528396,-1000.1308659908375,1207.2297581708101,35.909999999999997,0.015824023225352007
167.39367311509881,-1000.4234499991325,1203.30324212351,35.909999999999997,0.015763345490437466
167.37513577565434,-1001.0163300008031,1203.30324212351,36.189999999999998,0.015686908735248549
167.35660400965452,-1000.7153639902516,1202.7553561634199,36.189999999999998,0.015641946554995449
167.33808374343226,-1000.094376001362,1203.50136798637,36.259999999999998,0.015564948937028224
167.31957661919745,-999.38470868085949,1204.60715348806,36.259999999999998,0.015466427422005612
167.30109153108651,-998.19475798966209,1207.5070390113599,35.899999999999999,0.015181500672895145
167.28260938595068,-998.03583733514529,1213.0047336822399,35.899999999999999,0.014975103038778121
167.26412098544441,-998.37362733799262,1215.1214140798299,36.189999999999998,0.014774625495156783
167.24563033009872,-998.49538866736157,1212.0968356247899,36.189999999999998,0.014759882660780019
167.22712955230853,-999.04200067169961,1210.7182992360899,36.259999999999998,0.014759285581000111
167.20862383850627,-999.30854532065496,1211.2375749632799,36.259999999999998,0.014787512933164342
167.19011462190127,-999.49769667089561,1211.2375749632799,36,0.014762916708222636
167.17160313286433,-999.62040799459555,1213.3971707102301,36,0.014724583475048186
167.15309117506166,-999.64572134352693,1210.67490704953,36.119999999999997,0.014522098427599892
167.13458197812338,-999.49663466811535,1210.7059014685001,36.119999999999997,0.014165475345963059
167.11607515295066,-999.36855932683352,1210.7347501200099,36.280000000000001,0.013760715308739407
167.09757400572838,-999.06195000304922,1210.7347501200099,36.280000000000001,0.013595364160932055
167.07907564524683,-998.91146600299771,1210.0404751349099,36.020000000000003,0.013797119672594177
167.06057997523467,-998.7661806569256,1208.90774833056,36.020000000000003,0.014203469174768562
167.04210213075308,-997.80360200636119,1208.6555014437999,36.119999999999997,0.014415470256384736
167.023622720605,-997.8881479953659,1211.2068189629099,36.119999999999997,0.014364001234262092
167.00514141987662,-997.99023933300475,1216.56098563206,36.280000000000001,0.014133541322855733
166.98664405280252,-998.85782200196422,1215.468789991,36.280000000000001,0.013938342316737504
166.96812360444449,-1000.1042113324829,1215.468789991,35.880000000000003,0.013731439695012596
166.94958384251839,-1001.1471440091243,1213.5936276428299,35.880000000000003,0.01375138656110139
166.9310387141235,-1001.4369333241713,1214.77236923842,36.259999999999998,0.013934866415850098
166.91249663838286,-1001.2720899948181,1215.27066412814,36.259999999999998,0.014199028826499099
166.89396442534587,-1000.7395039984654,1212.4423041871,36.159999999999997,0.014235399043715253
166.87543685651858,-1000.4887166739637,1211.17344035786,36.159999999999997,0.014000915810837709
166.85691040527183,-1000.4283673239411,1210.5938447229701,35.829999999999998,0.01367789175772262
166.83839382914826,-999.89511067287674,1210.5938447229701,35.829999999999998,0.01357197450124009
166.81988580151864,-999.4334919988446,1210.1360809965199,36.280000000000001,0.013716509570645527
166.80138167201227,-999.2229933440866,1209.358836336,36.280000000000001,0.013984886717197552
166.7828764321483,-999.28295265408849,1212.8483310757099,36.009999999999998,0.014334840491178379
166.76437033443204,-999.32927667762931,1213.96246122866,36.009999999999998,0.014550452027531203
166.74584676097541,-1000.2729666586009,1212.32071069726,35.840000000000003,0.014641549853941577
166.72730579661746,-1001.2120753291197,1212.32071069726,35.840000000000003,0.014583406352021239
166.70874610335798,-1002.2234360116056,1210.5266106756501,36.280000000000001,0.014522701711344317
166.69017984220994,-1002.5781019944388,1210.5266106756501,36.280000000000001,0.014744497219400306
166.67162453962956,-1001.9863393402535,1210.37449960405,36.030000000000001,0.015254065189779358
166.6530707323333,-1001.9055939990842,1208.5708628381301,36.030000000000001,0.015679492306239648
166.63453286617289,-1001.0447726613542,1202.4516108574401,35.869999999999997,0.015990323286610573
166.61600772083972,-1000.3578479914495,1202.4516108574401,35.869999999999997,0.015947709069785085
166.59750335125918,-999.23595734929188,1206.2312610425099,36.32,0.015808965800225255
166.5789958958766,-999.40259065940108,1206.2312610425099,36.32,0.015844802072638817
166.56048483525925,-999.59727333640944,1202.4082186708699,35.920000000000002,0.015982647110199279
166.54197635335811,-999.45802266263092,1202.4082186708699,35.920000000000002,0.01645754816123007
166.52346546761731,-999.58783000188475,1204.8803812122801,35.920000000000002,0.017004841941941618
166.50494352500013,-1000.1849013289474,1204.8803812122801,35.920000000000002,0.017482977779317187
166.48641560537035,-1000.5076600067576,1203.87163208385,36.159999999999997,0.017728457848909428
166.46788199535803,-1000.8149406667577,1200.6772995802501,36.159999999999997,0.017661954171378221
166.4493309613334,-1001.7558373284808,1200.4729748335999,35.850000000000001,0.017637601115871909
166.43077395753082,-1002.0782053397264,1200.6241322307701,35.850000000000001,0.017805044638546891
166.41221888259247,-1001.9740466712636,1198.7501619756399,35.939999999999998,0.018269122687020547
166.39368243308635,-1000.9682733307621,1198.7501619756399,35.939999999999998,0.01881155392316888
166.37516722703702,-999.82112666293733,1196.2720389690401,36,0.019182286542400964
166.35665955746907,-999.41415666945443,1196.2720389690401,36,0.01922353377046258
166.33815220660492,-999.39694666466414,1193.40052526003,35.850000000000001,0.019105206144518713
166.31965311140752,-998.95114065979021,1193.40052526003,35.850000000000001,0.018709312291751757
166.30115400482728,-998.9517553322612,1193.4522620978701,35.979999999999997,0.018442175862176974
166.28264642527157,-999.40929600839024,1193.4522620978701,35.979999999999997,0.018383839897717528
166.26412843250614,-999.97160933295709,1193.4079162368701,35.960000000000001,0.018658620413179089
166.24559949359258,-1000.5627013324309,1192.0746793835999,35.960000000000001,0.018996063416798173
166.22706549966662,-1000.8356720017481,1192.0746793835999,35.890000000000001,0.019185507872709444
166.20852892701228,-1000.9749233350465,1190.5697811329101,35.890000000000001,0.019183825287224305
166.18998950243198,-1001.1289273352667,1189.3962847466801,36.009999999999998,0.019220282437294789
166.17145395630862,-1000.9194906613047,1189.54720372524,36.009999999999998,0.01921698658083968
166.15293286430855,-1000.1389680049468,1188.7170301338499,35.93,0.019264028710729162
166.13441953022237,-999.72004065334227,1187.8510937513199,35.93,0.019340193306922656
166.11591775280243,-999.09598067609659,1189.16501869738,36.280000000000001,0.019324251146951049
166.09742668767896,-998.51751666747225,1190.11773945305,35.920000000000002,0.019324418780400979
166.07893626619779,-998.48275998401618,1190.63010104061,36.07,0.01920626084157848
166.0604442397283,-998.56942935203745,1190.1329982439299,36.07,0.018996501141119653
166.04193420562976,-999.54184132218757,1187.7593025874301,35.869999999999997,0.018956461509723497
166.02341623149371,-999.97060334539356,1187.7593025874301,35.869999999999997,0.019027459325675608
166.00489544579011,-1000.1224279953485,1188.5534749690901,35.979999999999997,0.019145357519131271
165.98636922840765,-1000.4157386515878,1188.5534749690901,35.979999999999997,0.019168020741762434
165.96783919777792,-1000.6216540063415,1188.1271824988301,36.049999999999997,0.018979920481487968
165.94931170758025,-1000.4844706743786,1187.8062710531101,36.049999999999997,0.018764636999045878
165.93077937037052,-1000.7462093254705,1186.8394835996,35.880000000000003,0.01865595682901066
165.91225028762952,-1000.5704680136885,1187.7666935642601,35.880000000000003,0.018697327199803767
165.89372529234586,-1000.3497453178203,1189.98708605612,35.939999999999998,0.018980199883395183
165.87521345148136,-999.63940668308624,1190.0881755457101,35.939999999999998,0.019196525417939338
165.85671192034567,-999.08268132704779,1190.66657908756,36.07,0.019498094923729312
165.83820794708646,-999.21455599712533,1190.66657908756,36.07,0.019479822372869268
165.81969507349373,-999.69517400817597,1189.97778773043,35.880000000000003,0.019323599215681327
165.80117980949379,-999.8242559965413,1189.97778773043,35.880000000000003,0.019114445895453188
165.78265082504933,-1000.5651600003313,1190.0507438243301,35.880000000000003,0.018822956419939203
165.76411733196292,-1000.808626665837,1189.16525711599,35.880000000000003,0.018820289736638292
165.74558066824702,-1000.9798406598551,1190.9200180673599,35.969999999999999,0.018871839472384088
165.7270437178889,-1000.9953193371853,1190.9200180673599,35.969999999999999,0.018934739960481541
165.70852087913593,-1000.2332926613283,1189.3204676294899,35.969999999999999,0.018980679003373732
165.69000591420991,-999.80810600497955,1188.3589253853499,35.969999999999999,0.018947833319507175
165.67150359041975,-999.12548466891633,1191.7673577984999,35.850000000000001,0.018791873009668329
165.6530091932222,-998.69744866711073,1193.68400498438,35.850000000000001,0.018635781277274492
165.63451509404945,-998.68135532830149,1195.2613824917501,35.979999999999997,0.018487354329919079
165.61601583741992,-998.95985799489858,1194.34561662026,35.979999999999997,0.018597385949494886
165.59752323354328,-998.6006093386045,1196.0021491053301,36.020000000000003,0.018694394576127944
165.57902634764201,-998.83183866883303,1198.2838151793301,36.020000000000003,0.018704909217547604
165.56051624111126,-999.54575265943265,1196.4081759939399,35.859999999999999,0.018547679198118151
165.54200064597538,-999.84213733754711,1194.90876137123,35.859999999999999,0.018159819563876533
165.52347060188899,-1000.6223806652777,1195.0403684425801,35.939999999999998,0.017966033070488333
165.5049417343829,-1000.5588453288987,1193.70331689159,35.939999999999998,0.017777021146401305
165.48641537419752,-1000.4234500101246,1193.5061447031701,36.039999999999999,0.017536886861924804
165.46790433323449,-999.59621200414119,1193.5061447031701,36.039999999999999,0.017403306234933712
165.44940667433323,-998.87358066744139,1197.0898147928499,35.869999999999997,0.017147043516237245
165.43091908511127,-998.32981798657624,1198.7933157436,35.869999999999997,0.016830419708065439
165.41242779956792,-998.52941934040916,1196.22435524754,35.969999999999999,0.016584128351337935
165.39394007996296,-998.33685866841734,1197.9116437329801,35.969999999999999,0.016349023206537975
165.3754492683581,-998.50382666285066,1197.2900864231699,36.049999999999997,0.016438456041375706
165.3569530519753,-998.79568467172919,1197.76859256847,36.049999999999997,0.016795814864188116
165.33844577251858,-999.39309066113185,1197.76859256847,35.890000000000001,0.017138169040761493
165.31992640864181,-1000.0456493471212,1198.6407278347899,35.890000000000001,0.01733804534759251
165.30139895053077,-1000.4827379949029,1196.19026138666,35.950000000000003,0.017130776408611832
165.28286803617297,-1000.6693753215465,1196.19026138666,35.950000000000003,0.016799055866507189
165.26433340583949,-1000.8700380076475,1195.6938738458,36.030000000000001,0.016435260579917895
165.24579888002464,-1000.8643940019185,1195.61686463557,36.030000000000001,0.016274621924719439
165.22727655350624,-1000.2056319934261,1194.5191853665301,35.880000000000003,0.016400598813169995
165.20876110117291,-999.83442600099431,1194.5191853665301,35.880000000000003,0.01676897932662005
165.19026163034579,-998.97142466447167,1193.98512768568,36.259999999999998,0.017172675573642722
165.17176664744437,-998.72907667648269,1193.58720702972,35.969999999999999,0.017279774575242261
165.15327147725947,-998.73918998421516,1197.8112694992101,36.009999999999998,0.017094197160049569
165.13477752813583,-998.67325267665638,1198.8636492328201,36.009999999999998,0.016790052043521211
165.11625355213576,-1000.294704003139,1196.55337292592,35.890000000000001,0.016735707303698215
165.09771269124693,-1001.2064879981272,1196.55337292592,35.890000000000001,0.016879715652485743
165.07916181348148,-1001.7473993329918,1195.13692797863,35.969999999999999,0.017276648437866731
165.06060017790114,-1002.3283213390046,1193.8489906607899,35.969999999999999,0.017585432568353956
165.04203079785171,-1002.746522669209,1193.8489906607899,35.969999999999999,0.017807664767890818
165.02345948169148,-1002.8510726527643,1192.0413007785401,35.969999999999999,0.017763025448033432
165.00488918585197,-1002.7959753338582,1189.6134840981299,35.880000000000003,0.017512260627406455
164.98633865887638,-1001.7284566817018,1189.6134840981299,35.880000000000003,0.017199398332914673
164.9678066528148,-1000.7283273249451,1191.6176309129801,35.979999999999997,0.017075718684507447
164.94928472365424,-1000.1841746700111,1191.6176309129801,35.979999999999997,0.017160981265204153
164.93077741107419,-999.39487932284817,1192.1168794771299,35.93,0.017429607825256523
164.91226777951863,-999.52010399963353,1191.3873185381101,35.93,0.017625535320885653
164.89375100781487,-999.90567200341422,1190.48800355053,35.869999999999997,0.017577481144603196
164.87522505017293,-1000.4017126655865,1189.46804874755,35.869999999999997,0.01742084716641349
164.85668148741965,-1001.3523886761901,1192.7875510200899,36,0.017190539379767101
164.83813647595051,-1001.4306193342425,1192.7875510200899,36,0.016973163518793379
164.81959143135819,-1001.4324079849669,1191.7442311935699,35.93,0.016985233461222937
164.80103724635796,-1001.9259900122149,1191.5229787257899,35.93,0.017240718011467489
164.78248756379023,-1001.682858657577,1186.31710843052,35.899999999999999,0.017514582719133621
164.7639477046051,-1001.1523959962728,1186.26847103458,35.899999999999999,0.017672006244324117
164.74542071422229,-1000.4574806721802,1186.26847103458,36.049999999999997,0.017573066677194174
164.72690475483952,-999.86180666975747,1188.6440740399401,36.049999999999997,0.017414397249857192
164.70839189365449,-999.69450399100026,1189.7968280073201,35.850000000000001,0.017272913824860202
164.68989338414815,-998.91951334291412,1189.7968280073201,35.850000000000001,0.017275245241261252
164.67139831744456,-998.73360199370291,1189.78633758859,36.280000000000001,0.017511090264705875
164.65289565009871,-999.1440366756259,1190.1120174064699,35.890000000000001,0.017715308610642265
164.63438495269156,-999.57765998643993,1188.45047813064,36.020000000000003,0.017943147367802757
164.61586900676545,-999.86108001082107,1187.2502788603599,36.020000000000003,0.017773065093916077
164.59734266623457,-1000.4223886668642,1187.6694187723899,35.880000000000003,0.017484715214867257
164.57881306401242,-1000.5985199966832,1189.65639944749,35.880000000000003,0.017151933996960779
164.56028420892585,-1000.5581746741871,1189.6389948891399,35.939999999999998,0.016869032333579993
164.5417550102718,-1000.5767273184323,1189.57915181865,35.939999999999998,0.016933904127637015
164.52323552945685,-1000.0519640075617,1189.57915181865,36.159999999999997,0.017188631202678183
164.50471114470372,-1000.3167766695368,1191.3339127700201,36.159999999999997,0.017520933315669215
164.48619504872849,-999.8691826624663,1191.9542779868,35.869999999999997,0.017719385731017775
164.46769791551847,-998.84519334060303,1191.91517733516,35.869999999999997,0.017624535700945264
164.44921047633318,-998.32171600544302,1191.7132367745901,35.979999999999997,0.017443883966310875
164.43072562209878,-998.18212865778889,1191.7132367745901,35.979999999999997,0.017407833490613072
164.4122365582717,-998.40944666176449,1191.40066998013,36.229999999999997,0.017392840237578908
164.39373229940725,-999.22997868122286,1192.08493138372,36.229999999999997,0.017574761682211011
164.37522728617282,-999.27071465929168,1192.8061476714799,35.93,0.017640761406603388
164.3567104823826,-999.90740467189812,1192.4771299931001,35.93,0.017742440106914774
164.3381937634567,-999.90282199843762,1190.9960736031601,36.039999999999999,0.017792736702894739
164.31968305260489,-999.57838599684828,1191.8279161248099,36.039999999999999,0.017505101854470746
164.30116762613591,-999.8330293248822,1191.8279161248099,35.850000000000001,0.017240287533518237
164.28265807218528,-999.5159133337612,1197.1007820488001,36.32,0.016924841334215686
164.26415391059268,-999.22472600157846,1199.94773864123,35.960000000000001,0.016811287236793718
164.24564737723469,-999.35280133186836,1197.8422639181899,35.960000000000001,0.016904036614617764
164.22714652286425,-999.04613600385903,1197.8422639181899,35.969999999999999,0.016933188055215143
164.20865141061734,-998.73606133211501,1200.8623124196899,36.140000000000001,0.016930362012181139
164.19014918514816,-999.12017533651954,1201.9580843398701,36.280000000000001,0.016915622271237305
164.17165203330853,-998.8461993391586,1201.9580843398701,36.280000000000001,0.016789191090879597
164.15314498046916,-999.38085332585501,1201.1295796787199,35.969999999999999,0.016777183240205419
164.13462827396302,-999.90215133273387,1200.70495613872,35.969999999999999,0.016669552356431167
164.11610376503694,-1000.3234820075342,1201.8386366175,36.159999999999997,0.016538040302563138
164.09757182416035,-1000.7248073357684,1202.5386336491899,36.159999999999997,0.016434579669062359
164.07905274070364,-1000.0305066621627,1202.5386336491899,36.280000000000001,0.016261683785718701
164.06054057491369,-999.65695265826423,1203.95484017787,36.280000000000001,0.016115984565719423
164.04203204748163,-999.46048133053125,1202.3452761584799,35.969999999999999,0.016023560117839859
164.02352672277797,-999.28753399751736,1203.9305214799101,35.969999999999999,0.016032539091381109
164.00502733575323,-998.9668993362593,1203.9305214799101,36.090000000000003,0.016028623416164789
163.98651471567908,-999.68148400355437,1207.23333444993,36.090000000000003,0.016102984350433523
163.96800223220981,-999.67410734033376,1209.05223000672,36.259999999999998,0.016095149839598189
163.94948330397537,-1000.0221246599062,1207.4629315689699,36.259999999999998,0.01610264492387703
163.93096803376557,-999.82459132939323,1207.4629315689699,35.939999999999998,0.016061219703833219
163.91245115134572,-999.91165067148336,1206.34427146247,35.939999999999998,0.016076894893642637
163.89392221243216,-1000.5627013324309,1205.86409638692,36,0.016241586867268478
163.87539193448148,-1000.635009337631,1204.26907590259,36,0.016450281767891047
163.85686556187656,-1000.4241206648362,1203.3804897523501,36.189999999999998,0.016597152382820845
163.83834701030875,-1000.0017846619922,1204.4965272541699,36.189999999999998,0.016636876390626408
163.81983735185193,-999.52155666897829,1204.9247270732801,35.869999999999997,0.016543487497400342
163.80133586004948,-999.08055733247954,1204.9247270732801,35.869999999999997,0.016377223650090044
163.78283264735808,-999.1734853347325,1206.2615402056599,35.960000000000001,0.016293398421390323
163.76433722985183,-998.75254533748887,1206.2617786242699,35.960000000000001,0.01631350877755685
163.74583037880254,-999.36995666246548,1205.3722387995999,36.119999999999997,0.016601958006956144
163.72731588781477,-999.78251333841308,1205.3722387995999,36.119999999999997,0.016784556204619154
163.70879400935806,-1000.1814366624916,1205.2227503326801,35.850000000000001,0.016894829971374634
163.69026002887654,-1000.8349460023318,1207.0788391922499,35.850000000000001,0.01692525629289009
163.67172411953098,-1000.9391046598024,1206.2818057873001,35.939999999999998,0.016755439968334764
163.65318772797528,-1000.9651440081501,1206.2818057873001,35.939999999999998,0.016712253494304767
163.63465102596305,-1000.9819086611908,1204.89802418924,36.140000000000001,0.016879679426324141
163.61612256098775,-1000.5371086658645,1203.5752777547,36.140000000000001,0.017207679861804936
163.59759729148143,-1000.3645533404388,1200.9147645133501,35.850000000000001,0.017594510897945236
163.57907212028388,-1000.3592446675617,1201.47480982242,35.850000000000001,0.017911087105477681
163.56056730262966,-999.2601533287542,1201.47480982242,36,0.018001617859649231
163.54206978033329,-998.86620400422078,1199.70335956852,36,0.017866839966230733
163.52357587053086,-998.67112933061594,1201.27310768045,36.07,0.017650078768568087
163.50508602646926,-998.45157932693746,1201.0778428408901,36.07,0.017491277920101002
163.48657838275307,-999.41276067484614,1201.0778428408901,35.859999999999999,0.017623610596159502
163.46805511456799,-1000.2564819937074,1199.1440295152699,35.859999999999999,0.017940043981418307
163.44951633985187,-1001.0938346704309,1199.04651630479,35.880000000000003,0.018292603387520381
163.43097154879015,-1001.4187173318174,1198.4130380646,35.880000000000003,0.018465771439223014
163.41243481366678,-1000.9836966633874,1198.4130380646,35.950000000000003,0.018389149472752553
163.39389958004935,-1000.9026153408386,1198.8295553719499,35.950000000000003,0.018035680470147572
163.3753606159629,-1001.1040606681167,1196.4372630640601,35.939999999999998,0.017838660216537867
163.3568408888641,-1000.0652633346268,1194.6264737399199,35.939999999999998,0.01786304741522235
163.33832430549396,-999.89550198796928,1194.24810340978,35.880000000000003,0.01806986622541296
163.3198121014199,-999.65902000008009,1194.9078076968001,35.880000000000003,0.018503227159498183
163.30130010533333,-999.64778867435075,1197.4107262385801,35.950000000000003,0.018917353196034058
163.28278584819745,-999.76988533657163,1194.18039252524,35.950000000000003,0.019114469691905313
163.26426934967901,-999.89091999601237,1194.18039252524,36.119999999999997,0.019180136220575034
163.24574038386416,-1000.5641540017757,1192.64092357646,36.119999999999997,0.019056601445263107
163.22720107001237,-1001.1229479966858,1193.86353419584,35.840000000000003,0.018929919857036442
163.20865323870376,-1001.5828906659788,1193.86353419584,35.840000000000003,0.018889707415570441
163.19009967148145,-1001.8926300048709,1195.4900259363701,35.909999999999997,0.018959250307800626
163.17153221409879,-1002.6426986630863,1192.7770606013601,35.909999999999997,0.019177464360654217
163.15297450870369,-1002.1160913348024,1191.4533604923899,36.240000000000002,0.019196830685643887
163.13442832065425,-1001.4941546706215,1191.4533604923899,36.240000000000002,0.019132343855137068
163.11590437053079,-1000.2933066675072,1195.08376062915,36,0.018906898588830788
163.09738562441967,-1000.0122899992972,1196.0116858496301,35.909999999999997,0.018674153839814134
163.07886637125915,-1000.0396706680604,1193.1611529780801,35.880000000000003,0.018731175620248969
163.06035156258031,-999.7996686580185,1194.1331856409499,35.880000000000003,0.018992043209115468
163.04183792219746,-999.73658067393262,1194.1331856409499,36.310000000000002,0.019264902091858913
163.02332159855558,-999.88147666148768,1195.2573293754299,36.310000000000002,0.019571038173736996
163.00481084319759,-999.58078933103582,1194.3418019225401,36.119999999999997,0.019562984301724616
162.98629698860495,-999.74814800302568,1192.8640833931099,36.119999999999997,0.019389804874526437
162.96777363038279,-1000.2613439957952,1192.8640833931099,36.07,0.019180866786759149
162.9492536228519,-1000.080406668113,1194.0325729885799,35.840000000000003,0.018827175307560198
162.93072150088889,-1000.7345860031451,1197.11174930474,36.280000000000001,0.018679890780434819
162.91219780428401,-1000.2796166628855,1199.30496207535,36.280000000000001,0.018561564185499559
162.89367879740732,-1000.0263713409952,1200.2130985514,36.170000000000002,0.018572574481914555
162.87516565786404,-999.7095353380214,1200.2130985514,36.170000000000002,0.018551649735409174
162.85666508911106,-999.03071266024199,1198.4261510880201,35.890000000000001,0.018404160308300107
162.83816633849383,-998.93253333035989,1198.1069085725401,35.890000000000001,0.018187210795541659
162.8196687251359,-998.87112132902939,1201.40066163548,36.240000000000002,0.017977505923570877
162.80116949437033,-998.95846134077033,1201.40066163548,36.240000000000002,0.017912413719008206
162.78266995213573,-998.97528066800385,1200.4374504610801,35.909999999999997,0.017852075403729278
162.76416069000024,-999.50015531681186,1199.60298533475,36.25,0.017769857209059013
162.74565683367919,-999.20824133668464,1199.90625380352,35.93,0.017753144100138396
162.7271523864691,-999.24014934519573,1202.7307990468501,35.93,0.017702153160268363
162.70865861223464,-998.66380866062786,1198.4664438326899,36.189999999999998,0.017582402664690643
162.69016049906182,-998.89811133122782,1199.5553016132501,36.189999999999998,0.017407647227560261
162.67165784413592,-999.14336599893011,1202.7524951401299,36.240000000000002,0.017178508763445847
162.65315163053086,-999.33553467432546,1205.5698878252399,36.240000000000002,0.016969273688408174
162.63464578530869,-999.31564199572858,1207.9776773426099,35.960000000000001,0.016882884210623835
162.61614675012353,-998.94789999924069,1207.9776773426099,35.960000000000001,0.016805442675769722
162.597660342642,-998.26600400307393,1206.4305789984001,36.090000000000003,0.016681175267371135
162.57916844656793,-998.56238799968457,1206.4305789984001,36.090000000000003,0.016630876601638849
162.5606674814814,-999.05211467192817,1207.1570404955201,36.25,0.016590904238007315
162.54216624320998,-999.06686665734583,1207.10506523908,36.25,0.016523125679354475
162.52365453272827,-999.63236601223718,1207.10506523908,36.299999999999997,0.016440170711278696
162.5051433675803,-999.60291799066624,1208.1655512053401,36.299999999999997,0.016261703439002188
162.48663057159246,-999.69098334230375,1208.92396079587,35.960000000000001,0.016129291097020694
162.4681157618765,-999.79972466224319,1207.6372155710701,35.960000000000001,0.01605848781274934
162.44959871181507,-999.92070331745936,1207.0919522156701,36.049999999999997,0.016103080574375078
162.43107761359269,-1000.1393040083105,1206.4620502545899,36.049999999999997,0.016150128926752629
162.41255327334574,-1000.3143733353493,1205.2978521940499,36.210000000000001,0.016318101233691179
162.39402980440752,-1000.267322663864,1208.0723295298001,36.210000000000001,0.016499702921945386
162.375508719642,-1000.1385773383824,1210.97293030893,35.850000000000001,0.016600717277562016
162.35697924055566,-1000.5918706629105,1209.90839122634,35.850000000000001,0.01654081150387799
162.33845161998761,-1000.491510674716,1209.2229377297101,35.969999999999999,0.016395898741721242
162.31992466892601,-1000.4553573261396,1209.2229377297101,35.969999999999999,0.016300356433439873
162.30139097406195,-1000.8195226587144,1209.37361828966,36.020000000000003,0.016296298967569182
162.28285134770363,-1001.139823350128,1209.37361828966,36.020000000000003,0.016407389185662948
162.26431070206166,-1001.1948646648094,1208.37226013807,35.950000000000003,0.016451689107665167
162.24576393659265,-1001.5253353277003,1208.5157881397899,35.950000000000003,0.016577294516896036
162.22723126825937,-1000.7640899959645,1208.2051286941901,36.100000000000001,0.016618310989965069
162.20870580421001,-1000.3750586667516,1205.0990110753801,35.859999999999999,0.016540979139567032
162.19018746064191,-999.99055267674294,1206.05959964509,35.920000000000002,0.016488629497677515
162.17167634102483,-999.60045932276603,1206.05959964509,35.920000000000002,0.016485466114530885
162.15316027196309,-999.86772933360191,1207.4882039413701,36.119999999999997,0.016747091166387437
162.13463872567903,-1000.1634993392453,1206.8854817015499,36.119999999999997,0.017227680520487836
162.11611762125921,-1000.1396386706506,1207.51299947655,35.869999999999997,0.017573298470319805
162.09759886169127,-1000.0130166692253,1207.51299947655,35.869999999999997,0.017824957358200628
162.07907372258038,-1000.3575119880859,1207.39832012633,36.280000000000001,0.018042175928990021
162.06054159958023,-1000.7346420073695,1205.80353806061,35.880000000000003,0.018194461649046728
162.04200844487656,-1000.7903539987466,1203.51686519585,36.210000000000001,0.018393628092916389
162.02347438575319,-1000.8391926614366,1204.18801357603,36.210000000000001,0.018463947086085279
162.00493589043205,-1001.0787473411693,1204.18801357603,35.969999999999999,0.018576337027417407
161.98640628821011,-1000.5985199856913,1204.18348362249,35.93,0.018734819159471641
161.96788877662951,-999.94562535129808,1199.4279860768299,35.850000000000001,0.018861261710032443
161.9493722325804,-999.89337865292066,1197.96361898942,35.850000000000001,0.018909287948933245
161.93085944280244,-999.69064800945205,1197.96361898942,36.280000000000001,0.018978789446931248
161.91234373074082,-999.8484513274758,1197.2309586085,36.280000000000001,0.019205524068580074
161.89382975920981,-999.75446267445807,1197.5249287515801,35.950000000000003,0.019444013019652751
161.87531471562954,-999.81235333459642,1197.20783200357,35.950000000000003,0.019724561519780689
161.85679405927161,-1000.115443328724,1197.0507141412199,35.859999999999999,0.019981302327854208
161.83826331462981,-1000.660210656129,1197.0507141412199,35.859999999999999,0.020322059799618399
161.81973191909876,-1000.6953586766615,1195.9866518958399,36.259999999999998,0.020649554200605377
161.80120088781482,-1000.6756893334593,1196.0882182226401,36.259999999999998,0.020915077374680405
161.78266714119761,-1000.8223173299782,1194.20614173486,36.039999999999999,0.021089270921891435
161.76413438179014,-1000.769008002277,1194.20614173486,36.039999999999999,0.021195086759288946
161.74560205182721,-1000.7458179993862,1192.49477297005,36.100000000000001,0.021302652442201118
161.7270776143088,-1000.3196259930098,1190.9269322069799,35.880000000000003,0.021305095610571454
161.70856105060497,-999.8944400071731,1191.6135777966499,36.280000000000001,0.021202099614482536
161.69005158150605,-999.51133134180452,1194.5609086228501,36.280000000000001,0.021200135553266754
161.67154236592594,-999.49764132619089,1194.8663228590899,35.979999999999997,0.02130378141331574
161.65303855513596,-999.20578265779261,1194.64125569359,35.979999999999997,0.021530936163541549
161.63452492716064,-999.73591066774884,1194.64125569359,35.880000000000003,0.021923643848787696
161.61601142440756,-999.72914866600718,1193.7996380090301,35.880000000000003,0.022058398981851558
161.59749463303709,-999.90673400619437,1191.1388863490699,36.25,0.022264336132310245
161.57898057045671,-999.75937933974706,1190.6455982501,36.25,0.022361764882634954
161.56045917420997,-1000.1553973251359,1194.37589578341,35.979999999999997,0.022384636109471175
161.54192541416052,-1000.8230426698749,1194.19708182777,35.939999999999998,0.022373519208801918
161.52339206387643,-1000.8009153402761,1192.29712394442,35.869999999999997,0.022355203203117371
161.50486478788898,-1000.4729033233017,1192.29712394442,35.869999999999997,0.022428462080379644
161.48633990229627,-1000.3438220054483,1191.9931402198199,36.210000000000001,0.022509053563106743
161.46781447758033,-1000.3729346611914,1193.2615272118501,36.210000000000001,0.022445093419224068
161.44929218416067,-1000.2038446617414,1192.9635039524401,35.890000000000001,0.022348078588830048
161.43077130635817,-1000.1274013353737,1192.33908561934,35.890000000000001,0.022274542401193319
161.41225306006172,-999.98530000809058,1192.33908561934,36.25,0.022264507917885257
161.39373224849371,-1000.1238246714606,1193.32780758474,35.93,0.022239688165596093
161.37521577585187,-999.88952266038052,1194.89564834781,36.140000000000001,0.022004418487496461
161.35670599424699,-999.52820666227069,1196.5266700418799,36.140000000000001,0.021887180492513581
161.33819071058014,-999.82531801031337,1196.8027587893901,36.049999999999997,0.021715933049237784
161.31967422551855,-999.89019332608405,1195.9470744069899,35.859999999999999,0.021672537560756783
161.30115536869118,-1000.018268678358,1194.6636670426899,35.950000000000003,0.02166713691824812
161.2826354853334,-1000.073701319124,1195.3326696554,35.950000000000003,0.021600233815973348
161.26411508872837,-1000.1014166722109,1199.18909063209,36.090000000000003,0.021718497281020183
161.24559597837037,-1000.0319593315074,1199.18909063209,36.090000000000003,0.021777807008986235
161.22707522474059,-1000.1206960083686,1201.5904428470701,35.869999999999997,0.021767094728814669
161.20856086413585,-999.77547265657211,1201.9075395950699,35.869999999999997,0.021440948663376251
161.19004730135813,-999.73238999706814,1201.3675214490299,36.299999999999997,0.021107718341174534
161.17153558466674,-999.63270133409708,1203.0059341199301,35.939999999999998,0.020927623322689371
161.15302967528413,-999.31910666218437,1198.9273070010299,36.07,0.020921596635470979
161.13452352583954,-999.33207000786956,1198.9273070010299,36.07,0.020898710929935626
161.11601556961739,-999.42963599531231,1199.67784877751,35.850000000000001,0.02091074052196561
161.09751932737041,-998.79708133684937,1199.67784877751,35.850000000000001,0.020842659799015367
161.0790233251976,-998.78411733164421,1200.5661965091499,35.93,0.020576861371697758
161.06052374985205,-998.9770686592085,1201.9084932695,35.93,0.020127971137251024
161.04201613201224,-999.41136335020587,1201.9084932695,36.119999999999997,0.019585786177202118
161.02349815269145,-999.9708833225485,1204.31079915891,36.119999999999997,0.019402482237965955
161.00497677508631,-1000.1543906780524,1204.83079014192,35.859999999999999,0.019532539363023162
160.9864528125309,-1000.2939779927306,1205.4695135914701,35.859999999999999,0.019864670728368679
160.96793229277782,-1000.1080666655034,1205.4695135914701,36.210000000000001,0.020055393171658508
160.94941789180251,-999.77765266635708,1206.8103798401801,35.909999999999997,0.020016283836731125
160.93090787737049,-999.54077933039957,1207.72495361864,36.210000000000001,0.019650000869069061
160.91239493858032,-999.69869466786452,1206.3926704398,36.210000000000001,0.019263172929007907
160.8938892175309,-999.30893666872328,1205.18484177409,35.969999999999999,0.018861751178569038
160.87538680371588,-999.13034601148433,1206.2214858796001,35.869999999999997,0.018652907263514533
160.85688699450625,-998.98969732056992,1206.13851620418,35.899999999999999,0.018697944993187759
160.83838710146918,-998.99422400079777,1203.5666946848301,35.899999999999999,0.018744575280226869
160.81988420648153,-999.15632933362338,1200.48799520588,36.299999999999997,0.018718183657917248
160.80138041430854,-999.20477734074086,1200.48799520588,36.299999999999997,0.018416421691013055
160.7828708479382,-999.51658399946484,1201.86653159458,36.039999999999999,0.018041560221235677
160.76435037992587,-1000.1052726647512,1203.2271865877101,36.039999999999999,0.017800982003384289
160.74582522217298,-1000.3585186571534,1205.9978492257401,35.850000000000001,0.017787633056409343
160.72729232617286,-1000.776384005978,1205.9978492257401,35.850000000000001,0.017997856356554095
160.7087454820618,-1001.5295819977971,1207.13796700692,36.210000000000001,0.018372650577701065
160.6902123532347,-1000.7889566631145,1206.46705704535,36.210000000000001,0.018647647364774297
160.67168099081479,-1000.6935706744651,1204.9929147950299,35.859999999999999,0.018789449494785036
160.65315255170387,-1000.5357119897524,1204.1450982266799,36.299999999999997,0.018606379425551264
160.6346291986543,-1000.2610646781599,1202.32763318153,36.039999999999999,0.018175231925063959
160.61609523164202,-1000.8342186618914,1201.5391828464501,36.039999999999999,0.018040605097306168
160.59755875004925,-1000.970006010238,1201.5391828464501,36.049999999999997,0.018043022390108503
160.5790170571853,-1001.2514146530602,1199.65925212613,36.049999999999997,0.018335719494246162
160.5604790037284,-1001.0548866725748,1200.2283573422901,36.240000000000002,0.018371056971006581
160.54194205440743,-1000.9952633329607,1200.2283573422901,36.240000000000002,0.018224660302081645
160.52340794975316,-1000.841651329337,1203.09534109775,36.240000000000002,0.018063097576159367
160.50486287412332,-1001.4340840116903,1201.3188840531,36.240000000000002,0.018011412276114826
160.48632092877767,-1001.2650486644493,1199.17526235286,36,0.018237809541773699
160.46777920383971,-1001.2531466510322,1199.17526235286,36,0.018505309189675325
160.4492368166172,-1001.2889100145476,1197.7690694056801,35.969999999999999,0.018837173582008877
160.43069060374071,-1001.4954953315171,1197.9915139665,36.119999999999997,0.019240086488641499
160.41214396762976,-1001.5183499905639,1200.1449108296499,36.310000000000002,0.0194042869396522
160.39361264453089,-1000.6914473394165,1198.2192037366899,36.310000000000002,0.019393666748599325
160.3750810865308,-1000.7041320050024,1198.2192037366899,35.979999999999997,0.019317651168669771
160.35655279023462,-1000.5279999936797,1198.8085745344799,35.979999999999997,0.019206355014698376
160.33802954893821,-1000.2550300058664,1197.11461032803,36.189999999999998,0.019310531721231698
160.31951043858021,-1000.0319593315074,1195.61281151924,36.189999999999998,0.019437483409286353
160.30098535120987,-1000.3547179983259,1195.61281151924,36.299999999999997,0.01955046317954794
160.28246743707408,-999.96736333337196,1193.43819540002,36.299999999999997,0.019654090415490044
160.2639516722468,-999.85130067293278,1194.5046418314701,35.969999999999999,0.019612321622464214
160.2454390842469,-999.67975199459033,1194.53182155273,35.969999999999999,0.019401581962472925
160.22692028019759,-1000.0154186623893,1194.95119988337,36.159999999999997,0.019241733881823424
160.20838942379021,-1000.6662459989343,1194.95119988337,36.159999999999997,0.01940968445921239
160.18986403217281,-1000.3711473404986,1193.22338023464,36.259999999999998,0.019700581006664435
160.1713409399014,-1000.2469826549581,1193.22338023464,36.259999999999998,0.019982891777945391
160.15282431720982,-999.89762534500164,1193.3075420031,35.979999999999997,0.020032337759664016
160.13431034567901,-999.75446266346626,1195.35674993476,35.979999999999997,0.019919373510305722
160.11580841925931,-999.1040266639975,1194.56710750665,36.229999999999997,0.019574674470047879
160.09729751385183,-999.5888920046649,1194.56710750665,36.229999999999997,0.019382787877589097
160.07879303354321,-999.24193666588849,1196.11778212998,36.280000000000001,0.019194450646144202
160.06027844527159,-999.7877666665853,1196.11778212998,36.280000000000001,0.019146559967878143
160.04176492181489,-999.73026666201986,1194.4562428541501,35.960000000000001,0.019208916154472736
160.02326339172853,-999.08262466330325,1194.56949169272,35.960000000000001,0.019221895680988321
160.0047583784939,-999.2707146702835,1194.56949169272,35.960000000000001,0.019211536275470887
159.98626227283938,-998.78970534414043,1191.7904844034299,36.189999999999998,0.019150695040097282
159.96776775146932,-998.70415398312389,1191.0749901622501,36.310000000000002,0.019004031390018165
159.94927520553088,-998.59748067551232,1191.0749901622501,36.310000000000002,0.018832174438474316
159.93078052893816,-998.71253600736452,1193.32828442195,36,0.018813070951266633
159.91228106432089,-998.97108933161974,1197.6181504271201,36,0.018632039428480619
159.89377034724703,-999.57872198921984,1193.7502853572701,36.170000000000002,0.018571895652414003
159.87526686138276,-999.18823667162258,1196.2801452017,36.170000000000002,0.018458587836791017
159.85675850986436,-999.45098199178199,1196.2801452017,36.229999999999997,0.018271774885108547
159.8382508847902,-999.41175400577868,1198.44856243712,36.229999999999997,0.018173754209232739
159.8197414094814,-999.51166667465623,1198.0697152697701,36,0.018074147198072002
159.80122756109884,-999.7478126591817,1197.9378697798099,36,0.018192903240762129
159.7827160461851,-999.62180534121956,1197.89423917463,36.259999999999998,0.018272277804389
159.7642041856667,-999.64046799337075,1198.9175318381201,36.259999999999998,0.018246385992660243
159.74569748362978,-999.36190999306086,1200.95362674637,36.259999999999998,0.018096564129744183
159.72719785654309,-998.97986268194484,1200.3869057162899,36.259999999999998,0.01786649330632956
159.7087037056296,-998.68414932905375,1199.7181415221901,35.950000000000003,0.017569171679959722
159.69019337246914,-999.55799066522138,1199.7181415221901,35.950000000000003,0.017387693130162342
159.67168676874078,-999.35660133117585,1199.82256887228,35.969999999999999,0.017096202608780201
159.65317853933331,-999.44438800271416,1202.1724226680301,36.159999999999997,0.016902645846093311
159.63467590511104,-999.14224800291731,1205.8564669914799,36.310000000000002,0.016798041758504113
159.61616308324685,-999.69238066694379,1205.8564669914799,36.310000000000002,0.016761544262512269
159.59763338996311,-1000.6034373214918,1204.58784158085,35.920000000000002,0.016753736676369979
159.5791019820123,-1000.6960293423653,1205.83596299123,35.920000000000002,0.016638343737136924
159.56057621993813,-1000.3911520055609,1205.83596299123,36.07,0.016537170031354308
159.54204373371601,-1000.7542559948752,1207.3415764977401,36.07,0.01662167410339636
159.52351499555562,-1000.5518606622744,1206.55765611621,36.210000000000001,0.016708716543866138
159.50499977709876,-999.82179666912111,1205.1135546104399,36.210000000000001,0.01673488153073938
159.48648815043225,-999.62783999152907,1205.90343545716,35.93,0.016529718417166633
159.46799155117296,-998.81636000249512,1207.1198471927501,35.93,0.016155049416645695
159.44949378155562,-998.87955933551041,1207.1198471927501,36,0.015884396723774157
159.4310013660122,-998.59043934514341,1205.71961471076,36,0.015727245357171977
159.41250507098775,-998.79993131984202,1204.3003087401801,36.210000000000001,0.015702048941715216
159.39399563397529,-999.50959867332074,1204.3446546011801,36.210000000000001,0.015730143834005627
159.37547625766655,-1000.0463206723447,1209.3655120570099,35.909999999999997,0.015725430312830795
159.35694680549389,-1000.5904173230539,1209.6144210832599,35.909999999999997,0.015705814585332774
159.33841033011117,-1000.9696706663942,1209.6144210832599,36.159999999999997,0.01556497894823331
159.31987389404929,-1000.9675473423376,1208.3033571604899,36.020000000000003,0.015477077619988906
159.30133925646925,-1000.8704293227401,1209.6077453622499,36.259999999999998,0.015435238480014407
159.28280397732092,-1000.9050740087388,1209.6077453622499,36.259999999999998,0.015555979268619523
159.26428721907402,-999.9049453334859,1207.7747831076099,35.950000000000003,0.015686865275538715
159.24577596907412,-999.60749999361508,1205.6099421512999,35.950000000000003,0.015803861125173919
159.22727215828397,-999.20578266878442,1204.0723805513801,36,0.015876034475357632
159.20877474670388,-998.86022532515983,1204.0723805513801,36,0.015828066195628456
159.19027437870363,-999.01987201206919,1204.2082791576699,35.890000000000001,0.015605609445674193
159.17177458293844,-998.98897132115349,1205.9265620620899,36.240000000000002,0.015386519951098529
159.15326294385179,-999.62851067921679,1209.8609459234401,35.920000000000002,0.015249849407601065
159.13474754948146,-999.83129599687857,1207.55019277933,35.920000000000002,0.015368894147967407
159.11622127311131,-1000.4189239894164,1205.10735572664,35.950000000000003,0.015678025988295072
159.09769148359263,-1000.6086340079036,1205.10735572664,35.950000000000003,0.015951276026747022
159.07914521172839,-1001.4986806693457,1203.77531096641,35.939999999999998,0.016230195760853248
159.06060960040742,-1000.9230113319852,1202.5329116026101,36.100000000000001,0.016471800491990523
159.04207793892601,-1000.7097199955149,1202.9460910494399,35.869999999999997,0.016709287753370491
159.02355220892608,-1000.3894199965969,1203.64036603455,35.869999999999997,0.01693656875319538
159.00504133560506,-999.58715933618123,1203.8146500366499,35.899999999999999,0.017164499604359895
158.98653646,-999.2632826733502,1203.8923745027,35.899999999999999,0.01755474134927841
158.96802938750611,-999.38191466911519,1203.8923745027,36,0.017912395083298661
158.94952239986435,-999.37733265517431,1200.84896097767,36,0.018171728065014457
158.93101307977781,-999.50328467240001,1199.6480464515701,35.93,0.018249662171608758
158.91250277248153,-999.5565940001012,1199.6480464515701,35.93,0.018077126397688801
158.89398555892595,-999.92953200149702,1199.81493947684,36.159999999999997,0.017852320643527656
158.87544394574076,-1001.2471120007226,1200.8286953960301,35.869999999999997,0.017692985838655317
158.85689904396318,-1001.4246959888944,1202.84214053656,35.960000000000001,0.017661913816296868
158.83834522320984,-1001.9063206800045,1201.33533493702,35.960000000000001,0.017932624449612928
158.81978790792601,-1002.0950253264798,1201.33533493702,36.049999999999997,0.018418137403527313
158.80123471634565,-1001.8723453406698,1199.4225024488601,36.049999999999997,0.018882427573930226
158.78269111530867,-1001.354455996022,1196.9243522792301,35.859999999999999,0.019027080590720138
158.76416329293835,-1000.5024079976251,1198.97642123418,35.859999999999999,0.018856804821046635
158.74564379971608,-1000.0526340027536,1201.0063172586299,35.909999999999997,0.018477620963208263
158.72713161425938,-999.65801466104438,1199.88527296606,35.909999999999997,0.018215600600057686
158.7086100100247,-1000.1666286728492,1202.6101592314401,36.170000000000002,0.018234740324826082
158.69008400062958,-1000.4045073368503,1202.6101592314401,36.170000000000002,0.018390970719836922
158.67154185970375,-1001.2756099949867,1203.40552370614,35.899999999999999,0.018847646815761693
158.6530003438024,-1001.2418586725504,1202.4165633221301,35.899999999999999,0.019273690666913826
158.63446000962969,-1001.1780453265839,1197.1730228868801,35.869999999999997,0.019452124839641208
158.61593164192604,-1000.531855997212,1197.34039274936,35.869999999999997,0.019341151543419307
158.59740305381493,-1000.543757999637,1199.77798459267,36.310000000000002,0.018859164164448008
158.57886970250615,-1000.8009706739889,1199.77798459267,36.310000000000002,0.018455114003213265
158.56034026377793,-1000.5896913236376,1203.2114509596199,36.079999999999998,0.018338087121542147
158.54181522192587,-1000.3522600119293,1204.5666223247799,36.079999999999998,0.018372734393510032
158.523293806037,-1000.1564579978843,1203.34734956591,36.030000000000001,0.018621769002364511
158.50478339423472,-999.56223732432636,1202.7551177448199,35.880000000000003,0.018769023524595023
158.48628503374076,-998.91146667350949,1201.61070842871,36.259999999999998,0.0187748939585408
158.46778076141985,-999.23070532916711,1200.79579362819,36.259999999999998,0.018577128649462964
158.44928030959261,-999.02439867031308,1202.8128150478401,36.189999999999998,0.018174125706772418
158.4307677288395,-999.67936066850598,1202.8128150478401,36.189999999999998,0.017967318289990236
158.4122546534567,-999.7060706715655,1205.9680468997999,35.939999999999998,0.017897127612712303
158.39373436135807,-1000.0957733260019,1205.3083426127801,35.939999999999998,0.017999696231409342
158.37521176267904,-1000.220328667115,1204.03423357418,36.170000000000002,0.018176236710428711
158.35669428317291,-999.94389333134211,1204.04782343481,36.170000000000002,0.018084633886639789
158.33818639214817,-999.42611533562376,1204.16894008743,36.259999999999998,0.017839609131413969
158.31968838245689,-998.89252332972353,1204.16894008743,36.259999999999998,0.017403402472513485
158.30119817517286,-998.47119333642706,1206.3097007643801,36.280000000000001,0.016858810566591845
158.28271486071614,-998.098980663936,1209.84544871395,36.280000000000001,0.016520058533380511
158.26422459549391,-998.47432199951936,1212.4434962801299,35.93,0.016304346625439271
158.24573694107414,-998.33333866824887,1212.4434962801299,35.93,0.016304288685198308
158.22724301781486,-998.67185600054427,1212.52765804859,36.090000000000003,0.016251490974703929
158.20874811356791,-998.72482933587378,1212.52765804859,36.090000000000003,0.01602851579148681
158.19024275677779,-999.28926666600114,1210.60528881613,36.210000000000001,0.015718176341669689
158.17173009117278,-999.6839426714547,1208.78591642212,36.210000000000001,0.015412966416755745
158.15321821098766,-999.64152999615067,1210.49060946591,35.880000000000003,0.015276201691792609
158.13470600690115,-999.65902067059187,1210.49060946591,35.880000000000003,0.015208073378380779
158.11620012339512,-999.31770932655229,1213.90881704197,35.939999999999998,0.015138821264367571
158.09770698038281,-998.62972266485951,1213.4932534090599,35.939999999999998,0.015065210556690878
158.07921944909884,-998.32668933447621,1211.6881861315001,36.07,0.014890769710514036
158.06072157601241,-998.88514666650292,1211.6881861315001,36.07,0.014720300416963051
158.04223078406184,-998.50276533058241,1211.5088953386401,35.859999999999999,0.014431354487514484
158.0237320862345,-998.92968267685535,1213.6496560155899,35.859999999999999,0.014109578394899092
158.00522078449387,-999.61029399436723,1215.6635779933399,36.32,0.013896211365705425
157.9867010118642,-1000.067722002527,1218.70341523926,35.920000000000002,0.01374764161521059
157.96817560680253,-1000.371873328923,1219.3357013864199,36.020000000000003,0.013606045396854375
157.94964156734568,-1000.8381306696485,1218.7720797982299,36.020000000000003,0.013481968393659463
157.93109908286439,-1001.2941619907042,1218.7720797982299,35.909999999999997,0.013420148235054446
157.91255073828404,-1001.6106073381054,1218.08638788299,35.909999999999997,0.013584213125430402
157.89400828070362,-1001.2927093433434,1216.4768238636,35.890000000000001,0.013764770705875553
157.87547711903707,-1000.6827299933162,1217.4729368058399,35.890000000000001,0.014005362372231689
157.8569458797532,-1000.6869213297005,1217.4729368058399,35.950000000000003,0.014061797416152219
157.83842524927164,-1000.1140460040841,1216.0963077660001,35.950000000000003,0.014019697497766721
157.81991752175327,-999.41728599206635,1215.6650085049901,36.030000000000001,0.013944913316043637
157.80141482750614,-999.14548934497054,1214.3713491405699,36.030000000000001,0.013681616013214663
157.78290504072831,-999.52848600189009,1214.3713491405699,36.049999999999997,0.013612243861098446
157.76438268833334,-1000.2070293290582,1213.7953297847901,35.880000000000003,0.013768505296083866
157.74584358867892,-1001.1113813381046,1214.7110956562899,35.950000000000003,0.014073948070576487
157.72728974827149,-1001.9073820012808,1214.7110956562899,35.950000000000003,0.01440259731783897
157.70873484201226,-1001.9649379990791,1213.50588959526,36.170000000000002,0.014500804247200483
157.69017651262959,-1002.1497866640062,1213.50588959526,36.170000000000002,0.014553483989954838
157.6716189562471,-1002.1080446544058,1211.7160811085801,35.869999999999997,0.014662052402321213
157.6530631931729,-1002.0112060074034,1210.04881978617,35.869999999999997,0.014883827206340223
157.63452002675317,-1001.3309866645038,1210.04881978617,36.299999999999997,0.015302804396269997
157.61598809932102,-1000.7240813363519,1209.5026027563299,35.920000000000002,0.015589256468364825
157.5974804618271,-999.41242467148254,1208.9971553083799,36.119999999999997,0.015867930942317122
157.57898542098769,-998.73220532858272,1208.9971553083799,36.119999999999997,0.01609268598184687
157.56048728195051,-998.89950800734016,1204.8939710729101,35.850000000000001,0.016066819008977953
157.54198297651865,-999.23249332037176,1204.8939710729101,35.850000000000001,0.016091039600742891
157.52346607545658,-999.91265735154252,1208.4664354880399,35.939999999999998,0.016095166412883413
157.50492869772842,-1001.0183973206349,1209.5140468494899,35.939999999999998,0.016455716560905883
157.48637885269144,-1001.69163199691,1206.3755043000599,36.079999999999998,0.017072563577927434
157.467821730926,-1002.0845753338798,1202.1607401562601,36.079999999999998,0.017547405633485551
157.4492613422841,-1002.2609866628377,1202.9897216546201,35.869999999999997,0.017840693595118601
157.43071579167906,-1001.4597326714894,1203.3833507756401,35.869999999999997,0.017833739720334581
157.41218171392592,-1000.8401986709841,1203.3833507756401,36,0.017819252493652016
157.39365639888891,-1000.3670119973472,1202.4210932756801,36,0.017909242050338524
157.37514019323453,-999.87510533730267,1199.55410952021,35.960000000000001,0.01815650301498711
157.35663244501254,-999.41840398807904,1197.6255414039499,35.960000000000001,0.018589096136913567
157.33812101392601,-999.61727867198351,1197.6255414039499,35.859999999999999,0.019098546143420152
157.31962031477784,-999.03775400160282,1195.9628100350899,35.859999999999999,0.019400792401426805
157.3011202851481,-999.00160000449875,1194.27552154964,36,0.019418390261476716
157.28261316712357,-999.38437332602371,1194.27552154964,36,0.019122384905778913
157.26409567519769,-999.94456399704586,1194.2090027581501,35.859999999999999,0.018975473941670873
157.24555928362977,-1000.96514466767,1194.37327317873,35.859999999999999,0.019037815649566334
157.22700711339522,-1001.8171926660668,1195.56322044888,35.920000000000002,0.019449032844222516
157.20845400666673,-1001.8677633377208,1195.56322044888,35.920000000000002,0.019986160712557231
157.18990845606172,-1001.4597326714894,1195.1526636067199,36.119999999999997,0.020499723027671432
157.17137842541973,-1000.6216546658612,1191.8210019851899,36.119999999999997,0.020780506449573029
157.15286149850613,-999.91405333515888,1189.5803439116901,35.840000000000003,0.02076839821346866
157.13435264614802,-999.47802733868514,1189.5803439116901,35.840000000000003,0.020585271221567867
157.11584892640741,-999.20086599250362,1191.7082299838301,36.310000000000002,0.020281844262073252
157.09734476481478,-999.22472600157846,1191.7082299838301,36,0.020208271844610923
157.07883936870385,-999.2913899900575,1192.6380625531699,36.049999999999997,0.020310948085543273
157.06032482493825,-999.78536334338992,1190.4911029924299,36.049999999999997,0.020406008171253171
157.04180303237035,-1000.1767986663101,1190.3487670837401,35.869999999999997,0.02050773032903528
157.02327213767904,-1000.6683133297583,1190.3487670837401,35.869999999999997,0.02042820159023389
157.00473214706182,-1001.1594933308663,1190.58027155164,35.899999999999999,0.020211672207680869
156.98618813624688,-1001.3765840071246,1187.89400910068,35.899999999999999,0.020121790262441229
156.96764140286407,-1001.5236026702084,1188.2482991514601,36.229999999999997,0.020067907045223841
156.94910030916046,-1001.219059995744,1189.4227492121199,35.969999999999999,0.02012698806901897
156.93057066760485,-1000.6006440022435,1192.05918217411,35.969999999999999,0.020257430154573052
156.91206440743198,-999.33804933545844,1191.40782253835,35.969999999999999,0.020276229417298123
156.89356401355559,-999.02126932571696,1191.40782253835,36.119999999999997,0.020243313373862457
156.87507785443231,-998.25259265656769,1188.58327729503,35.869999999999997,0.019892150947170239
156.85658579485209,-998.57121733225017,1191.18132486121,35.950000000000003,0.019603131547213864
156.83808280982714,-999.16119134670316,1192.1719541754701,35.950000000000003,0.019365689822216939
156.81956769485183,-999.81620866761693,1192.1719541754701,36.030000000000001,0.019330395797634799
156.80104562908639,-1000.1915513332319,1191.6786660764999,36.030000000000001,0.019431385323144475
156.78252117191371,-1000.3206873252782,1191.6786660764999,35.869999999999997,0.01933904881551541
156.76399572751862,-1000.3739973344833,1190.5232895044401,35.869999999999997,0.019285669560800408
156.74547238792607,-1000.2603379972397,1190.4870498760999,36.329999999999998,0.019154664543326368
156.72694851644445,-1000.2890600084021,1190.8496845781401,35.960000000000001,0.019032824785041053
156.7084354482964,-999.70567999400873,1188.12455989415,36.090000000000003,0.018989951872991549
156.68993956306176,-998.77780267120352,1188.12455989415,36.090000000000003,0.018922855247653518
156.67145723580256,-998.04567199575456,1193.80297586953,35.850000000000001,0.018864496506758557
156.65298513446922,-997.49347200090415,1193.80297586953,35.850000000000001,0.018837821360339298
156.63450986871621,-997.66435066207066,1197.7926728478301,35.899999999999999,0.01866033507310786
156.61602363714815,-998.25650467531659,1195.31168881794,35.899999999999999,0.018541172351363273
156.59752486170368,-998.93387400224742,1195.31168881794,36.119999999999997,0.018400271525615061
156.5790162100989,-999.46718665753656,1195.3300470507199,36.119999999999997,0.018186601290530499
156.56049748986419,-1000.010892674657,1194.47174006364,35.869999999999997,0.018023819555196566
156.5419723248767,-1000.3589093237179,1192.5817957618001,35.869999999999997,0.017769833402632666
156.52344283337041,-1000.5925413396063,1191.19491472184,35.960000000000001,0.01767498751898568
156.50492536111108,-999.94350200525764,1191.19491472184,35.960000000000001,0.017482207878475441
156.48641267583952,-999.68500466324292,1193.43342702787,36.119999999999997,0.017207108649857916
156.46791514008649,-998.86693066315706,1193.43342702787,36.119999999999997,0.017045186842874323
156.44943040277764,-998.17581467885213,1195.5090994249699,35.840000000000003,0.016993512921785768
156.43095923070365,-997.44329199581477,1195.5090994249699,35.840000000000003,0.017032293185635584
156.4124897857038,-997.35002999074152,1194.06356740756,35.909999999999997,0.017149058275596429
156.39402357654311,-997.1752946775149,1197.0333095828701,35.909999999999997,0.017025379676314248
156.37554714870379,-997.72710332429676,1197.0333095828701,36.140000000000001,0.016995654955645974
156.35704967813595,-998.86341066298837,1198.1681821546799,36.140000000000001,0.017037767303537388
156.33852871651843,-1000.1319273450899,1195.71747728795,35.869999999999997,0.017107058731038457
156.31998271060473,-1001.4843193395005,1193.8468448933199,35.869999999999997,0.017207764714525616
156.30143198287641,-1001.7392973298744,1193.8468448933199,36.299999999999997,0.017156953823158988
156.28288797102476,-1001.3766399893652,1196.1590285490799,35.969999999999999,0.017114263034657656
156.26434840365437,-1001.1366380013075,1196.1590285490799,35.969999999999999,0.016966796375027664
156.24582816950615,-1000.09264400339,1194.9495309531101,35.969999999999999,0.016774264053228124
156.22731965553095,-999.45975466060293,1194.6851247173699,36.189999999999998,0.016678138118353374
156.2088137140741,-999.32083867114841,1193.6477653560401,35.899999999999999,0.01667314933538663
156.1903165549877,-998.84659066524307,1191.37205974723,36.009999999999998,0.016800026511747099
156.17181553816062,-999.05490866168827,1191.37205974723,36.009999999999998,0.016997062288702763
156.15331042765433,-999.27596733893608,1194.19207503701,35.880000000000003,0.017171369655192732
156.13479125209875,-1000.035480002188,1195.05324304739,35.880000000000003,0.017237282460776104
156.1162489890616,-1001.2822040060385,1193.29323688665,35.93,0.017338436517753453
156.09769633039522,-1001.8435679848025,1193.29323688665,35.93,0.017364909874313501
156.0791276136668,-1002.710703334445,1192.69933613531,36.079999999999998,0.017482207872572333
156.06055462835798,-1002.9412066762492,1192.69933613531,36.079999999999998,0.017635122771482794
156.04198410486424,-1002.8082686623678,1193.2093135368,35.859999999999999,0.017933851725209865
156.02342341095076,-1002.2774713277314,1191.1083687673099,35.859999999999999,0.018211854618680062
156.00487511191372,-1001.6081479996934,1191.1083687673099,36.280000000000001,0.018383836785761051
155.98634060472847,-1000.8633880033632,1190.24076345453,35.93,0.018424261350988309
155.96782369745674,-999.91299267340241,1190.5585754583601,36,0.018428981102793431
155.94931756664195,-999.33106399832218,1189.7949206584599,36,0.018434491417341287
155.93081738075307,-999.01003799998773,1188.2561669654999,35.909999999999997,0.018458029046411254
155.9123114196419,-999.32190000341666,1188.59472138819,35.909999999999997,0.018517265297559281
155.89379679825936,-999.78955465778995,1188.8002382278701,35.909999999999997,0.018614498480105733
155.87526891795062,-1000.5055366717091,1187.7087578426299,35.909999999999997,0.018789195968852933
155.85672445285189,-1001.4011153304309,1187.7087578426299,36,0.018990955627347695
155.83817103464199,-1001.8845833354663,1186.4770873161699,36,0.019120615387439442
155.81961154213587,-1002.2125953304568,1186.56244117766,35.890000000000001,0.019239753273581073
155.80104637787656,-1002.5188700028933,1186.56244117766,35.890000000000001,0.019376716682960718
155.78249280444459,-1001.8929653267309,1186.8218406226399,36.259999999999998,0.019451546374808185
155.76395591928409,-1000.9917986665048,1187.74237486629,35.909999999999997,0.019571210975257505
155.74544326712351,-999.68321667203827,1187.8217682626,36.079999999999998,0.019586176305973122
155.72694616702464,-998.84340533840634,1187.8217682626,36.079999999999998,0.019520462184602703
155.70845010690121,-998.78724666524818,1187.53065914281,35.869999999999997,0.019352957608305389
155.68995565072834,-998.70063333442761,1187.95885896192,35.869999999999997,0.019131713650974266
155.671464046469,-998.54663000471942,1188.65051134235,35.93,0.019007613880300277
155.65295639654335,-999.41309598571388,1188.65051134235,35.93,0.018899559775941002
155.63443756559255,-1000.0168713427259,1187.4157413739799,36.119999999999997,0.019038637266939645
155.61590784022215,-1000.6051700009675,1186.8628486231401,36.119999999999997,0.019062461537164614
155.5973633420123,-1001.4029033326275,1187.0316489972599,35.840000000000003,0.019050264316977143
155.57882424133339,-1001.1114366608256,1189.80994103073,35.840000000000003,0.018952119476114124
155.56029128738285,-1000.7795133285898,1188.0406365443,35.979999999999997,0.018828800986662755
155.54176766218507,-1000.2757606813371,1186.6778357836999,35.979999999999997,0.018825235054399203
155.52326015507413,-999.40538398964134,1188.0785451029001,36.240000000000002,0.018890794985328443
155.50475837766683,-999.09597999459299,1189.8461806590799,36.240000000000002,0.018945428432598315
155.48626888543217,-998.43258067142278,1189.8461806590799,35.93,0.018897419797177118
155.46778044456798,-998.37580666627366,1191.1801327681701,35.93,0.018753309001552858
155.44928851640745,-998.56412066816847,1189.6647440987499,36.030000000000001,0.01860011265194908
155.43079054500006,-998.89045599889982,1189.6647440987499,36.030000000000001,0.018575838259447815
155.41228084203706,-999.52396000316583,1190.4813278295201,36.310000000000002,0.018300019832203054
155.39375750244452,-1000.2603379972397,1190.4813278295201,36.310000000000002,0.018130541884875624
155.3752365211605,-1000.1329893368782,1191.0938252322501,35.93,0.017891063668934375
155.35670886850639,-1000.4932433212157,1190.5230510858401,35.93,0.017859087222825372
155.33818337859245,-1000.3764553538558,1188.1231293825099,36.140000000000001,0.017930057106891828
155.319665262679,-999.97825932624949,1191.0287369523901,36.140000000000001,0.017726102640330921
155.3011481143086,-999.92601200132844,1196.200990224,36.25,0.017523862840823225
155.28263880767912,-999.50255799147953,1199.1275786313499,36.25,0.017347476550413039
155.26413983665424,-998.94443534377695,1199.1275786313499,36.009999999999998,0.017241807655048916
155.24563716311116,-999.1443713269739,1196.40197711014,36.009999999999998,0.01724595617821547
155.22713805549381,-998.951811336486,1195.22108974708,36.280000000000001,0.017142016435728137
155.20864265764206,-998.75148399422858,1198.1491086660801,36.280000000000001,0.016945937857339638
155.19013809246911,-999.24651933934911,1199.5991706370301,36,0.016804791780190381
155.17162757718509,-999.56782533682269,1199.9064922221301,36,0.016562475104329653
155.15310404304947,-1000.2708433235525,1199.06821239808,36.140000000000001,0.01628707679996232
155.13457436941982,-1000.6023760002155,1199.06821239808,36.140000000000001,0.016035000899532102
155.11604669711124,-1000.4943046644759,1200.0652790147401,36.259999999999998,0.015817468778161325
155.09751629601232,-1000.6416593419156,1202.56724388209,36.259999999999998,0.015685813917082764
155.07899288502472,-1000.26419333026,1199.50594896149,35.909999999999997,0.015659067364819132
155.06048416925924,-999.47065133498427,1199.9029159430199,35.909999999999997,0.01573589423005195
155.04198664075301,-998.86653933707271,1201.0404111195101,36.280000000000001,0.015802539676457086
155.02349473846928,-998.56272332154447,1204.2240147857699,36.280000000000001,0.015773872530015498
155.00501059823469,-998.14357266752108,1208.2399378108901,36.159999999999997,0.015631747534723715
154.98651991081496,-998.4971206653338,1207.9512128771801,36.159999999999997,0.015486530544420351
154.96802164138259,-998.90654934870088,1207.9512128771801,35.869999999999997,0.015418884446862662
154.94951107435801,-999.57061932658269,1205.9608943415799,35.869999999999997,0.015576771561357752
154.93099028140742,-1000.122819332425,1205.3665167530201,36.240000000000002,0.01571990653206886
154.91246192612348,-1000.5311853315083,1205.2253729373699,36.240000000000002,0.015844452305870053
154.89392327455562,-1001.0871846661465,1205.5367476387901,36.159999999999997,0.015930930773844158
154.87538812475299,-1000.8980893421143,1205.5367476387901,36.159999999999997,0.015864122866537895
154.85685927690119,-1000.5577839966304,1203.4811024047301,35.899999999999999,0.015808866458220557
154.83834198572848,-999.93372332688898,1202.8178218385999,35.899999999999999,0.015683380060969424
154.81984278704934,-998.95672867228643,1203.6887650118799,36.329999999999998,0.015554804769874749
154.80134408920998,-998.92968332538317,1204.57711274351,36.329999999999998,0.015524970369228619
154.78284503954328,-998.9486820028817,1204.39519934597,36.100000000000001,0.01566522133610565
154.76435221420985,-998.61256800477395,1202.7706149543101,36.100000000000001,0.015764043979531728
154.74584920332114,-999.16258798983938,1202.7706149543101,35.869999999999997,0.015984950588404451
154.72733983770374,-999.50574334030023,1203.5326008239499,35.869999999999997,0.016088495025704422
154.70882052555547,-1000.0428560058888,1204.33440260105,36.280000000000001,0.016210870823989088
154.69028865711107,-1000.7208959985235,1203.41219942715,36.280000000000001,0.016296349678333023
154.67174819256797,-1001.185085326921,1203.14517058673,36.119999999999997,0.016321693031548512
154.65320314177779,-1001.432742669291,1201.9487860141701,36.119999999999997,0.016439884071752137
154.63465727244434,-1001.4769440063113,1198.2192037366899,35.880000000000003,0.016712282475111914
154.61612885920979,-1000.5343146651122,1198.2192037366899,35.880000000000003,0.016918861209503613
154.59761390048143,-999.8077713316477,1198.7074850448901,36.210000000000001,0.017036632117873367
154.57910098135801,-999.69763266508448,1199.6995448708001,36.210000000000001,0.017207683991335355
154.56060972892604,-998.52763132722066,1198.20585229467,36.32,0.017329157433382678
154.54211788458886,-998.55959420778061,1197.52635926322,36.32,0.017464633820577211
154.52362058891225,-998.85396653704004,1201.79452917511,36.030000000000001,0.017500787767199471
154.50512113153098,-998.97069858811119,1203.7602905941401,36.030000000000001,0.017478334618525684
154.48660116332212,-1000.0782832781047,1200.3547192042699,36.079999999999998,0.017614526057107706
154.46806377834699,-1001.0187886577113,1197.14703525866,36.079999999999998,0.017952200852427533
154.44951227038268,-1001.7814300719913,1196.3469024118101,36.280000000000001,0.018375663916832038
154.43095431145679,-1002.1297819989439,1198.34341983121,36.280000000000001,0.018687560742500265
154.41239188942592,-1002.3707896667893,1200.46486860095,36.009999999999998,0.018842569033648747
154.3938340795122,-1002.1217353405314,1200.46486860095,36.009999999999998,0.01897921889712878
154.37528002489762,-1001.9189491874779,1194.24047401434,36.119999999999997,0.019167182551714568
154.35674364678533,-1000.9644180636936,1194.24047401434,36.119999999999997,0.019393796104048219
154.33821627352845,-1000.4781558710422,1193.68019028666,36.280000000000001,0.019475534140810442
154.31970406220108,-999.65941167790845,1193.5833923319999,36.280000000000001,0.019500871298407191
154.30119372283463,-999.55832578922536,1194.62242062359,35.93,0.019602204364737121
154.28267463834689,-1000.0305623366274,1195.01366555854,35.93,0.01972963309243312
154.26414480950254,-1000.610757595768,1192.5887099014201,36.210000000000001,0.01977409649698152
154.24560020056907,-1001.4088824074003,1194.47174006364,36.210000000000001,0.019638544570341077
154.22705082947158,-1001.6660392643914,1194.47174006364,36.189999999999998,0.019497696517781028
154.20849806111727,-1001.8494911322946,1196.9658371169401,36.189999999999998,0.019480861311997076
154.18994648795925,-1001.7849505338238,1192.4447050624699,35.909999999999997,0.019495771780230878
154.17138745076932,-1002.188008255742,1192.4447050624699,35.909999999999997,0.01965628006016739
154.15284445302362,-1001.3218782671191,1191.7618741705301,36.240000000000002,0.019629674235794859
154.1343108947494,-1000.8121468089015,1191.8512811483499,36.240000000000002,0.019642076350062907
154.11579639650876,-999.78290499425759,1197.2919937720301,36.210000000000001,0.019563250240674641
154.09729049437513,-999.31871521518792,1197.2919937720301,36.210000000000001,0.019410365364164815
154.07879097076793,-998.97427479036037,1195.51410621573,35.899999999999999,0.019408430281517067
154.06029455260258,-998.80658092841463,1195.2897543060501,35.899999999999999,0.019568513246689574
154.0417960110222,-998.921245340886,1196.13614036276,36.229999999999997,0.019706495937231762
154.02329386315427,-999.11598486850312,1194.5127480641299,36.229999999999997,0.019862250325034754
154.00478530985561,-999.46187812755545,1193.2243339090701,36.159999999999997,0.019718303033737113
153.98626919421852,-999.87024440143864,1193.2243339090701,36.159999999999997,0.019432049660918344
153.96774143084062,-1000.4992224069805,1194.26169327041,35.909999999999997,0.019158282218787258
153.94921360226917,-1000.502742857821,1194.26169327041,35.909999999999997,0.018827415380305773
153.93067955660391,-1000.8384659255563,1196.6549392527299,36.280000000000001,0.018637630465404516
153.91216325987531,-999.88002334361522,1197.1086498628399,36.280000000000001,0.018560602844170868
153.8936513476074,-999.64326246677865,1196.2555880851301,36.07,0.018739867951821001
153.87514636127528,-999.26926193498696,1196.200990224,36.07,0.018927462194089643
153.85665849265058,-998.34490573353389,1198.05445647889,35.890000000000001,0.018892582088827523
153.83817921910006,-997.880771727857,1198.05445647889,35.890000000000001,0.018622963169455879
153.81970759791608,-997.46754393553385,1199.8797893380899,36.259999999999998,0.018243265033329511
153.80123005869504,-997.78711793503521,1199.8797893380899,36.259999999999998,0.017979790764234505
153.78274035847045,-998.44381212905614,1199.63088031183,36,0.017906760588904044
153.7642317265273,-999.46612492955637,1200.81629762844,35.960000000000001,0.017941845582140074
153.74571982771116,-999.64253607165017,1201.3803960538401,35.920000000000002,0.017971564088258944
153.7272018866816,-999.96881559601286,1201.4385701940701,35.920000000000002,0.018060466067859455
153.70869741982088,-999.24121047960807,1201.4385701940701,36.189999999999998,0.017920814248479095
153.69019835152596,-998.94968792449345,1200.54426199725,36.189999999999998,0.017531179923552759
153.67170278500387,-998.76059219375736,1202.15311076082,35.890000000000001,0.017035700795688426
153.6532111672889,-998.54735660869562,1208.5443983727,35.890000000000001,0.016641214280456475
153.63471865447036,-998.59569220065987,1208.5443983727,35.909999999999997,0.016534954519047629
153.61622391268654,-998.71605632630099,1210.6174481651101,35.909999999999997,0.016634101052860249
153.59773289929629,-998.51472307342408,1208.8970194932199,36.090000000000003,0.016697919413009448
153.5792413281481,-998.54484200252273,1207.9309472955399,36.090000000000003,0.016802025751220771
153.56073075388022,-999.57101046580306,1207.9309472955399,35.850000000000001,0.016839891259249985
153.54222083050362,-999.53586233535077,1207.75499436319,35.850000000000001,0.016673341805660848
153.52370204507395,-1000.0144132024415,1207.6794156645999,35.960000000000001,0.016395290275453795
153.50517947226805,-1000.2189315183469,1207.7185163162401,35.960000000000001,0.016068723051244009
153.48664935678295,-1000.626236196154,1208.04562664576,35.939999999999998,0.015979195016552442
153.46812194420261,-1000.4802793379945,1207.3818692424099,35.939999999999998,0.016040688176885549
153.44959393454087,-1000.5125217340457,1208.30907920707,35.960000000000001,0.016143933558587707
153.43107572032335,-999.98356774631054,1208.30907920707,35.960000000000001,0.016083072666063063
153.4125628208532,-999.6965713877762,1208.0303678548801,36.100000000000001,0.016002647786387953
153.3940561519309,-999.36012180400041,1208.0303678548801,36.100000000000001,0.015916830548505904
153.37555536172482,-999.04267112855541,1209.72004052639,35.850000000000001,0.015773502074679976
153.35703951306667,-999.85582754002473,1214.89348589104,35.850000000000001,0.015565939242676064
153.33852319564218,-999.88114092193189,1217.60859699352,36.009999999999998,0.015471581787193513
153.31999800478403,-1000.3603063405819,1217.60859699352,36.009999999999998,0.015604613965441997
153.30146685035675,-1000.6823390739359,1215.0782603118701,36.310000000000002,0.015993725712715505
153.2829242292789,-1001.3015382032531,1212.0491519032901,36.310000000000002,0.016406960790493572
153.26438619548281,-1001.0538249885625,1210.9302533781799,35.960000000000001,0.01655442846647617
153.24584523112344,-1001.2120754060635,1211.5863813860899,35.960000000000001,0.01662687501602747
153.22730845047406,-1000.9861550674797,1210.6868279799,36.189999999999998,0.016674602195462906
153.20877885445952,-1000.5981847847434,1209.0276728901499,36.189999999999998,0.016717491670009191
153.19026044673339,-999.99401721129493,1209.0276728901499,35.899999999999999,0.016773165105939031
153.17174965205317,-999.58291273203622,1208.6006651640701,36.210000000000001,0.016867577406194063
153.15324447014206,-999.27982319957243,1207.3673257073599,36,0.017062994757340286
153.134739048158,-999.2927871388257,1205.8986670850099,36,0.017409526431373588
153.1162272724842,-999.63588638613385,1205.95731806246,36.259999999999998,0.017641293295291877
153.09770852637777,-1000.0122897464813,1207.0042141680999,36.259999999999998,0.017656569061579065
153.07917165466435,-1000.9910725241924,1207.7147016185199,36.100000000000001,0.017779656795020075
153.06061283788759,-1002.1761059455412,1207.7147016185199,36.100000000000001,0.017976825021875337
153.04205317671111,-1002.2217035299857,1207.05452049428,36.07,0.018331243968329473
153.02349019588641,-1002.4009645341605,1203.98559617825,36.07,0.018641624803015219
153.00492662315548,-1002.4329274696804,1202.196741366,35.859999999999999,0.0189681040737434
152.98638632210614,-1001.1762566648673,1200.8456231171599,36.299999999999997,0.019308694953244041
152.96787047965682,-999.85549226213288,1197.1599098634599,36.079999999999998,0.019528519152694233
152.94936461581099,-999.31664767551615,1197.1599098634599,36.079999999999998,0.019482884348329985
152.93086165562227,-999.15985019116772,1199.1876601204499,36.07,0.019320938737159156
152.91235709769873,-999.24612787036881,1199.08132542149,36.07,0.019347255840650147
152.89384915493468,-999.42890925943209,1199.08132542149,36.310000000000002,0.019607041034750111
152.87533591811851,-999.71478807262577,1197.37544028466,36.310000000000002,0.020018216840873668
152.85680682294944,-1000.5711391300641,1195.8095068704499,36.079999999999998,0.020354726459883492
152.83826433122096,-1001.2945533387726,1196.60844762426,36.079999999999998,0.020676217978653533
152.81972113272354,-1001.3327188603317,1195.23253384024,36.049999999999997,0.020713012455809095
152.80117500987291,-1001.4906339339891,1195.23253384024,36.049999999999997,0.020693471246519039
152.78262828373221,-1001.5232115969399,1194.35539178316,36.299999999999997,0.02062130822718404
152.76408338919268,-1001.4243051354658,1194.35539178316,36.299999999999997,0.020585032176777561
152.74554570515949,-1001.0349377918973,1192.71793278669,36.100000000000001,0.020892747369755889
152.72702680279755,-1000.0207275441143,1193.3244697242301,36.100000000000001,0.021293327831828631
152.70851731403823,-999.5123930038327,1194.11029745463,36.079999999999998,0.021488777261082483
152.6900194088619,-998.8868795218508,1194.3217747594999,36.079999999999998,0.021607431897511589
152.67152645935576,-998.61927333177914,1194.3217747594999,36.310000000000002,0.021553157523567922
152.65302293416556,-999.19036027047889,1192.56200701737,36.310000000000002,0.021592691123930703
152.63450519492221,-999.95791914147162,1189.5154940504401,35.950000000000003,0.021716930597186743
152.61597017550622,-1000.8910484624173,1190.75503239096,36.049999999999997,0.021681843533180613
152.59742105793589,-1001.6523487981059,1193.1132308379699,36.090000000000003,0.021871910953599791
152.57886935439385,-1001.791991270625,1193.4012405158601,36.090000000000003,0.022044363945569165
152.5603102064791,-1002.1939873964668,1193.4012405158601,36.280000000000001,0.022202719830263427
152.54174895377668,-1002.3076459312946,1190.99535834734,36.280000000000001,0.022281456942744596
152.52319916772356,-1001.6884468679293,1190.3027522924799,36,0.022066341095787988
152.50466411519378,-1000.8928366075098,1191.36299984014,36,0.021978313515501838
152.48614225639992,-1000.1803748685594,1192.88840209107,36.140000000000001,0.021927886539374591
152.46763287215555,-999.50674919595974,1192.88840209107,36.140000000000001,0.021897674433967375
152.44912774198519,-999.27702919882029,1194.39186983012,36.280000000000001,0.021796907404185883
152.43062451585325,-999.17421112530099,1194.4889062033801,36.280000000000001,0.021688368996307262
152.41211381223459,-999.5779954072276,1192.1671858033201,35.939999999999998,0.021700044684710061
152.39359301307923,-1000.1231543904769,1192.1671858033201,35.939999999999998,0.021842934400152569
152.37507147300624,-1000.1631639404412,1189.82138512389,36.159999999999997,0.021841977203213854
152.35654463267153,-1000.4493780754948,1189.82138512389,36.159999999999997,0.021919745747942542
152.33801778509388,-1000.4497691927314,1191.8591489624,36.32,0.021852263145551477
152.31949156771103,-1000.4157386735717,1193.5619346573301,36.32,0.021744420128448856
152.30097207447633,-1000.0526346732654,1196.83661423166,36.07,0.021578471903100707
152.28245842787913,-999.7369162486084,1196.83661423166,36.07,0.0213271327701729
152.26395211492962,-999.34089927448315,1198.17342736404,36.039999999999999,0.021257220459722462
152.24545610033829,-998.78478793139573,1196.23150780577,36.039999999999999,0.021263175751274253
152.2269645416076,-998.54417145773095,1198.40636234359,36.25,0.021313876951874578
152.20848346232603,-997.97828120544307,1198.40636234359,36.25,0.021118148123359735
152.18999294253709,-998.48806860193349,1200.8809090710799,36.25,0.020900595312200867
152.17150322265064,-998.44487386802837,1200.5268574388999,36.25,0.020642763828723085
152.15300211475915,-999.05982614038487,1200.5268574388999,35.979999999999997,0.020472595680267117
152.13448989722457,-999.65974686786433,1198.7260816962801,35.979999999999997,0.020422082804940365
152.11596804567526,-1000.1799836633869,1198.7637518362701,36.229999999999997,0.020453288324287902
152.09745439907786,-999.73691625960043,1198.2516286673099,36.229999999999997,0.02054476903146861
152.07894739798391,-999.37805907228687,1198.2516286673099,35.920000000000002,0.020539582605475296
152.06044655603708,-999.04546512930744,1198.5007761121699,36.119999999999997,0.020461852352182307
152.04194613008013,-999.02300167543319,1198.60472662505,36.07,0.020178098029214518
152.02344925142847,-998.83144718886081,1198.60472662505,36.07,0.019933711740876346
152.00495767924582,-998.54489786385125,1201.3367654486599,35.859999999999999,0.019859955123599751
151.98646523058392,-998.59222774305192,1205.8369166656601,36.280000000000001,0.020011793825601532
151.96797503675796,-998.47046660054684,1201.1906148422499,35.93,0.020203287201555932
151.94948688873828,-998.35999306279552,1201.13720907416,35.93,0.020296426701230094
151.93099514167295,-998.55434152813586,1201.13720907416,36.189999999999998,0.020026876076357017
151.91248246365083,-999.68461319426251,1201.4929296365899,36.189999999999998,0.019810945828680225
151.89396207945188,-1000.1007467429711,1200.98676693282,36.240000000000002,0.019493170287410721
151.87543396527539,-1000.5181655309266,1200.98676693282,36.240000000000002,0.019336345913991564
151.85691055427762,-1000.2641938798599,1200.3175259014999,35.880000000000003,0.019516548551658706
151.83838971683591,-1000.1252218532046,1200.3175259014999,35.880000000000003,0.019672887603577462
151.81987219179643,-999.94635213114645,1200.2939224593499,36.280000000000001,0.019900932282977363
151.80137476055938,-998.86128680032402,1200.2939224593499,36.280000000000001,0.019756088859966003
151.78288462468265,-998.46733734388681,1200.70495613872,36.020000000000003,0.019500768846685123
151.76438467266661,-998.99740886597056,1201.09310163177,36.020000000000003,0.019303125642816395
151.74587695031488,-999.41700699319892,1201.01609242154,35.899999999999999,0.01922104404447126
151.7273534948211,-1000.2665966644477,1201.01609242154,35.899999999999999,0.019420234278279269
151.7088108799519,-1001.3012029363532,1202.0544054573099,36.210000000000001,0.019815777327365749
151.69026657007649,-1001.3927332732145,1202.0544054573099,36.210000000000001,0.020135650412794796
151.67171856388396,-1001.5923343962154,1200.6126881376099,35.899999999999999,0.020317314195450603
151.65317446821223,-1001.3811662738814,1200.3895283209699,35.899999999999999,0.020061639237356162
151.63463164534818,-1001.3124346577945,1200.2068996676101,35.960000000000001,0.019613919371309557
151.61608458082722,-1001.5414841321262,1198.7773416969001,35.960000000000001,0.019389963192055375
151.59754191421871,-1001.3039968601613,1195.77565142818,36,0.019356739810755728
151.57900235305186,-1001.1363030092076,1196.0076327332999,36,0.019856936607441755
151.56048011862583,-1000.2006590051448,1196.0076327332999,35.859999999999999,0.020224471683657489
151.54196658275205,-999.73093718482755,1197.6419922878699,35.859999999999999,0.02031793714733807
151.52346043950979,-999.33173508172183,1197.03545535033,35.979999999999997,0.020249196229782596
151.50494902705185,-999.61627272838814,1195.95208119775,35.979999999999997,0.019941894957549181
151.4864331204445,-999.85895679668488,1195.3503126323601,35.950000000000003,0.019859783354919846
151.46790596759999,-1000.4662536048093,1198.1753347128999,35.950000000000003,0.019916071449275426
151.44936248867046,-1001.3478621938182,1199.3338107268601,35.869999999999997,0.020289093048879336
151.430810096984,-1001.8291510684284,1198.4678743443301,35.869999999999997,0.020922400675419787
151.41225524970986,-1001.9617528041464,1198.4678743443301,35.960000000000001,0.021366553589593343
151.39370673025684,-1001.6200504637823,1196.4780326459399,35.960000000000001,0.021408082292571379
151.37516722703958,-1001.1331737305636,1192.93465530093,35.960000000000001,0.021155274779681783
151.35663057677422,-1000.9791143306788,1192.54579455206,35.960000000000001,0.020792409775108822
151.33810393098275,-1000.4388727381902,1194.0349571746499,35.890000000000001,0.020689689036537146
151.31958774394454,-999.87410006421896,1194.3153374571,35.890000000000001,0.020815812874756204
151.30107073216783,-999.91863594266749,1194.07811094262,36.049999999999997,0.021217939341662738
151.2825688636963,-999.10089746229744,1194.07811094262,36.049999999999997,0.021530072103014566
151.26407334891474,-998.75779820399725,1191.4440621667,35.859999999999999,0.021663938334656057
151.24557573555191,-998.87112159283731,1191.1341179769199,35.859999999999999,0.02140478023764775
151.22706561038893,-999.54675880088416,1191.3734902588701,35.969999999999999,0.020927799240441022
151.20853283132107,-1000.7700696643052,1191.3734902588701,35.969999999999999,0.020708500718386803
151.18999067797407,-1001.2762807376345,1191.72873398408,36.210000000000001,0.020704687465377
151.17143922899407,-1001.7782449210267,1191.72873398408,36.210000000000001,0.021042763775344704
151.15288921528406,-1001.7007403393349,1190.2634132222399,35.909999999999997,0.021266165295377986
151.13435746894956,-1000.7143020644154,1189.2897116291199,35.909999999999997,0.021340457930059273
151.11584848724331,-999.48501213721363,1190.1954639190999,36.039999999999999,0.021027876066040643
151.09734175209383,-999.3636980722016,1189.7231566575999,36.140000000000001,0.020621181985523623
151.07885001848146,-998.5536150670556,1193.33543698018,36.229999999999997,0.020243742817749769
151.06035925965304,-998.50097673481787,1192.6774016234201,36.229999999999997,0.020121396006378914
151.04187235857037,-998.29265846357282,1191.24903574574,36,0.020303813119033912
151.02337983850731,-998.59608340583236,1191.24903574574,36,0.020666947172070706
151.00487633297772,-999.18929859745867,1191.4624203994799,36.25,0.020770666501609726
150.98636713603352,-999.49663498688346,1192.70172032138,36.25,0.020645719225984651
150.96785066442348,-999.88946694194783,1192.70172032138,36.170000000000002,0.020334340836021945
150.94932923507412,-1000.1571848656686,1193.14398683834,36.170000000000002,0.019985256305294675
150.93080745492597,-1000.1761280006066,1192.42753892273,36.049999999999997,0.019821343533572022
150.91228162041963,-1000.3950633428059,1193.7908165205499,36.049999999999997,0.019672465409929937
150.89375448102726,-1000.4655271876968,1193.7908165205499,36.280000000000001,0.019711389522176666
150.8752429454272,-999.62292240291254,1195.2671045383299,36.280000000000001,0.019747031232172588
150.85673695119755,-999.32368840132517,1197.19352688712,35.890000000000001,0.019577893742003145
150.83823795430362,-998.94583227270505,1198.15268494519,35.890000000000001,0.019431933765780417
150.81973751592957,-999.02367219824089,1196.8738075344299,36.259999999999998,0.019125812169725909
150.80122470648774,-999.69170985834398,1196.8738075344299,36.259999999999998,0.019153842911704175
150.78271224887777,-999.6727109390215,1195.8967680808,36.090000000000003,0.019197531251614913
150.76419605563089,-999.87443533111889,1197.10245097905,36.090000000000003,0.019150155908497005
150.74568485841112,-999.60464986772627,1198.91157137293,35.859999999999999,0.018993513658218907
150.72716986036173,-999.80989466669621,1198.91157137293,35.859999999999999,0.018589298967755602
150.70865238085418,-999.94389340828604,1199.12567128249,36.259999999999998,0.018216231835229097
150.6901190957679,-1000.7973946586037,1199.5486258922399,36.259999999999998,0.018110930301564018
150.67159312570254,-1000.4023835291461,1199.3350028199,35.859999999999999,0.01801725683693527
150.65306757680247,-1000.3796406037486,1199.3350028199,35.859999999999999,0.018181492467018081
150.63455081234326,-999.90528079824173,1200.6200791144499,36.310000000000002,0.018293441586117579
150.61604445489752,-999.3433020700628,1203.03287542258,35.969999999999999,0.01825073113191587
150.59753837684798,-999.32821467484928,1204.39496092736,35.950000000000003,0.018013700221406935
150.57903206493333,-999.34084339117044,1204.71825655916,35.950000000000003,0.017544975916062626
150.56052267344441,-999.50714040113223,1204.5663839061699,35.909999999999997,0.017224924844961603
150.54200986503707,-999.69165399701546,1204.2383199022199,35.909999999999997,0.017169722252240144
150.52349155975696,-999.98848512607913,1204.2383199022199,36.049999999999997,0.017393769492454192
150.50497957608769,-999.6471181405509,1203.44247859031,36.049999999999997,0.017602610301658883
150.48646602779638,-999.73160772961933,1203.23505440176,35.829999999999998,0.017544711013006541
150.46796058615072,-999.29384886680589,1204.2793279027101,35.829999999999998,0.017255662628782573
150.44945248092228,-999.43768233495712,1204.2793279027101,36.280000000000001,0.016827204577243255
150.43094733212601,-999.27803499951983,1204.6240812091901,35.979999999999997,0.016422612183443753
150.41244049349623,-999.36928600775389,1208.4249506503299,36.210000000000001,0.01625582782314406
150.39392964707525,-999.58570673278825,1210.9722150531099,36.210000000000001,0.016350543334175318
150.37541966367911,-999.539103391612,1210.9722150531099,35.890000000000001,0.016646064400195549
150.35690478359624,-999.80352447468681,1209.65948220008,35.890000000000001,0.01697070586317458
150.33838856447909,-999.875832325999,1207.9679021797101,36.07,0.017030560930369427
150.31987691815564,-999.62890146669338,1207.07287872706,36.07,0.016736653113742284
150.30136256375201,-999.77513779637604,1207.4212083126599,35.880000000000003,0.016275216927419029
150.28283487177546,-1000.4953667332081,1209.60798378086,36.280000000000001,0.016131129943920668
150.26431072710258,-1000.3038123345717,1207.05666626175,35.960000000000001,0.016231767626802597
150.24578947263447,-1000.1477412783278,1207.05666626175,35.960000000000001,0.01659438324494809
150.22727086312236,-1000.0049136548444,1206.63538058226,36.189999999999998,0.016900709727144515
150.20876267304081,-999.44226440385773,1206.33020476463,36.189999999999998,0.016986985378729027
150.19024965663698,-999.70288580639271,1203.2619957044101,36.119999999999997,0.016978845622580247
150.17173940108876,-999.55379960363712,1200.40907864679,36.119999999999997,0.016728054940634153
150.15322415054689,-999.82352926066119,1202.1113875045,36.07,0.016500196522455064
150.13470903556424,-999.81620906332876,1202.1113875045,36.07,0.016646873615135824
150.11619356978281,-999.83515219826688,1203.77578780362,36.280000000000001,0.017036892886513701
150.09767968311101,-999.74988027579752,1203.4441475205599,36.280000000000001,0.017530358288266566
150.07914966489756,-1000.6209835275017,1201.7027380112099,35.920000000000002,0.017825881431977782
150.06062120716558,-1000.536717526644,1201.24712005223,35.920000000000002,0.017887162463664296
150.04208640091986,-1000.879537269453,1200.1589775274999,36.210000000000001,0.01784918001951433
150.0235537781073,-1000.7616318776641,1199.00264728101,36.210000000000001,0.017752436302247581
150.005022610227,-1000.6830655350161,1199.00264728101,36.240000000000002,0.017876693362495231
149.9864938006628,-1000.5557164679507,1199.0875243052899,36.240000000000002,0.018165559616657251
149.96796404942825,-1000.6065666660878,1197.91998838425,35.869999999999997,0.018514795231161667
149.94943674757295,-1000.4743001862777,1200.6289006029201,35.869999999999997,0.018781282836334318
149.93091551276544,-1000.1466796053076,1200.6289006029201,36.310000000000002,0.01874003869397052
149.9123945056148,-1000.1343861339021,1200.80008516313,36.310000000000002,0.018481056514713868
149.8938677760049,-1000.4433989347701,1197.8911397327399,36,0.018229724634468512
149.87532475859757,-1001.3229399950993,1199.1411684919799,36,0.018257872301982642
149.8567875226334,-1001.0107420652507,1199.1411684919799,35.899999999999999,0.018623561285943949
149.83824306374558,-1001.4007799426191,1198.50459080989,35.899999999999999,0.019064115153648826
149.81969868246921,-1001.3965889250029,1200.46439176373,36.189999999999998,0.019501741560252465
149.80115954350251,-1001.1135042004972,1200.46439176373,36.189999999999998,0.019617960266948356
149.78262123548276,-1001.0686330661409,1198.3255384356401,35.869999999999997,0.019441071066621268
149.76408661860472,-1000.8693114146632,1198.3255384356401,35.869999999999997,0.019156722764838055
149.74555650311962,-1000.626236196154,1200.13155938763,35.93,0.018932665179729961
149.72703341084213,-1000.2469829847179,1200.13155938763,35.93,0.018977516637393936
149.70851630179376,-999.92388861131974,1200.65774925444,36.030000000000001,0.019264405385702978
149.69000331126185,-999.70148872357663,1200.65774925444,36.030000000000001,0.019442904737715556
149.67148322715582,-1000.0845417254725,1198.9993094204999,35.869999999999997,0.01965213463369065
149.65297299747644,-999.55240268570105,1199.0357874674501,35.869999999999997,0.01966358783287904
149.63446291784436,-999.54430013298384,1197.9049680119699,36,0.019571123025032788
149.61595609163209,-999.36861546296211,1197.9049680119699,36,0.019377504167333633
149.59744998150362,-999.3299469366292,1199.2248534232201,35.829999999999998,0.019188952735861381
149.57894626797921,-999.20053031890006,1202.3395541119,35.829999999999998,0.019083835390204348
149.56043258205935,-999.73903967159276,1201.31959930892,35.950000000000003,0.019121962700121613
149.54191379042103,-1000.0147484693414,1202.7687076054499,35.950000000000003,0.019144073338373084
149.52339432305806,-1000.0512376014414,1205.3829676369401,36.159999999999997,0.019108940741444359
149.50487165918773,-1000.2238489970437,1206.1418540646901,36.159999999999997,0.019001651351739809
149.48635971484069,-999.6449947395505,1206.1418540646901,35.869999999999997,0.018992439538797656
149.46784321632592,-999.89091979815646,1205.7422644784799,35.869999999999997,0.019020387493532895
149.44933999019378,-999.17421113629302,1204.29744771689,36.25,0.019016958155762469
149.43084135651611,-998.92621859297537,1205.2787787054499,36.049999999999997,0.018994435663261519
149.41235068150758,-998.49645046129388,1207.1465500767899,36.259999999999998,0.018837555411822166
149.39385672617286,-998.6735880754602,1204.1512971104701,36.259999999999998,0.018640034316622991
149.37536220583706,-998.70409813278741,1204.1512971104701,35.979999999999997,0.018498063502408835
149.35686558588512,-998.81747740494006,1205.8376319214899,35.979999999999997,0.018407980804221701
149.33836495814217,-999.03389811898239,1206.2894351827399,36.259999999999998,0.018303717177250937
149.31986464911847,-999.0166872788003,1206.0007102490299,36.259999999999998,0.0182720573808558
149.30136289137036,-999.0949183985166,1206.9176682135701,35.920000000000002,0.018119470528935182
149.28285898226798,-999.21109152852557,1206.9176682135701,35.920000000000002,0.017951600671276033
149.26434918203333,-999.52921267181841,1209.7720157828301,36.25,0.017805212276271489
149.24584047972348,-999.46992473100795,1209.7720157828301,36.25,0.017641884175992599
149.2273275409307,-999.69869481076057,1213.72523471418,36.039999999999999,0.017522522768610174
149.20882109863081,-999.34788419392373,1214.2123239293501,36.039999999999999,0.017600764208590233
149.19031854201489,-999.13805726010105,1214.2123239293501,36.159999999999997,0.017644526024708337
149.17181283442474,-999.30820986689105,1213.07292140399,35.869999999999997,0.017681464344561252
149.15331257610615,-999.01394920532891,1211.1391080783701,36.210000000000001,0.017501310343223855
149.13480767462835,-999.2646798001341,1213.4322182455301,36.210000000000001,0.017143828381140397
149.1162944626482,-999.71344692808236,1212.78228912142,35.920000000000002,0.016803625561065551
149.09778239515927,-999.65164440308308,1212.78228912142,35.920000000000002,0.016510977100178528
149.07926871648274,-999.73864853237217,1212.58654744465,35.890000000000001,0.016328653116810827
149.06074557763847,-1000.2494975908909,1214.3014924885599,35.890000000000001,0.016239273051090148
149.04222978071985,-999.85303360522448,1214.3014924885599,36.119999999999997,0.016141042319576956
149.02370697404822,-1000.2315602676445,1218.53056174881,36.119999999999997,0.015988633451089203
149.0051797498013,-1000.4701093335415,1219.3206810141401,35.869999999999997,0.015714829788292514
148.98664943977391,-1000.6367414784988,1220.4853559118901,35.869999999999997,0.015598925655451503
148.96811672589899,-1000.7665492464408,1220.4853559118901,35.950000000000003,0.015554156980552332
148.94958182341486,-1000.8847341427287,1219.23818817594,35.950000000000003,0.015567651844658734
148.93104989599024,-1000.7240809296482,1217.6980039713401,36.090000000000003,0.015674982639180348
148.91251992951609,-1000.6181896036935,1217.8730032292599,36.090000000000003,0.015705921173099036
148.89400654989763,-999.72249939818641,1217.1141168015099,35.859999999999999,0.015612313941765861
148.87549461796911,-999.64432413979887,1215.1133078471801,35.859999999999999,0.015479372810228357
148.85697416340244,-1000.1045465993827,1215.9010429264399,35.960000000000001,0.015229812517057012
148.83844729616419,-1000.4508308657516,1215.9010429264399,35.960000000000001,0.015024886365087592
148.81992646492969,-1000.1248866632488,1215.9074802288401,36.030000000000001,0.014951890339652635
148.80140349579389,-1000.2403333321773,1215.8726711121401,36.030000000000001,0.014949009445535929
148.78287632328775,-1000.4673153327894,1216.48445325905,35.899999999999999,0.015119311091591654
148.76434605258157,-1000.6346181324584,1216.48445325905,35.899999999999999,0.015192379557950702
148.74581547557528,-1000.6511583399131,1218.00437188201,36,0.01517045208402667
148.7272776880618,-1001.0405257274494,1218.19272258195,36,0.015104354047620427
148.70874066733703,-1000.999119138637,1218.41206770087,35.899999999999999,0.015223483662487889
148.69020796587898,-1000.7658787346249,1218.41206770087,35.899999999999999,0.015469806060411304
148.67168071576302,-1000.4715062624696,1212.8116146101499,35.920000000000002,0.015870268556372469
148.65315188032852,-1000.5571134628306,1212.8116146101499,35.920000000000002,0.016203333310805465
148.63462999049142,-1000.1820512030587,1213.30585638355,36.090000000000003,0.016431551838001143
148.61610348025917,-1000.4315525408578,1212.5665202816199,36.090000000000003,0.01632366640013596
148.59757772439895,-1000.3908164528691,1211.81359431906,35.890000000000001,0.016205387400344065
148.57904835604089,-1000.5858913353218,1211.81359431906,35.890000000000001,0.016110837458506413
148.56050608679629,-1001.2825392069865,1208.96616088941,35.950000000000003,0.016117198393015168
148.54196493306927,-1001.2223012608532,1208.4847937208201,35.950000000000003,0.016437603369982484
148.52343040725421,-1000.8643940129106,1208.4847937208201,36.159999999999997,0.016775101215117164
148.50488968297023,-1001.1991113349064,1206.9384106324201,36.159999999999997,0.01705601707918325
148.48634726988763,-1001.2903064598279,1203.66134687201,35.869999999999997,0.017370053881783361
148.46780968416056,-1001.0296292619162,1204.2306905067801,35.869999999999997,0.017579434858889378
148.44927145478653,-1001.064386198188,1204.2306905067801,35.979999999999997,0.017646548032882417
148.43074062528652,-1000.6647929998298,1203.09844053965,35.979999999999997,0.017684133102906924
148.41221092579272,-1000.6037726653357,1202.7615550472201,36.25,0.01789560230662305
148.3936849422754,-1000.4031099352666,1202.7615550472201,36.25,0.018217433244010924
148.37516136881368,-1000.2729669334009,1198.4628675535801,35.920000000000002,0.018632407815692267
148.35663333949131,-1000.5135834070659,1198.6235616950501,35.920000000000002,0.018816474407973058
148.33810011235323,-1000.7942654569036,1196.78606948686,36.039999999999999,0.018924601996274805
148.31956493668275,-1000.8994862050905,1196.78606948686,36.039999999999999,0.01895228400656402
148.30103025357772,-1000.8728876718724,1196.1845393400799,36.280000000000001,0.019096149541627239
148.28250430938286,-1000.4009865232741,1194.2805283404,36.280000000000001,0.019249967816588099
148.26397916405537,-1000.3578476836738,1193.58458442504,35.979999999999997,0.019427630014243191
148.24545585757298,-1000.258550050003,1195.5458158905301,35.979999999999997,0.019564058426438307
148.22693101751361,-1000.3413632056439,1193.54262275012,36.079999999999998,0.019732027625695047
148.20839847851991,-1000.7571056591,1193.54262275012,36.079999999999998,0.019848435699461563
148.18986662870509,-1000.7198899999678,1190.0469291266099,35.869999999999997,0.020086362754304664
148.17133711857898,-1000.5935468105459,1190.0469291266099,36.280000000000001,0.020202340350529039
148.15281106366049,-1000.4069655980469,1187.48130649105,35.93,0.020384935459033787
148.13428381975316,-1000.4711709955695,1190.9107197416699,35.93,0.020588752296225407
148.11575445760496,-1000.5855560024701,1190.3370845719701,36.100000000000001,0.020568795084428344
148.09722173131112,-1000.7672198681764,1190.3370845719701,36.100000000000001,0.020549016898268303
148.07869292174811,-1000.5557164019986,1189.6597373079901,36.310000000000002,0.020412166291407883
148.06015877880978,-1000.8437186711527,1189.6597373079901,36.310000000000002,0.020301100899553514
148.04162260869253,-1000.9531863312604,1190.03786921953,35.960000000000001,0.020487273316835131
148.02309593082339,-1000.4406049340181,1190.10844112735,35.960000000000001,0.020702342605967199
148.00457652140855,-1000.0481083997413,1187.9154667753501,36.140000000000001,0.02098122198092096
147.98607017017045,-999.34296685812296,1187.9154667753501,36.140000000000001,0.021167834189019491
147.96756040822356,-999.52714513214642,1187.78409812261,36.280000000000001,0.021189883765709964
147.94905231023824,-999.43729120672845,1188.1720051970501,36.280000000000001,0.020999296881222883
147.93054369795675,-999.46506320157607,1188.1720051970501,35.969999999999999,0.020708473812624421
147.91203085126182,-999.69372152569531,1188.54369980618,35.969999999999999,0.020523557647675779
147.89351964059009,-999.60537627384679,1188.5472760852899,36.189999999999998,0.020642022909299153
147.87501245116172,-999.38822913169986,1189.9208056832299,36.189999999999998,0.020743139707884963
147.85650705504693,-999.29139019890545,1191.0146702545501,36.119999999999997,0.02091505047258202
147.83799813853341,-999.48149173034096,1190.6861294133801,36.119999999999997,0.020793594626075641
147.8194837510174,-999.77692586452486,1190.4393661546001,36.090000000000003,0.020644585082117674
147.80097402839152,-999.52502179709813,1189.9744498699199,36.090000000000003,0.02056525813785727
147.78246984092721,-999.2261230734025,1189.9744498699199,36.259999999999998,0.02038844654225019
147.76397552134191,-998.69325760552658,1187.9533753339499,36.259999999999998,0.020387426227432819
147.74548661274198,-998.40106439570025,1191.0144318359401,35.979999999999997,0.020316202817434261
147.72699988136659,-998.28349427081116,1189.12591804575,35.979999999999997,0.020253866292672486
147.70851538413089,-998.16285072860694,1189.12591804575,36.159999999999997,0.020120815478510901
147.69002882142851,-998.27438592838632,1186.85545764631,36.159999999999997,0.019786904260720307
147.67153832233589,-998.48695100163252,1190.65060504086,36.299999999999997,0.019347126493547029
147.65304070276542,-998.87145680477727,1194.3286888991199,36.299999999999997,0.019119239103924345
147.63453479338889,-999.31910633242444,1194.3286888991199,35.950000000000003,0.019036098900547471
147.61602169213216,-999.70746786430152,1195.4895490991501,35.950000000000003,0.019203896327256748
147.59750908551121,-999.68075753148219,1195.98951291913,36.159999999999997,0.01936700815836663
147.57900049909998,-999.46366620669608,1195.98951291913,36.159999999999997,0.01936122774948678
147.5604998392777,-999.03563040274639,1197.0921989789199,36.25,0.019258840221700862
147.54200892419396,-998.50941452145901,1195.43042128449,36.25,0.018937411825491246
147.52351795012717,-998.51259960647178,1191.98264980109,35.869999999999997,0.018700867272376649
147.50503479192614,-998.0905428553109,1191.98264980109,35.869999999999997,0.018571506563200935
147.4865603840185,-997.61802701225736,1193.7090389381699,36.280000000000001,0.01851629259070927
147.46807717925194,-998.0930573955319,1193.7090389381699,36.280000000000001,0.018563166057565104
147.44958812888294,-998.40871992588438,1195.3083509574401,36.159999999999997,0.018556289786483313
147.43109129472731,-998.82904440427308,1195.3083509574401,36.159999999999997,0.018403221752159825
147.41258422947533,-999.38152360683887,1194.3255894572201,36.009999999999998,0.01827513695409657
147.39406774337905,-999.89024919840494,1195.1402658391301,35.880000000000003,0.018110624000408197
147.37554266324429,-1000.3543272768012,1197.3759171218801,36.229999999999997,0.018231475515062885
147.35701944058155,-1000.2540237874709,1196.32973627207,36.229999999999997,0.018503858397926481
147.33849065792231,-1000.5542636007498,1196.32973627207,35.939999999999998,0.018780041076949361
147.31995549466913,-1000.8988156712908,1196.3075633415699,36.210000000000001,0.019027819440391752
147.30142200779625,-1000.808291135129,1198.2404229927599,35.890000000000001,0.018993043853143578
147.28289393915063,-1000.5157068630263,1198.2404229927599,35.890000000000001,0.018800383228684187
147.26437154846911,-1000.209096802778,1196.1328025022499,36.25,0.018606235580411242
147.24585291205182,-1000.006366533037,1195.5853933793801,36.25,0.018582928717529409
147.22733727138893,-999.84459579659949,1192.16122533813,36.240000000000002,0.018804059880483531
147.2088175701594,-1000.0638663947068,1192.16122533813,36.240000000000002,0.019068227460017333
147.19029580967288,-1000.1750662726263,1190.5838478307501,35.979999999999997,0.019105209246704526
147.17176880583972,-1000.4582069903644,1192.65069873937,35.93,0.01899857177972037
147.15323936608172,-1000.5897469321501,1195.42851393563,36.210000000000001,0.018791021367655269
147.13469844725444,-1001.2096166722113,1194.60143978613,36.210000000000001,0.018560668035058733
147.116147764027,-1001.7368942814787,1194.90446983629,36.159999999999997,0.018752636392504816
147.09759199474436,-1002.0115412633113,1193.7810413576401,36.159999999999997,0.019110790975035423
147.07903484710374,-1002.0859725925679,1192.1438207797801,35.859999999999999,0.019686409375481804
147.06049440946052,-1001.1836327345204,1193.2624808862799,35.859999999999999,0.020074578418968168
147.04196895886656,-1000.3743320737675,1193.2624808862799,36.25,0.020174426542839529
147.02344688586922,-1000.1919418569005,1192.5541392033299,36.25,0.020047351720195599
147.0049249505,-1000.184509936911,1190.67373164579,36.280000000000001,0.019900441789538831
146.98640487881127,-1000.0838711916728,1191.8415059854401,36.280000000000001,0.019879659848004869
146.96789042610254,-999.78044627139718,1190.48275834116,36,0.020067165086852638
146.94937214772719,-999.98703226987061,1190.48275834116,36,0.020382883442300839
146.93084798960234,-1000.3045387406921,1188.4652600843001,36.170000000000002,0.020739434077110472
146.91231311919756,-1000.8830018589648,1187.14871253356,36.170000000000002,0.020751807221970481
146.89377001072825,-1001.327857341892,1186.17310359157,35.869999999999997,0.020529175591176278
146.87522553838767,-1001.4015063927075,1187.08624685839,36.259999999999998,0.020248983051807404
146.85667657707282,-1001.6439110004728,1190.21096112859,35.93,0.020166398546395146
146.83813171461242,-1001.4225728626939,1185.6404764223701,35.93,0.020417086777026285
146.81960054052348,-1000.683400801916,1186.6525634113,36.189999999999998,0.020884924255992976
146.80107125081113,-1000.5816444673691,1186.6525634113,36.189999999999998,0.021340064708262451
146.78255823440873,-999.70288572944878,1184.6627217129101,36.240000000000002,0.02153309062059745
146.76405216256805,-999.32787939695743,1185.5298501884799,36.240000000000002,0.021503002691372997
146.74554840971976,-999.20265380783644,1185.5298501884799,35.969999999999999,0.021215702099806472
146.72703817383336,-999.552737864665,1186.24796703434,36,0.020996826806072386
146.70851285362343,-1000.3672913369663,1187.35136834995,36.119999999999997,0.020987244525988491
146.68998563558637,-1000.4697740006895,1186.6957171792601,36.119999999999997,0.021212325532985101
146.6714585675964,-1000.4616714589644,1186.6957171792601,36.32,0.021648731913010252
146.65293097909995,-1000.4897788086479,1185.36295716321,36.32,0.021983148119630064
146.63440518391604,-1000.3929399308134,1184.98792469358,35.969999999999999,0.022128686933417425
146.61588669754562,-999.99826400230381,1184.4071369656499,35.979999999999997,0.021839020773722351
146.59737712496661,-999.51691926636465,1183.84971426126,36.100000000000001,0.021517055312815003
146.57886456284209,-999.67835472491038,1185.88890861141,36.100000000000001,0.021360185407287471
146.56035916051965,-999.2917254108454,1187.1959194178501,36.299999999999997,0.021305204269718481
146.54185863004815,-999.02864546132207,1185.79401800561,36.299999999999997,0.021411983501301902
146.52335802196663,-999.03283640199425,1188.9170633455601,36.07,0.021522276932739975
146.50484875465432,-999.50043486527898,1189.44420688679,36.07,0.021524637315088621
146.48633890164442,-999.53206253389908,1189.2146097677501,36.119999999999997,0.021342930074962092
146.4678246703827,-999.76848813284369,1187.40477411804,36.119999999999997,0.021092259426640787
146.44930474770638,-1000.0758245222682,1185.2401715803401,36.280000000000001,0.020870665713125788
146.43077693879616,-1000.5016811518246,1185.2401715803401,36.280000000000001,0.021023666483145093
146.41224955932961,-1000.4784911929021,1189.7884833560599,36.049999999999997,0.021043803749755782
146.39371917065694,-1000.6409883244678,1189.7884833560599,36.049999999999997,0.021071979362386677
146.37519713698143,-1000.189818477884,1190.3890598284099,36.07,0.020904380617854795
146.35667809181737,-1000.0284388586831,1190.73667415818,36.07,0.020752736472163989
146.33817354113717,-999.2457367311481,1188.8987051127799,36.299999999999997,0.020579976132152861
146.31967860998404,-998.72628226902646,1191.55588049363,36.299999999999997,0.020293157755422703
146.30118513583332,-998.64760413776935,1191.55588049363,35.909999999999997,0.020051904846150513
146.28268289069396,-999.12123752616333,1195.1457494670999,36.229999999999997,0.019927130395454833
146.26417659119639,-999.34017286836274,1195.42112295879,35.979999999999997,0.019837758603043883
146.24566001507159,-999.89511073882875,1197.8279588017399,35.979999999999997,0.019700995957807287
146.22713514189763,-1000.3431513947044,1197.8279588017399,36.210000000000001,0.019362228401860665
146.20860446865314,-1000.6563552021966,1199.40557472772,36.210000000000001,0.019079803796237658
146.19006716749749,-1001.0142624061712,1198.5615728570899,36.259999999999998,0.019011375391944745
146.17153584439757,-1000.6914473943765,1198.5615728570899,36.259999999999998,0.019033444631892927
146.15301010819755,-1000.3897548018327,1195.9837908725499,35.979999999999997,0.019073480121952445
146.13449935904799,-999.5804540751277,1195.7880491957701,35.979999999999997,0.018952264351244977
146.11599543752732,-999.21176211728505,1200.4119396700801,36.159999999999997,0.018586174891990173
146.09749961023576,-998.77467374430341,1200.4119396700801,36.159999999999997,0.018210398653568195
146.07901152740737,-998.35647273286713,1200.4291058098199,36.299999999999997,0.017929388622081766
146.06052838886797,-998.08948112733071,1197.9977128503001,36.299999999999997,0.017853903891282764
146.04204053369625,-998.34417927245352,1199.72434040598,35.950000000000003,0.017989162973210796
146.02354629793086,-998.68873133200236,1203.01237142234,35.950000000000003,0.018202300288598264
146.00504659323209,-998.98405373253695,1203.01237142234,35.979999999999997,0.018223512707267252
145.98652858080118,-999.97267126978522,1207.3534974281199,36.189999999999998,0.018068656528258301
145.96800162250014,-1000.4557482565123,1207.4746140807399,36.280000000000001,0.017590571399203905
145.94946766168636,-1000.8338839445915,1207.74331185142,36.280000000000001,0.017326437973026049
145.93094104176558,-1000.437475721326,1206.86593137573,35.979999999999997,0.017132077163673019
145.91241942408138,-1000.1673549470657,1206.86593137573,35.979999999999997,0.017211999127935231
145.89390073592477,-1000.0091604568453,1204.58331162731,36.170000000000002,0.01755419497456279
145.87539453473332,-999.33486433838164,1201.70130749956,36.170000000000002,0.017766138126115771
145.85690007855456,-998.70063365319538,1201.70130749956,36.310000000000002,0.017685458684818179
145.83841226167164,-998.34211167782178,1201.2137414471799,36.310000000000002,0.01729169756769976
145.8199277654704,-998.16279486727842,1205.72032996658,35.960000000000001,0.016714237219185371
145.80144157219274,-998.25443699274888,1205.72032996658,35.960000000000001,0.016388925206529289
145.78293913871852,-999.1314076075605,1206.6523083033901,36.07,0.016509174470890821
145.76442977413578,-999.50568746797956,1205.21512093724,36.049999999999997,0.016886806113620669
145.74589958724809,-1000.6300919358785,1205.10091842424,36.310000000000002,0.017402858161239966
145.72736280038882,-1000.9864904003316,1206.3662059743599,36.310000000000002,0.017624599860620965
145.7088249994236,-1001.0412521225777,1207.06071937808,35.950000000000003,0.017559353465820667
145.69028816703323,-1000.988949079224,1205.07016242387,35.950000000000003,0.017364392466359697
145.67175302344089,-1000.8977539872784,1202.5376799747601,36,0.017124324418435657
145.65322657219249,-1000.428367411877,1202.5376799747601,36,0.017173624497068159
145.63470944969137,-999.9246150614083,1202.79994044303,35.93,0.017490785358131481
145.61619953252344,-999.53552706845085,1204.5527940455399,36.189999999999998,0.017928900195952887
145.59769515672468,-999.23629313281549,1204.01539850419,35.869999999999997,0.018267009614629712
145.57918061295317,-999.78536366215792,1200.8785248849999,35.869999999999997,0.018501544576252152
145.56066857754334,-999.64991213031112,1198.3164785285601,35.960000000000001,0.018483203735982428
145.54214585572464,-1000.2269782097356,1198.3164785285601,35.960000000000001,0.018469262864881267
145.52360639183107,-1001.1310502526192,1198.9244459777401,36.07,0.018459910318348458
145.50505796964825,-1001.6147978720738,1199.4668483098601,36.07,0.018624807191143768
145.48649439795182,-1002.4328716083517,1199.4668483098601,35.850000000000001,0.018995038957590832
145.46791972281989,-1003.0324571238914,1197.4364754481901,35.850000000000001,0.019406549009579863
145.44934200847285,-1003.19657473962,1197.0268722804601,35.93,0.019606102466600051
145.43077791627033,-1002.4609789360511,1198.6943720214799,35.93,0.019676950239147176
145.41222987696543,-1001.5941224643639,1196.96035348896,36.049999999999997,0.019639795644018587
145.3936953708112,-1000.8633323288983,1196.96035348896,36.049999999999997,0.01972053613812429
145.37516502146056,-1000.6388649344593,1191.77522561255,35.890000000000001,0.019879849218943046
145.35665386252978,-999.60258226210249,1194.6357720656099,35.890000000000001,0.020118040139726963
145.33814163257668,-999.66041746761607,1194.6357720656099,36.240000000000002,0.020178599902626812
145.31962758344073,-999.75865334033062,1196.72527274195,35.880000000000003,0.020106784588654034
145.30110405551133,-1000.2705081885566,1196.4656348783501,36,0.02017336172814372
145.28256594306913,-1001.0580718784993,1192.6428309253299,36,0.020318812590281479
145.26402555716544,-1001.1808387997202,1192.4118032946401,35.93,0.020525713144086064
145.24547128731106,-1001.9305721360756,1192.4118032946401,35.93,0.020803159308379483
145.22691582950475,-1001.9947215403658,1195.7034105901,35.880000000000003,0.02101834242472916
145.20837359233829,-1001.2808069891744,1195.7034105901,35.880000000000003,0.021268668481069609
145.18984744014816,-1000.4122182666993,1193.7507621944901,35.939999999999998,0.02129285907119657
145.17132270977794,-1000.3354399921998,1194.35062341101,35.939999999999998,0.021302803521296487
145.15281452693827,-999.44187334158119,1192.16432478003,36.049999999999997,0.021163179641129782
145.13431533550249,-998.95633753306595,1192.16432478003,36.049999999999997,0.021303656196964373
145.11582948060513,-998.23616445756261,1193.5111514939199,35.890000000000001,0.02164344510423297
145.09733978038051,-998.44381212905614,1193.5111514939199,35.890000000000001,0.021806616958974356
145.07884136815048,-998.91426042144576,1193.30944935196,35.909999999999997,0.021756464198770861
145.0603294755432,-999.64220079375843,1195.8228583124701,35.909999999999997,0.021629770186127165
145.04181001438886,-1000.0509023345414,1195.8228583124701,36.159999999999997,0.021317106570555893
145.02327800210986,-1000.7286630645008,1194.8689454637699,36.159999999999997,0.021263505849696423
145.00474148843838,-1000.9717382610258,1195.23968639847,35.960000000000001,0.021120864481123439
144.98621359467543,-1000.5062631987416,1194.66509755434,35.960000000000001,0.021013859664042907
144.96769171725563,-1000.1813806692589,1194.7189801596401,35.869999999999997,0.021094376633854484
144.94919411010247,-998.87078627097753,1194.7189801596401,35.869999999999997,0.020991786276854975
144.93070661193821,-998.32490087061581,1193.6148635882,36.299999999999997,0.02069351160119328
144.91223996712091,-997.19882013416952,1195.21632137493,36.299999999999997,0.020243039148371597
144.89377479172333,-997.11947146911245,1195.21632137493,36.210000000000001,0.020000393395937309
144.87530004543581,-997.63629952545966,1197.9090211283001,36.210000000000001,0.020067223033607379
144.8568219867432,-997.81516940140614,1200.95386516498,35.979999999999997,0.020205761406236852
144.83833075914947,-998.52629006176528,1205.10020316842,35.979999999999997,0.020252191979886404
144.81983158737407,-998.95527587103766,1205.10020316842,36.090000000000003,0.020100120455378831
144.80132357941727,-999.43242966630442,1202.7410510469699,36.090000000000003,0.019925620612100868
144.78280776283827,-999.85409526725266,1199.8230457095001,36.280000000000001,0.019815674881343236
144.76428229982599,-1000.375002662527,1199.71718784776,36.280000000000001,0.0195601427333091
144.74576734109885,-999.80777126569581,1199.71718784776,35.93,0.019436011920421423
144.72725578583839,-999.62398406494094,1200.9085656295499,36.229999999999997,0.019638054070999434
144.70876002373834,-998.7711534033831,1201.89943336242,36,0.019845174001044175
144.69027793759267,-998.03265186541284,1199.76391789483,36,0.019856311586616191
144.67179635746544,-998.00532687111422,1201.1643887954201,36.119999999999997,0.019489254594077958
144.65331023662483,-998.25052539169587,1208.6555014437999,36.119999999999997,0.019061443294542228
144.63481637856174,-998.66833540680773,1207.6145658033599,36.32,0.018866926227641922
144.61630693533331,-999.50993433593237,1207.6145658033599,36.32,0.019040537166037062
144.59778683053077,-1000.0856593367655,1207.1479805884301,35.939999999999998,0.019197736138774603
144.57925923582607,-1000.4901140535637,1207.6164731522199,35.939999999999998,0.019253627913218659
144.56071390666909,-1001.4477744779758,1209.40604322029,36.159999999999997,0.019266988250345143
144.54217033046791,-1001.3531148624705,1209.40604322029,36.159999999999997,0.01901112911157065
144.52362411034565,-1001.4958866026413,1207.6903829205501,36.229999999999997,0.018622629963759008
144.50509088320857,-1000.7942654019437,1207.0995816111099,36.229999999999997,0.018068335740871796
144.48656771331986,-1000.2511739913421,1210.4565156050301,36,0.017758961769648893
144.46805497631487,-999.68779826828313,1212.65115888729,36,0.017806282264533874
144.44956674964951,-998.36423993074834,1211.48290771042,36.240000000000002,0.018008716609767661
144.43107829015307,-998.37681280772506,1210.59098369968,36.240000000000002,0.018076602786381148
144.4125882453385,-998.4624199861023,1212.75868567928,36.259999999999998,0.018077845580845818
144.39408914496551,-998.95142014230532,1215.8931751123901,36.259999999999998,0.017900473124088875
144.37558297585298,-999.33313207660194,1215.8931751123901,35.979999999999997,0.017755650396361605
144.35705007985183,-1000.7763840609379,1216.3123150244101,35.979999999999997,0.017711902037704695
144.33850291805922,-1001.5467368007786,1212.51430660657,36.140000000000001,0.017838406690198653
144.31995046118047,-1001.8326714533171,1212.51430660657,36.140000000000001,0.018135329918965978
144.30140669043703,-1001.3636201448155,1213.0419269850199,36.310000000000002,0.018298257552297147
144.28287102737431,-1000.9258053876973,1213.0419269850199,36.310000000000002,0.018330953185023612
144.26434607038044,-1000.3476776682287,1213.1394401954899,35.939999999999998,0.01795304214893588
144.24583220957896,-999.74848328091741,1211.4309324539799,35.939999999999998,0.017628491750377156
144.22733275116303,-998.97075446043175,1210.2800858354699,36.039999999999999,0.017541750436478844
144.20883763271115,-998.73639640115891,1209.30280796323,36.090000000000003,0.017542786278306171
144.19034786004929,-998.44772374110119,1211.47384780334,36.359999999999999,0.017646183780290078
144.17185642549495,-998.53746593286996,1211.47384780334,36.359999999999999,0.017786279524292438
144.15334717060136,-999.49976425453531,1214.2917173256501,35.969999999999999,0.017879152048104859
144.13481934823957,-1000.5024075359612,1213.3723751750399,35.969999999999999,0.018197289769975273
144.11627342096671,-1001.4800727353555,1209.65972061869,36.140000000000001,0.018375784982686768
144.09772266633831,-1001.7407499332671,1209.65972061869,36.140000000000001,0.018461458381128348
144.07917093071592,-1001.7937236093488,1210.4381573722501,36.299999999999997,0.018675014793473523
144.06061345918289,-1002.103462783361,1211.6331114331599,36.299999999999997,0.019024813336641012
144.04206649193335,-1001.5362314744657,1207.9559812493301,35.960000000000001,0.019400820346136459
144.02353482424311,-1000.7100552734066,1206.4847000223001,35.960000000000001,0.019472100666385155
144.00501067957168,-1000.3038122576279,1206.4847000223001,36.020000000000003,0.019431419467747537
143.98649623307037,-999.78011107044949,1207.20305528677,36.140000000000001,0.019390427819085905
143.96799359884565,-999.14224813482133,1200.23694041216,36.329999999999998,0.019407696603783588
143.94948934618759,-999.22964353523503,1200.75860032542,36.329999999999998,0.019614841371670393
143.93097838904322,-999.59168579656921,1201.9239904789899,35.960000000000001,0.019794241006096884
143.91245256799024,-1000.3943368597415,1202.3309710420299,35.960000000000001,0.020110628879195753
143.89391502055054,-1001.0275617442283,1202.54888564931,36.079999999999998,0.020417369278880201
143.87536417485916,-1001.7456673350199,1202.4826052764199,36.079999999999998,0.020630035760219285
143.85679534119015,-1002.7170181267895,1202.4826052764199,36.259999999999998,0.020759269179220202
143.83822204338151,-1002.9580816669556,1202.1543028538599,36.259999999999998,0.021068399977954375
143.81965263125784,-1002.748254678173,1199.5886802182999,35.950000000000003,0.021427792191560852
143.80110158378045,-1001.7565637785692,1196.35524706307,35.950000000000003,0.021861523599098039
143.78257202812364,-1000.5960054674541,1197.72925349823,36,0.022117440695822825
143.76404942944706,-1000.2203285352111,1197.72925349823,36,0.022088037802302552
143.74553257909881,-999.90991880541515,1198.78091797601,35.850000000000001,0.022021873540539395
143.72702050540121,-999.65197966998312,1196.7283721838401,36.280000000000001,0.022049922908252986
143.70850019363832,-1000.096835196878,1196.8404289293801,35.899999999999999,0.022092748231062234
143.68997372893818,-1000.4290938070055,1197.93333982627,35.899999999999999,0.02224867956111171
143.67143899512848,-1000.8756257233599,1197.9395387100601,36.020000000000003,0.022465769821099033
143.65289142355303,-1001.5688650756894,1197.9395387100601,36.020000000000003,0.022574830796249151
143.63433086623709,-1002.2700950602226,1194.36016015532,36.259999999999998,0.022716574992329142
143.61576598137643,-1002.5037824757757,1193.2274333509699,36.259999999999998,0.022608423602893495
143.59720485181489,-1002.3009963227222,1195.06993234991,35.899999999999999,0.022468018444557505
143.57865468909392,-1001.7087869317954,1195.06993234991,35.899999999999999,0.022416223465349328
143.56011503686531,-1001.1412203450083,1196.62299115932,36.030000000000001,0.022522142774078407
143.54159353611357,-1000.1610405944008,1196.5757842750299,36.030000000000001,0.022759695225939122
143.52308378037534,-999.52680986524661,1195.8703036153699,36.210000000000001,0.022828844894133372
143.50458970810732,-998.67990247209286,1195.8703036153699,36.210000000000001,0.022775944742094704
143.48609755229646,-998.57641378783012,1196.5290542279499,35.869999999999997,0.022708219992931072
143.46759319512361,-999.23528733211583,1196.4308257616599,35.869999999999997,0.022656636105661331
143.44908297268881,-999.55201148052845,1197.2457405621701,35.969999999999999,0.022700771480522103
143.43056212800255,-1000.1256130583771,1197.0666881879199,35.969999999999999,0.022745722286908108
143.41203250611875,-1000.5995817246634,1196.6079707870399,36.100000000000001,0.02273993877055
143.39349857738409,-1000.8321516718197,1196.6079707870399,36.100000000000001,0.022839044945413712
143.37497089161599,-1000.4950314773002,1195.4924101224401,35.859999999999999,0.022620185173397134
143.3564472798667,-1000.2750344620806,1195.19104900253,35.859999999999999,0.022491547792786191
143.33793014494947,-999.92528552925603,1195.19104900253,35.950000000000003,0.022308992019956855
143.31942371610134,-999.34715779879537,1197.1363064213199,35.950000000000003,0.022193178948075709
143.30092594648403,-998.87955933551041,1201.8639089899,36.020000000000003,0.022349584225351375
143.28244230709998,-998.1165267380419,1200.91905604828,36.020000000000003,0.02239873632931343
143.26396214982731,-997.92849272429407,1197.52159089107,35.869999999999997,0.022493272812061448
143.24547806237305,-998.14072253064035,1197.52159089107,35.869999999999997,0.022528120836366159
143.22698518530376,-998.61536174171806,1200.2326488772201,36.25,0.02237922615572329
143.20848017206669,-999.27071480218763,1203.1737808196301,35.890000000000001,0.02213165888279444
143.18995627471111,-1000.2904572011381,1200.0259399444999,35.960000000000001,0.021979586328499594
143.17143327970484,-1000.2417303380495,1196.3521476211699,35.960000000000001,0.021914537584664533
143.15291298656788,-1000.0958293961786,1195.0921052804099,35.939999999999998,0.02201182664156719
143.13439135646678,-1000.1680254588813,1195.0921052804099,35.939999999999998,0.021948849572633895
143.11588064560502,-999.57838653545605,1197.83344242971,36.189999999999998,0.021753080394330142
143.09739223784831,-998.37401886193288,1199.5483874736301,35.890000000000001,0.02139016882094065
143.07891380869629,-997.83517420936425,1197.7728841034,36,0.020963299193165683
143.0604453974716,-997.29420613381126,1197.7728841034,36,0.020781556767860376
143.04197616771725,-997.33840673436782,1198.85101304662,35.950000000000003,0.020591664232148692
143.02349656199388,-997.89870906209558,1200.3957272047701,35.950000000000003,0.020749686905650083
143.00501018141728,-998.26455113587338,1204.7921663274999,35.859999999999999,0.020992687592109496
142.98651020973961,-998.99847059395074,1204.7921663274999,35.859999999999999,0.021115755659850129
142.96800160470121,-999.46467207334751,1204.6014314414799,36.280000000000001,0.021086356918251382
142.9494822284,-1000.0463202656407,1203.7393097566701,35.950000000000003,0.020873436909351752
142.93095080699379,-1000.6967559353496,1204.76570186206,36.140000000000001,0.02061430778561904
142.9124138969926,-1000.9931400638641,1203.18856277329,36.140000000000001,0.020671719686886216
142.89388521677895,-1000.5487315375182,1202.8502467692199,35.850000000000001,0.020808744140524641
142.87536963509993,-999.84141066761879,1202.8502467692199,35.850000000000001,0.020897382249502557
142.85686970170983,-998.9964030652709,1201.0799886083601,35.880000000000003,0.020879344599449956
142.8383722580555,-998.86195733412387,1200.28033259873,35.880000000000003,0.02069260407403558
142.81987409935201,-998.900569988136,1200.28033259873,36.280000000000001,0.020489563337375557
142.80136860493212,-999.29669867392658,1198.22730996934,36.280000000000001,0.02019352693742851
142.78285695343328,-999.62918093821656,1204.1191105984601,36,0.0201102615262496
142.76434088332709,-999.8677857335382,1204.1191105984601,36,0.020220259002240122
142.74581191854324,-1000.5640983273111,1201.0687829338101,35.850000000000001,0.020603995976059192
142.72727257779019,-1001.1244006660306,1201.0687829338101,35.850000000000001,0.02096181528924727
142.70872797609982,-1001.4084912791718,1200.3001213431501,36.280000000000001,0.021102104539621337
142.69017568789386,-1001.8235631218841,1199.9789714788201,36.280000000000001,0.021031899375502053
142.67162153600887,-1001.9242017901782,1200.5900383699,36.240000000000002,0.021060620330618632
142.65307297102228,-1001.6225092745785,1200.5890846954701,36.240000000000002,0.021163633917159603
142.63453230468772,-1001.1959820672544,1197.61671991548,36,0.021312895951766404
142.61601077806671,-1000.1624375343209,1198.18034150366,36,0.021673436792824321
142.597507948263,-999.15280939940681,1198.18034150366,36.140000000000001,0.021872285546404399
142.57901051702598,-998.86128680032402,1195.4204077029699,36.140000000000001,0.022121307753436511
142.56051941360863,-998.51958453690406,1196.4534755293701,36.32,0.022089662440829393
142.54202126111338,-998.90023474322027,1196.4534755293701,36.32,0.021852333516112581
142.52351014771369,-999.60012358321035,1197.0077987918601,35.93,0.021798872495799607
142.50497371165301,-1000.9675472763855,1196.8084808359699,36.119999999999997,0.021954213996308959
142.48642649708518,-1001.5495866628594,1194.44074564466,36.030000000000001,0.022361229894203312
142.46787386532478,-1001.8421150626417,1193.74074861297,36.030000000000001,0.02284390334477273
142.44932023911858,-1001.8958151338514,1193.74074861297,36.25,0.02322916769097293
142.43077138852715,-1001.637931936692,1192.9174891611899,36.25,0.02333975914211488
142.41222840423345,-1001.3211518609987,1192.9339400451099,36.280000000000001,0.023275505135945854
142.3936999909989,-1000.5343146651122,1192.9339400451099,36.280000000000001,0.023101126360558173
142.37518623367768,-999.74289534536513,1194.06666684945,35.979999999999997,0.023030192691864879
142.35668345561476,-999.15001539865466,1194.82102332366,35.979999999999997,0.023088425194763423
142.33819067581609,-998.61010912802578,1194.16656424601,36.210000000000001,0.023291221713270121
142.31969953307649,-998.52170793790458,1191.6905870068799,36.210000000000001,0.023494728112854611
142.30119481268881,-999.25490093490157,1189.1824232557301,36.32,0.023612821890576521
142.28268001642459,-999.7989982671146,1188.8956056708801,36.32,0.023613838064871478
142.2641510578494,-1000.5637630604111,1189.92199777627,35.939999999999998,0.023540755110042631
142.24562191714824,-1000.5735978639163,1190.64369090124,35.939999999999998,0.023452431581026261
142.22708763761619,-1000.8510947298137,1192.7377215311201,36.049999999999997,0.023546356503056125
142.20854554946172,-1001.272760341754,1192.7377215311201,36.049999999999997,0.023716821647738917
142.19001000954091,-1000.919155724165,1190.5354488534299,35.869999999999997,0.023862046918476449
142.17148017345178,-1000.6111488119324,1187.66321988859,36.25,0.023995198107686893
142.15296676692856,-999.72395225439527,1187.6784786794799,35.950000000000003,0.023785025500800212
142.13446361219758,-999.17035547351259,1187.4777302119401,35.950000000000003,0.023684378501793731
142.11596903287648,-998.70728333871193,1189.11852706892,35.979999999999997,0.023506675952924837
142.09746863900008,-999.02126932571696,1187.40739672272,35.979999999999997,0.02349639104933093
142.07897367059365,-998.72829394736959,1187.40739672272,36.189999999999998,0.023596350935756467
142.06046725416303,-999.34648725400348,1191.7928685894999,36.189999999999998,0.023702394426367859
142.04195616766808,-999.59867072700149,1190.3766620608201,35.890000000000001,0.023764492941419045
142.02343889512107,-999.93271753718147,1188.5091291080901,35.890000000000001,0.023676874118285448
142.00490642235539,-1000.7535293469309,1188.5091291080901,35.939999999999998,0.023434386693964981
141.98637123323115,-1000.9002127101388,1190.33112410678,35.939999999999998,0.023195872908307127
141.96783909781107,-1000.7353126840652,1190.33112410678,36.030000000000001,0.023043656518439364
141.94930819587543,-1000.6687045239388,1191.3336743514101,36.07,0.022963380643832638
141.93078299880864,-1000.3606416074819,1192.18292143141,35.850000000000001,0.022967673010714326
141.91226499982969,-999.97194486366493,1192.74845036846,35.850000000000001,0.022711969089725621
141.89374922878133,-999.85163661034449,1194.58808834411,35.950000000000003,0.022499970058116884
141.87524865277913,-999.03110411823036,1194.58808834411,35.950000000000003,0.022188705500460672
141.85675446978897,-998.6858814699217,1193.02835381369,36.020000000000003,0.021941875000326676
141.83825445361487,-999.00087340052244,1193.02835381369,36.020000000000003,0.02199893817458658
141.81974861563953,-999.315250669644,1198.34365824981,35.869999999999997,0.021898543669892932
141.80122035141594,-1000.5262680726518,1197.9302403843701,35.869999999999997,0.022008330043563694
141.78268446793945,-1000.9377077308743,1197.9302403843701,35.880000000000003,0.021913505879899185
141.7641421324679,-1001.2861154641955,1196.6637607412099,35.880000000000003,0.021630338291410145
141.74560478681479,-1001.0166652677029,1195.5181593320599,35.960000000000001,0.021326674354434881
141.72707871844312,-1000.4076920701192,1197.9462144310701,35.960000000000001,0.020972254376361472
141.70857047041235,-999.44539366051765,1197.9462144310701,36.07,0.02073948892697184
141.69006174223327,-999.47132167092798,1196.91195451164,36.07,0.020671740386037862
141.67156403159879,-998.87637426148979,1197.5060936815901,35.899999999999999,0.020624574070602066
141.65307162846921,-998.58976899820777,1201.1317254461901,35.899999999999999,0.020635048340045262
141.63458492917275,-998.28176200903124,1203.2617572858001,36.299999999999997,0.020484502116741611
141.61610273230369,-998.03863092919357,1204.5666223247799,35.939999999999998,0.020212525915782247
141.59760622928522,-998.81116299731548,1206.0214526678899,36.240000000000002,0.019974637154206845
141.57909877391361,-999.40259006583324,1206.66756709427,36.240000000000002,0.019850881975920824
141.56057952178881,-1000.0396147407796,1204.43930678836,35.939999999999998,0.019811846110483474
141.54205316056795,-1000.4235059264131,1204.43930678836,35.939999999999998,0.019810680921349473
141.52351970680866,-1000.8065030010284,1205.9260852248799,35.859999999999999,0.019731364320761783
141.50499423655327,-1000.3753937907557,1205.9260852248799,35.859999999999999,0.019534261276245052
141.48647239742226,-1000.1793130746272,1207.8513154806301,36.299999999999997,0.019167984526999943
141.46797147786418,-999.04965613593163,1204.2769437166401,36.299999999999997,0.018687497615258057
141.44947468303101,-998.82692099228063,1206.5125949993801,36.140000000000001,0.018479153518315968
141.43098776953084,-998.29332900836448,1206.5125949993801,36.140000000000001,0.018495118448616427
141.4125056958037,-998.03198126566099,1205.2780634496301,36.020000000000003,0.018658291345765524
141.39401616425189,-998.43470379762334,1203.28464547213,35.850000000000001,0.018811403877321227
141.37552097439743,-998.7402521408834,1205.43804233528,36.229999999999997,0.01876884140206463
141.3570100234619,-999.59135051867725,1207.7967176195,36.229999999999997,0.018610444127412855
141.33848950370376,-1000.1080669403032,1207.7728757587499,35.920000000000002,0.01835231565564692
141.31996524209762,-1000.3101267312046,1207.23762598486,36.280000000000001,0.018070855491909975
141.30142842212476,-1000.9882785344322,1203.23505440176,36,0.01807620955481366
141.28287625188653,-1001.8171928639229,1201.17058767922,36,0.018454234423004329
141.26433597567177,-1001.1749155972681,1201.17058767922,36.119999999999997,0.018855317807817969
141.24580587984829,-1000.6251744681738,1200.8964062805701,36.119999999999997,0.019050922450990052
141.2272943577,-999.62219600778417,1202.4981024859101,36.299999999999997,0.018865436109377662
141.20880266341109,-998.5514916001033,1204.96811925985,36.299999999999997,0.018439174938303032
141.19031324879114,-998.42838947793473,1204.96811925985,36.07,0.018136781748237202
141.17182164452976,-998.54663011463947,1204.2452340418399,36.07,0.018024081359527284
141.15331485143088,-999.36682733985367,1204.3985372064799,36.079999999999998,0.018332673028696733
141.13479718979875,-999.95372813484744,1203.7166599889599,36.079999999999998,0.018801498740505615
141.11626906941359,-1000.5185007978263,1202.6237490920701,36.32,0.01922998887585212
141.09773414002473,-1000.8861869989375,1202.9408458400801,36.32,0.019391702694711539
141.07917671402342,-1002.1010040714928,1201.73873922095,36.030000000000001,0.019216245666097524
141.06062028143094,-1002.0473599935154,1201.73873922095,36.030000000000001,0.018909037528443844
141.04205657934946,-1002.4399124001127,1202.8357032341601,36.119999999999997,0.018789645079865507
141.0234893496247,-1002.6304051367208,1202.79278788481,36.119999999999997,0.019030011154821416
141.00493252070376,-1002.0687617304018,1198.41995220422,36.310000000000002,0.019671779335685598
140.98638685937533,-1001.4657117352704,1198.5315321125399,36.310000000000002,0.020364908913994444
140.96785602987657,-1000.6647929338777,1196.9613071633901,36.119999999999997,0.020814045432886386
140.94933527625309,-1000.1206956676167,1195.85432956866,36.119999999999997,0.020853624576349539
140.93082431910747,-999.59168586252122,1196.70691450917,36.030000000000001,0.02057855742197209
140.91231382348531,-999.56676359785035,1196.70691450917,36.030000000000001,0.020159027643998625
140.89379568170381,-999.97965620021762,1195.41897719133,35.899999999999999,0.01997697580558102
140.87524889657905,-1001.5263967369126,1194.36254434139,36.259999999999998,0.020092123500333917
140.8566978553099,-1001.7562285336533,1198.2354162019999,36.32,0.020487711039528168
140.83813818792459,-1002.2220388078777,1197.2776886555801,36.32,0.020872394864781242
140.81958209992246,-1002.0287521144853,1195.5605978441999,35.979999999999997,0.021200609497032501
140.80103089101601,-1001.7652809487976,1195.5605978441999,35.979999999999997,0.021236445753365179
140.78248519036555,-1001.4678351252787,1193.5800544715,36.140000000000001,0.02115806047394465
140.76395324948751,-1000.7248074127124,1195.9604258490101,36.140000000000001,0.021143783301881693
140.74543571823961,-999.94668738705423,1195.9604258490101,36.280000000000001,0.021195143669946195
140.72693153698393,-999.22578780650258,1194.9085229526199,36.280000000000001,0.021351674155431009
140.70843745126561,-998.6806287902773,1196.3395114349701,35.950000000000003,0.021578659203879455
140.68995236315672,-998.19475787974204,1196.6570850201899,35.950000000000003,0.02161819591273827
140.67145513370627,-998.85039032379871,1196.6570850201899,36.079999999999998,0.02169954590310225
140.65295133532709,-999.20511247573677,1197.8532311741401,36.079999999999998,0.021678751542240145
140.63443426560261,-999.92176512238348,1198.3636854128499,36.299999999999997,0.021616243236992246
140.61590532565293,-1000.5627572816957,1196.99778521035,36.299999999999997,0.021613214376550872
140.59736835666789,-1000.9963251928448,1199.9348640364201,35.920000000000002,0.021594996671481084
140.57882901695072,-1001.1243447277582,1199.9348640364201,35.920000000000002,0.021536318168712223
140.56029904426794,-1000.6185248705933,1201.37038247232,36.090000000000003,0.021427452771314578
140.54178427387399,-999.7976012722346,1200.1790046905301,36.090000000000003,0.021123006525364977
140.52328177520747,-999.13492799244898,1198.96569239684,36.299999999999997,0.020934531671878791
140.50479167244453,-998.46554919879418,1199.7908591974799,36.299999999999997,0.020843966764758404
140.48631624422106,-997.67312406735539,1201.02586758445,35.939999999999998,0.020927487768364846
140.46783490520369,-997.99230693862853,1201.02586758445,35.939999999999998,0.021088584845815096
140.44936241995916,-997.51420320399075,1199.6604442191699,36.009999999999998,0.021000183710246718
140.43088233408764,-997.92463706151364,1199.9744415252701,36.119999999999997,0.020801114541682767
140.41239955876412,-998.06986746958501,1203.7648205476801,36.32,0.020486298535143912
140.39390165358759,-998.88687953284261,1203.7648205476801,36.32,0.020110756161838998
140.37538690906416,-999.79620426636257,1203.24482956467,35.950000000000003,0.020018010915173818
140.35686298480505,-1000.2919099913951,1203.9143090145999,35.950000000000003,0.02029662744420337
140.33833713788141,-1000.3957338766056,1205.0415521909699,36.100000000000001,0.020623853847887109
140.31981993156182,-999.92914125798836,1205.0415521909699,36.100000000000001,0.020823165157727624
140.30131982329007,-999.00584667459566,1204.68654688436,35.859999999999999,0.020544625199356136
140.28283496904692,-998.18212913044476,1208.6943636768301,36.310000000000002,0.020025190382375841
140.26435077811234,-998.14631046619263,1211.60164017697,35.909999999999997,0.019510875767049723
140.24587154905825,-997.87836892128541,1213.6086480151,35.909999999999997,0.019141467701162953
140.22737645647544,-998.73499947223092,1215.23823919752,36,0.019068800743955783
140.20887026149384,-999.33452900553004,1215.23823919752,36,0.019287862295450237
140.19035560182351,-999.79162219746195,1214.25571611592,36.189999999999998,0.019636255585898148
140.17183257370388,-1000.243518461158,1210.5919373741101,36.189999999999998,0.019819511925716279
140.15330954040863,-1000.2437979436733,1210.5919373741101,35.82,0.019597843700710646
140.13478529742966,-1000.3091208645528,1209.09800637937,35.82,0.019056777369732093
140.11625538373215,-1000.6153396646687,1213.8794915532501,36.259999999999998,0.018570332067305937
140.09772597087789,-1000.5882941309015,1213.8794915532501,35.979999999999997,0.018364514951489816
140.079198194047,-1000.4999488680609,1214.1062276489999,36.159999999999997,0.01852167460239372
140.06066763049142,-1000.6504319997445,1214.1062276489999,36.159999999999997,0.018794357567792627
140.04215612800621,-999.62113420285993,1215.1724356618399,35.880000000000003,0.018960304763149947
140.02365252520497,-999.19455126611115,1217.86275122914,35.880000000000003,0.018901177164431616
140.00516675516175,-998.23158233370202,1218.1941530935901,36.310000000000002,0.018509057247522602
139.98667775549742,-998.40598187439684,1217.39926545611,35.939999999999998,0.018006424521917579
139.96817598429755,-999.09564479364496,1220.9154630798701,36.07,0.017699791741822225
139.94964916983452,-1000.4479810036709,1221.2554480141901,36.07,0.017712239384738204
139.93110890086285,-1001.1745244690394,1221.3725115504899,35.920000000000002,0.018013067956651807
139.91255821763582,-1001.7368942594949,1221.15006698967,35.920000000000002,0.018272175353481156
139.89401743540367,-1001.2022405366063,1218.2659170944601,35.880000000000003,0.018192811145740326
139.87549081548269,-1000.437475732318,1218.2659170944601,35.880000000000003,0.017977076476630233
139.85696909328271,-1000.1729987989065,1214.2714517440099,36.299999999999997,0.017717300606797038
139.83845633661613,-999.68885999626332,1214.4590871881401,35.939999999999998,0.017559870873367359
139.81995289627906,-999.18577820157816,1219.3488144098301,35.950000000000003,0.017570066780257729
139.8014539252556,-998.94443526683301,1221.96998858094,35.950000000000003,0.017696073693958699
139.78295682515551,-998.84340540435846,1221.96998858094,35.880000000000003,0.018053478043994153
139.76445832807175,-998.9188425233225,1221.1936975948399,35.880000000000003,0.018269870847727823
139.74595154842584,-999.3661008787733,1218.3405421186101,35.969999999999999,0.01819941939346378
139.72743753136925,-999.75692105656651,1218.3405421186101,35.969999999999999,0.017906373570257515
139.70890442840732,-1000.7875599430345,1218.54653579551,36.020000000000003,0.017732158302046237
139.6903583190099,-1001.4899074619166,1218.0892489062801,36.020000000000003,0.017795835929419
139.67179996271983,-1002.1512396631109,1214.8605841231999,35.859999999999999,0.018014923359738342
139.65324048366793,-1002.2118688034245,1214.7060888655301,35.859999999999999,0.018117451631496247
139.63469601753698,-1001.4011710708477,1214.7060888655301,35.909999999999997,0.018210834302437803
139.61616485690124,-1000.6826743298435,1215.04726589289,35.909999999999997,0.018088907628193263
139.59764975537036,-999.81548266820039,1214.2497556507301,36.049999999999997,0.018025185498906506
139.57914608013328,-999.19846280121226,1210.5623734667699,36.049999999999997,0.017979289926105479
139.56063861234318,-999.40326066558487,1210.5010998846401,35.840000000000003,0.018022179396377101
139.54213125424201,-999.39733746313277,1210.5010998846401,35.840000000000003,0.018406186457403721
139.52361724339406,-999.7565857896667,1210.85372100517,35.960000000000001,0.018856609245329718
139.50508971388146,-1000.4865936796673,1209.97157215733,35.960000000000001,0.019189122448020072
139.48655305016433,-1000.9798407258072,1208.2079897174799,36.119999999999997,0.019370256405022379
139.46800892241225,-1001.3828986126053,1208.4201822781799,36.119999999999997,0.019296333197110677
139.44945121701349,-1002.1160915326584,1208.2003603220401,35.869999999999997,0.019293403665850004
139.43088722829145,-1002.4553909895068,1207.11269463452,35.869999999999997,0.01939775939781679
139.41231431439499,-1002.937350408909,1207.11269463452,36.299999999999997,0.019749170174431865
139.39375456940007,-1002.226229726566,1203.7891392456499,35.93,0.020149186669301378
139.37520788775561,-1001.5208088013603,1200.48060422905,36.009999999999998,0.020521974393814004
139.35667680472966,-1000.6784834001633,1200.48060422905,36.009999999999998,0.020566686159684371
139.33815442025679,-1000.2087615358781,1203.0917648186401,35.869999999999997,0.020419135692591191
139.31963482975186,-1000.0578872649737,1202.0091059218801,35.869999999999997,0.020194024677442829
139.3011099896913,-1000.3413632715959,1199.3290423547101,35.979999999999997,0.020241965018161907
139.2825820307346,-1000.5097836605739,1199.3290423547101,35.979999999999997,0.020485388944951225
139.26404622486913,-1000.9335167352421,1197.01924288502,35.920000000000002,0.020901028890300374
139.24550235685305,-1001.368872868428,1197.7759835453001,35.920000000000002,0.02111962582636696
139.22694477459623,-1002.1094418691259,1197.1832748869999,35.869999999999997,0.021132079673247459
139.20837721373451,-1002.6482865326866,1195.9418291976201,35.869999999999997,0.020899115544733761
139.18980729455797,-1002.7756355338001,1196.8451973015301,35.920000000000002,0.020820473631292209
139.17123838845188,-1002.7209297278425,1195.5548757976101,35.920000000000002,0.020825056777408649
139.15267559596182,-1002.3907944637556,1193.79820749738,36.07,0.02104355125768206
139.134126634647,-1001.6439110004728,1194.5752137392999,36.07,0.021521799892284411
139.11559696723211,-1000.6020404035556,1194.5752137392999,36.090000000000003,0.021849158737318419
139.09708814798901,-999.4762391276405,1192.90223037031,35.859999999999999,0.021982666930306306
139.07859202888272,-998.7904317392688,1191.6252603084199,36,0.021659317946636069
139.06009665069485,-998.75042214533642,1193.66826935628,36,0.021111431224631477
139.0415921962506,-999.24053998977638,1194.8563092775701,35.890000000000001,0.020885181928757719
139.02307031262214,-1000.181715936159,1194.8563092775701,35.890000000000001,0.020954389537192933
139.0045425099224,-1000.5013457859969,1193.1892863737701,35.890000000000001,0.021334282226984056
138.98601227129495,-1000.6328858816705,1189.58678121409,35.890000000000001,0.021754329404565551
138.96748140868138,-1000.6665811339304,1190.06099582446,36.189999999999998,0.021968386657889531
138.94895482808386,-1000.4353522653655,1192.18292143141,36.039999999999999,0.022013038395446615
138.93043000044077,-1000.3406927268043,1191.09716309275,35.869999999999997,0.021801546418755417
138.91191205320237,-999.96915087390482,1192.08683873258,35.869999999999997,0.021482172116969733
138.89340421495308,-999.42326546255117,1192.08683873258,36.259999999999998,0.021478828666389036
138.87491012302465,-998.68096413412104,1192.7238932518801,35.920000000000002,0.021602135774645311
138.8564216366247,-998.37826559798202,1194.23379829333,36.039999999999999,0.02194614874452637
138.83794261039125,-997.86741660541543,1192.1855440361001,36.039999999999999,0.022027987158169452
138.81946510945801,-997.78505039536356,1192.1855440361001,35.880000000000003,0.021825075771462324
138.80097683208655,-998.36697805917993,1191.3103093278801,35.880000000000003,0.021640819812925129
138.78247679521616,-999.0019910008233,1191.8317308225301,35.93,0.021317952003108435
138.76396205793705,-999.79581307218223,1190.0888908015399,35.93,0.021193348282348944
138.74543645729622,-1000.3824346045006,1190.0888908015399,36.090000000000003,0.021143813303112557
138.7269088760433,-1000.4893876584354,1192.3974981781801,36.090000000000003,0.021198937256237851
138.70838703691106,-1000.1793131405791,1190.7197464370399,35.869999999999997,0.021376813658398521
138.68987791240249,-999.49272346277417,1190.7197464370399,35.869999999999997,0.021388418976850881
138.67139066052104,-998.31160159851061,1189.80731842605,36.299999999999997,0.021073888578219312
138.65291439514198,-997.71833046861161,1191.10264672072,35.93,0.020841243157569137
138.63443613466296,-997.82606586693942,1196.66519125285,36.189999999999998,0.02068410213647167
138.6159550419284,-997.97900766652333,1196.66519125285,36.189999999999998,0.020927598491157526
138.59747682801617,-997.82355126076641,1193.8601963353401,35.909999999999997,0.021168718943202117
138.57899156399034,-998.20425739436348,1195.2010625840501,35.909999999999997,0.021164929499061326
138.56050029810862,-998.52835761242898,1195.0778001639601,36,0.021059434450882316
138.54199948203205,-999.04406813442745,1194.2869656428099,36,0.02069635833747582
138.5234862710866,-999.71339105576158,1192.88816367247,36.189999999999998,0.020342156702801959
138.50496432123074,-1000.1852922153519,1192.88816367247,36.189999999999998,0.02005260126854579
138.48643508946657,-1000.578515265669,1192.5732126919299,35.899999999999999,0.019906114582900699
138.46791792247024,-999.92701780202799,1194.5489876924701,35.899999999999999,0.020125084039169801
138.44941086342712,-999.38118832894691,1195.8078379402,36.280000000000001,0.02026839906225187
138.43091784872968,-998.62279366170787,1194.02422833731,35.939999999999998,0.02016414991967979
138.41242976590129,-998.35647273286713,1196.7216964628301,36.140000000000001,0.020056310008223426
138.39393668808026,-998.62620233493101,1200.0884056196701,36.140000000000001,0.019772583618973296
138.37544231572099,-998.69610740165547,1200.0884056196701,35.880000000000003,0.019791648828587055
138.35693762120255,-999.25350399498154,1199.5321750083201,35.880000000000003,0.020073415296736709
138.3384161080335,-1000.1617111282006,1198.0611321998999,35.950000000000003,0.020395218295928705
138.31988323169381,-1000.7753223439496,1198.0611321998999,35.950000000000003,0.020844222355761048
138.30134560043584,-1001.0320879298165,1196.7028613928401,36.090000000000003,0.020875449603436836
138.2828087349321,-1000.9907372023325,1195.40061895855,36.090000000000003,0.020655795107392447
138.26427807410491,-1000.655684668397,1195.1853269559499,35.859999999999999,0.020171438034426174
138.24574602974823,-1000.7303952603287,1195.1853269559499,35.859999999999999,0.019762644341218622
138.22721871443974,-1000.4750266583501,1194.69013150813,36.32,0.019719014979478342
138.20869047712114,-1000.524815205451,1193.2624808862799,35.939999999999998,0.020021474398157969
138.1901742766297,-999.87482653629138,1194.7051518804001,36.159999999999997,0.020450701319733984
138.17167339639511,-999.04753266897944,1197.24192586445,36.009999999999998,0.020739214704330759
138.15318209739999,-998.53014573553753,1197.1916195382601,35.850000000000001,0.020869619519279972
138.13468832315678,-998.66380913328362,1197.1916195382601,35.850000000000001,0.020923122972772396
138.11617759987672,-999.57905712421586,1195.06540239637,35.93,0.020999275152691076
138.09765415680124,-1000.2659260756878,1195.87078045258,35.93,0.021112873737981708
138.07911791528284,-1000.9570419940407,1195.87078045258,36.039999999999999,0.021502127246597589
138.06057589232088,-1001.2692399458734,1197.33324019113,36.039999999999999,0.021921553548557713
138.04203105572972,-1001.4211759227736,1193.1156150240399,35.909999999999997,0.022214544519663496
138.023488519506,-1001.2969560793923,1192.8497782766599,35.909999999999997,0.022349164093517504
138.00494570388531,-1001.3120435185739,1191.32389918851,35.899999999999999,0.022324723084122474
137.98641077449744,-1000.8861869439775,1191.32389918851,35.899999999999999,0.022278146612068575
137.96789191766783,-1000.0182687992701,1189.7670256813799,35.950000000000003,0.022368551131704151
137.94938056419255,-999.61308766535933,1190.1065337784901,35.950000000000003,0.022521692636942561
137.93088569305797,-998.72304126772519,1190.1065337784901,36.189999999999998,0.022657848891567141
137.9123908540025,-998.72130899495323,1190.3168189903299,36.189999999999998,0.02267469858704222
137.89389497497038,-998.77746773406363,1191.85461900885,35.909999999999997,0.022542803648943417
137.87538665553706,-999.44924940024214,1192.40202813173,35.909999999999997,0.022444639152354243
137.85686349185818,-1000.2508386584902,1192.0417776157601,35.909999999999997,0.02243298416127109
137.83832476163951,-1001.0914318088993,1191.0337437431499,35.909999999999997,0.022642168530023141
137.8197787567556,-1001.4842637309878,1187.94741486876,36.210000000000001,0.023062726893681038
137.80123151631852,-1001.5509836027794,1187.94741486876,36.210000000000001,0.023546127810894976
137.78269347527768,-1001.054216204727,1187.64653058607,35.969999999999999,0.023718329351773454
137.76417103285559,-1000.2118907925379,1189.1893373953501,35.969999999999999,0.023590618123851978
137.74566059518159,-999.56363439615029,1190.21048429137,35.850000000000001,0.023120990437775497
137.72715484206057,-999.31066853479149,1190.21048429137,35.850000000000001,0.022814148618802481
137.70864927106413,-999.3008338082301,1190.6644333201,36.310000000000002,0.02275271444539272
137.69014456309375,-999.25423040110195,1189.05343878906,36.310000000000002,0.02299685962570204
137.67164200647781,-999.13805726010105,1186.43584089706,36.229999999999997,0.023438761841575919
137.65314406818749,-998.88866767793513,1186.43584089706,36.229999999999997,0.023695918631800896
137.63464060198157,-999.18717511951434,1185.6125814452901,36.07,0.02386120561789699
137.61613135950384,-999.49909379767973,1186.2608416391399,36.07,0.023570761295653109
137.59760573299374,-1000.3838315444207,1186.29922703495,36.030000000000001,0.023131828965714148
137.57906519807906,-1001.1888853921806,1186.29922703495,36.030000000000001,0.02297351137042003
137.56051898416544,-1001.4955513357415,1190.97390067266,36.189999999999998,0.022934028463925983
137.54197673354702,-1001.2815333952948,1189.7717940535299,36.189999999999998,0.023301630802410343
137.52344521486896,-1000.702008614994,1184.44099240792,36.299999999999997,0.023776099290472901
137.5049162635371,-1000.5633719211907,1185.7999784707999,36.299999999999997,0.023966619952452847
137.48639375488781,-1000.2154670607391,1185.7999784707999,35.950000000000003,0.023778122331691142
137.46787534716168,-999.99401721129493,1188.8770090195001,35.950000000000003,0.02330489766788053
137.44935789973346,-999.94216112452227,1192.727469531,36,0.022759131255886116
137.43084134947912,-999.8937137329566,1188.29622129157,36,0.022664168440189487
137.41233142506809,-999.5359181966794,1188.29622129157,36,0.022697193131373073
137.3938140169617,-999.94003774550572,1188.16342212718,36.07,0.023007012077767907
137.37529914308769,-999.80318919679496,1188.3653626877499,35.869999999999997,0.023030401721786099
137.35677445824814,-1000.3329813352914,1190.40837173562,35.869999999999997,0.022903088891263579
137.33824610399748,-1000.5311295361316,1190.40837173562,35.880000000000003,0.022492197651860928
137.31971564392239,-1000.6448440532002,1191.6717519368799,35.880000000000003,0.02190521297693827
137.3011768692073,-1001.093834615471,1192.0951833838401,36.259999999999998,0.021643462692038803
137.28263570409641,-1001.2229159882842,1196.84925041786,35.969999999999999,0.021693814132994808
137.26410501015684,-1000.6574727365455,1195.4111093772799,36.030000000000001,0.021927903092507819
137.24558753064949,-999.94389339729412,1197.6045605664899,36.030000000000001,0.022307530869879303
137.22707780181477,-999.52535707498976,1200.1656532485099,35.920000000000002,0.022303731074534244
137.20857591368264,-999.10195913531766,1200.1656532485099,35.920000000000002,0.022069048136816472
137.19007297315554,-999.15878846318776,1199.1824149110801,36.240000000000002,0.021772301863730293
137.17157639252602,-998.81535399294751,1199.29614058687,35.880000000000003,0.021463160713384742
137.15307668161864,-998.98438899943676,1198.3372209474101,36.210000000000001,0.021311376860837217
137.13457439715683,-999.12336093815588,1198.3372209474101,36.210000000000001,0.021216146022596472
137.1160687671767,-999.30401892621887,1200.33183101795,36.009999999999998,0.021098444442787221
137.09755472424942,-999.7583180734307,1201.5768529864399,36.009999999999998,0.020952610710056909
137.07903899252332,-999.84951320934408,1200.09174348017,35.869999999999997,0.020722551276183155
137.06051881011118,-1000.0898502554536,1198.7124918356501,35.869999999999997,0.020506246428373759
137.04199823240361,-1000.1111962079553,1200.0147342699399,36.229999999999997,0.020298718785619733
137.02348148657177,-999.90427492059825,1200.0147342699399,36.229999999999997,0.020259858837526925
137.0049766627038,-999.26048887045386,1205.3386217759401,36.310000000000002,0.02025006442553955
136.98646862163321,-999.43421781139705,1205.3386217759401,36.310000000000002,0.020330156096260901
136.96796783246037,-999.04261533317867,1204.7294622337199,36.090000000000003,0.020183641468959491
136.94946265055049,-999.27982313362031,1205.38463656719,36.090000000000003,0.020028359978850538
136.9309534153173,-999.49870259250724,1203.1835559825399,36.049999999999997,0.019851650832115746
136.91244101565673,-999.66958167136954,1203.1835559825399,36.049999999999997,0.019872650092757984
136.89391907304562,-1000.1849009991876,1203.3945564501901,36.210000000000001,0.020031351593927927
136.87540050182085,-1000.0028461371567,1203.3945564501901,36.210000000000001,0.02003698092859774
136.85688224931619,-999.98563525300642,1202.3757937402499,35.880000000000003,0.019888232153280106
136.83836525099142,-999.91790953654709,1203.8985733864999,36.310000000000002,0.019574698267924896
136.81985179272846,-999.72674620018722,1204.7497278153601,35.920000000000002,0.019097278510909858
136.80133988666921,-999.64292719987884,1204.1186337612401,35.920000000000002,0.01875417721013381
136.78282218053963,-999.95613099637887,1201.3570310303,35.979999999999997,0.018706554549730092
136.76431030035064,-999.64153020499873,1201.3570310303,35.979999999999997,0.018890481438614611
136.74579634227649,-999.75373600452986,1201.3994695424401,35.920000000000002,0.019408744862903501
136.72728771136926,-999.46606899128358,1201.82218573358,36.140000000000001,0.019677935370210661
136.70877860548643,-999.49171767306666,1204.2600159955,35.869999999999997,0.019692455733082342
136.69026095730482,-999.95300180567085,1204.2600159955,35.869999999999997,0.019469341884602
136.67173558432231,-1000.3701410561512,1205.07016242387,35.960000000000001,0.019112131037070698
136.65319452269273,-1001.2173279977719,1203.42364352031,35.960000000000001,0.019147040116829744
136.63464185781729,-1001.8439032736862,1200.7054329759401,36.119999999999997,0.019580293452088539
136.61608914844706,-1001.8463059923218,1200.7054329759401,36.119999999999997,0.020238393922509548
136.59754351298889,-1001.4643147403901,1198.7310884870401,35.859999999999999,0.020788334720414522
136.57899968946924,-1001.3664700618563,1197.5580689380299,35.859999999999999,0.02085601290015095
136.56047394085311,-1000.3904252696805,1199.78728291837,35.920000000000002,0.020302202966330642
136.54194532583219,-1000.5452111306457,1200.53472525295,35.920000000000002,0.019717061267227713
136.52341287169142,-1000.7525236011912,1200.9798527932001,35.979999999999997,0.019313455037942965
136.50488414698134,-1000.55113434409,1200.51803595043,35.979999999999997,0.019510538418184214
136.48635130375544,-1000.773534198857,1201.3782502863701,35.93,0.020102756103997602
136.46781138454833,-1001.1556371844382,1200.0671863636001,35.93,0.020814199621088453
136.44926826366174,-1001.3285278756917,1200.0671863636001,35.869999999999997,0.021276549537719708
136.43072648077415,-1001.2562759296762,1196.00095701229,35.869999999999997,0.021329278955343964
136.41218782919995,-1001.0871850068984,1197.0011230708501,35.950000000000003,0.021042762739450764
136.39364380492958,-1001.3773106001091,1197.0011230708501,35.950000000000003,0.020760697209800189
136.37508985482975,-1001.9133053905969,1195.23324909607,36.009999999999998,0.020879824749826442
136.35654615548771,-1001.359764471043,1195.23324909607,36.009999999999998,0.021492873011671538
136.33800660673958,-1001.1356323984639,1193.8141815440899,35.850000000000001,0.022171340469837441
136.31948290392728,-1000.2799518638333,1191.3584698866,35.850000000000001,0.022637238722173526
136.30097251799404,-999.56084039539815,1191.2085045824699,36.240000000000002,0.022664857615398309
136.28246618641734,-999.34190514113482,1190.41337852638,35.899999999999999,0.02233730422199199
136.26396062162954,-999.30049854133028,1187.9526600781301,36.280000000000001,0.021951735639910069
136.24545374471242,-999.37135352544169,1191.7928685894999,36.280000000000001,0.021720029826967892
136.22693837620383,-999.82989946366251,1191.7928685894999,35.979999999999997,0.021787416185468964
136.20842146273321,-999.91332741268639,1193.7746040552399,35.899999999999999,0.022199670266192184
136.18990797756408,-999.72819913334001,1191.6278829130999,35.890000000000001,0.022542949555489987
136.17138059188889,-1000.4788264598017,1189.90745424121,35.890000000000001,0.02267608109060272
136.15285851889135,-1000.1919418678925,1189.6876322850701,36.259999999999998,0.022312552768068945
136.13433376368511,-1000.3367811367434,1191.03684318505,36.259999999999998,0.02191122207431527
136.11581890843826,-999.80218333014352,1192.29259399087,36,0.021845493461014612
136.09730718450376,-999.63309246232552,1192.29259399087,36,0.022154322105629159
136.07880101539143,-999.3331320656099,1190.89236150889,36.170000000000002,0.022643757987849431
136.06030728771461,-998.66129454909481,1194.0795414542599,35.880000000000003,0.023017571204817119
136.04182581106787,-997.99973892457001,1193.7068931706999,36.280000000000001,0.022995745141632329
136.0233498178419,-997.70363420162664,1192.5956240410401,36.280000000000001,0.0228421203775214
136.00486965436059,-997.92882799119388,1192.2089090596301,35.969999999999999,0.022553107188857537
135.98638343624816,-998.25577807134039,1192.2089090596301,35.950000000000003,0.022267801691356937
135.96787995658761,-999.18790166853069,1193.91479419646,35.840000000000003,0.022332267831872109
135.94938136223323,-998.92409513701489,1196.4289184127899,35.840000000000003,0.022568455376323935
135.93087555737168,-999.31346252455148,1196.4289184127899,36.310000000000002,0.022924338567713441
135.91237827514558,-998.85324020786356,1196.0650916177101,36.310000000000002,0.022869870683734066
135.89387740111982,-999.04719739108748,1195.9680552444499,36.159999999999997,0.022485478679512793
135.87537258966915,-999.25981833665435,1199.48258393795,36.159999999999997,0.022024725460159177
135.85686828423709,-999.2324933313638,1199.8423576167099,35.899999999999999,0.021790951072261935
135.8383573922838,-999.58816547763274,1199.8423576167099,35.899999999999999,0.021901805365664096
135.81985782418016,-998.97667759693206,1198.9575861641899,36.170000000000002,0.022269305259143723
135.80136500505924,-998.61223252902619,1198.31337908666,36.170000000000002,0.022542968190181752
135.7828751289187,-998.4533115887175,1197.5091931234799,35.880000000000003,0.022590142780555721
135.76438074414091,-998.69677800140698,1197.4090573083199,36.280000000000001,0.02228450547845345
135.74588594440749,-998.71918560494498,1200.0020980837501,36.119999999999997,0.021715839912011824
135.72737607173576,-999.53312427287119,1200.82988748907,36.119999999999997,0.021468354393688951
135.70886177631743,-999.77195259045152,1200.89306842006,36.07,0.021517568582078386
135.69034458241472,-999.92847074617259,1200.89306842006,36.07,0.021826921854556754
135.67182462765925,-1000.0775567950402,1206.4074523934701,36.159999999999997,0.022019761510149165
135.65330640102465,-999.98423826911835,1207.6763162227101,36.159999999999997,0.021798231944910755
135.63478760938654,-1000.0147484583495,1207.6763162227101,36.329999999999998,0.021274345412918342
135.61626880429623,-1000.0154748754619,1207.0647724944099,36.329999999999998,0.02068961970309131
135.59775366344311,-999.81760606920091,1211.72251841098,35.939999999999998,0.020135511746310241
135.57923435854448,-1000.0424645259164,1211.72251841098,35.939999999999998,0.020063839234866217
135.56071484564939,-1000.0536963352938,1213.7466923888601,36.159999999999997,0.020473160680107398
135.54220581841122,-999.48747086007404,1212.68191488766,35.979999999999997,0.021073916518043634
135.52369991524316,-999.31877107651655,1205.23371758863,36.210000000000001,0.021408021246277043
135.50520172446176,-998.90230219495606,1207.8494081317699,36.210000000000001,0.021149440567826496
135.486707807415,-998.67152052479639,1209.88764880748,35.869999999999997,0.020492469064448994
135.46819790266437,-999.53485653465111,1209.88764880748,35.869999999999997,0.019927257675044743
135.44967805138899,-1000.0719688704799,1211.0606683564999,35.939999999999998,0.019830147630344446
135.43115180192723,-1000.4174709353517,1210.5361474199501,35.939999999999998,0.020249558402241286
135.41262498746298,-1000.447981069623,1210.5361474199501,36.07,0.020832059286486862
135.39410629309751,-1000.009495734737,1210.62388546752,36.07,0.021162359041941081
135.37560207251857,-999.22791126246295,1214.1596334170899,35.850000000000001,0.021064873370984904
135.35709010230107,-999.64639174542265,1215.6883735285301,35.850000000000001,0.020548582288345968
135.338578196242,-999.64292718888669,1214.1145723002601,35.909999999999997,0.019955113527430183
135.3200600151383,-999.98177960121802,1214.1145723002601,35.909999999999997,0.019705207601091606
135.30153604638255,-1000.2943128089586,1214.89587007712,36,0.019899965776834984
135.28301117320859,-1000.3431513947044,1216.0355110210801,36,0.020534756280763462
135.26448680087904,-1000.3161057949852,1214.66794188833,35.880000000000003,0.020871236920391029
135.24596457887051,-1000.1999884603531,1212.0636954383499,35.880000000000003,0.020857047698959897
135.2274422730419,-1000.2045147448691,1209.33117977752,35.909999999999997,0.020499619557561202
135.20891992064816,-1000.2070292631061,1208.73942479365,35.909999999999997,0.020075853291133358
135.19039704878278,-1000.235080729477,1209.9539291803801,35.960000000000001,0.019887467436589826
135.17187072171123,-1000.421661865032,1212.62779386375,35.960000000000001,0.020034292508012138
135.15333255028537,-1001.0612569964879,1212.93344651859,36.049999999999997,0.020487250554037831
135.1347973942753,-1000.8984245430623,1212.93344651859,36.049999999999997,0.021097036084014271
135.11626479112479,-1000.7605701276999,1210.76836714367,36.039999999999999,0.021374608494649883
135.09774358943088,-1000.1448914712071,1208.82382498071,35.859999999999999,0.021086651828441445
135.0792204381691,-1000.2501681356825,1208.7136755840399,35.899999999999999,0.020504679740265656
135.06068511866042,-1000.9072534689237,1208.59089000116,35.899999999999999,0.020084241409011213
135.04214388835803,-1001.2264363292047,1208.59089000116,36.299999999999997,0.020334901701242917
135.02359608291744,-1001.5814937920106,1205.6194788956,36.299999999999997,0.020898914791989822
135.00504248982463,-1001.894027010743,1205.5181509874001,36.030000000000001,0.021516576204642673
134.98649699716921,-1001.4566033928455,1205.5181509874001,36.030000000000001,0.021838386440029126
134.96796426466793,-1000.7675550691243,1205.6204325700301,36.119999999999997,0.021657011371537527
134.94943819008762,-1000.408027337019,1204.2035107855199,35.840000000000003,0.021320451051941639
134.93090923151223,-1000.5637630714032,1203.73120352402,36.329999999999998,0.020981494127092392
134.9123764389914,-1000.7707961253856,1204.07142687695,36.329999999999998,0.021009475198068308
134.89384105532466,-1000.9107180034757,1204.07142687695,36.159999999999997,0.021489904154709673
134.87530235821998,-1001.0896436528146,1204.5134549753,36.159999999999997,0.022178248809459754
134.85675543650115,-1001.5337728175574,1203.8835530142301,35.899999999999999,0.022648171418346737
134.83820681977667,-1001.6253031214428,1201.6469480570499,35.899999999999999,0.022790128782631258
134.81966167170995,-1001.4379956017514,1200.91142665284,36.210000000000001,0.022468450999383514
134.80111233372608,-1001.6642511302909,1200.91142665284,36.210000000000001,0.022120955923429202
134.78256008484317,-1001.8214396769158,1199.4439601235299,36.299999999999997,0.022061188806255516
134.76400258640518,-1002.1049156505619,1199.36599723887,36.299999999999997,0.022383940714216951
134.74544491308413,-1002.1143593368305,1199.3228434709099,35.950000000000003,0.022936783115160939
134.72689341132829,-1001.7810948160835,1197.52421349576,36.039999999999999,0.023412040121251237
134.70834844538777,-1001.4281607872541,1199.5605468226099,36.07,0.023498462721586476
134.68981458184564,-1000.8286312759391,1199.5605468226099,36.07,0.023290306953785516
134.67128618206408,-1000.5335882040318,1199.09992207288,36.259999999999998,0.022947103195384292
134.65276016543336,-1000.404898058375,1199.44038384442,36.259999999999998,0.022944587596064082
134.63422354103827,-1000.9777173357988,1195.7434649161701,36.07,0.023415528441059676
134.61568874203462,-1000.8791461961844,1195.7434649161701,36.07,0.023942227574705786
134.59715702260505,-1000.7128491972147,1196.0107321752,36.049999999999997,0.024374568214532745
134.57862977248908,-1000.4715062624696,1200.72975167391,36.049999999999997,0.024289047970434852
134.56010428257287,-1000.3764554747679,1198.2859609467901,36.280000000000001,0.02391527406654792
134.54157611665684,-1000.5209594657265,1198.2859609467901,36.280000000000001,0.023673006022538714
134.52304792383464,-1000.5224123988793,1196.66447599703,35.950000000000003,0.023519948334941271
134.5045220572506,-1000.3967955386339,1197.19805684067,36.039999999999999,0.023769494148802816
134.485998568642,-1000.2683848645001,1199.5972632881701,36.159999999999997,0.02418145019740528
134.46748348677292,-999.81442092922816,1196.69499357879,36.159999999999997,0.024530768606480721
134.44898212431983,-999.07357246799893,1195.46761458726,35.850000000000001,0.02457132459975897
134.43048532327779,-998.82725627017248,1195.46761458726,36.32,0.024135418031739568
134.41198230514067,-999.16297940385982,1198.80475983676,36,0.023590728848883771
134.39347597356419,-999.34190513014278,1198.7563608594401,36,0.02344430838513515
134.37497503434571,-999.05071779796003,1198.7563608594401,36.159999999999997,0.023588879653629307
134.35647414686798,-999.04792379720789,1198.8619803025699,36.159999999999997,0.024056940651394128
134.33796902394076,-999.27663807059173,1197.0197197222401,35.880000000000003,0.024347098338589678
134.31946537457395,-999.19706580633215,1197.1811291195299,36.310000000000002,0.024349289015496961
134.30096213602349,-999.17488172505284,1197.1811291195299,36.009999999999998,0.0240562773458502
134.28245751290603,-999.24964834319314,1198.42042904144,36.009999999999998,0.023417639443291078
134.26394589348772,-999.62744858850067,1200.5292416249799,36.049999999999997,0.023047177951842256
134.24543187643093,-999.75692106755866,1202.8335574666901,36.049999999999997,0.023073147358520358
134.22692243941111,-999.50959906903256,1203.49159282346,36.280000000000001,0.023521343248262806
134.208423870926,-998.92269819709486,1201.4161588449699,36.280000000000001,0.023987671983229916
134.18992998078519,-998.67006760263575,1200.3141880409901,36.140000000000001,0.024039112034316079
134.17145170685299,-997.82679233901183,1200.3141880409901,36.140000000000001,0.023507313386564768
134.1529771954655,-997.62361492582579,1201.8720152225501,36.030000000000001,0.022797743894021109
134.13448624105911,-998.51153794444338,1201.8720152225501,36.030000000000001,0.022280805020227758
134.11597815549271,-999.43662058499262,1202.84857783897,36.259999999999998,0.02226136417662301
134.09746804895445,-999.54575306613663,1203.3294681703401,36.259999999999998,0.022634708634790633
134.0789643819962,-999.19801574570306,1203.3294681703401,35.890000000000001,0.023104543283275124
134.06046392292606,-999.02478978754959,1201.3646604257401,36.25,0.023614253023342326
134.04196331484454,-999.03283640199425,1198.5358236474799,35.979999999999997,0.023640559774814825
134.02346314138026,-999.00936707047606,1198.5358236474799,35.979999999999997,0.023238954859030738
134.00495738204938,-999.31100386764308,1199.98731613008,35.969999999999999,0.022645374350013219
133.9864407076185,-999.90041926880986,1205.8171279212399,36.159999999999997,0.022298910970885592
133.9679200905889,-1000.1133195979637,1206.6971310016099,36.310000000000002,0.02249182616042791
133.94939577724324,-1000.3129206660045,1204.0492539464501,36.310000000000002,0.022982558646194955
133.930880311463,-999.83515213231476,1204.0492539464501,35.939999999999998,0.023182476356418152
133.91236160364457,-1000.0102221958173,1203.2128814712601,35.939999999999998,0.023050527604759025
133.89384760003952,-999.7561946724303,1201.3765813561199,36.020000000000003,0.022534174429957598
133.87534393825422,-999.19773640608366,1199.5924949160201,36.020000000000003,0.021958529125173726
133.85683984185309,-999.22120566065792,1199.54934114806,35.899999999999999,0.021634272606407125
133.83832516252093,-999.79268393643417,1199.54934114806,36.210000000000001,0.021576666168573854
133.81980551924082,-1000.0607371270546,1201.9607069445501,35.890000000000001,0.022021657268520612
133.80128238143223,-1000.2494416636102,1205.39345805567,35.890000000000001,0.022362686897244671
133.78276119940014,-1000.1438297322348,1204.3484692989,35.979999999999997,0.02253730780922714
133.76424245225925,-1000.0123456078098,1204.3484692989,35.979999999999997,0.022445631520222852
133.7457167419297,-1000.3883577959608,1204.05998278379,36.039999999999999,0.022179534039546544
133.72718871260614,-1000.5135834730177,1204.2721753444901,36.039999999999999,0.022102420533158723
133.70866169635548,-1000.4588775351561,1204.5823579528801,35.869999999999997,0.022306009714083131
133.69014092928023,-1000.1214220627451,1206.2531955544,35.869999999999997,0.022626228419244752
133.6716164006952,-1000.3245435926184,1202.2935393206501,35.890000000000001,0.023042912494183394
133.65309823304466,-999.98105312914572,1202.2935393206501,35.890000000000001,0.023203203454604519
133.63458601550863,-999.65974694480838,1200.53496367156,36,0.023021010890738478
133.6160676005394,-999.99440833952337,1197.6946828001401,36,0.022753904469926117
133.59754715218281,-1000.104211255539,1196.19884445653,35.880000000000003,0.022469636876677163
133.57901981721349,-1000.4760883423623,1195.06778658244,35.880000000000003,0.022681759045928503
133.5604962509951,-1000.2725757941803,1195.7701678002099,35.93,0.023110388884264168
133.54197422973829,-1000.1891478671403,1200.5759716720499,35.93,0.023460276421285422
133.52345250132947,-1000.1733340767984,1204.09717608657,36.079999999999998,0.023725465360079863
133.50491923590502,-1000.7963329196315,1204.09717608657,36.079999999999998,0.023633555194355851
133.48639333724205,-1000.3985278004137,1203.1594757031801,35.890000000000001,0.023639387347450816
133.46786952991479,-1000.2855956717062,1199.61943621867,35.890000000000001,0.023711524494678258
133.44934420246196,-1000.3676824542027,1195.4988474248501,35.960000000000001,0.024045020757458443
133.43081684162217,-1000.4774853482345,1196.5078349718899,35.960000000000001,0.024579117697227908
133.41228989677268,-1000.4550218723758,1196.5078349718899,36.07,0.025061920496732441
133.39376496565072,-1000.3462805854125,1196.03171301266,36.07,0.025273147558764891
133.37523679352483,-1000.5212947985784,1194.1789620136001,35.899999999999999,0.025252251784720878
133.35671888457398,-999.96708334522498,1192.81592283439,35.899999999999999,0.02496251112534139
133.33820670015319,-999.65795872277192,1192.81592283439,36.299999999999997,0.024808532456178388
133.31970123263704,-999.29524587267804,1190.58027155164,35.939999999999998,0.024841542662352622
133.3011869692962,-999.77022040561553,1188.2692799889201,36.020000000000003,0.025226587633330442
133.28267377076924,-999.71272045600995,1188.2692799889201,36.020000000000003,0.025673348250191783
133.2641619164493,-999.64013327607063,1187.4870285376301,35.960000000000001,0.025900918990100601
133.24564910804193,-999.69165399701546,1187.4870285376301,35.960000000000001,0.025763825207291008
133.2271295889382,-1000.0540316021936,1193.5721866574499,35.880000000000003,0.025550796551254126
133.20860647699888,-1000.2480447236902,1193.5721866574499,35.880000000000003,0.025439009900587308
133.19008807548261,-999.993681878443,1189.42108028186,35.939999999999998,0.025547399286705998
133.17156468414564,-1000.2631321958476,1189.42108028186,35.939999999999998,0.026093536163806601
133.15304608705182,-1000.0042430660845,1187.9514679850899,36.159999999999997,0.02665801283754788
133.13453071854201,-999.82989952961429,1186.92984425185,36.159999999999997,0.027122701417359521
133.11602013185563,-999.57168106555491,1188.54369980618,36.020000000000003,0.027036527173868029
133.09749711718774,-1000.2427920660297,1191.4805402136501,35.869999999999997,0.026571932771654504
133.07898248959756,-999.7898898697299,1194.0678589424899,35.920000000000002,0.026112027051755974
133.06046441300859,-999.9761358043371,1194.0678589424899,35.920000000000002,0.025872493990838689
133.04194661478155,-999.96110425946017,1192.75989446162,36.170000000000002,0.025977094967896297
133.02342656896289,-1000.0824742077848,1189.8902881014701,36.170000000000002,0.026263735356511813
133.00490007218383,-1000.4308260687856,1189.97492670714,35.899999999999999,0.02646596688555956
132.98637583644819,-1000.3087297253325,1189.97492670714,35.899999999999999,0.026445912401306566
132.96785826587762,-999.94881081003882,1192.2959318513799,36.159999999999997,0.026189780071713818
132.94933507011984,-1000.2525709202702,1193.1838027458,35.859999999999999,0.025777418369569507
132.93081323098781,-1000.1793131295872,1192.7546492522499,36.280000000000001,0.025554053071626712
132.91229379570376,-1000.0495053396614,1192.2635069207599,36.280000000000001,0.025412019135666347
132.8937705606221,-1000.2546944092068,1193.4429637721701,35.950000000000003,0.025710817427317473
132.87525202871979,-1000.0007227251641,1193.4429637721701,36,0.026029890609656131
132.85673330227539,-1000.0112279965169,1193.18118014111,35.859999999999999,0.025968703754142845
132.83821778475422,-999.83794614405895,1197.43289916908,35.859999999999999,0.025722504495286923
132.81970194851357,-999.85515699523285,1197.43289916908,36.299999999999997,0.025201362245819425
132.80117980411484,-1000.1957975306728,1197.62196512484,36.299999999999997,0.024952485954697436
132.78266213627285,-999.95406346769903,1195.0706476057301,36.009999999999998,0.024891665416439921
132.76414416937405,-999.97021253593289,1194.1629879668899,36.009999999999998,0.024807590785435405
132.7456371362012,-999.37979133406668,1194.1629879668899,36.079999999999998,0.024794808898282394
132.7271411278185,-998.78445266449603,1196.0698599898601,35.859999999999999,0.024517952571060649
132.70865112232721,-998.46029653014193,1198.2335088531399,36.32,0.024091343702155352
132.69015339824077,-998.87710066760997,1198.2335088531399,36.32,0.023700365178742435
132.67165742193683,-998.78272041370803,1200.2681732497399,36.079999999999998,0.023367150372558675
132.65315268913102,-999.25557151266935,1200.2681732497399,36.079999999999998,0.023399677338383936
132.6346469939582,-999.30753933309143,1204.0378098532899,35.859999999999999,0.023527714531126048
132.6161387138481,-999.44712594428177,1206.12945629709,35.859999999999999,0.023617768251355812
132.59761766116659,-1000.1368448018025,1206.68139537351,36.259999999999998,0.023636356412778899
132.57909431536154,-1000.2606734729874,1206.64181788466,36.259999999999998,0.023282063707781624
132.56057106682854,-1000.2554207823508,1206.6494472801,36.170000000000002,0.022819211910817191
132.54205159946412,-1000.0512376783854,1205.5441386156201,36.170000000000002,0.02236364305523612
132.52353938192954,-999.65974686786433,1205.5441386156201,36,0.022083801319954837
132.50503893631236,-999.02406332646933,1203.0991557954701,35.890000000000001,0.022047835716926152
132.4865327154593,-999.33592606636194,1203.32589189123,36.259999999999998,0.022068691130189253
132.46804148786535,-998.52629007275732,1204.38375525281,36.259999999999998,0.021895515833946385
132.44954881879153,-998.60412998730101,1202.5960925336001,35.939999999999998,0.021657145897906779
132.4310594238346,-998.42732767301027,1200.19950869078,36.240000000000002,0.021242918444932108
132.41256305120015,-998.8041222605143,1202.0963671322299,35.920000000000002,0.020917140779325778
132.39405332133197,-999.52541288135853,1202.0963671322299,35.920000000000002,0.020704045887347096
132.37553307476179,-1000.0933147900056,1207.70850273472,36.189999999999998,0.020677655317622966
132.35700731165682,-1000.3912076690334,1209.57055205948,36.189999999999998,0.020901532842421432
132.33847149337282,-1000.9341873349938,1204.93998586416,36.229999999999997,0.021223978446580825
132.31993872775817,-1000.7693431922328,1204.45528083507,36.229999999999997,0.0213258610012113
132.30141217820369,-1000.4336759418582,1205.07922233095,36,0.021110307425658545
132.28288477907512,-1000.4795529428661,1205.07922233095,35.890000000000001,0.020830140764300339
132.26436868309989,-999.8691826624663,1205.1037794475301,36.280000000000001,0.020584939049525821
132.24585673254461,-999.64532998446657,1204.24809506513,36.280000000000001,0.02041748310467292
132.22735202457278,-999.254230478046,1204.24809506513,35.899999999999999,0.020311851466682559
132.20884440052839,-999.41169839726604,1205.6674010357101,36.189999999999998,0.020198490881128298
132.19032175631972,-1000.2227872690634,1203.31277886781,35.899999999999999,0.020229986149719763
132.1717933751643,-1000.5325823923404,1199.69453808004,35.899999999999999,0.020254813134946491
132.15325108004944,-1001.2839362018666,1199.4806765890901,36.240000000000002,0.02031258099982251
132.13470237743454,-1001.62994120556,1199.4806765890901,36.240000000000002,0.020392765804920041
132.11615419636178,-1001.601777928596,1199.6132373348801,35.920000000000002,0.020437979447663148
132.0976038898026,-1001.7165541956288,1201.95474647936,36.280000000000001,0.02052286950673245
132.07903664662589,-1002.6311315428412,1204.67462595399,35.950000000000003,0.020531321773497566
132.06047428357888,-1002.3676045378087,1205.5098063361399,35.960000000000001,0.020586191160318599
132.0419125176137,-1002.3353621197735,1204.6805864191799,36.159999999999997,0.020790834805752327
132.02335998312472,-1001.8368624049812,1198.8824843028201,36.159999999999997,0.021018349664587613
132.00482931505442,-1000.6560757966255,1198.8824843028201,35.859999999999999,0.02153303888493167
131.98630891222973,-1000.1017525326786,1196.0286135707599,36.280000000000001,0.022011730409686969
131.96779332951482,-999.84146660589147,1195.9563727326799,35.920000000000002,0.022080923534537722
131.94927833870855,-999.80950353846777,1196.03362036152,35.920000000000002,0.021927571961041489
131.93076150905802,-999.90880112817024,1199.6346950095499,36.189999999999998,0.0216991971714132
131.91222895764685,-1000.7577762038918,1202.3748400658201,36.189999999999998,0.021547396772449781
131.89368711577538,-1001.2594610586568,1195.7482332883201,36.299999999999997,0.021656260103962661
131.87512963078876,-1002.1041892774175,1195.7482332883201,36.299999999999997,0.021966593340655264
131.85658565204949,-1001.3748519212168,1197.47700661147,35.939999999999998,0.02252594153983975
131.83804913837901,-1000.9717382060659,1198.0487344323101,36.020000000000003,0.0229635793302847
131.81952134188649,-1000.5010105960412,1197.0755096764001,36.119999999999997,0.023262999542814689
131.80100122466666,-1000.0863298705651,1197.52850503069,36.119999999999997,0.023135058582767015
131.78248262136296,-1000.0045783989364,1199.12376393363,35.869999999999997,0.022908960366395736
131.76396586311361,-999.9049454653898,1199.7095584523199,36.280000000000001,0.022972791145873077
131.7454485791838,-999.93333220965269,1196.3540549700299,36.009999999999998,0.023273265815584383
131.72693131388036,-999.93232638696895,1194.9962610001901,36.009999999999998,0.023796680489033585
131.70842560525554,-999.30826573921172,1194.9962610001901,36.159999999999997,0.024311472143797492
131.68992447149378,-999.06122313526498,1195.7701678002099,36.159999999999997,0.024273261015628596
131.67140851211244,-999.86180659281354,1194.92807327844,36.329999999999998,0.02410109672703499
131.65289332572718,-999.82006480305324,1194.49200564528,36.329999999999998,0.023662285462340091
131.63437116891117,-1000.1964680644727,1196.6349120897,36.07,0.023241592568241834
131.61585399467032,-999.92740900720037,1196.6349120897,36.07,0.023107020598894742
131.5973405167457,-999.72780792816752,1197.8074548014899,36.049999999999997,0.023206714543724031
131.57883111904957,-999.50747559108822,1198.5384462521599,36.049999999999997,0.023537440639861972
131.56033248537153,-998.92621861495923,1196.20122864261,35.869999999999997,0.023787916737775406
131.54183876390252,-998.66095932616292,1193.4732429353301,36.280000000000001,0.023732067396917911
131.52334465852215,-998.68169054024145,1196.5047355299901,36.229999999999997,0.023647349117316953
131.50485624455681,-998.37435412883269,1196.5047355299901,36.229999999999997,0.023415033812594722
131.48637772434341,-997.84009152318106,1201.0711671198801,36.020000000000003,0.023325543026116918
131.46789115543197,-998.27472121727033,1201.8913271297599,36.020000000000003,0.023289614667230885
131.44940274767526,-998.37401886193288,1201.6343118708501,36.259999999999998,0.023255776614070831
131.43090001514321,-999.14755673075422,1203.04431951574,36.259999999999998,0.023455869196177523
131.41239413784581,-999.31737405965248,1203.04431951574,35.899999999999999,0.023512255603564753
131.39387945230624,-999.79301913738198,1200.77433595351,36.159999999999997,0.023412829683315137
131.37535969933697,-1000.066660340499,1200.49276357803,36,0.023216044322370653
131.35684402556069,-999.84638391970805,1200.49276357803,36,0.023008390428796214
131.33833158036921,-999.67204033926964,1202.6733401624399,35.899999999999999,0.022875878750102462
131.31982895235191,-999.1419129338733,1203.5151962656,36.229999999999997,0.022836060577522774
131.30133855053094,-998.48169833298005,1210.35351876658,36.280000000000001,0.022656778908393641
131.28285124070129,-998.31473080021067,1210.35351876658,36.280000000000001,0.022481278408060017
131.2643541861321,-998.84094673645802,1211.0923780313001,35.950000000000003,0.022383499887302545
131.24585175162363,-999.13146345789721,1208.2525739970899,35.950000000000003,0.022388415205664588
131.22733746241374,-999.77161733454375,1208.7670813521199,36.030000000000001,0.022343159135645142
131.20881837792703,-1000.0305622816675,1211.3420023133799,36.030000000000001,0.022232877092526603
131.19029288180116,-1000.3767907966276,1213.6255757362301,35.869999999999997,0.022166641428175961
131.17176568342595,-1000.4687122617175,1213.6255757362301,36.229999999999997,0.022123398053462934
131.15324193508297,-1000.2824105207416,1212.70289572512,35.890000000000001,0.02195147900649971
131.13471359324939,-1000.5304590133239,1213.5750309914399,35.890000000000001,0.021630848449938386
131.11619814092114,-999.83442572619435,1213.71092959773,35.93,0.02143454013840591
131.09769273135439,-999.29211660502585,1212.3657718140801,35.93,0.021374034175021053
131.07919697028899,-998.77109753106231,1211.54513496699,36.020000000000003,0.021434721230538367
131.06069777160886,-998.9567287272464,1211.54513496699,36.020000000000003,0.021430617200532916
131.04221376900873,-998.13614040677965,1214.0935914628001,35.899999999999999,0.021104455610730766
131.02372437301614,-998.42738360029125,1217.0166035910399,35.899999999999999,0.020726941943272494
131.00522662409531,-998.87844172421751,1218.9818881728499,35.869999999999997,0.020302041534199008
130.98671663449011,-999.53943868049589,1218.9818881728499,35.869999999999997,0.020026593569414212
130.96819109904322,-1000.3789141316761,1219.1421054771099,36.280000000000001,0.020079671716284851
130.94965911366901,-1000.727210208292,1218.3429263046901,35.979999999999997,0.020347657720359482
130.93112664607648,-1000.7532499963196,1218.4230349568199,36.020000000000003,0.020738082633065879
130.91259312712469,-1000.8100233969091,1218.4230349568199,36.020000000000003,0.020899978574659247
130.89407562795549,-999.94495513626623,1218.2766459318,36.119999999999997,0.020582000203972599
130.87557116109497,-999.24121046861603,1218.88032184605,35.850000000000001,0.020101624024590502
130.85706403685933,-999.38470872482742,1220.0173401853301,35.939999999999998,0.019597669860039309
130.83856205766418,-999.10687653707043,1220.0173401853301,35.939999999999998,0.019437928375094733
130.82006230743332,-998.98651246638917,1219.59223980811,36.07,0.019590530756060862
130.80156274553832,-998.97634233003225,1217.3134347574,36.07,0.019860123801085837
130.78305673889017,-999.3243590010768,1218.51196509742,35.880000000000003,0.020241438309146657
130.76454468381851,-999.65097386928346,1218.51196509742,35.880000000000003,0.020201994730796469
130.7460250281211,-1000.0614076608543,1217.9428598812699,36.299999999999997,0.019839318058417973
130.72749298997164,-1000.7300600703729,1219.6072601803901,35.950000000000003,0.019272267817839084
130.70894159790492,-1001.7751716026394,1220.19543888514,36.119999999999997,0.018943925904369469
130.69038796549009,-1001.8961504007515,1218.0713675107199,36.119999999999997,0.019238923369259819
130.6718397647555,-1001.6028396675683,1218.0713675107199,36.020000000000003,0.019855634823814628
130.65329746860618,-1001.2839920631951,1215.4695052468201,35.909999999999997,0.020358063693268563
130.63476559912954,-1000.7209517389401,1214.3332021633601,36.189999999999998,0.02070656770976604
130.61624033066155,-1000.3644972702622,1211.74135348098,35.859999999999999,0.020617976167772657
130.5977284577161,-999.64113905478621,1211.74135348098,36.310000000000002,0.020473660483156707
130.57921887789399,-999.51731039459332,1208.0682764134699,36.310000000000002,0.020422856845286753
130.56070293817285,-999.86074494177728,1206.8439968638399,36.189999999999998,0.02048343833671841
130.54217855239011,-1000.3168322670576,1208.75659093339,36.189999999999998,0.020889669869320771
130.52364809335074,-1000.6447881259196,1210.6129182115701,36.009999999999998,0.021243636598708964
130.50510560886678,-1001.2941621336001,1211.0394491004299,35.93,0.021488426462694447
130.48655473730614,-1001.7470642749399,1208.56800181484,36.170000000000002,0.021427868763236695
130.46800148155916,-1001.8758103368855,1205.89461396868,36.170000000000002,0.02123248350037588
130.44943798022982,-1002.4290717849159,1206.86831556181,35.880000000000003,0.02122269322952159
130.43087220647283,-1002.551782877784,1207.4982175228899,36.259999999999998,0.02140259473674971
130.41231080372353,-1002.315748462028,1206.9415100743199,36.159999999999997,0.021868306726032984
130.3937611087332,-1001.6835294771686,1206.9415100743199,36.159999999999997,0.02231015720624108
130.37522741386428,-1000.8195229225223,1205.2899843800001,36.020000000000003,0.022628132465174807
130.35669861050991,-1000.5553811350987,1202.2744658320501,36.020000000000003,0.022714234269574207
130.33816608496778,-1000.7563792749638,1203.5752777547,36.159999999999997,0.022567101861712801
130.3196336246198,-1000.7528587911473,1203.5752777547,36.159999999999997,0.022305910369635768
130.30109748761717,-1000.9513981421999,1204.29744771689,35.869999999999997,0.022384845132267951
130.28255517180622,-1001.2850537911753,1201.5809061027701,36.299999999999997,0.022733234283007664
130.26400932214335,-1001.4758817946833,1198.4058855063799,35.969999999999999,0.023139891115921588
130.24545922358024,-1001.7053224082355,1198.4058855063799,35.969999999999999,0.023229183219204218
130.22690182965681,-1002.0992718646729,1201.1851312142801,36.119999999999997,0.022952608352650009
130.20834198014572,-1002.2318736003907,1202.30665234407,36.039999999999999,0.02253532616386952
130.18977738813342,-1002.4879686634497,1198.0582711766101,36.210000000000001,0.022463678485992893
130.17121766900877,-1002.2248327316858,1195.5694193326699,36.210000000000001,0.022674657200748707
130.15267610032467,-1001.2447089413351,1195.5694193326699,35.880000000000003,0.023120283664786627
130.13414064525676,-1000.9145736662562,1194.5959561581601,35.880000000000003,0.023725590562589455
130.11562614080728,-999.78324027214956,1196.6122623219801,35.950000000000003,0.02399277563215798
130.09712511052723,-999.05563512276865,1195.1035493735701,35.950000000000003,0.023891764381984051
130.07863178435323,-998.63961339564526,1198.0751988977399,36.189999999999998,0.023250798176201692
130.06012474497174,-999.38012660096672,1198.0751988977399,36,0.022571661197738898
130.04160113322223,-1000.2750344730727,1199.8208999420301,35.920000000000002,0.022393989687216145
130.02306439085939,-1000.9840875937601,1198.81668076714,35.920000000000002,0.022830850340014228
130.00452392113704,-1001.1853650072921,1199.2343901675199,36.159999999999997,0.023618616782226615
129.98598981648666,-1000.841651120489,1197.23525014344,35.850000000000001,0.024225758392920779
129.96745803807281,-1000.7160343481795,1194.8508256496,35.909999999999997,0.024227663466806108
129.94893660251478,-1000.1575201325685,1196.5004439950501,35.909999999999997,0.02381488266465075
129.93042072798636,-999.85722453490484,1196.5004439950501,36.229999999999997,0.023056906132976722
129.91190805513821,-999.68433379968337,1196.3516707839599,36.229999999999997,0.022499994891277172
129.89339757296801,-999.56603719172995,1199.0505694211199,35.93,0.02259493288154862
129.87489892687287,-998.92688913776692,1197.607898427,35.93,0.022921780536435114
129.8564036583729,-998.74449899784418,1196.0050101286199,36.210000000000001,0.023501401556554814
129.83791235316895,-998.53048101342938,1195.3381532833801,35.880000000000003,0.023646564740422298
129.81941676077778,-998.76198912268569,1193.37692181789,36.310000000000002,0.023203498371715467
129.8009164186393,-999.01847547885302,1193.37692181789,36.310000000000002,0.022696366330255409
129.78240683881737,-999.5173103836014,1193.86162684698,35.969999999999999,0.022194867751977806
129.76389148376055,-999.82917306853392,1195.6690783106201,36.119999999999997,0.022230640878829169
129.74537467377021,-999.9077394771341,1196.6165538569201,35.909999999999997,0.022523768449313409
129.72685709595677,-999.94920192727523,1196.1394782232601,35.909999999999997,0.02288538962250998
129.7083536887333,-999.18399006747757,1196.1394782232601,36.210000000000001,0.023110380606272667
129.68985464527398,-998.94834680193401,1192.10781957004,36.210000000000001,0.023019787755460402
129.67136462736417,-998.46096712989356,1192.7711001361699,36.299999999999997,0.0225687161553456
129.65288100039763,-998.11585619325024,1192.7711001361699,36.299999999999997,0.022155258601584231
129.63439889459116,-998.03371354942499,1195.7675451955299,35.950000000000003,0.021959550468353479
129.61590760180491,-998.52981045764579,1199.4778155658,36.030000000000001,0.02230167595439415
129.59741165861476,-998.78093226861563,1197.2362038178701,36.140000000000001,0.022636046634808695
129.57891659811105,-998.73326719945908,1197.2362038178701,36.140000000000001,0.02260441891835319
129.56041150105432,-999.27524106471969,1197.0902916300599,35.840000000000003,0.022261884685134185
129.5418974715802,-999.75759160135829,1197.3692414008699,36.280000000000001,0.021673221559345694
129.52337118279621,-1000.4195943363521,1194.3072312244501,36.259999999999998,0.021392112183208346
129.50483326489748,-1001.0475665302026,1194.46697169149,36.259999999999998,0.021382806201828072
129.48630226672469,-1000.6739013312625,1195.5951685422899,35.950000000000003,0.021428187484738438
129.467778140679,-1000.3028064679204,1195.5951685422899,35.950000000000003,0.021781018000303781
129.4492661704617,-999.64639173443061,1198.0816362001499,36.030000000000001,0.021973835927771496
129.43077300778631,-998.63078446978363,1197.0335480014701,36.079999999999998,0.021907118043292047
129.41228627537666,-998.28355012114787,1193.41673772535,35.890000000000001,0.02165359134276721
129.39379550309627,-998.50170314093828,1194.82030806784,36.229999999999997,0.021264629642969799
129.37530362668161,-998.56132639261637,1197.0452305132401,35.899999999999999,0.021272733187816532
129.35679867863703,-999.26719440630711,1196.36931376091,35.899999999999999,0.021700682122217544
129.33828129019145,-999.93897606149346,1196.36931376091,36.310000000000002,0.022080973207982735
129.31975360442337,-1000.4950314773002,1195.9029669646,35.920000000000002,0.022271820865995485
129.30121737635793,-1000.9563155329604,1196.7038150672699,36.030000000000001,0.021977265261470813
129.28268871580488,-1000.5476698644979,1199.1461752827399,36.030000000000001,0.021565087764433208
129.26416761862717,-1000.1392475973821,1197.4719998207099,35.93,0.021114333842191104
129.24565267852597,-999.80676546499615,1192.9217806961301,35.93,0.02112387576332609
129.22714382720494,-999.47797133446056,1191.7647351938199,35.880000000000003,0.021672320244498285
129.20863950211105,-999.23355507033602,1191.9828882197,35.880000000000003,0.022411117748297391
129.19014833350138,-998.52310492179254,1191.9828882197,36.280000000000001,0.022980352447977272
129.17166615008531,-998.03790446811331,1194.02899670947,35.950000000000003,0.023129553434050629
129.15318491454701,-997.98671906902814,1196.49758297176,36.039999999999999,0.022818478242243707
129.13469738947902,-998.32635367186458,1195.00675141892,36.039999999999999,0.02242836480059571
129.1161906750246,-999.36258053785275,1193.68901177514,36.079999999999998,0.022457592814700937
129.09766317138269,-1000.485196662803,1192.7567950197199,35.869999999999997,0.022824362126729787
129.07912253195184,-1001.1945292660057,1193.0803290701299,35.899999999999999,0.023578938307547204
129.06057961181597,-1001.3176873374389,1192.95301353371,35.899999999999999,0.024124822683617646
129.04203667305435,-1001.3186931271464,1192.95301353371,36.229999999999997,0.024267975245187916
129.02350071093196,-1000.941954609819,1191.8164720316499,36.229999999999997,0.024068204477608785
129.00497511132721,-1000.3823786552358,1190.2629363850299,35.969999999999999,0.023651708742192603
128.98645542872464,-1000.0628605390472,1188.6886583195501,35.969999999999999,0.023507994284799862
128.96795035753837,-999.27384405884766,1189.18409218599,35.850000000000001,0.023880829621147404
128.9494496066531,-999.04054780449883,1189.18409218599,35.850000000000001,0.02464622776638891
128.93095178529646,-998.88235325931862,1189.3204676294899,36.32,0.025428477672990262
128.9124610978692,-998.49712107203743,1189.0982614872801,36.32,0.025700008910176798
128.893971442142,-998.44140926752448,1189.86859200818,35.939999999999998,0.025367598157376509
128.87546508469504,-999.34330213601493,1189.56293935334,36.07,0.024887268534394064
128.85694162195816,-1000.266987792676,1188.2912145008099,35.869999999999997,0.024615570691305759
128.8384031328481,-1001.0784119423654,1188.2912145008099,35.869999999999997,0.024921408751240857
128.81986034930611,-1001.310311267786,1185.86363623901,36.280000000000001,0.025607804873413551
128.80130992684934,-1001.7228126649809,1185.86363623901,36.280000000000001,0.026442152969999303
128.78276959889504,-1001.177709532068,1184.3258362204799,36.229999999999997,0.026817471824506091
128.76424173824449,-1000.5044751305928,1184.3258362204799,36.229999999999997,0.026778914035011134
128.74573237262726,-999.50574332930819,1184.39140133755,36,0.026233447712269358
128.72723423979386,-998.89917300424804,1185.12024702075,35.960000000000001,0.02584421903559243
128.70873293011618,-999.07072259492622,1185.7298834001899,36.170000000000002,0.025765112493084788
128.69023119823854,-999.09352139264456,1185.7298834001899,36.170000000000002,0.026185067580936923
128.67172964124194,-999.08407781629592,1185.82644293623,35.890000000000001,0.026797883007655787
128.65322302406059,-999.35732779225623,1184.19208338166,36.329999999999998,0.027191961808753565
128.6347082857456,-999.79586901045491,1182.86266122611,36.119999999999997,0.027229716583812319
128.61618112048396,-1000.4669241276169,1183.5786323045099,36.119999999999997,0.026785282215485005
128.59763753082962,-1001.3538413345427,1186.7159827609,36.009999999999998,0.026224251419823385
128.57908083850236,-1002.0613856717408,1189.03055060274,36.009999999999998,0.02607865465704217
128.56052171025067,-1002.1929255915427,1187.5757202596301,36.140000000000001,0.026239840728753294
128.54197224188155,-1001.671291933044,1186.65041764384,36.140000000000001,0.026777102097944653
128.52344631113965,-1000.4002600621938,1187.83798072791,35.859999999999999,0.027156463929852336
128.50492587520014,-1000.1035407327313,1187.83798072791,36.299999999999997,0.02715733626918504
128.48642052461727,-999.28893147604515,1189.13926948777,35.950000000000003,0.026722938442315446
128.46791627195921,-999.22964353523503,1190.5497539698799,35.950000000000003,0.026220219830131359
128.44941478636559,-999.08022205458758,1189.7348391693599,35.979999999999997,0.025805677803912474
128.43090330354079,-999.62007254083164,1189.7348391693599,35.979999999999997,0.025993733558608949
128.41238859833956,-999.79408086536216,1187.65582891176,36.140000000000001,0.026230776889870917
128.39386292008894,-1000.3866255341809,1187.49585002611,36.140000000000001,0.026514919270432504
128.3753346755272,-1000.5252063336795,1188.1064400799801,35.859999999999999,0.026353447592238982
128.35680092270988,-1000.8226521352144,1188.83957729811,35.859999999999999,0.025998497799504066
128.33826557112226,-1000.9089857307038,1191.80598161292,35.979999999999997,0.025467450417088512
128.31972824513079,-1001.0156035397227,1192.9589739989001,35.979999999999997,0.024970563958610057
128.30118885884704,-1001.126859322939,1192.9589739989001,36.100000000000001,0.025004552052528876
128.28266340825328,-1000.3743320627754,1196.7035766486599,36.07,0.025403717946164601
128.26414967059267,-999.74183367234491,1193.4648982840699,35.859999999999999,0.025708776796664952
128.24565242769006,-998.85111674091104,1193.4648982840699,35.859999999999999,0.025820985639350851
128.22716651484311,-998.23929373620672,1194.90423141768,36.280000000000001,0.025294981896277186
128.20868492850863,-998.00566206106998,1198.8266943486601,35.960000000000001,0.024499615860932012
128.19019105699257,-998.66906186788799,1200.7109166039099,36.119999999999997,0.023895740096912761
128.17168724619631,-999.20578299854446,1200.7109166039099,36.119999999999997,0.023543789153007026
128.15316563472095,-1000.1670196691738,1200.2867699011299,35.899999999999999,0.023561343548461774
128.13464252278141,-1000.2480447346821,1200.6937504641701,35.899999999999999,0.023685172198069829
128.11611902175696,-1000.2690553213558,1203.22837868075,35.969999999999999,0.023527925622453812
128.09759069234087,-1000.5297884685323,1197.2910400976,35.969999999999999,0.023176018148639243
128.07907040644824,-1000.0954382019979,1197.3101135862,36.039999999999999,0.022658319731315074
128.06056063829146,-999.52748046499835,1197.3101135862,36.119999999999997,0.022269159347915377
128.04205766568526,-999.16052073595961,1202.99520528259,35.850000000000001,0.022138574474081428
128.02355957217529,-998.89704953729574,1205.7677752694799,35.850000000000001,0.022356323894204933
128.00507380834074,-998.2312470668021,1205.7677752694799,36.299999999999997,0.022634498568771918
127.98658669926181,-998.30389026195792,1207.85966013189,35.920000000000002,0.022758198907577902
127.96809734362714,-998.42520427200986,1204.84247265368,36.039999999999999,0.02245909948223087
127.94959543583337,-999.10302086329784,1203.81512687387,36.039999999999999,0.022088397916000917
127.93108497228889,-999.56503140202244,1203.38954965944,35.869999999999997,0.021644612360473069
127.91256269233097,-1000.2031177280052,1203.38954965944,35.869999999999997,0.02159862985848171
127.89402466474313,-1001.0534897436467,1203.40528528753,36.25,0.02189931252629141
127.87548225166053,-1001.2903064598279,1203.5631184057099,35.909999999999997,0.022117711808950096
127.85694238522822,-1001.1527873443413,1203.1647209125399,36.170000000000002,0.022184115111228888
127.8384103667406,-1000.7289983314006,1203.34258119375,36.030000000000001,0.02192667271879618
127.8198890543233,-1000.1508705349878,1199.9186515711101,35.869999999999997,0.021482169006234588
127.80137626454209,-999.69064818532377,1199.9186515711101,35.869999999999997,0.021191500127263084
127.78286639911491,-999.5327330676987,1201.52654666025,36.240000000000002,0.021242654574513069
127.76436391389994,-999.13420160831276,1203.53331607977,35.880000000000003,0.021639893659624994
127.74584787587288,-999.86605346076635,1202.70218881395,36,0.022313793496445296
127.72732674558156,-1000.1410357314827,1202.8340343039099,36,0.022624903877909212
127.70879762454202,-1000.5725361359362,1202.8340343039099,35.899999999999999,0.02252231144728983
127.69025014402973,-1001.5639476629447,1203.0393127249899,35.899999999999999,0.022165079909563325
127.67168828700115,-1002.3402795435101,1202.18315150537,35.899999999999999,0.021785009238374894
127.65311478223192,-1002.9692575380602,1202.18315150537,35.899999999999999,0.021744653997637028
127.63453638491487,-1003.2334551208603,1200.0535965029701,36.32,0.022130214304577223
127.61596728426653,-1002.7314350101874,1199.9744415252701,35.979999999999997,0.022627596432707012
127.59741397678023,-1001.8786042606937,1198.1886861549201,35.979999999999997,0.022965351949181544
127.5788748119445,-1001.1149011294253,1198.1886861549201,35.979999999999997,0.023048152734958364
127.56036030749502,-999.78324027214956,1196.8471046503901,36.159999999999997,0.022779818004487126
127.54185170245682,-999.4646720623557,1196.3263984115599,35.859999999999999,0.022501812002520896
127.52334366242091,-999.43416193907649,1196.6332431594401,35.960000000000001,0.022380485508613636
127.50483842877027,-999.28261713437269,1196.6332431594401,35.960000000000001,0.022657091419009977
127.48632135180125,-999.92215632755597,1196.1845393400799,36.009999999999998,0.023258772368245747
127.4677816354148,-1001.144684868568,1194.8429578355499,36.009999999999998,0.023867837674489457
127.44922664430385,-1001.9695199910358,1194.52061587818,35.869999999999997,0.024169977345544068
127.43066932178159,-1002.0954162018926,1194.52061587818,35.869999999999997,0.024048899197692111
127.4121150333025,-1001.9315778708232,1197.6951596373499,35.920000000000002,0.023734769266822484
127.39356735824694,-1001.5744530002495,1197.6951596373499,35.920000000000002,0.023475632902417096
127.37501751321098,-1001.6916319419499,1196.0484023151901,36.159999999999997,0.023609095568385495
127.35648627392975,-1000.6869211868044,1195.35365049286,36.159999999999997,0.024158386509658396
127.33796552030606,-1000.1206956786085,1195.46141570347,36,0.02480246851341824
127.31946477562964,-999.04021252660698,1193.6501495421101,35.909999999999997,0.025168043669754829
127.30097779797164,-998.29679353192421,1192.9284564171401,35.890000000000001,0.025184659497873737
127.28248992210486,-998.34529680680248,1191.98002719641,35.890000000000001,0.024832531604597075
127.26400195000129,-998.35049359214224,1191.98002719641,36.280000000000001,0.024392825238179282
127.24549871041494,-999.17493766332541,1191.3036336068701,36.280000000000001,0.02418774076440626
127.22698197803585,-999.90354847050992,1193.6835281471599,36.07,0.02426068195341451
127.20845325332598,-1000.5511343330978,1193.6835281471599,36.07,0.02465549442349288
127.18991848640127,-1000.8774139344044,1193.52641028481,36.100000000000001,0.024977978318070193
127.17137257879023,-1001.4790109963834,1190.18521191898,35.859999999999999,0.025232813009240008
127.15283677913219,-1000.9331815342942,1188.77639636712,36.280000000000001,0.025085015227100129
127.13430707963818,-1000.6037726763276,1188.77639636712,36.280000000000001,0.024901612971371872
127.11580270383962,-999.23629312182345,1190.2538764779399,35.93,0.024792380219806742
127.0973076236741,-998.73432893843119,1190.8036697868899,36.280000000000001,0.024870323635197592
127.07881673446165,-998.50801747161904,1192.2396650600001,36.07,0.025139625907705149
127.0603362719221,-997.94497713637179,1192.2396650600001,36.07,0.02536329750741443
127.04186313785561,-997.54923958980191,1190.31324271122,36.039999999999999,0.025263642893782332
127.02338726156293,-997.69731980499398,1190.31324271122,36.039999999999999,0.025135968916517287
127.00490168606179,-998.22107706234897,1191.38207332874,36.240000000000002,0.024682550377469702
126.98640232491871,-998.96550172582738,1192.1302309191501,36.240000000000002,0.024257921100861259
126.96788081795812,-1000.1613758722928,1192.1302309191501,35.890000000000001,0.024210914141291
126.94935232090491,-1000.5388408726844,1193.7068931706999,36.280000000000001,0.024272737404524496
126.93081297394339,-1001.1247359219386,1192.88101111424,35.969999999999999,0.024533332845998228
126.91228874441597,-1000.3083944804165,1196.13399459529,35.969999999999999,0.024545374843311023
126.89376797734074,-1000.1214220627451,1196.13399459529,36.020000000000003,0.024367792328677588
126.87525768971238,-999.55553193136905,1198.59256727607,36.100000000000001,0.024136815017052532
126.85676540351606,-998.58345460157489,1196.9782348845299,36.280000000000001,0.023962099933171502
126.83827879528158,-998.27684466223877,1197.0523830714701,36.280000000000001,0.023948842037792864
126.81979627969386,-998.05584173639943,1198.7844942551201,35.939999999999998,0.024108182015621118
126.80131598686178,-997.93581293261832,1198.3963487620799,35.939999999999998,0.024242165187658024
126.78282687026538,-998.41229620507738,1198.2051370388399,36.170000000000002,0.024262763974024541
126.76432063699644,-999.33659652321785,1198.40898494828,36.009999999999998,0.024031168883060824
126.74580590489008,-999.79553374355487,1198.83265481384,35.909999999999997,0.023654264709418161
126.72727679730269,-1000.5718097188237,1200.60720450964,36.210000000000001,0.023431043246641171
126.7087451482396,-1000.7090494067551,1199.9510765017401,35.859999999999999,0.023334666879877911
126.69020878358029,-1000.9636916026133,1199.9510765017401,35.859999999999999,0.023462276699095699
126.67168473617888,-1000.2985596769113,1202.97899281728,36.299999999999997,0.023525433820399955
126.65316465207285,-1000.0845417254725,1207.22642031031,35.920000000000002,0.023425622946574354
126.63465655305306,-999.43734706805708,1207.4817666389699,36.020000000000003,0.023279377366311894
126.61615635371852,-999.01076406535628,1207.4817666389699,36.020000000000003,0.02313202144107725
126.59767763275177,-997.85093220432964,1207.90829752783,35.899999999999999,0.02292085852752495
126.5792031855223,-997.62015039127391,1209.0024005177499,35.899999999999999,0.022839113237062499
126.5607131800308,-998.46029654113374,1210.88423858693,35.899999999999999,0.022944587588736083
126.54222140088635,-998.55607380090794,1210.88423858693,35.899999999999999,0.023124758153180928
126.52371960381619,-999.09704178852496,1209.3931686154799,36.299999999999997,0.023224673543188471
126.50521362924694,-999.32262673929699,1208.7849627476901,35.93,0.022938588842359792
126.48670403700731,-999.51798093938487,1212.0496287405001,36.210000000000001,0.022470462652282221
126.46818645298521,-999.94953719417504,1212.0496287405001,36.210000000000001,0.022099092604295538
126.44966983753817,-999.89723413982915,1212.52861172302,35.969999999999999,0.021932362061423724
126.43115273469867,-999.92355333342812,1213.26127210394,36,0.021964686200681614
126.41263790635574,-999.80073051790259,1213.8971345302,35.859999999999999,0.022182071373708777
126.39413135333204,-999.35386327968831,1216.8582936356399,35.859999999999999,0.02233837524716609
126.37563714447158,-998.68727846480181,1216.9679661951,36.259999999999998,0.022421733787835848
126.35714374793089,-998.64341319709695,1216.9679661951,36.259999999999998,0.022329433508607496
126.33865085119997,-998.61642346969836,1216.8852349382901,36.259999999999998,0.02208290931939998
126.32015610217161,-998.71644753147348,1216.8852349382901,36.259999999999998,0.021979388677737913
126.30165752126919,-998.92336873089471,1217.08216870811,36,0.022002830070042327
126.28314619987425,-999.61135532663559,1217.4748441546999,35.93,0.022368420745246653
126.26461797600882,-1000.5240887333787,1215.9222621825099,36.119999999999997,0.022642452060442998
126.24607977871227,-1001.0626540133521,1215.9222621825099,36.119999999999997,0.022733756857200048
126.22753910720373,-1001.1962614618336,1214.38589267563,35.899999999999999,0.022631064055602914
126.20900235242358,-1000.9847581275596,1213.1232277301799,36.32,0.022505846705797843
126.19047546552227,-1000.451892670676,1212.8876701459501,36.210000000000001,0.022453658487083517
126.17195304897047,-1000.2104937976579,1214.54730207292,36.210000000000001,0.022506970498867664
126.15343368508776,-1000.0456496658892,1216.6060467488801,36,0.022687652251628023
126.13491848007658,-999.82107060375267,1215.3693694316601,36,0.023049247552920593
126.11640003199373,-999.99619647362397,1212.9131809369501,36.049999999999997,0.023330602175777211
126.09788418954444,-999.85549226213288,1212.9131809369501,36.049999999999997,0.02336820380504161
126.07936137666316,-1000.2318955895042,1212.17432167224,35.869999999999997,0.023328453926349822
126.0608273247876,-1000.8388012803921,1213.48276299033,36.159999999999997,0.023294746251708603
126.04228259271241,-1001.4155320599409,1209.7100269448799,35.850000000000001,0.023570785096990565
126.02373022689623,-1001.8277540735485,1207.8701505506201,35.850000000000001,0.023931654993248716
126.00515885899503,-1002.8538666645084,1208.12001325131,35.890000000000001,0.024260145924203599
125.98658605478649,-1002.9314272614168,1208.12001325131,35.890000000000001,0.024443389852835812
125.96802563406546,-1002.2627189356098,1206.21624067023,35.950000000000003,0.024355500933945333
125.9494721961927,-1001.8856451293985,1206.21624067023,35.950000000000003,0.024262724656669125
125.93092644380249,-1001.4706290710709,1204.75807246662,36.159999999999997,0.024169052226916538
125.9123837130347,-1001.3074614606653,1203.9889340387499,36.159999999999997,0.024207223004685856
125.89384667885815,-1000.9998455337652,1207.4610242201099,35.939999999999998,0.024364755181288267
125.87531054806416,-1000.9510628753001,1207.4610242201099,35.939999999999998,0.024595060905103223
125.85676641306917,-1001.3832897298417,1203.85708854879,35.869999999999997,0.02479841829025578
125.8382110980656,-1001.9870101928212,1203.85708854879,35.869999999999997,0.02487281027386265
125.81965681579372,-1001.9312426808673,1203.88546036309,36.280000000000001,0.024704016335709015
125.80109909073335,-1002.1171532606386,1203.88546036309,36.280000000000001,0.024558865566080786
125.78253623305055,-1002.3943148706279,1204.69965990778,36.259999999999998,0.024571649528685673
125.76397580508518,-1002.2631101297902,1204.69965990778,36.259999999999998,0.024779397584388012
125.745410719473,-1002.5146230579963,1202.1008970857699,36.119999999999997,0.025184000326338447
125.7268528712703,-1002.1238029461551,1201.2225629356601,36.119999999999997,0.025456056209301688
125.70830743759875,-1001.4534182638648,1202.7217391397601,36.030000000000001,0.025555100290781577
125.68977850385814,-1000.5624219928117,1204.70442827993,36.030000000000001,0.025484926171318648
125.67127069768775,-999.42153320077114,1203.31707040275,36.119999999999997,0.025306536501726592
125.65277024586175,-999.02439860436129,1201.85198805952,36.119999999999997,0.02526311721760769
125.6342612310421,-999.48680026032207,1201.85198805952,36.25,0.025418194837113117
125.6157420761877,-1000.0343621380792,1201.49436014823,36.25,0.025484841321854856
125.59721363708411,-1000.5357115940405,1202.3264410884899,35.909999999999997,0.025686416775242908
125.57868884876427,-1000.3385692708438,1202.3264410884899,35.909999999999997,0.025688456375090377
125.56015351062864,-1000.9082593245834,1201.51700991595,35.960000000000001,0.025536844300789868
125.54161808763966,-1000.9128414044761,1197.3668572147899,35.960000000000001,0.025310466689635817
125.52308213793597,-1000.9412839990755,1202.4704459274301,36.07,0.024939273583488509
125.50454831371729,-1000.8265078089867,1202.4704459274301,36.07,0.024817915012084284
125.48601743144329,-1000.6676427959585,1203.44009440423,35.899999999999999,0.024984047436025367
125.46749328677043,-1000.3038123345717,1203.5740856616601,35.899999999999999,0.025321892978990714
125.44897673030746,-999.89404899985652,1200.50182348511,35.920000000000002,0.025548130892040933
125.4304800782766,-998.81920966671998,1201.3205529833499,35.920000000000002,0.025527566262897917
125.41198522576775,-998.72203547801769,1202.31165913482,35.979999999999997,0.025338569861546176
125.39349088031362,-998.69465452346276,1200.4727364150001,35.979999999999997,0.025139091955778112
125.37500109523587,-998.44839419795687,1201.2640477733701,36.159999999999997,0.024842852723360585
125.35650138432705,-998.98438907638058,1204.46767860266,36.159999999999997,0.024756112452277098
125.33799045926159,-999.58995353478917,1204.46767860266,35.969999999999999,0.024660553577834948
125.31947468821366,-999.85163658836063,1204.8918253054401,35.939999999999998,0.024646702735870822
125.30095288840387,-1000.1771897285868,1202.07085634123,35.859999999999999,0.024804842345492965
125.28243359695659,-1000.0417381527719,1199.8230457095001,35.859999999999999,0.024698120022734794
125.2639199172456,-999.73870439370103,1199.8094558488699,36.32,0.02454111042378521
125.2454051209816,-999.79899825612279,1199.8094558488699,36.32,0.024290669507793662
125.22689511275047,-999.54044448119544,1204.95357572479,36.259999999999998,0.024121355058889741
125.20839178934708,-999.17946378296142,1206.9293507253301,36.259999999999998,0.02411768771222295
125.18989514973472,-998.81853906696824,1205.7277209434201,35.960000000000001,0.024170536134498946
125.17141121853577,-998.13228474399921,1205.52458828981,36.030000000000001,0.02419123012356908
125.15292872881732,-998.0544447964794,1203.2698635184599,36.119999999999997,0.024284997752157728
125.13444431643472,-998.15826865970621,1203.8949971073901,36.119999999999997,0.024200896214576606
125.11594255868762,-999.09491834355663,1202.7317527212799,36.259999999999998,0.024092230531789854
125.09743197200244,-999.5716809996029,1202.7317527212799,36.259999999999998,0.024013432366907686
125.07891320002595,-1000.0136867303693,1205.6070811280099,36.280000000000001,0.023900742333473141
125.06038542319507,-1000.4999488680609,1204.7761922807899,36.280000000000001,0.023971065464314673
125.04185380103713,-1000.7075965285624,1204.7761922807899,35.979999999999997,0.02398865608226702
125.02332384801618,-1000.6174631316212,1204.60190827869,35.979999999999997,0.024084289453340249
125.00479663722224,-1000.4693828724611,1205.43088977705,36.119999999999997,0.023980792607112535
124.98627658416046,-1000.0828653360134,1207.8842172484699,36.119999999999997,0.023828312339090624
124.96776940818386,-999.38750273657149,1207.8842172484699,36.280000000000001,0.023770159525523957
124.94926696229255,-999.1320781303682,1207.91306589998,36.280000000000001,0.02374901850699979
124.93076936134804,-998.87045100407761,1203.8322930136101,35.950000000000003,0.023844989221442531
124.91226538187917,-999.21489131898511,1205.55939740651,35.950000000000003,0.024022607960202013
124.89376137550494,-999.21634420816997,1205.64737387268,36,0.024128420694395938
124.87525175118661,-999.51971319017287,1203.56359524293,36,0.024308247702957423
124.85673523300979,-999.89198154812073,1200.46892171728,36.170000000000002,0.02450921779959184
124.83821214073208,-1000.24698299571,1200.46892171728,36.170000000000002,0.024535964347173696
124.81968394170246,-1000.5227475998271,1199.9284267340199,35.840000000000003,0.024648535376974277
124.80115799750739,-1000.4009865342661,1202.55746871918,35.840000000000003,0.024544610121938964
124.78263495696902,-1000.2441890719018,1202.91390453743,35.93,0.024580189750357282
124.76411902966537,-999.86007439698562,1202.91390453743,35.93,0.024644446874182342
124.74561084061848,-999.44220853153706,1202.7427199772301,36.030000000000001,0.024634078140937692
124.72710439210975,-999.34821947181558,1202.7427199772301,36.030000000000001,0.02466488422963856
124.7085929475727,-999.6180050011601,1202.4840357880601,35.93,0.024823984126782571
124.69008355608399,-999.50714039014019,1203.1179908654699,35.93,0.025085720955442179
124.67157010402967,-999.72641093328741,1201.16105093492,35.880000000000003,0.025422596889672217
124.65306210952464,-999.43170327117616,1200.4450798565199,35.880000000000003,0.025544216234805663
124.63455090609642,-999.60498512363426,1200.10604859663,35.969999999999999,0.025468717023068421
124.61603356318398,-999.93651727268116,1200.10604859663,35.969999999999999,0.025424670635547635
124.59752074753207,-999.69204520218807,1196.16403533984,36.030000000000001,0.025440470007442928
124.57899806400135,-1000.224910659072,1196.16403533984,36.030000000000001,0.025643163048104281
124.56048084526427,-999.92981180278002,1196.4353557152001,35.890000000000001,0.025735282235200184
124.5419597077284,-1000.1414269366552,1200.4686832986699,35.890000000000001,0.025762672430971374
124.52344741258379,-999.6639378085365,1200.4686832986699,35.899999999999999,0.025919940735526305
124.50493147907171,-999.8604096528934,1199.5560168690699,35.899999999999999,0.026026029757635408
124.48641839126775,-999.70674141421318,1191.15128411666,36.240000000000002,0.026260952771762758
124.46791480812713,-999.19348959309093,1192.52457529599,36.240000000000002,0.026290486052147642
124.44941431697909,-999.02652199436955,1192.52457529599,35.93,0.026230593730225255
124.43090988219646,-999.23947826179619,1194.28100517762,35.93,0.02634211547295065
124.41239853493084,-999.61275234349955,1192.2163000364701,35.880000000000003,0.02660974756871632
124.39387750190994,-1000.1357831287822,1189.2994867920299,35.880000000000003,0.026883461199322643
124.37535242177539,-1000.354327265809,1191.5673245867899,36.25,0.027122162284130797
124.35683047916287,-1000.1849010761314,1191.5673245867899,36.25,0.027153291226510046
124.33830993974328,-1000.1091286572916,1194.2974560615401,35.950000000000003,0.027212102176125179
124.31979042063934,-1000.0540316131854,1192.3767557593301,35.950000000000003,0.027320770960079968
124.30126588584686,-1000.3248787935663,1189.3335806529001,35.899999999999999,0.027432359962427769
124.28275051733705,-999.82989952961429,1188.0072579392499,35.899999999999999,0.027564035522454417
124.26423860506915,-999.64326246677865,1189.4504057705899,36.280000000000001,0.027674317570254733
124.24573275467527,-999.31592126939586,1190.9665096958299,36.280000000000001,0.027727911044131304
124.2272243183111,-999.45556366497078,1188.66648538905,35.950000000000003,0.027810493488340575
124.20870646834332,-999.96389826021232,1188.66648538905,35.950000000000003,0.027908021586165978
124.19018629938397,-1000.0891238053654,1186.97132908956,36.119999999999997,0.027983393515463539
124.1716560214347,-1000.6350092606871,1185.5181676767099,35.869999999999997,0.028263418414665148
124.15312558205552,-1000.6437264748834,1184.93881046043,36.310000000000002,0.028473029123897365
124.13458681354948,-1001.093499326587,1184.3050938016299,36.310000000000002,0.028609077759950634
124.11605472986915,-1000.7325187382731,1185.6085283289599,36.159999999999997,0.028426802410266454
124.09751568196546,-1001.1085867987447,1188.8960825081001,36.159999999999997,0.028158535974090227
124.07899494696792,-1000.1196898669172,1190.76027760032,35.869999999999997,0.027940604421665665
124.06047391394804,-1000.1357830738222,1188.5675416669301,35.869999999999997,0.027791953951441014
124.04195878033823,-999.81721492998042,1187.5063404448399,36.280000000000001,0.027899422371260803
124.02344282716552,-999.86147132591361,1187.5063404448399,36.280000000000001,0.028052218253713308
124.00492395791719,-1000.0189394100137,1187.6899227726401,36.189999999999998,0.028255790882318711
123.98640892054435,-999.81201813364862,1186.7722495522801,36.189999999999998,0.028398618515165838
123.96789378590006,-999.81727079130894,1187.6946911447901,35.93,0.028296791849344003
123.94937950289881,-999.77128206764382,1189.8783671710901,35.93,0.028053716650579735
123.9308630302543,-999.88952280327635,1189.8783671710901,36.210000000000001,0.027905283495188695
123.91234084135917,-1000.1982003372444,1192.88840209107,36.210000000000001,0.027674137510352217
123.89380830961002,-1000.7567144539275,1191.65458579714,36.350000000000001,0.027785257749218178
123.87528153343334,-1000.4459135409431,1190.5776489469599,36.350000000000001,0.027997575496221991
123.85675755743328,-1000.294704003139,1191.7902459848201,36.090000000000003,0.028094859376097625
123.83824939322119,-999.44086745294567,1191.6202535176601,36.090000000000003,0.027969717568181125
123.81975024110743,-998.95421414305747,1192.4745073884101,36.07,0.027522248111835481
123.80124876172206,-999.07988680967173,1195.65620370581,36.07,0.027177688767442355
123.78274799841971,-999.04121832730664,1197.60289163624,36.310000000000002,0.026953280389849336
123.76424177653216,-999.33598192769068,1195.9668631514101,36.310000000000002,0.026920408837335666
123.74573230122459,-999.51166660870445,1195.3486437021099,36.119999999999997,0.027151719354861145
123.72722613211349,-999.33313199965789,1195.3486437021099,36.119999999999997,0.027361870225888024
123.70872573823586,-999.02126939166908,1194.58594257664,36.009999999999998,0.027481923913718415
123.6902176464592,-999.43695593982852,1194.3882935510001,36.009999999999998,0.02724112322029084
123.67171499153818,-999.14336573512219,1196.5703006470601,36.299999999999997,0.026624992281187157
123.65320046121862,-999.78463725603751,1196.5703006470601,36.299999999999997,0.02613179696094229
123.63468738686662,-999.70601500809266,1202.21056964523,35.890000000000001,0.025860691032616644
123.61617455259021,-999.69305092594357,1201.0759354920301,36.259999999999998,0.025892434639324745
123.59765187526793,-1000.2245754031642,1201.55015010239,35.960000000000001,0.02613853973157455
123.57913590346787,-999.86247720355709,1201.55015010239,35.960000000000001,0.026155986511511315
123.56063014310251,-999.31105972897194,1200.8058072097101,36.100000000000001,0.025956524126850098
123.54213473180124,-998.75221026844486,1199.42631714658,36.100000000000001,0.02565828358825991
123.52363568316656,-998.94862627345719,1199.2205618882799,36.259999999999998,0.025237029833011789
123.50514018804704,-998.7567364540331,1199.2205618882799,36.259999999999998,0.02481121673237402
123.48663371366803,-999.34961646669547,1202.5918009986599,35.939999999999998,0.024560081461296852
123.46812988941856,-999.20650947061677,1208.2501898110099,35.939999999999998,0.024417943010782987
123.4496199525888,-999.53658880742319,1203.77078101287,36.009999999999998,0.024599758910667211
123.43111248376403,-999.40331653790543,1203.77078101287,36.009999999999998,0.024732671055494461
123.41260068946406,-999.63689219782532,1201.5344144743001,36.189999999999998,0.024703527905305469
123.39408087751113,-1000.0698454584875,1202.4988177417299,36.189999999999998,0.024532953068227933
123.375553913,-1000.4560836003561,1206.9417484929299,35.880000000000003,0.02430993545936292
123.3570198352556,-1000.8401981983284,1206.9417484929299,35.880000000000003,0.024208611703865096
123.33848853699028,-1000.690106326777,1206.50901872027,35.969999999999999,0.024205007489122285
123.31996521084706,-1000.2596117340153,1206.50901872027,35.969999999999999,0.024220923792456554
123.30144199542724,-1000.2536326702344,1204.8148160952101,36.049999999999997,0.024228179832148644
123.28291237975169,-1000.5992464797474,1201.35417000701,36.049999999999997,0.024245356517753416
123.26439180204434,-1000.1111961969633,1201.35417000701,35.909999999999997,0.024136567695084946
123.24585701545922,-1000.8784755964327,1199.78728291837,35.909999999999997,0.023931430450159316
123.22732191739755,-1000.8952953303702,1203.45201533461,35.909999999999997,0.023707326291960023
123.20877699077909,-1001.4260373972458,1205.71794578051,35.909999999999997,0.023628669890252228
123.19022146778026,-1001.9982419362464,1205.2060610301601,35.969999999999999,0.023708299009191362
123.17166968041853,-1001.796517533157,1205.2060610301601,35.969999999999999,0.023760555520979363
123.15311162939496,-1002.1347552730172,1203.4648899394101,35.950000000000003,0.023884538354311268
123.13455500950374,-1002.0574741256478,1202.1357062024699,35.950000000000003,0.023984794195777245
123.1160120179665,-1001.3215430112112,1201.06973660824,36.229999999999997,0.023971593212887856
123.09747597099138,-1000.946536656736,1201.2623788431099,35.859999999999999,0.023868299197909285
123.07892872538011,-1001.5512630083507,1201.3417722394199,35.939999999999998,0.023798248209371629
123.06039094407529,-1001.0401904605496,1201.3417722394199,35.939999999999998,0.023871702664182821
123.04185689220013,-1000.8388012584081,1201.66196842932,36.049999999999997,0.024095738509360001
123.02332188520126,-1000.8903779396096,1202.7250770002699,36.049999999999997,0.024209920728164899
123.00479195805077,-1000.6160661257491,1202.66952546472,35.829999999999998,0.024392448568701465
122.98626012168772,-1000.7191636048395,1200.6935120455601,35.829999999999998,0.024588704111727554
122.96772052120006,-1001.1384263332642,1196.4725490179701,35.93,0.024711419309292278
122.94918014150481,-1001.1805035438123,1193.49112433089,35.93,0.024754028354790302
122.93064319218139,-1000.9952634648646,1197.6675030788799,36.159999999999997,0.024731683857935543
122.91211119956425,-1000.7276013255284,1197.6675030788799,36.159999999999997,0.024632717375272555
122.89358884096184,-1000.207364530006,1197.8880402908401,35.869999999999997,0.024575749407583815
122.87505816668268,-1000.6564110745175,1195.4859728200399,35.869999999999997,0.024547046046786848
122.85653652933705,-1000.1684166640538,1196.3099475276399,35.880000000000003,0.024592286602416778
122.83801082625183,-1000.3879666017804,1197.1928116312999,35.880000000000003,0.024745025567494704
122.81948683679879,-1000.2954304642194,1196.6065402754,36.280000000000001,0.025140383380669422
122.80096673924081,-1000.0852681315929,1193.9221851733,36.280000000000001,0.025541656128686131
122.78244161357536,-1000.3567859337094,1194.7013371826799,36,0.02573991815409768
122.76392191855427,-1000.0635311387989,1196.99754679174,36,0.02573895992513258
122.74540641345058,-999.83727559926729,1195.1271528157199,35.869999999999997,0.025512361898791105
122.72689773701123,-999.4685277251358,1195.1271528157199,35.869999999999997,0.025291927158232256
122.70839649252586,-999.06720221003764,1193.3313838638501,36.310000000000002,0.025266483423657688
122.68989272726047,-999.20332433064414,1192.7434435777,36.310000000000002,0.025223779178916494
122.67137492903467,-999.96110419350805,1193.3666698177699,35.93,0.025429717364658454
122.65286362730014,-999.61029366460718,1193.3666698177699,36.090000000000003,0.025611808519413696
122.63435237213096,-999.60777913537822,1194.6569913216799,35.850000000000001,0.02573300049855437
122.61584881382718,-999.19214840457948,1193.63322182098,35.850000000000001,0.025631667422250221
122.59735033019517,-998.91811612819413,1193.63322182098,36.310000000000002,0.025344629664191019
122.57885417900977,-998.79216401204076,1192.86265288146,36.310000000000002,0.025165397669728234
122.5603560327248,-998.89989938838448,1193.2949058168999,36.119999999999997,0.025337183224587702
122.54185204704565,-999.21522667382089,1193.2949058168999,36.119999999999997,0.025636178133752793
122.52334399976662,-999.43455306730493,1192.9308406032101,35.869999999999997,0.026032189942657109
122.50483487525683,-999.49272352872629,1193.71285363589,35.869999999999997,0.026150999802571559
122.48633342277662,-999.07843393147903,1195.93634556965,36.280000000000001,0.026008333592899623
122.4678238429543,-999.51731040558525,1195.81952045197,36.280000000000001,0.025718478075090367
122.44931333387913,-999.56749005893073,1195.81952045197,36.159999999999997,0.025269708910162357
122.43079515898386,-999.98144434531014,1196.5221400883399,36.159999999999997,0.0250311123454037
122.4122827789851,-999.66851993239732,1196.4472766455699,35.899999999999999,0.025002051974315515
122.39377093915324,-999.63935092068562,1196.4472766455699,35.899999999999999,0.02515174034614559
122.37525668202225,-999.76988507276383,1196.08082724581,36.25,0.025381797716984355
122.35674864819499,-999.43382667217656,1196.9176765582199,36.25,0.02541787715435509
122.33824136770363,-999.39314653345241,1198.68626578883,36.210000000000001,0.025174672615612147
122.31973601712095,-999.28893146505311,1201.2695314013399,36.210000000000001,0.024883772968620509
122.30123566256658,-999.01914593570859,1201.2695314013399,35.950000000000003,0.024558373002889933
122.2827327220397,-999.15878845219572,1203.9660458524299,35.950000000000003,0.024515933669754159
122.26422206395193,-999.57553673932739,1205.6888587103899,36.170000000000002,0.024735770287514718
122.24571158799016,-999.56570193582229,1205.6888587103899,36.170000000000002,0.0249312010894048
122.22720597042856,-999.30334832646724,1207.7416429211701,36.310000000000002,0.024948100450793341
122.20870487495435,-999.05915560658514,1208.6056719548301,36.310000000000002,0.024722599325193967
122.19020375360988,-999.06055260146513,1207.69872757181,36.009999999999998,0.024428811549519609
122.17169568149647,-999.43589412391236,1207.69872757181,36.009999999999998,0.024187991192834324
122.15319459223093,-999.05882033968533,1207.3649415212799,36.100000000000001,0.024149987018320555
122.13468913816796,-999.29451940060551,1208.9511405171299,36.100000000000001,0.024231682631470436
122.11618611278651,-999.16337059804027,1208.26974013683,36.259999999999998,0.024459476892823601
122.09769754360134,-998.38273599918523,1208.26974013683,36.259999999999998,0.024536106118083177
122.07921435228651,-998.09233100040331,1209.04936898343,36.229999999999997,0.024403593402884824
122.06072069497536,-998.65749480260297,1209.04936898343,36.229999999999997,0.024125727103907754
122.04222900068646,-998.5514916001033,1210.55140621083,36,0.023817231672928745
122.02372552723459,-999.18756640163076,1212.8476158198901,36,0.023761914214856631
122.00521686942218,-999.4675218694764,1214.3553750938599,35.950000000000003,0.023934404467253097
121.98671033088513,-999.35308100124746,1214.8736971466201,36.189999999999998,0.024233940574310341
121.96820096526669,-999.50574339526008,1215.18268766197,36.299999999999997,0.024308735092785253
121.94969086597399,-999.54536180600405,1217.32225624588,36.299999999999997,0.024061476195446321
121.93118013545059,-999.57944826343635,1217.32225624588,35.969999999999999,0.023679061688732253
121.9126639877346,-999.87197666321856,1218.15862872107,35.969999999999999,0.023388146524704875
121.89414989927522,-999.76077680728281,1217.2049542909799,36.119999999999997,0.023146972264188853
121.87564195754562,-999.42885339810334,1217.2049542909799,36.119999999999997,0.023186731463686969
121.85713501440109,-999.3749298046348,1219.83971832272,36.329999999999998,0.023240160408131424
121.83863383510864,-999.06368179217327,1219.04793012714,36.329999999999998,0.023359406950773862
121.82013304490134,-999.04267119450742,1211.3074316152799,35.969999999999999,0.023281960228104283
121.80163102741844,-999.10894407674209,1212.11781646226,35.969999999999999,0.022891335600990551
121.78312012201359,-999.58889186176896,1212.11781646226,36.100000000000001,0.022616216705858432
121.76460108305818,-1000.0281035917832,1214.40687351309,36.030000000000001,0.022442689581236699
121.74607165675194,-1000.5890205370218,1217.0669099172201,36.299999999999997,0.022547267787354788
121.72753069860244,-1001.2117400732118,1215.8850688797299,36.299999999999997,0.02282850133702868
121.70898553811865,-1001.4386661245591,1215.8373851582301,35.93,0.02307236298081148
121.69045572169138,-1000.6100870729603,1215.8373851582301,35.93,0.02322108484812762
121.67193036836926,-1000.3690793941228,1212.9484668908699,36,0.023168871800324117
121.65340095448032,-1000.5883500032221,1213.27819982507,36,0.022943861159206835
121.63487078104559,-1000.6293654747982,1213.27819982507,36,0.02277099113372185
121.61633991843323,-1000.6665810679783,1214.25810030199,36.119999999999997,0.022773070056013624
121.59780786165804,-1000.7310658600804,1214.63766272517,35.909999999999997,0.023072475771320926
121.57927856470134,-1000.5820356615495,1211.7978586909601,35.909999999999997,0.023474985117980011
121.56074550623687,-1000.7851570815029,1210.6501115143401,35.890000000000001,0.023672211292607791
121.54220682879239,-1001.0885820017784,1210.6501115143401,35.890000000000001,0.023641536637046805
121.52366623489385,-1001.1920705211612,1211.0432637981501,36.039999999999999,0.023429633845460509
121.50510904275683,-1002.0883753991394,1209.28707233513,36.039999999999999,0.023314795562598575
121.48654541828516,-1002.4357214704324,1209.4162952204099,35.859999999999999,0.023321389324294898
121.46798329531354,-1002.3546404666515,1210.7573998877299,35.859999999999999,0.023463190425943251
121.44941414292487,-1002.7342289889556,1212.57939488642,35.909999999999997,0.023773121134688702
121.43084880999376,-1002.5279782793662,1209.3650352197899,35.909999999999997,0.024056098325709176
121.412292221147,-1002.0557977251966,1209.3650352197899,36.009999999999998,0.024360841552211826
121.39374503969256,-1001.5477985397508,1207.0406922150501,36.009999999999998,0.024560372246841825
121.37520605698262,-1001.1050663369122,1204.1727547851499,35.890000000000001,0.02467031590682936
121.35666915939893,-1000.9924695190725,1204.1727547851499,35.890000000000001,0.024675579950570233
121.33812698018268,-1001.2776776775544,1205.4015642883301,35.920000000000002,0.024711019876813609
121.31958647113707,-1001.1874884632526,1207.1138867275599,35.920000000000002,0.024660635322466703
121.30104019203092,-1001.4990717316221,1204.1801457619799,36.020000000000003,0.024734960038512506
121.2824947780212,-1001.4523565248925,1202.7219775583701,36.020000000000003,0.024779250638283505
121.26394499817674,-1001.6881116010295,1202.7219775583701,35.859999999999999,0.024821536822571592
121.24539170310753,-1001.8779337378859,1201.7320634999401,35.859999999999999,0.024832637151991178
121.22684452786193,-1001.547463261859,1201.93209671165,35.899999999999999,0.024927806937423816
121.20829511226925,-1001.6684420050112,1199.51047891503,35.899999999999999,0.025024043600180138
121.18975304377538,-1001.2716986687337,1198.4702585304101,35.960000000000001,0.025272943704038695
121.17121969970626,-1000.8005797326244,1198.4702585304101,35.960000000000001,0.025433826573115811
121.15269768569135,-1000.1887568048638,1201.4206887985099,36.049999999999997,0.025423368858230728
121.13418586448644,-999.63834506502599,1201.5017511250701,36.049999999999997,0.025419565952964747
121.11567371835322,-999.65589119409208,1200.4033566002099,35.880000000000003,0.025324725236167009
121.0971617740062,-999.6449947395505,1200.4033566002099,35.880000000000003,0.025477451793315897
121.07865090171474,-999.5871037386604,1200.33445362263,35.890000000000001,0.025555848454542188
121.0601346691444,-999.8765587980713,1198.9406584430501,35.890000000000001,0.025562743345049085
121.0416075359619,-1000.465191854845,1197.61528940383,36.299999999999997,0.025581879957453889
121.02308036966419,-1000.4669800768814,1197.61528940383,36.299999999999997,0.025470208175191061
121.0045519957531,-1000.53219119816,1198.42710476245,35.950000000000003,0.025380279666223773
120.98602214103704,-1000.612154667592,1197.4290844713601,36.090000000000003,0.025191752032221428
120.96749309036419,-1000.5687363344845,1197.7030274514,35.950000000000003,0.025071738705375497
120.94897238227159,-1000.1182369997165,1200.14991762041,35.950000000000003,0.025163407747804001
120.93045594274211,-999.88773459223194,1196.9846721869301,36.119999999999997,0.025293975037292561
120.91194734391256,-999.46433679545567,1196.1590285490799,36.119999999999997,0.025464143186969861
120.89344721597898,-999.00690841356788,1196.1590285490799,36.259999999999998,0.025555264830391469
120.87496285533715,-998.15547465895418,1198.96283137355,36.259999999999998,0.025330211762201401
120.85647677381839,-998.24840201267943,1199.6602058005601,36.259999999999998,0.025188770770994528
120.83798565694826,-998.5203109869924,1198.99096476924,36.259999999999998,0.025086814741174468
120.81948389920136,-999.09491833256459,1197.15633358435,35.979999999999997,0.025139584517951188
120.80096905016153,-999.80184815117946,1197.15633358435,35.979999999999997,0.025423626517764364
120.7824440807518,-1000.3483481250843,1198.71845230084,36.119999999999997,0.025489298217557996
120.76391835076042,-1000.3894195349329,1198.20132234112,36.119999999999997,0.025577858708991912
120.74540031246065,-999.97406818772129,1198.20132234112,36.280000000000001,0.02543023683870058
120.72688360595062,-999.9021515415817,1197.4185940526199,36.280000000000001,0.025230405028898222
120.70837257740365,-999.59554153629347,1193.76315996208,35.920000000000002,0.025036797545880382
120.68986722061251,-999.28926672096111,1193.76315996208,35.920000000000002,0.024932736736927655
120.67137149162585,-998.76936528027431,1200.15993120193,35.979999999999997,0.024908650663389747
120.65287649631487,-998.72974679258652,1200.13918878307,35.979999999999997,0.025094635784370836
120.63438086460005,-998.76411260063003,1200.4333973447599,36.159999999999997,0.025176818789384103
120.6158758906852,-999.26859140118711,1200.4333973447599,36.159999999999997,0.025272786414057918
120.59736480936424,-999.59839133242235,1200.1608848763599,35.859999999999999,0.025155004115333075
120.57884651857158,-999.98770280367023,1200.3244400411199,35.859999999999999,0.02492130112778421
120.56032124906791,-1000.3645531975428,1198.9740370481099,35.950000000000003,0.024800859391520019
120.54179494165675,-1000.4206002030038,1198.9740370481099,35.950000000000003,0.024640887152600637
120.52326878843216,-1000.412274128028,1197.7395054983499,36.039999999999999,0.024668263897220856
120.50474450095676,-1000.3115236711245,1197.7395054983499,36.039999999999999,0.024677178722689073
120.48622932181607,-999.81967359788075,1198.66933806769,35.890000000000001,0.024471125673224906
120.46772510744557,-999.22757600655518,1197.9342935007001,35.890000000000001,0.024280678483788322
120.4492250457408,-999.00333205743084,1197.8122231736399,36.210000000000001,0.024134777488585828
120.4307252034137,-998.99148566351846,1198.1469628986099,35.869999999999997,0.024033919385631142
120.41222444011115,-999.04121833829868,1196.3232989696601,35.890000000000001,0.024104637818199593
120.39372508517529,-998.96516653587139,1199.3919848670901,35.890000000000001,0.024173361144081678
120.3752279985284,-998.84267893228593,1199.97372626945,36.189999999999998,0.024282815351002837
120.35672917651591,-998.93638867437255,1199.97372626945,36.189999999999998,0.024504813673412864
120.33822088295447,-999.44785231742583,1198.6218927647899,35.960000000000001,0.024565628004856083
120.31969992857806,-1000.1315363267813,1198.68149741667,35.960000000000001,0.024561235271474868
120.30117308720988,-1000.4494338818636,1198.68149741667,35.869999999999997,0.024432055649546276
120.28264513549753,-1000.5093924663935,1200.1909256209001,35.869999999999997,0.024487047141779975
120.26412187351093,-1000.2561472764073,1194.22044685131,36.329999999999998,0.024581856818399576
120.24560928655181,-999.67969579250996,1193.34497372448,36.329999999999998,0.024771519627481062
120.22710309156921,-999.33452906049001,1193.34497372448,36.090000000000003,0.025081943930222415
120.20860468554804,-998.91392514355391,1194.8939794175601,36.090000000000003,0.025262371121360289
120.19011446481736,-998.47191945675559,1194.3162911315301,35.869999999999997,0.025218862831988514
120.17162199649523,-998.59328939408829,1194.3162911315301,35.869999999999997,0.025079533874021644
120.15312830814065,-998.6591711480944,1196.7839237194,36.310000000000002,0.024872777158639749
120.13462901839772,-998.96164611800702,1196.2005133867899,36.310000000000002,0.02489592156163823
120.11611517001371,-999.74781273612587,1194.2192547582699,36.159999999999997,0.0252347863757919
120.09758537324828,-1000.609025333988,1192.6561823673501,36.159999999999997,0.025541236001126923
120.07904997612836,-1000.9114444755481,1192.7031508330299,35.899999999999999,0.02596141253110398
120.06052138180372,-1000.5440935303448,1192.7031508330299,35.899999999999999,0.02622977933581529
120.04199141636548,-1000.6181336654208,1189.73078605304,36.170000000000002,0.026313019914037467
120.02346810263832,-1000.2589412661677,1189.73078605304,36.170000000000002,0.026363624880925578
120.0049573855681,-999.57872179136393,1191.83339975278,36.280000000000001,0.026324268221180832
119.98645824587165,-998.95354360925785,1191.83339975278,36.280000000000001,0.0264195984077365
119.96796471894572,-998.65045399985001,1190.0719630804001,36.079999999999998,0.026659770973674477
119.94947002890245,-998.71326233654077,1187.23692741834,36.079999999999998,0.026984506596949408
119.93097843809262,-998.54590373050291,1186.0527021947701,36.039999999999999,0.027285607326840659
119.91247770686918,-999.03948606552672,1184.7962361331299,36.039999999999999,0.027326454100167884
119.89396705499149,-999.5752013954833,1185.70461102779,35.890000000000001,0.027182258457726052
119.87544418312594,-1000.2350807404688,1186.35716275658,36.229999999999997,0.027076518163438444
119.85690908506548,-1000.8952952644182,1186.35716275658,36.329999999999998,0.027099428693788306
119.83836772437785,-1001.2334771319579,1185.65883465515,36.329999999999998,0.027441330671615739
119.81982845606061,-1001.1204891309295,1185.3341085116999,35.960000000000001,0.027859846338939905
119.8012861143802,-1001.2864507420875,1185.3341085116999,35.960000000000001,0.0283478200392598
119.7827556480963,-1000.6451793310921,1185.4645234900099,36.020000000000003,0.028613784043302566
119.76423366719641,-1000.1869685938192,1184.0557079381599,36.020000000000003,0.02870991101305348
119.74572406046934,-999.51876326179411,1182.9983214137901,36.140000000000001,0.028625439020136836
119.72721730669392,-999.36470387290115,1182.9983214137901,36.140000000000001,0.028571557875521545
119.70870336828159,-999.75267426555774,1185.3846532564901,35.869999999999997,0.028626198567738761
119.69018403751126,-1000.0438615977405,1186.65065606244,35.869999999999997,0.028809445598149675
119.67165794327053,-1000.4090889990473,1184.63601882887,35.939999999999998,0.029151587638952019
119.65312947208659,-1000.5374439327644,1184.63601882887,35.939999999999998,0.029414047802893729
119.63460222817906,-1000.4711710065617,1182.49215871002,36.009999999999998,0.029561789710473851
119.61607215201721,-1000.6241127401936,1182.49215871002,36.009999999999998,0.029405083302148496
119.59753743683325,-1000.8746199336524,1187.1594413708999,35.899999999999999,0.02907029042605087
119.57899349120737,-1001.3730637981082,1187.4991878866199,35.899999999999999,0.029030131802012749
119.56045142271492,-1001.2716985917897,1187.4991878866199,36.189999999999998,0.029198230344505052
119.54191857845434,-1000.7735900711778,1185.9365923329101,35.909999999999997,0.029563215665194854
119.52339816217669,-1000.102478993759,1186.9060023910999,35.939999999999998,0.02988048518275898
119.50488430137396,-999.74848334686942,1185.96329521695,35.939999999999998,0.030084916705449227
119.48638528481982,-998.9468939237413,1185.96329521695,36.009999999999998,0.030088760989477169
119.4678871851,-998.89738487014745,1186.3068564303901,36.009999999999998,0.029974090349225168
119.44938894154319,-998.90515206802888,1187.7247318893401,35.880000000000003,0.029688488896277013
119.4308825189037,-999.34682253189544,1189.7717940535299,35.880000000000003,0.029749024865778066
119.41236911858913,-999.72361698749535,1190.8189285777701,35.939999999999998,0.029783597630122872
119.3938521978754,-999.91371854091494,1190.06123424306,35.939999999999998,0.029975498714104782
119.37533021697531,-1000.1869686048112,1189.9880397305501,36.210000000000001,0.030080594334283339
119.35681019702713,-1000.0810772019128,1189.9880397305501,36.210000000000001,0.030161097852333282
119.33829735550619,-999.69344213111617,1189.44635265426,35.899999999999999,0.03009796556337509
119.31979276550231,-999.24786020909255,1189.44635265426,35.899999999999999,0.029722067217097782
119.30128249029268,-999.55486132062549,1194.4095128070701,35.880000000000003,0.029441288986675647
119.28277637292111,-999.33033806485764,1194.4095128070701,35.880000000000003,0.029340419508428979
119.2642732057718,-999.1710260622724,1196.8826290229099,36.32,0.029182871807666388
119.24577450069258,-998.93007427773966,1196.50378185556,36.32,0.029222530626823201
119.22727532167407,-998.95566699926621,1198.54822141507,36.07,0.029124781075270213
119.20877634444197,-998.94477053373282,1198.54822141507,36.07,0.029035463097437361
119.19027085105553,-999.29664286755792,1196.4613433434199,35.859999999999999,0.029002365963904795
119.17176254507538,-999.44852292816972,1196.0193152450699,35.859999999999999,0.028825733393934735
119.1532397570297,-1000.2305544669448,1196.93722688403,36.310000000000002,0.028623098299621012
119.13471895787431,-1000.1231543904769,1199.12114132895,36.310000000000002,0.0283813424851137
119.11619904864934,-1000.075098149124,1199.12114132895,35.93,0.028046244340090194
119.09768297233471,-999.86812098944608,1199.9649047809701,36.119999999999997,0.027720724334831717
119.07916729234937,-999.84671920859205,1198.0723378744501,35.899999999999999,0.027474855180097516
119.06065679051834,-999.56709887574232,1198.0723378744501,35.899999999999999,0.027446347390946358
119.04215294764334,-999.20751524933235,1201.1324407020099,36.259999999999998,0.027399278346134495
119.02365454783082,-998.91358987665387,1200.2827167848,36.259999999999998,0.027284069608547706
119.00516304808399,-998.54098632875025,1206.1165816922901,36.210000000000001,0.027026425425441564
118.98666479831731,-998.90548740088082,1206.26702383364,36.210000000000001,0.02664334865192728
118.96815851227274,-999.33944640728248,1205.98568987676,35.869999999999997,0.026262524636694328
118.94963886899259,-1000.0607371270546,1205.98568987676,35.869999999999997,0.026145173856698001
118.93111639345692,-1000.2136789266385,1206.8618782594101,36.259999999999998,0.026074325042557384
118.91258486236178,-1000.7026791378017,1206.13660885532,36.259999999999998,0.026145804047629697
118.8940479192468,-1000.9949282089567,1207.0595272850401,36.240000000000002,0.026288995932458498
118.87551628984453,-1000.7079877227429,1207.0595272850401,36.240000000000002,0.026151528585003126
118.85698401162233,-1000.743023998634,1203.35164110084,35.960000000000001,0.025917479977111024
118.838456767715,-1000.4711709955695,1203.35164110084,35.960000000000001,0.025527858074362607
118.81993437703326,-1000.2090968137697,1205.17530502979,36.140000000000001,0.025174202816032814
118.80141235060127,-1000.1894273276715,1205.6721694078601,36.140000000000001,0.024978685088209291
118.78288482108889,-1000.4865936686751,1206.6642292337699,36.32,0.025047419800375358
118.76435516712577,-1000.6013140084273,1206.2055118328899,36.32,0.025267644473490603
118.74581506682712,-1001.1654161266146,1204.72827014068,36.119999999999997,0.025564281062324262
118.72727729173216,-1001.0398551276977,1204.4478898582299,36.119999999999997,0.025529267477375269
118.70873541157273,-1001.2615286093206,1205.78970978137,36.020000000000003,0.025321500786574053
118.69018242901373,-1001.8610581865877,1205.78970978137,36.020000000000003,0.025118214805637428
118.67162671043573,-1002.0088032118238,1206.5645702558199,35.859999999999999,0.024986647893562256
118.65306625039267,-1002.2648423256181,1205.03106177223,36.240000000000002,0.02506752601683369
118.6345089734013,-1002.0929575339921,1202.3071291812801,36.189999999999998,0.025384272967940543
118.61596170812861,-1001.5523247253388,1202.1206858302,36.189999999999998,0.025789998470730862
118.59742868174325,-1000.783424808731,1202.1206858302,35.969999999999999,0.02608224335617413
118.57889654632216,-1000.7353127390252,1199.77107045306,35.969999999999999,0.026156925077218708
118.56037730040619,-1000.0392794628879,1198.4139917390301,36.189999999999998,0.025920992093371589
118.54185787133096,-1000.0491700617696,1198.4139917390301,36.189999999999998,0.025712818738375467
118.52333627330758,-1000.1662932630534,1200.029277805,36.299999999999997,0.025508239241828996
118.50481818326664,-999.97686221045763,1200.9614945604201,36.299999999999997,0.025613048212710331
118.48628448218885,-1000.8198582004142,1200.5654812533201,35.939999999999998,0.025899932820496956
118.46774161379393,-1001.3148933256947,1200.5654812533201,35.939999999999998,0.026256250635447016
118.44919281494327,-1001.63513793594,1197.2314354457201,36.030000000000001,0.026459494196231743
118.43064975821372,-1001.3250633960998,1197.2314354457201,36.030000000000001,0.026460607635654634
118.41211107456058,-1001.0889172686784,1198.43211155321,36.140000000000001,0.02632726086889527
118.39357176071246,-1001.12294779883,1198.43211155321,36.140000000000001,0.026309376377053911
118.37503548608025,-1000.9588301391334,1195.57490296065,35.869999999999997,0.026483164269298198
118.3565151484483,-1000.0982321258062,1195.57490296065,35.869999999999997,0.02678300461121939
118.33799813046171,-999.91897127551943,1195.7391733812301,35.960000000000001,0.027081117857599226
118.31949630131365,-999.09877399534503,1193.8203804278801,35.960000000000001,0.027293215195725837
118.3009991618901,-998.84552887131076,1192.2005644083699,36.079999999999998,0.027321585349401045
118.28249886528535,-999.01601665706471,1191.2847985368701,36.030000000000001,0.027257558994206788
118.26399795814579,-999.04898553618,1192.6211348320401,35.920000000000002,0.027215936113630632
118.245479173752,-1000.014357264169,1193.3895580040901,35.920000000000002,0.027294114437360482
118.22695152006182,-1000.4932992704802,1193.3895580040901,35.899999999999999,0.027397003857692913
118.20842415301358,-1000.4778206041423,1193.53284758721,35.899999999999999,0.027578228875655079
118.1899009893333,-1000.2508387354342,1191.94283389364,35.920000000000002,0.02769003932603091
118.17137301796035,-1000.5104541394137,1191.94283389364,35.920000000000002,0.027797940288870494
118.15286074247656,-999.66287612452436,1190.59266931923,36.210000000000001,0.027685291652925017
118.13435238372098,-999.45137280124266,1189.8831355432401,36.210000000000001,0.027646677978488972
118.11585855773703,-998.666603134036,1194.69919141521,35.939999999999998,0.027754967002382797
118.09736937698381,-998.41576067367725,1194.69919141521,35.939999999999998,0.027857772595710709
118.07886969091119,-998.98304792084525,1192.5028792027099,36.119999999999997,0.028081892268299515
118.06036680936796,-999.15560333420706,1191.74709221686,35.829999999999998,0.02828397788143714
118.04186149810732,-999.28680807504475,1192.02151203412,36.329999999999998,0.02833342800204974
118.02335300275806,-999.45874885990327,1191.6116704477899,36.329999999999998,0.028425289521469787
118.00483408797905,-1000.021398066922,1191.8133725897501,35.890000000000001,0.0283235549504662
117.98630846767782,-1000.3834962665287,1192.02151203412,36.229999999999997,0.028152669681684644
117.96777006963076,-1001.0734945406128,1192.65999706507,35.979999999999997,0.028189860488522393
117.94923807701241,-1000.7276013914806,1192.65761287899,35.979999999999997,0.028218885677078025
117.93070386267411,-1000.8475742679811,1192.65761287899,36.119999999999997,0.028328838655429223
117.91218738382096,-999.88985807017627,1190.8282269034701,36.119999999999997,0.028281245998291928
117.89367464060632,-999.68813359014291,1193.34640423613,36.32,0.028186164173058231
117.87516787337772,-999.36543034497345,1193.34640423613,36.32,0.027996677281728399
117.85666769370359,-999.00970240332799,1195.0477594194101,36.159999999999997,0.027740085495821919
117.83816283672222,-999.26227699356252,1195.0477594194101,36.159999999999997,0.027451039187253386
117.81965790212962,-999.26646800018671,1198.31290224944,35.979999999999997,0.027329792369854004
117.80114983001479,-999.43589420085641,1198.0511186183801,35.979999999999997,0.027303213464678518
117.78264531762215,-999.24366920246837,1197.9698178732201,36,0.027422440347320137
117.76413160583223,-999.74043665548072,1197.61218996193,36.140000000000001,0.027475513307189538
117.74562312393596,-999.458022398823,1197.49655693728,36.280000000000001,0.027346246773372832
117.72710368865067,-1000.0495054056134,1202.4549487179499,36.280000000000001,0.027289708248757184
117.70859937080111,-999.23316387615557,1202.4549487179499,36,0.027050665678225099
117.69010186816291,-998.86514246310446,1203.51042789345,36,0.026910419886543087
117.67160474219256,-998.84480239923846,1205.6063658721901,36.189999999999998,0.02682503416677889
117.65311597122098,-998.39363246471873,1209.01217568066,36.189999999999998,0.026663064748367493
117.63463320210612,-998.06953220268508,1208.2990656255599,35.880000000000003,0.026597855613383625
117.61615188171488,-997.99130112693672,1207.69920440903,36.310000000000002,0.026543016234510788
117.59767721407165,-997.63205273445089,1209.35406796385,35.960000000000001,0.026328554377787784
117.57919910363827,-997.81796340215817,1209.35406796385,35.960000000000001,0.026118289680968187
117.56070488132463,-998.68800493687411,1208.08329678575,36,0.026000496004712246
117.54220871047779,-998.79322572902902,1209.54742545455,36.170000000000002,0.025863109361720028
117.52369901993207,-999.52328946936598,1209.9215042497499,36.299999999999997,0.025811913527362305
117.50518706937659,-999.6453299954585,1212.05105925215,36.299999999999997,0.02578242371279392
117.48667378599386,-999.71730266780662,1211.3279356155299,35.950000000000003,0.025788213435559211
117.46815976997172,-999.75686519523799,1211.3279356155299,35.950000000000003,0.025818959497778793
117.44965104696661,-999.47104227634884,1209.12375558898,36.07,0.025798647352770834
117.43115136192847,-998.98299205951673,1209.8232757834501,36.07,0.025658153200784631
117.41265760113845,-998.66308266121132,1208.0492029248701,36.280000000000001,0.025485164171055018
117.39417377962842,-998.12636154154711,1208.0492029248701,36.280000000000001,0.025303576971067054
117.37568689199752,-998.29193206844445,1213.6346356433201,35.920000000000002,0.025206863261748504
117.35718998023208,-998.83323533395344,1213.74311610974,35.920000000000002,0.025108355197469751
117.33868525984317,-999.25490100085369,1213.0829349855101,35.979999999999997,0.025059062366227257
117.32017012520011,-999.81727072535716,1213.0829349855101,35.979999999999997,0.025115402209276175
117.30164907355307,-1000.1367889404739,1211.8395819472801,35.909999999999997,0.025151088416300756
117.28312084140862,-1000.5245357998797,1210.62579281638,36.189999999999998,0.025194206590743302
117.26459116881854,-1000.6023198640869,1209.78083727131,35.909999999999997,0.025006335021001542
117.24606108541235,-1000.6245039343743,1210.3337300221599,35.909999999999997,0.024778054407139372
117.22753300435068,-1000.516377330874,1211.4569200822,35.969999999999999,0.024641732578639407
117.2090059549852,-1000.4606657352089,1211.0363496585301,35.969999999999999,0.024637316044124283
117.19048988591491,-999.86772979526563,1211.0363496585301,36.140000000000001,0.024709174824524227
117.17198417729011,-999.30826573921172,1210.9323991456499,36.140000000000001,0.024844769179255231
117.15347075834818,-999.72462286513894,1211.7170347830099,35.880000000000003,0.025084298101278546
117.13496019753347,-999.57028399373087,1211.7170347830099,35.880000000000003,0.02532901552596838
117.11643848878647,-1000.1722723378261,1212.2527613941099,35.960000000000001,0.025448842592814831
117.09790780829867,-1000.6567463414173,1213.93170522829,35.960000000000001,0.025400447970569933
117.0793647194902,-1001.3267956578796,1212.1726527419901,36.119999999999997,0.025442329549219881
117.06080703375184,-1002.1150298706302,1212.1726527419901,36.119999999999997,0.025565276547645344
117.04224430645552,-1002.3872740019231,1210.75859198077,35.850000000000001,0.025860064973861587
117.02368409269384,-1002.2515431304572,1209.2513095439999,35.850000000000001,0.026001549425592518
117.00511584265325,-1002.6855021918188,1207.4088105450601,35.93,0.026115195616000734
116.98655650640488,-1002.2041574119118,1205.8447844797099,35.93,0.026204253854369856
116.96801595182859,-1001.1899471201608,1206.1072833665901,36.07,0.026176965070762795
116.94947659141489,-1001.1254623390507,1206.1072833665901,36.07,0.026190224004681593
116.93093837549262,-1001.0636598030596,1207.0023068192399,35.890000000000001,0.026238548256772496
116.91240073078168,-1001.0328143908969,1207.04021537783,35.890000000000001,0.026479336537792816
116.89386322266543,-1001.025438277276,1206.85806356169,36.280000000000001,0.026858792534067512
116.87532514333704,-1001.0562837334068,1205.96399378347,35.909999999999997,0.027240328492395469
116.85677100386913,-1001.9235312673704,1204.89134846823,35.950000000000003,0.027456288740285349
116.8382093093049,-1002.3315064679853,1204.89134846823,35.950000000000003,0.0275689115145046
116.81964730222965,-1002.3483820632514,1204.0857319934,36.119999999999997,0.02752552429974044
116.80108768658528,-1002.2192447961334,1204.0857319934,36.119999999999997,0.027552165294025082
116.78253751661978,-1001.7091781369679,1203.55191273116,35.880000000000003,0.02761537726966893
116.76399274625662,-1001.4175996106046,1201.32603661132,35.880000000000003,0.027699508812755579
116.74545488009866,-1001.0447725294503,1200.4283905540001,36.25,0.027893160780792306
116.72692735058506,-1000.4865937346273,1200.82106600059,35.890000000000001,0.02805091130425471
116.70840347185685,-1000.2894513234946,1200.5685806952199,36.259999999999998,0.028054891152581397
116.68988782498511,-999.84493107449134,1200.5685806952199,36.259999999999998,0.027948044654251134
116.67137560124208,-999.66008212377233,1199.8259067327899,35.969999999999999,0.027753201627415517
116.65286221438026,-999.72289053740712,1200.49228674081,35.969999999999999,0.02770729466914473
116.63433558100611,-1000.4382022043903,1203.4837250094099,35.859999999999999,0.027790388303297959
116.61580115867176,-1000.8588060553743,1202.2260668547201,35.859999999999999,0.027821591747804287
116.59725521173704,-1001.4811344743277,1202.2260668547201,36.310000000000002,0.028081997812436733
116.57871778743946,-1001.0209120697039,1201.6011716844,36.310000000000002,0.028262551249916799
116.56017615459874,-1001.2481733989431,1201.1252881437899,36.07,0.028391238300715872
116.54163591770622,-1001.1727921962676,1201.1252881437899,36.07,0.028413923253100173
116.52311031085796,-1000.3827698054483,1200.6620407893699,36.07,0.028214609871471785
116.50459800225916,-999.664664335569,1201.96619057252,35.850000000000001,0.02811465102032952
116.486094458442,-999.19136612613852,1201.6374113127499,36.259999999999998,0.028004921557519564
116.46759830622233,-998.79221986237735,1200.8110524190699,36.259999999999998,0.027932224587071754
116.44910448748148,-998.66621200580732,1200.9390832113099,36.25,0.027879657638083734
116.43061099263591,-998.64872166112627,1201.8789293621701,36.25,0.027786366023623821
116.41210942322222,-999.08474833910361,1200.5144596713101,36,0.027814220847239765
116.39359524370003,-999.76569419804355,1200.5144596713101,36,0.027941522289239192
116.37508155881486,-999.73898379927221,1201.33581177423,36.079999999999998,0.027949306084425352
116.35655927782226,-1000.2031736003257,1201.33581177423,36.079999999999998,0.02803198682721383
116.33802547223094,-1000.8255019313432,1202.52766639324,36.299999999999997,0.027978000128487102
116.31949266108396,-1000.7718019370773,1202.52766639324,36.299999999999997,0.027845151105609617
116.30097004378023,-1000.2213344018626,1204.15058185465,36.189999999999998,0.027776539529254154
116.28245748786433,-999.67801945801057,1205.2415854026799,36.189999999999998,0.027516566014969501
116.2639516116014,-999.31731819832385,1205.2415854026799,36.030000000000001,0.027472033268222378
116.2454544918409,-998.84446706638664,1203.8256172926001,36.030000000000001,0.027477752628568785
116.22695568949025,-998.93532693540021,1205.1714903320701,36.259999999999998,0.027456991379265581
116.20845591339014,-998.9879094063092,1206.4551361149699,36.259999999999998,0.027293621869080738
116.18994560610116,-999.55659360438926,1205.42182986997,36.210000000000001,0.027099293138242449
116.17143180324825,-999.7453540572335,1205.42182986997,36.210000000000001,0.026883984811240963
116.15290890551242,-1000.236477735349,1203.76458212907,36.009999999999998,0.026811211266878198
116.13437222213324,-1000.9809024757712,1203.1780723545601,36.009999999999998,0.026742165086096396
116.11582984216545,-1001.2885182597753,1204.1491513430101,36.259999999999998,0.026688119393932546
116.09729425671233,-1000.9216144690091,1204.1491513430101,36.259999999999998,0.026584866767079492
116.07876495975563,-1000.5820356615495,1203.71236845402,36.189999999999998,0.026415562673654504
116.06024731157548,-999.95300172872703,1202.91199718857,36.189999999999998,0.026345670014044888
116.04174018734064,-999.38470868085949,1203.4389023111901,35.979999999999997,0.026183110768739592
116.02323266056666,-999.40644579456546,1203.4389023111901,35.979999999999997,0.026041070622708044
116.00473207214698,-999.03177466302191,1205.7539469902499,35.899999999999999,0.025969624722477297
115.98622702062092,-999.27278240781129,1208.6235533504,36.280000000000001,0.026019653308533588
115.96772333917541,-999.19879805712003,1209.4463359649601,36.090000000000003,0.026150873553990255
115.94922258828994,-999.04054781549098,1209.4463359649601,36.090000000000003,0.026221076649578554
115.93072083054324,-999.09491832157278,1207.9936513893199,36.049999999999997,0.026165049316128196
115.91221175053089,-999.49032066719474,1206.71882709489,36.049999999999997,0.026228745568422064
115.89370313203951,-999.46539853442789,1205.0897127496901,36.310000000000002,0.026205981979902038
115.87519162334441,-999.62146953571187,1203.0197623991701,36.310000000000002,0.02619180828507375
115.85668457671979,-999.38051772919505,1203.0197623991701,35.950000000000003,0.026233019309568426
115.83817563433578,-999.48288873621311,1203.42149775284,36.170000000000002,0.026115193553779968
115.81966841179505,-999.39001719984844,1204.8548704212701,36.049999999999997,0.026131518594521903
115.80116629703949,-999.11419680035431,1206.75840458374,36.049999999999997,0.026040895739832551
115.7826647276258,-999.08474833910361,1205.34935061328,36.189999999999998,0.026073444433578952
115.76416739987047,-998.85569878782803,1205.34935061328,36.189999999999998,0.026230413669101407
115.74566663553344,-999.04127419962742,1205.6228167561101,36.280000000000001,0.026472543055989606
115.72716125287182,-999.29066372683315,1207.49178022048,36.280000000000001,0.026794224977724213
115.70864917192969,-999.65237087515527,1205.2134520069901,35.920000000000002,0.027116654029768154
115.6901344667297,-999.79408079941015,1205.2134520069901,35.920000000000002,0.027272057619793774
115.67161733801971,-999.92495033930004,1202.5619986727199,36,0.027338354329624528
115.65309671374681,-1000.1137107371843,1202.5619986727199,36,0.027310665072759529
115.63457358214565,-1000.2491064626622,1203.02882230625,36.229999999999997,0.027354801483717793
115.61604615714823,-1000.4809498608022,1203.02882230625,36.229999999999997,0.027670362551017222
115.59751956930619,-1000.435743470538,1195.93324612775,35.869999999999997,0.028034120593260308
115.57899955556664,-1000.080741935013,1195.93324612775,35.869999999999997,0.028407062502718117
115.56050122198151,-998.91001359746076,1195.87578724334,35.979999999999997,0.028420030657809271
115.54200846805311,-998.60871213314556,1196.06389952468,35.979999999999997,0.02819364786637131
115.52351377800984,-998.71326233654077,1196.2744231551201,36.039999999999999,0.028023683569588207
115.50500807662836,-999.30787459999124,1196.2744231551201,36.039999999999999,0.02780446472119209
115.48649863339992,-999.50993433593237,1196.3101859462499,35.890000000000001,0.028014201669642056
115.46797851617907,-1000.0863299255251,1196.8220706965999,35.890000000000001,0.02839143802041565
115.44944675121862,-1000.7153078651151,1193.72644349652,35.920000000000002,0.029059439480819637
115.43091083462832,-1000.9394958759671,1193.72644349652,35.920000000000002,0.029780291431216382
115.41237605425184,-1000.8781403295329,1192.5174227377699,36.240000000000002,0.030200940867436805
115.3938494539927,-1000.4364139933457,1191.7804708219101,35.950000000000003,0.03016053595671437
115.37532509511493,-1000.3153793998569,1193.17927279225,36.020000000000003,0.0300202404844629
115.35680768700996,-999.94003766856179,1193.17927279225,36.020000000000003,0.029884812729323446
115.33829995844938,-999.41734227109077,1193.0216780926801,36.100000000000001,0.029978589669965534
115.3197965760605,-999.1826489998781,1190.6029213193599,35.859999999999999,0.030180924678894175
115.30128680790496,-999.52748039904623,1189.72601768089,35.950000000000003,0.030416132264424207
115.28277755300994,-999.49976433147935,1187.51683086357,35.950000000000003,0.030529875719553245
115.26426136597151,-999.874100075211,1187.51683086357,36.159999999999997,0.030582825548090262
115.24573641001354,-1000.347621729956,1187.5804886317801,36.159999999999997,0.030437846565869044
115.22720018712209,-1000.9560361383814,1189.34001795531,36.039999999999999,0.03036942953747878
115.20865094640983,-1001.6589984616385,1190.30799750185,35.899999999999999,0.030572025309551758
115.19010582421362,-1001.4365985958792,1191.3744439333,35.920000000000002,0.031029084285839753
115.17155717540982,-1001.6270354052067,1191.2333001176501,35.920000000000002,0.031645237989776288
115.15301947895792,-1001.0356084026408,1187.39976732728,36.259999999999998,0.03197459090153161
115.13448957146906,-1000.6150043977689,1188.1445870571799,36.259999999999998,0.032035142390307511
115.11597956220265,-999.54050038649223,1188.1445870571799,35.979999999999997,0.031820734346737718
115.0974675526631,-999.64851513543113,1187.67227979568,36.009999999999998,0.031596005166287973
115.07896067574576,-999.37135353643373,1187.46747821182,35.869999999999997,0.031513497233772891
115.06045047193709,-999.55100566883709,1189.2920958151899,35.869999999999997,0.031511010602435829
115.0419477787285,-999.14543326380203,1189.9119841947499,36.280000000000001,0.031667058870845172
115.02343218359648,-999.84213712869916,1188.4955392474601,36.280000000000001,0.031901890822994876
115.00490533601842,-1000.4497692147155,1186.2210257316899,36.310000000000002,0.032003387390801649
114.98637640331351,-1000.562366065531,1186.2210257316899,36.310000000000002,0.031993729575953624
114.96784261117416,-1000.8247755252228,1185.8152372616801,36.140000000000001,0.031821293135285485
114.94931833611605,-1000.310853137325,1186.9594081591899,36.140000000000001,0.031564573033284492
114.93079656941966,-1000.1754016054782,1190.3494823395599,36,0.031610948759922451
114.91228085632113,-999.84850732070845,1190.3950202936001,36,0.031582623098187018
114.89377040002098,-999.56464020784199,1190.3950202936001,35.93,0.031706452788370781
114.87527398185564,-998.80658092841463,1189.67976447103,36.079999999999998,0.031780453603852267
114.85678024072602,-998.66202099918314,1192.9639807896599,36.259999999999998,0.031655305583421917
114.83829338517405,-998.29019980666442,1192.9639807896599,36.259999999999998,0.031495946975380121
114.81979984583104,-998.65112452265771,1193.3707229340901,35.920000000000002,0.031161133408476625
114.80129255188893,-999.39387287362069,1193.8020221951001,35.920000000000002,0.030991619250457812
114.78277994526798,-999.68075753148219,1194.4104664815,35.979999999999997,0.030802523511376041
114.76425712514195,-1000.2322868056689,1194.4104664815,35.979999999999997,0.030593298787542633
114.7457368071704,-1000.0971704637778,1196.81611023141,36.009999999999998,0.030472096469207469
114.72722238136662,-999.77899340419651,1196.9868179544001,36.07,0.030201587622900841
114.70871396362718,-999.45455793022302,1194.9306958831201,35.850000000000001,0.030105868352220993
114.69020335107152,-999.57307800547505,1194.9306958831201,35.850000000000001,0.030131366927904045
114.67170275644318,-999.03210992992183,1197.6903912652001,35.880000000000003,0.029928079906188152
114.65320795567548,-998.71924145528169,1197.6903912652001,35.880000000000003,0.029790664293991451
114.63472442080621,-998.11088294116109,1202.37364797278,35.939999999999998,0.02960535387318405
114.61623802677664,-998.26527759695364,1203.39574854323,35.939999999999998,0.029435224002729115
114.59774326533078,-998.71711807626525,1200.0416755726001,36.100000000000001,0.029442021628718746
114.57924534670126,-998.88760599392299,1200.2922535291,36.100000000000001,0.029313423568312992
114.5607376057236,-999.41801279389847,1201.1972905632599,35.840000000000003,0.029212082215849339
114.54222416712226,-999.72568447220704,1201.1972905632599,35.840000000000003,0.029253566427091159
114.52370208170619,-1000.1926124676443,1200.0283241305699,35.899999999999999,0.029236893683226114
114.5051805219716,-1000.1642256684214,1198.6214159275801,35.899999999999999,0.029061444927921825
114.48664808749245,-1000.751461873211,1199.4759082169401,36.259999999999998,0.028791007486848909
114.46812332504331,-1000.3371722539797,1203.3530716124901,36.259999999999998,0.028406028736139108
114.44960269559623,-1000.1139901427556,1204.47149330038,35.969999999999999,0.028191176763265539
114.43109545442853,-999.39102305550807,1202.9987815617101,35.969999999999999,0.028088748870831157
114.41258956471241,-999.31804467039638,1203.09104956282,35.840000000000003,0.028027968687044331
114.39407836024932,-999.60504100694686,1203.09104956282,35.840000000000003,0.027884241810119895
114.3755661561667,-999.65902046174392,1202.20174815676,36.259999999999998,0.027771018862687808
114.35704085458534,-1000.3662853933707,1204.1520123662999,36.259999999999998,0.027681706064121087
114.33850571099258,-1000.8977540092626,1203.2176498434101,36.229999999999997,0.027498467307019898
114.31996686487528,-1001.0976903332112,1205.25374475166,36.229999999999997,0.027232932753988883
114.30141874175072,-1001.5986487268959,1207.0528515640301,36.030000000000001,0.027047167018611502
114.28285838518632,-1002.2592544780018,1207.0528515640301,36.030000000000001,0.027122409603045051
114.26430756536662,-1001.7442702631957,1203.9748673409099,36.039999999999999,0.027346114312684789
114.2457568893827,-1001.7365031312662,1204.4636254863301,36.039999999999999,0.027499602486577259
114.22722444145181,-1000.7521882683393,1204.4636254863301,36.140000000000001,0.02732263670765344
114.20870065999524,-1000.2841986548422,1203.4994606375101,36.140000000000001,0.027067769944279108
114.19017877636659,-1000.1817159471508,1204.6729570237301,36.25,0.026792565152797258
114.1716624599778,-999.88108499465125,1204.6729570237301,36.25,0.026454712371805456
114.15314244002961,-1000.0810772019128,1203.48491710245,35.920000000000002,0.026371433499704916
114.13461618332352,-1000.4178621295322,1203.48491710245,35.920000000000002,0.0265544818558771
114.11608755588509,-1000.5458816754374,1204.88848744494,36.280000000000001,0.026812320574327999
114.09755700578292,-1000.6497055166803,1202.5939467661301,35.960000000000001,0.02702179054630556
114.07901050005559,-1001.511309275747,1202.6387694643499,36.100000000000001,0.027007661343824155
114.06046122622975,-1001.6607865957391,1204.4617181374699,36.009999999999998,0.026925137889795118
114.04191002353214,-1001.7649456709057,1203.6971096631401,35.920000000000002,0.027116619877226428
114.02335811302829,-1001.8031672076814,1203.2884601698499,35.920000000000002,0.027469826031057423
114.00481603108389,-1001.27242499791,1203.2884601698499,35.850000000000001,0.028020488095509954
113.98628639057273,-1000.600587602307,1200.51374441549,35.850000000000001,0.028511015696763529
113.96776553967781,-1000.1259483252771,1200.27389529632,35.920000000000002,0.028728975191658634
113.94924678011841,-1000.0130162075616,1200.27389529632,35.920000000000002,0.028663630490951133
113.93073760283463,-999.49557332485506,1198.26164224883,36.259999999999998,0.028378904484813942
113.91222749008894,-999.54608826708431,1197.7969643827601,36.259999999999998,0.027991094520556897
113.89371415600134,-999.72004073028609,1196.28491357385,36.030000000000001,0.027657551688145952
113.87518272838648,-1000.6970912022495,1196.28491357385,36.030000000000001,0.027626751822950931
113.85665011799144,-1000.7609613328724,1198.6400125789701,36.079999999999998,0.027916233777946407
113.83811010875681,-1001.160498669902,1199.62182040475,35.869999999999997,0.028290228092542547
113.81958092252351,-1000.5760565977687,1192.2463407810101,36.25,0.0286679000960533
113.80104785164195,-1000.7858276043106,1192.2463407810101,36.25,0.028848542517412912
113.78251539750261,-1000.7525235242474,1192.90032302145,35.899999999999999,0.028800077526846022
113.76399406542346,-1000.1519322739601,1195.1364511414099,36.32,0.028688606495902245
113.74547951647777,-999.7856430677291,1193.5688487969501,36.039999999999999,0.028703037861459717
113.72697337944436,-999.33139980382998,1193.1570998617501,36.039999999999999,0.028908965694979631
113.70847993012967,-998.64626299322583,1193.1570998617501,36.079999999999998,0.029229526929697783
113.68999437532482,-998.21995946204811,1193.9400665688599,36.079999999999998,0.029345554194685399
113.67149459819024,-998.98796526763795,1193.5454837734101,36.259999999999998,0.029412855709015123
113.65299005992712,-999.2450662083404,1193.5454837734101,36.259999999999998,0.029323063792301853
113.63447073536686,-1000.0435262538966,1191.1131371394599,36.32,0.029214865842395445
113.61594302993693,-1000.4960932162725,1191.1131371394599,36.32,0.029021339072593647
113.59740859518385,-1000.8594766661181,1192.3469534333899,35.93,0.028831607975527373
113.57887305526283,-1000.9191557351569,1194.84200416112,35.93,0.028818918186449494
113.56033849012472,-1000.866517457879,1196.16856529338,36.039999999999999,0.028984961614704811
113.54180977783214,-1000.5504637992981,1192.65069873937,36.039999999999999,0.029075498587089767
113.52329064781496,-1000.0330209275838,1195.7956785912099,36.119999999999997,0.029208756364473586
113.50478504473959,-999.30256607001013,1195.7956785912099,36.119999999999997,0.029090273509955491
113.48629350567032,-998.54310974074269,1197.24192586445,35.829999999999998,0.028893688899108726
113.46779888081855,-998.70974199562022,1196.3426108768699,35.829999999999998,0.028771603890847253
113.44930583404219,-998.62452592348757,1195.9909434307699,35.880000000000003,0.028585495637312448
113.43079715760243,-999.46852774711988,1195.9909434307699,35.880000000000003,0.02851006781696714
113.4122839394124,-999.71378226093407,1196.8688007436799,35.969999999999999,0.028458460126935051
113.3937589896631,-1000.3472864630562,1198.96092402469,35.969999999999999,0.028472814916338456
113.37523056918504,-1000.5347058153247,1197.2102161896501,36.119999999999997,0.02853824964455455
113.35669884975546,-1000.7128491972147,1197.2102161896501,36.119999999999997,0.028601702713978359
113.33817501655915,-1000.2869926006343,1196.8130107895099,36.039999999999999,0.028469263470305591
113.31965393179749,-1000.1385771295344,1198.62952216023,35.920000000000002,0.028274145181881621
113.30114960773949,-999.23349913206346,1199.63397975373,35.899999999999999,0.028011890959924207
113.28265107133348,-998.9209659243229,1202.25801494813,35.899999999999999,0.027884748865851655
113.26415716153086,-998.67112934160787,1204.14795924997,36.299999999999997,0.027820119218567196
113.24566983824825,-998.31545726129104,1204.14795924997,36.299999999999997,0.027665167841332852
113.22718344525313,-998.26522173562512,1206.1587817858201,36.049999999999997,0.027565109646353888
113.20870083860264,-998.06075912716017,1205.3622252180801,36.049999999999997,0.027448608436786301
113.19021318418265,-998.3333386792408,1205.5253035456301,35.880000000000003,0.027373783916876969
113.17171510309019,-998.89637899250397,1205.5253035456301,35.880000000000003,0.027239648629240092
113.15320733003341,-999.41974506667066,1205.5765635462501,36.25,0.027001630515879792
113.13468778402492,-1000.0554844584022,1205.5765635462501,36.25,0.02689239672455317
113.11616404189017,-1000.2820752758257,1210.50682193122,36.310000000000002,0.026883918589140941
113.09764969990485,-999.77446720761645,1211.05661524017,36.310000000000002,0.026808624264766944
113.07914399852338,-999.30787459999124,1211.05661524017,36.119999999999997,0.026736843086033673
113.06063980484939,-999.22645839526228,1211.5398897576199,36.119999999999997,0.026635055740009923
113.04214713577514,-998.60413000928486,1212.2494235336101,36.039999999999999,0.026445971384362357
113.02365784429892,-998.42173971547402,1213.15207638169,36.039999999999999,0.026296676240639322
113.00517221705803,-998.22387100814115,1215.58561510868,36.229999999999997,0.026081606951507252
112.98668515351122,-998.30143152810558,1215.58561510868,36.229999999999997,0.025915583178367421
112.96819658329137,-998.38279187150602,1213.79723713365,36.310000000000002,0.025833460188232772
112.9497017318172,-998.72197960569713,1213.79723713365,36.310000000000002,0.02581218464211802
112.93118777995311,-999.753400660686,1214.37421016386,35.979999999999997,0.025765753036238528
112.91266534373968,-1000.2115555256381,1215.4234904555699,35.979999999999997,0.025764937619572846
112.89413487745678,-1000.6451792761321,1215.4234904555699,36.079999999999998,0.025669976862636543
112.87560420317783,-1000.6564110635253,1216.81442461186,36.07,0.025667927951549853
112.85707158036548,-1000.7616318666722,1215.4485244093601,36.280000000000001,0.025729853663859197
112.83854510324704,-1000.4297643957651,1213.99941611283,36.280000000000001,0.025889485452337917
112.82002935186053,-999.85057487137215,1213.99941611283,35.939999999999998,0.026001762598885935
112.80152731471621,-999.11000579373012,1213.3347050350601,35.939999999999998,0.025971579473268086
112.7830310269359,-998.7995401366536,1216.7092820059399,36.009999999999998,0.025918799353632872
112.76453110079014,-998.99601187109045,1218.74966844912,36.009999999999998,0.025714005649120384
112.74602760767765,-999.18862807465098,1217.55304545796,35.880000000000003,0.025596346501676359
112.72751932135932,-999.4474611891975,1215.6843204121999,36.280000000000001,0.02547551774004831
112.7089919284396,-1000.4792176649743,1215.1879328713301,35.939999999999998,0.025532045919769913
112.69046561275064,-1000.4210472035528,1215.64140506284,35.939999999999998,0.025638039738768291
112.67193267846297,-1000.7784515346577,1214.42809276916,36.039999999999999,0.025760375166501384
112.65338189796429,-1001.7421469281472,1214.42809276916,36.039999999999999,0.025877925675153932
112.63482757740506,-1001.933310198555,1211.84792659854,36.299999999999997,0.026029274904344455
112.61626775376544,-1002.2304765395586,1211.84792659854,36.299999999999997,0.026167184113997502
112.59771616715565,-1001.7856769289522,1214.2404573250401,35.93,0.026230806893748005
112.57917709959034,-1001.109648526725,1214.2404573250401,35.93,0.02628794560908226
112.56063948178394,-1001.0313615456799,1212.1943488352699,35.979999999999997,0.026263838845552705
112.54211009376547,-1000.58695299735,1210.9548104947601,35.979999999999997,0.026339461203888997
112.52359375771485,-999.88214673362359,1210.0862515075501,36.140000000000001,0.026307232264484941
112.50506605952945,-1000.4957020111,1209.1132651702501,36.140000000000001,0.026184525339822833
112.48653010361733,-1000.9416192549833,1210.8043683534099,35.880000000000003,0.026154565731985335
112.46799670780744,-1000.8033737333765,1209.45015066268,35.880000000000003,0.026194968571937673
112.44944238621375,-1001.9333660598838,1209.45015066268,35.950000000000003,0.026444806195635464
112.43088457009017,-1002.1220706733832,1207.28411761333,35.950000000000003,0.026693612129223901
112.41231708787394,-1002.6440396757257,1209.1158877749299,36.119999999999997,0.026924256235355642
112.39375374279889,-1002.4206340532349,1206.95867621406,36.119999999999997,0.027159396560449044
112.37520194819385,-1001.7969086723774,1206.95867621406,35.850000000000001,0.027434032205665086
112.35665577463836,-1001.4933719964686,1202.2284510408001,35.850000000000001,0.02760883421100134
112.3381219814631,-1000.8248314634955,1203.8742546885301,35.960000000000001,0.027703110956321182
112.31959936415937,-1000.2213344018626,1203.8742546885301,35.960000000000001,0.027586387260185405
112.30108268351982,-999.90075453570978,1206.2098033678301,36.049999999999997,0.027551317799455327
112.28256801039753,-999.79234860358224,1204.34346250814,36.079999999999998,0.027581715131817862
112.26404621679761,-1000.1768543957348,1202.4363520665599,35.869999999999997,0.027714786641670649
112.24551413311727,-1000.7325187382731,1202.10852648121,35.869999999999997,0.027840965322015968
112.22697225295803,-1001.2615285983287,1203.12132872597,36.299999999999997,0.027992027911272824
112.20841834735565,-1001.9109025290652,1203.12132872597,35.950000000000003,0.028139022693632495
112.18986123282843,-1002.0841844694592,1202.4497035085799,36.030000000000001,0.028341613301095334
112.17131178412237,-1001.6702301281198,1199.4780539844101,36.030000000000001,0.028335456217038115
112.1527689622926,-1001.3123788074578,1199.4780539844101,35.880000000000003,0.02823784740681089
112.13423518257054,-1000.824104991423,1198.5339162986199,35.880000000000003,0.028155420178962519
112.11570945257894,-1000.3894195459249,1199.01885974632,35.939999999999998,0.027999899660551258
112.09718915426922,-1000.0961087248058,1200.06170273563,35.939999999999998,0.028076993510195145
112.07868175063696,-999.39979614202491,1200.06170273563,36,0.027993419722408541
112.06017668565933,-999.27350879194785,1201.2206555867999,36,0.027952853380165139
112.04167093253832,-999.31066853479149,1199.12543286388,35.920000000000002,0.028038033180946813
112.02316277556913,-999.44047633570915,1197.5201603794301,35.920000000000002,0.028045569650297836
112.00465316987653,-999.51870740046525,1195.17888965355,35.899999999999999,0.028066121872936708
111.9861363981742,-999.90567192647018,1195.17888965355,35.899999999999999,0.027972973055305994
111.967610999321,-1000.3715380730151,1199.4301318442999,36.009999999999998,0.02793036090843638
111.94907742862844,-1000.8128173976611,1199.4301318442999,36.009999999999998,0.027954342460907014
111.93054589649863,-1000.7027350101224,1198.47908001889,35.880000000000003,0.02796446698068011
111.91201563821119,-1000.6339475217148,1198.47908001889,35.880000000000003,0.027949093948247208
111.8934968662347,-1000.0136867303693,1199.2370127721999,35.920000000000002,0.027828441104574365
111.87499717395303,-998.98338320972925,1199.2370127721999,35.920000000000002,0.027565578416349504
111.85650875998891,-998.37435406288091,1200.09937287562,35.979999999999997,0.027421943640349979
111.83802556867408,-998.09233100040331,1198.7782953713299,35.979999999999997,0.027236792565230337
111.8195347384445,-998.50483239759831,1198.7105844867899,35.899999999999999,0.02712985604488748
111.80103538350886,-998.96516652487969,1198.7105844867899,35.899999999999999,0.027248703150573025
111.78252278309756,-999.68042220962229,1199.3128298894001,35.899999999999999,0.027264874011865777
111.76400136616549,-1000.1565143318688,1199.00741565316,35.899999999999999,0.027388348763953314
111.74546994579396,-1000.6967000630291,1199.74484440623,35.969999999999999,0.027282439795436507
111.7269268311148,-1001.3281926747437,1199.74484440623,35.969999999999999,0.027137263164692716
111.70838374851476,-1001.326460401972,1199.0615366770701,35.909999999999997,0.026986187114717786
111.68983685370127,-1001.5323199283727,1198.7542150919701,35.909999999999997,0.026902961028018736
111.67130341856793,-1000.8054972003289,1200.1303672945901,35.920000000000002,0.026888334091629679
111.65278397086556,-1000.0501759284211,1200.1303672945901,35.920000000000002,0.027004307553845412
111.63427570317418,-999.44645533353787,1201.81503317535,36.07,0.027024276145209126
111.6157778942334,-998.88168280246282,1204.5291906033999,36.07,0.026992295555931484
111.59729255363325,-998.20839240775513,1205.4158694047801,35.850000000000001,0.02678532153609731
111.5788005075111,-998.57049059636972,1202.66523392978,35.850000000000001,0.026521602028221701
111.56030254955935,-998.88972939492339,1200.69565781303,35.950000000000003,0.026402850119947325
111.54178999467895,-999.67796354172208,1200.69565781303,35.950000000000003,0.026315542770518351
111.52326410843204,-1000.397857332566,1201.7301561510701,36.079999999999998,0.026348938957409616
111.50473728051603,-1000.4487074647512,1202.2217753197899,36.079999999999998,0.026324854953420473
111.48620834781111,-1000.562366065531,1201.34034172777,35.859999999999999,0.026231797208352288
111.46768506098871,-1000.2574884099588,1200.8589745591801,35.859999999999999,0.026179194040530668
111.44916474198268,-1000.0972263251067,1200.89068423399,35.950000000000003,0.026152289166666988
111.43065312877282,-999.62711333259278,1200.89068423399,35.950000000000003,0.026166131716594283
111.41214881092347,-999.23316386516353,1201.84984229205,36.07,0.026342244815779105
111.39365134139886,-998.86335432900387,1204.4643407421499,36.090000000000003,0.026453087730428836
111.37516586937778,-998.21548913778872,1204.6503072560199,35.859999999999999,0.026541371931504906
111.35668849986425,-997.77795373128185,1205.19557061143,35.859999999999999,0.026570004924997656
111.33820799179379,-997.94743580427223,1204.2030339483099,35.93,0.026376638565682439
111.31971670625066,-998.52941932941712,1203.8401608276599,35.93,0.026300164558819315
111.30121050402474,-999.3349201997105,1205.1178461453701,36.030000000000001,0.026195943354646669
111.2826929665692,-999.94702259899418,1205.1178461453701,36.030000000000001,0.02620104183021171
111.26417130956153,-1000.1694784140179,1202.6797774648401,35.840000000000003,0.026287373367958639
111.24564593036915,-1000.370476389003,1200.07815361955,35.840000000000003,0.026359741270382219
111.22712865885805,-999.93266159890879,1198.1004712701399,35.899999999999999,0.026454092521493139
111.20861513540135,-999.73026666201986,1198.3195779704499,35.899999999999999,0.026404801757967413
111.19010538690623,-999.52641873701816,1198.8379000232101,35.969999999999999,0.026298930043363922
111.17160290169268,-999.13420153136872,1198.8379000232101,35.969999999999999,0.026317558556611477
111.15310530074815,-998.87045100407761,1200.3916740884399,36.049999999999997,0.026510172631184992
111.13461441774314,-998.50768227067113,1200.3916740884399,36.049999999999997,0.026812409566146209
111.1161202740754,-998.68375805792914,1196.57411534478,36.140000000000001,0.027308511654040229
111.09762308291234,-998.8483228061109,1192.76013288023,35.859999999999999,0.027533070077073792
111.07911375040729,-999.50395527215164,1194.8644155102299,35.939999999999998,0.027807656052305257
111.06059890136929,-999.80184805225156,1194.8644155102299,35.939999999999998,0.027935627020301126
111.04206624026916,-1000.7636994063439,1192.8006640435101,36.020000000000003,0.028091635970337269
111.02352065034211,-1001.4618560614978,1192.8006640435101,36.020000000000003,0.028428882357460168
111.00497592447536,-1001.415196804033,1195.15647830444,35.859999999999999,0.028642721264127709
110.98643507084081,-1001.2060962653387,1195.15647830444,35.859999999999999,0.028863332958535704
110.96790345489133,-1000.7072612726546,1185.97998451948,35.93,0.029060457728123799
110.94938535139761,-999.97758866054596,1185.97998451948,35.93,0.029179780851805632
110.93087891530617,-999.34754893801585,1185.4821664669701,36.159999999999997,0.029239324443260304
110.91237213566046,-999.36610086778114,1186.5977271315701,36.159999999999997,0.029127214928940888
110.89386435536056,-999.42013619489899,1189.6690356336901,36.020000000000003,0.029114928718767207
110.87535089709617,-999.72674627713127,1191.9812192894501,35.899999999999999,0.029288363743278249
110.85683697110257,-999.75200365481408,1185.5062467463299,35.880000000000003,0.02961674498692728
110.83831263809526,-1000.3139823939847,1184.2671852430301,35.880000000000003,0.030102803274167349
110.81978055441472,-1000.7325187492653,1185.3617650701699,36.280000000000001,0.030453365504644961
110.80123723898527,-1001.3390331910125,1185.9232408908899,36.280000000000001,0.030711894444172837
110.78268608181854,-1001.7624870030055,1185.48407381583,36.259999999999998,0.03086142138081795
110.76413654825811,-1001.6748122629725,1184.1863613350799,36.259999999999998,0.030945622261217991
110.7456043476443,-1000.7388331458977,1184.1863613350799,35.950000000000003,0.031004275925127011
110.72707700025688,-1000.47675892013,1184.0876560315701,36.07,0.030942825182503138
110.70855922169149,-999.96004253147998,1186.6835578302801,36,0.030770133147982569
110.69005140931246,-999.42186846767106,1186.6835578302801,36,0.030615135196842804
110.67154367454324,-999.41767753799081,1185.5665666540301,35.939999999999998,0.030672289436337236
110.65303929771001,-999.23634899414412,1181.66508456052,36.159999999999997,0.030743687719237068
110.63452917254561,-999.5467588778281,1182.1257093102599,36.280000000000001,0.030924015573866242
110.61601305690876,-999.87024439044649,1182.1257093102599,36.280000000000001,0.031015869850578061
110.59749373234808,-1000.0435262758805,1185.8343107502801,35.939999999999998,0.031131217261366737
110.57896417669149,-1000.5960054564622,1186.3862498266999,35.939999999999998,0.031348912877904138
110.56042947495929,-1000.873893538524,1185.9575731703701,36,0.03147435685011804
110.54190161327527,-1000.5045309369616,1185.67242451577,36,0.031570832554204224
110.52337636446792,-1000.3634355972418,1187.06693495118,36.140000000000001,0.031768630981558292
110.50485401207415,-1000.2070292631061,1186.29374340698,36.140000000000001,0.03207551522516143
110.48634508831589,-999.48188294650561,1185.89367698356,35.859999999999999,0.032306022733339601
110.46784505868902,-999.00159985061089,1187.72806974984,35.859999999999999,0.032372822360415249
110.44935800859498,-998.30070507801724,1190.3695095025901,35.909999999999997,0.032046942244511739
110.43087538952597,-998.06142972691191,1190.3695095025901,35.909999999999997,0.031678577263567639
110.41239249726918,-998.07618186621767,1189.8349749845199,35.969999999999999,0.031174531000127091
110.39389702180988,-998.75567480299685,1187.9879460320401,35.969999999999999,0.030951372659503422
110.37538425789894,-999.68925119044377,1186.5915282477799,36.049999999999997,0.031005090310580533
110.35685787184309,-1000.4248470159965,1186.15474535879,36.049999999999997,0.031365796716353839
110.33833721549125,-1000.1154429989641,1190.07768512698,35.890000000000001,0.031821775358060508
110.31981448021978,-1000.227704659824,1189.8836123804599,35.890000000000001,0.031945227339615641
110.30129271973345,-1000.1750662616342,1189.8836123804599,35.869999999999997,0.031861593535932639
110.28278072364566,-999.64778874030276,1192.1318998494,35.869999999999997,0.031662080433790249
110.26427403506295,-999.36118346602871,1194.9852937442399,36.299999999999997,0.031328765266602963
110.24577851303687,-998.75818940916963,1194.9852937442399,36.299999999999997,0.031245212172675559
110.22728240738275,-998.78970532215646,1195.6225866821501,35.939999999999998,0.031267770876682116
110.2087975986715,-998.17967040758469,1197.2707745159601,36.189999999999998,0.031322283257893706
110.19031414141243,-998.10669198949665,1194.6312421120699,35.960000000000001,0.031351974857028855
110.17183136608892,-998.06986746958501,1194.6312421120699,35.960000000000001,0.0310985143806396
110.15333535770604,-998.78445267548784,1194.6078770885299,36.119999999999997,0.030717638633404865
110.13483457991603,-999.04200066070769,1194.9826711395599,36.119999999999997,0.030250001903314557
110.11632063426039,-999.75306540477811,1198.84624467447,36.32,0.029831239958873185
110.09779605497027,-1000.3272816660899,1198.84624467447,36.32,0.02977674412896282
110.07926239218169,-1000.8177905837983,1197.51682251892,36.210000000000001,0.029963259067658749
110.06072932750857,-1000.7854923484028,1197.51682251892,36.210000000000001,0.0303568794507794
110.04221076352712,-1000.002454997936,1198.36893062221,36.030000000000001,0.030476998332347429
110.02370694548773,-999.20617412677291,1200.7774353954101,36.030000000000001,0.030221362701786179
110.00521647847404,-998.4852187398526,1200.7774353954101,35.920000000000002,0.029791024405450707
109.98672709696787,-998.42660133284198,1204.77666911801,36.210000000000001,0.029342501531685234
109.96822906140611,-998.89392033559568,1202.20222499397,36.310000000000002,0.028993995443196325
109.94971399816441,-999.81341505158457,1202.20222499397,36.310000000000002,0.029064513124852833
109.93119711677292,-999.91159513991454,1203.36594621729,36,0.029088150086563947
109.91266178484572,-1000.9079240686756,1203.36594621729,36,0.029272646123749826
109.89411147207913,-1001.7168893965768,1201.83887503611,36.039999999999999,0.029369444690267279
109.87555476629889,-1002.0621121328212,1202.0753862947699,36.07,0.029074328230699407
109.85699032433347,-1002.4798661327166,1202.2325041571301,35.909999999999997,0.02868577837599148
109.83842982496674,-1002.2669658035625,1204.8944479101201,36.259999999999998,0.028263865452668513
109.81988333786555,-1001.5103034640554,1202.3262026698801,35.920000000000002,0.027951992423859526
109.80134875306662,-1000.8675791418913,1202.3262026698801,35.920000000000002,0.027903227342818662
109.78282482259745,-1000.2922453352387,1201.6741277783101,36.310000000000002,0.028012116541960879
109.7643116313136,-999.71232932778128,1205.85217545654,35.939999999999998,0.028119989565993916
109.74579886119382,-999.68958646833562,1205.27496400773,35.979999999999997,0.028168432825586336
109.72728923584081,-999.51976906249365,1204.8253065139399,35.979999999999997,0.028179533158466368
109.70877297119135,-999.87829107084315,1204.8253065139399,35.920000000000002,0.028100964717975286
109.69023742506067,-1000.9194910570166,1203.75433012895,35.920000000000002,0.028099764348751399
109.67169350530506,-1001.371666803228,1205.4461485679301,35.840000000000003,0.028170975344307146
109.65314120468159,-1001.8242336666759,1205.8776862475499,35.840000000000003,0.028288453407760938
109.6345877730185,-1001.8853098075386,1205.8776862475499,35.93,0.028400776080921331
109.61603440033824,-1001.882124733518,1201.51009577633,35.93,0.028478003421244086
109.5974873554789,-1001.5404224041461,1202.3982050893601,36.210000000000001,0.028536246260487348
109.57894316253594,-1001.3864189205498,1202.3982050893601,36.210000000000001,0.028569006053500177
109.56041341750982,-1000.6062314101798,1199.74985119699,36,0.028492602419640824
109.54189289154323,-1000.1084021962113,1199.54028124097,36.039999999999999,0.028483003586220145
109.52338166120985,-999.60643800182697,1200.37403111148,35.920000000000002,0.028378529889566666
109.50487382296055,-999.42326546255117,1200.4751206010701,35.920000000000002,0.028341826468689196
109.48636654971372,-999.39275532827992,1201.2197019123701,36.140000000000001,0.028352670165716201
109.46784199525922,-1000.3259405435305,1200.5568981834499,36.140000000000001,0.028341819220281412
109.44929973118882,-1001.2822598014152,1199.3812560297599,36.280000000000001,0.028501899080621881
109.43075004240755,-1001.6831941882849,1200.2722263660701,36.280000000000001,0.028767639561998969
109.41219767038152,-1001.8280894064002,1198.7639902548799,36.299999999999997,0.029066908687902033
109.39364951414315,-1001.6004368719884,1197.36542670315,36.299999999999997,0.029404793556161459
109.3751049704026,-1001.4053619895358,1197.36542670315,35.939999999999998,0.029649295736787779
109.35657353036923,-1000.6977618020011,1197.07694018804,35.939999999999998,0.029742560450167085
109.33804138149637,-1000.7360391341537,1195.6018442633001,36,0.029681384973202673
109.31952444732967,-999.91444500199532,1195.07875383839,36,0.02948915688972752
109.30101462122472,-999.5306096666983,1195.8681578479,36.009999999999998,0.029375399984668846
109.28251110224217,-999.19002505853905,1193.5767166109899,36.009999999999998,0.029291461947343236
109.26401596412846,-998.73745814013114,1191.2321080246099,35.93,0.029318082250822011
109.24550990574096,-999.32715292488524,1191.2158955593,35.93,0.029277922588447285
109.22699683759761,-999.70567974119285,1192.43445306235,35.880000000000003,0.029185344981949368
109.20847445312492,-1000.2087615248861,1193.36738507359,35.880000000000003,0.029201828354469123
109.1899398352122,-1000.8693672869838,1193.36738507359,35.950000000000003,0.029329535447160621
109.17138750871867,-1001.825630650564,1192.12903882611,35.950000000000003,0.029683995780722495
109.1528399371432,-1001.5688650756894,1189.7360312624,36.259999999999998,0.030016853576411481
109.13430012348631,-1001.1499374712686,1192.6962366934099,36.259999999999998,0.030250590713041627
109.11577403545424,-1000.4087537321474,1192.6962366934099,35.950000000000003,0.030414024365192839
109.09725643280497,-999.9505430608267,1193.7667362411901,36.020000000000003,0.030388091174498564
109.07874533285684,-999.59939719907379,1193.0498114883701,35.840000000000003,0.030293796832620002
109.0602377926309,-999.40717220068586,1193.0498114883701,35.840000000000003,0.030045319968480685
109.04172858326777,-999.49730560861906,1192.70148190278,36.259999999999998,0.029841930501760056
109.02322666305672,-999.10369139709769,1192.70148190278,36.259999999999998,0.029865358442709947
109.00471970128523,-999.37593566029432,1190.3609264327199,36.25,0.029885613674210883
108.98620608780122,-999.73512813649177,1188.9661775787099,36.25,0.029925512568352384
108.96767950616803,-1000.4354081926462,1190.37332420031,36.030000000000001,0.029959604141541432
108.94915241230757,-1000.4630684648364,1190.37332420031,36.030000000000001,0.029802010911723797
108.93061216196287,-1001.1735186133798,1192.9265490682801,36.079999999999998,0.029845580256549906
108.91208319717781,-1000.5640983932631,1193.2188502811,36.079999999999998,0.029823633121607279
108.89356494467292,-999.98563526399846,1193.88260768445,36.299999999999997,0.029992139376401755
108.87505448733708,-999.56469613512263,1193.88260768445,36.299999999999997,0.030120663962432143
108.85656112287654,-998.64168086936513,1194.75760397406,36.259999999999998,0.030120281092857363
108.83806755662837,-998.65257740085042,1196.3242526440899,36.259999999999998,0.02996159821090897
108.81958069590263,-998.29047919025174,1198.36010913373,35.950000000000003,0.029715324436898415
108.80109157930605,-998.41229621606931,1196.8168254872401,35.950000000000003,0.029421601863307469
108.78259454439868,-998.83988499748591,1194.2585938285099,36.100000000000001,0.02936428827059372
108.76408657576414,-999.43030626530401,1195.1240533738201,36.100000000000001,0.029357135715260746
108.74558160909385,-999.26820019601462,1196.97918855896,35.890000000000001,0.029345723905622758
108.72706946916905,-999.65555593818419,1198.1836793641701,36.280000000000001,0.029480373490274742
108.70856413824698,-999.28786979203289,1196.9963546987001,35.920000000000002,0.029451137202452678
108.69005860553831,-999.29876626855832,1196.9963546987001,35.920000000000002,0.029285980591007864
108.67155556153092,-999.16437639873993,1197.63770075294,36.020000000000003,0.029041473238443409
108.65305785710612,-998.87603893962978,1203.0459884459999,36.020000000000003,0.028757344313307457
108.63456558436175,-998.58272819545471,1203.49826854447,36.210000000000001,0.028615472837841112
108.61607791028014,-998.3344004072211,1203.49826854447,36.210000000000001,0.028674191689381109
108.59760086466045,-997.76046346354462,1206.0076243886499,35.859999999999999,0.028651874099102959
108.57912511875197,-997.690279057201,1205.47738140552,35.859999999999999,0.02850194151746533
108.56063967984572,-998.21370093773623,1205.3247934967001,35.950000000000003,0.02828928228371981
108.54214839430381,-998.52941926346534,1205.1283365641,35.950000000000003,0.02782397179564975
108.52364623401736,-999.11665546825475,1205.1283365641,35.979999999999997,0.027541700331953547
108.50514435209386,-999.10162386841785,1203.6816124536499,35.979999999999997,0.027437098325515778
108.48663520792347,-999.4937852017465,1204.7547346061201,35.960000000000001,0.027567830146064898
108.46812644662955,-999.47310987098069,1203.96938371293,35.960000000000001,0.027676469960000984
108.44962290798638,-999.19108673155927,1203.96938371293,36.140000000000001,0.027700761953132078
108.43112259275446,-999.01702252371615,1208.3455572540199,35.840000000000003,0.027530890785025602
108.41262286115055,-998.98550661072966,1206.2734611360399,35.93,0.027325399638915452
108.39413318058635,-998.44275046702796,1208.7971220966699,35.93,0.027121508283108754
108.37564696247412,-998.25577806034835,1210.4527009073099,36.159999999999997,0.027059161415284937
108.3571574433394,-998.43403327481565,1210.4527009073099,36.159999999999997,0.027078318719920495
108.33866539100738,-998.57082592922166,1210.5890763508201,35.93,0.027229593442098608
108.32016334041109,-999.11073219985053,1211.6981997130199,35.93,0.027263126228368333
108.30165250744209,-999.58498032666796,1210.3034508589999,36.159999999999997,0.027130846347278435
108.28313522868645,-999.93305280408129,1207.91139696972,35.880000000000003,0.027162005292924105
108.2646010205566,-1000.8472390120733,1208.41875176653,36.280000000000001,0.027160305112915797
108.24606506567893,-1000.9415633936547,1209.16357149644,36.280000000000001,0.027201674460435407
108.22752692736687,-1001.0594688513955,1211.8557944125901,36.159999999999997,0.027404818682675879
108.20898511136528,-1001.2580640857609,1210.2264416487701,36.159999999999997,0.027710798504156905
108.19045202806541,-1000.7864981930704,1206.0452945286399,35.909999999999997,0.027949456124166338
108.1719253688224,-1000.4395991223264,1207.4114331497501,35.909999999999997,0.02798706189700649
108.15339840431109,-1000.456083611348,1207.4114331497501,36.140000000000001,0.027812743148303648
108.13487872895305,-1000.0624693338746,1206.6658981640201,36.140000000000001,0.027614874346317365
108.11635016670631,-1000.5423613235249,1206.6222675588399,36.310000000000002,0.027560421993215501
108.09782357265563,-1000.4360787374378,1206.6222675588399,36.310000000000002,0.027535014473810536
108.07929198257661,-1000.7058642667824,1206.8592556547201,35.909999999999997,0.027541508902662156
108.06074427440745,-1001.5762411343501,1206.81634030537,36.210000000000001,0.027649113911886188
108.04218868724936,-1002.0017065367502,1207.9533586446501,36.009999999999998,0.027881525459887747
108.02362700510386,-1002.3308358572415,1204.4941430680899,36.009999999999998,0.028050546015564878
108.00505325301593,-1002.9826127484376,1204.4941430680899,35.899999999999999,0.028251585443609575
107.98648894040127,-1002.4728811912922,1204.70919665208,36.210000000000001,0.028345871508107301
107.96793346293212,-1001.9957833342978,1203.77292678033,36.310000000000002,0.028404081237420106
107.94939001090857,-1001.3464092716573,1205.2854544264601,36.310000000000002,0.028609102590871807
107.93085824491241,-1000.7153637923956,1205.2854544264601,35.950000000000003,0.028687857297061921
107.9123241992457,-1000.8384660025005,1204.68893107044,35.950000000000003,0.028765790373665393
107.89380411513947,-1000.0845417364646,1206.03861880763,36,0.028729430499918395
107.87528770768789,-999.88600238541198,1206.43892364966,36,0.028715210241566015
107.85675958626787,-1000.5185566811391,1206.43892364966,36.140000000000001,0.028793254041369277
107.83822609318635,-1000.8086264020289,1202.58131057993,36.140000000000001,0.028966188223069522
107.81969111930127,-1000.8885897945171,1201.3105394018301,35.829999999999998,0.029014707028214511
107.80115027187537,-1001.2057609984389,1202.35028294924,35.829999999999998,0.029015455184036455
107.7826122370444,-1001.0538808718752,1202.57916481247,36.280000000000001,0.029054964994867996
107.76407263034709,-1001.1387616551239,1202.7925494661999,35.93,0.029144745532421728
107.74552520881991,-1001.5607624680122,1200.45342450779,35.939999999999998,0.029352143819523304
107.72698656345435,-1001.0868497399986,1200.45342450779,35.939999999999998,0.029594184205026183
107.70845446735549,-1000.7331893380248,1203.1320575633099,36.07,0.029862616213856465
107.68993054930505,-1000.291574724495,1203.57503933609,36.07,0.030133347544288615
107.67141934587663,-999.60498513462608,1200.23241045861,35.869999999999997,0.030227162772702404
107.65290852532593,-999.58430973790826,1199.46136468188,35.869999999999997,0.030100402523302688
107.6343887909828,-1000.0656545288073,1198.87461648877,35.880000000000003,0.030001331536671085
107.61586751168031,-1000.1490823349352,1199.56793779945,35.880000000000003,0.029793499659256671
107.59733862347038,-1000.5599633359034,1199.67594142865,36.329999999999998,0.02983434021905227
107.57881410833831,-1000.323817131538,1199.67594142865,36.329999999999998,0.029837196281230022
107.56028453922974,-1000.5967318625827,1198.93708216394,35.920000000000002,0.029934541219613319
107.54175576174444,-1000.5539842061706,1198.0322835483901,36.159999999999997,0.030092282424915618
107.52323170813457,-1000.2988949328193,1197.77526828948,35.939999999999998,0.030071207634801693
107.50471036363834,-1000.1526027967678,1197.6396081017999,35.939999999999998,0.0300705577810194
107.4861940203444,-999.88253787284395,1200.35066608795,36.140000000000001,0.029944877864979673
107.46767545636295,-1000.002454997936,1200.35066608795,36.140000000000001,0.029795686196455756
107.44915857497168,-999.9115951289225,1204.4409757186099,35.850000000000001,0.029809013427722894
107.43064993681989,-999.46646019645618,1204.4409757186099,36.32,0.029903364679444485
107.41214322133224,-999.36263633322949,1200.97460758383,36.140000000000001,0.030099309777128335
107.39363023183438,-999.70143288423208,1197.21713032927,36.140000000000001,0.030350479195047676
107.37511954684209,-999.57698958454398,1198.6011503459399,36.009999999999998,0.030196258387254329
107.35660638142851,-999.71093233290128,1199.4775771472,36.009999999999998,0.029984419750865514
107.33808694614322,-1000.0495054056134,1199.4775771472,35.909999999999997,0.029699139086118088
107.31956247654205,-1000.3213584636378,1199.93891715275,36.189999999999998,0.029416797267330999
107.3010306401802,-1000.7191635388874,1201.56564731188,36.329999999999998,0.029512302329230605
107.28250136288534,-1000.5809739225773,1203.9579396197701,36.329999999999998,0.029516483964159613
107.26397661388755,-1000.3364458808353,1203.8072590598199,35.969999999999999,0.029605823671949159
107.24544872012339,-1000.5062632646934,1203.8072590598199,35.969999999999999,0.029519941246029024
107.2269257054557,-1000.2427920550376,1204.9409395385901,36,0.029300852783683298
107.20841113064076,-999.78704000764913,1205.1970011230701,36,0.029059997238562351
107.18989689213592,-999.76887926107213,1203.7762646408401,35.909999999999997,0.028842945273471168
107.17139355527894,-999.18019027701803,1205.82499573529,36.170000000000002,0.028627983600467748
107.15289217419866,-999.07457833465071,1205.5391318248701,35.829999999999998,0.028579961510842248
107.13437796880763,-999.7670911159795,1205.5391318248701,35.829999999999998,0.028600671021833449
107.11586051620502,-999.94244054108538,1204.49485832391,35.909999999999997,0.028763599694315443
107.09733718902712,-1000.2596676063359,1202.92844807249,35.909999999999997,0.028747079062182816
107.07880989337924,-1000.4739649853299,1203.29394379782,35.93,0.028657413400157514
107.06029180954695,-999.9765269435577,1203.29394379782,35.93,0.028693233102542744
107.04177755241618,-999.76988506177167,1206.32948950881,35.969999999999999,0.028636377923327898
107.02326521173947,-999.66639654238884,1205.8698184335001,35.969999999999999,0.028699395349988766
107.00475675571245,-999.45662545890286,1208.99548637813,35.840000000000003,0.028691975816962052
106.98624388211238,-999.69517440388813,1208.99548637813,35.840000000000003,0.028649997996864778
106.96774094262098,-999.15873253590689,1207.4486264525201,36.280000000000001,0.028676456878389694
106.9492415680235,-998.96622826385169,1205.3386217759401,35.909999999999997,0.028578902906014066
106.93074281223961,-998.9328123292272,1204.56304604567,36.189999999999998,0.028340584699940687
106.91223911734073,-999.19952454018437,1205.51457470829,36.189999999999998,0.028141990508797312
106.89372769970862,-999.61655213395943,1207.1808823562701,35.960000000000001,0.028063017460632538
106.87521628725068,-999.61627272838814,1207.1808823562701,35.960000000000001,0.02818042722856999
106.85669906126925,-999.93020299696047,1205.8278567585801,35.880000000000003,0.028373387950220683
106.8381714934693,-1000.488661197355,1207.19614114715,35.880000000000003,0.028397988320163027
106.81964730947401,-1000.3059357465643,1207.19614114715,36.299999999999997,0.028498916785536597
106.80112949158514,-999.96216599843251,1207.43599026632,36.299999999999997,0.028527429744183225
106.78262036707636,-999.49272347376632,1207.7516565026799,36.159999999999997,0.028692842983135292
106.76412081759867,-998.9756717962324,1206.25796392655,36.159999999999997,0.028747846890829577
106.74562410037548,-998.82273005160846,1206.8153866309401,36.009999999999998,0.028805802064015895
106.72712458401116,-998.97388367312396,1207.3623189166001,36.009999999999998,0.028904694028267366
106.70861966908041,-999.26540626121448,1207.3623189166001,36.079999999999998,0.028990125279122161
106.69011666335936,-999.1623089360121,1205.4790503357699,36.079999999999998,0.029023775000087751
106.67160944806174,-999.38962607161989,1204.26979115841,35.869999999999997,0.028962224927672506
106.65310549446295,-999.21349433509715,1204.58140427845,36.259999999999998,0.028840500036569846
106.63459673316903,-999.47310987098069,1200.18258096964,36.259999999999998,0.028868841210252127
106.61607631689158,-1000.1024789827669,1200.18258096964,36.259999999999998,0.029144033587901831
106.59755025576425,-1000.4073008759387,1198.4628675535801,35.960000000000001,0.029393522485203018
106.57901624321113,-1000.8366778683996,1195.9632868722999,35.960000000000001,0.029792616968312587
106.56049769164841,-1000.0017843871922,1199.65257640512,36.119999999999997,0.030042475300932688
106.54198501259141,-999.68466907757499,1199.65257640512,36.119999999999997,0.030095605177973113
106.52347899973337,-999.32469433392873,1199.5674609622299,35.869999999999997,0.030218344186035292
106.50497456495197,-999.23947819584419,1198.7105844867899,36.329999999999998,0.030248226187320787
106.48647263128773,-999.10441786916999,1195.3524583998301,35.909999999999997,0.030510467991782062
106.46796520902831,-999.40080200867646,1195.3524583998301,35.909999999999997,0.030833435141160787
106.44945612280731,-999.49065593409466,1196.56505543769,36.189999999999998,0.031102494232223176
106.43093135414809,-1000.3375075978236,1197.16730084029,35.969999999999999,0.031261423401262999
106.4123974388668,-1000.8314251887552,1193.20979037402,36.119999999999997,0.031318690422513992
106.39385646726534,-1001.2124664793321,1193.20979037402,36.119999999999997,0.031340601334144798
106.37530546635433,-1001.7540491943802,1190.83013425233,35.869999999999997,0.031514195725106262
106.35675523844066,-1001.7123073386679,1190.5025470855901,35.869999999999997,0.031647789808744324
106.3382088941422,-1001.5025921165106,1192.0207967783001,35.920000000000002,0.031846734797257956
106.31967202967272,-1000.9906813519958,1190.52042848115,35.920000000000002,0.032061680946711864
106.30114833306928,-1000.2796165859413,1190.52042848115,36.259999999999998,0.032197745100207981
106.28263163897776,-999.90148094183007,1188.8612733913999,35.939999999999998,0.032232258881700546
106.26412174147043,-999.53446539543074,1189.29829469899,36.090000000000003,0.032182024378900852
106.24561566342111,-999.32821466385724,1190.0559890336999,36.090000000000003,0.032152948488334263
106.22710301023338,-999.68327213765497,1189.86382363603,35.93,0.032291883186167707
106.20857577977903,-1000.4704445344894,1189.86382363603,35.93,0.032498033510326915
106.19004394341597,-1000.7191636048395,1188.70868548258,35.869999999999997,0.032808785843570124
106.17150195874322,-1001.2671723292576,1186.37814359404,35.869999999999997,0.033195316796157337
106.15296688034337,-1000.894233591398,1185.1474267420101,36.329999999999998,0.033350893196049246
106.13443254286173,-1000.8542240084577,1184.72065743454,36.329999999999998,0.033443534957744644
106.11590521410129,-1000.4757530644704,1187.6572594234101,36.079999999999998,0.033225156368130934
106.0973796858963,-1000.3785230693995,1187.6572594234101,36.079999999999998,0.033043114883156706
106.07886451192957,-999.8193942033015,1188.0182251952001,36.030000000000001,0.033064541509995271
106.06035751187173,-999.37800312302238,1188.0182251952001,35.880000000000003,0.033178796167688707
106.04186236651348,-998.73784934530374,1189.20268883737,36.170000000000002,0.033380773125953972
106.02337464793708,-998.3368031258567,1189.20268883737,36.170000000000002,0.033497706882205353
106.00487990615306,-998.71605633729291,1189.5414816786599,36.299999999999997,0.033621328576326284
105.98638112346302,-998.93426526237999,1189.5414816786599,36.299999999999997,0.033725018926483046
105.96787041363571,-999.5783306741273,1188.5770784112301,36.259999999999998,0.033705687773644591
105.9493562403236,-999.7653588541998,1189.1910063256,36.259999999999998,0.033595691335787117
105.93083809233347,-999.97999146711743,1189.1910063256,35.950000000000003,0.033558484996036302
105.91231917651977,-1000.0214539392425,1190.1163089413999,35.950000000000003,0.03347829294965543
105.89379555752716,-1000.2754256013013,1188.4263978512799,36.020000000000003,0.033574214002255819
105.87527918318877,-999.88421427329524,1188.4263978512799,36.020000000000003,0.033590470750738302
105.85676747891611,-999.63203072335352,1190.4400814104199,36.119999999999997,0.033572888413423679
105.83826601919137,-999.07882513665152,1192.05012226702,36.119999999999997,0.033604237767937022
105.81976754176922,-998.9177807953422,1190.1289451276,35.880000000000003,0.033542080270033602
105.80127044270361,-998.84334954302972,1189.58892698156,35.880000000000003,0.033472425615859912
105.78277624626188,-998.68660785405802,1189.58892698156,36.280000000000001,0.033142963007435182
105.76428214709034,-998.6813552623496,1190.89069257864,35.880000000000003,0.032633862768918699
105.74578806137038,-998.68062887821316,1193.4412948419199,35.93,0.032401184239152288
105.72728964293211,-998.91459566636161,1191.26047983891,35.93,0.032401077657289133
105.70878751472459,-999.11492320647483,1190.1740062444201,36.159999999999997,0.032556560924840411
105.69027421892476,-999.71797319061432,1190.1740062444201,36.159999999999997,0.032710890394630564
105.67176159885184,-999.68148393760248,1194.8050492769501,36,0.03270310866756828
105.65325126569239,-999.5579906102613,1194.8050492769501,36,0.032733356997101538
105.63474664257656,-999.24964825525717,1197.0404621410901,35.890000000000001,0.032628897782811195
105.61624398765431,-999.14336580107431,1198.75373825475,35.890000000000001,0.032391125955117429
105.5977443026174,-998.98299199356461,1200.92859279258,36.159999999999997,0.03220268732209329
105.5792434337654,-999.04691800750015,1200.68564423152,36.159999999999997,0.032156583754043649
105.56073999342834,-999.18577820157816,1198.6612318350401,35.850000000000001,0.032252358891141031
105.54223885242345,-999.06161426349342,1198.6612318350401,36.310000000000002,0.032321527185884831
105.5237311114458,-999.41801279389847,1195.7737440793201,36.159999999999997,0.032165954923462005
105.50522353293208,-999.40923974035763,1198.17604996873,36.159999999999997,0.031764043697362097
105.4867007976606,-1000.227704659824,1198.17604996873,36.039999999999999,0.031190121338844273
105.46817299495923,-1000.501345873933,1199.9517917575599,36.039999999999999,0.03065227945013068
105.44963546097291,-1001.0268352611639,1201.59211177732,36.140000000000001,0.030495487156447596
105.43109303443836,-1001.2910328659483,1201.59211177732,36.140000000000001,0.030696297891109808
105.41254799709506,-1001.4320165379704,1200.7566929765601,35.850000000000001,0.031248490434200395
105.39401190562353,-1000.9489394633075,1201.2697698199499,36.329999999999998,0.031645472885901957
105.3754879037544,-1000.2961009320671,1203.73835608224,35.909999999999997,0.031604900335012259
105.35696807834829,-1000.0705719305597,1205.2763945193799,35.909999999999997,0.031323362561262863
105.33845472460008,-999.7211024033063,1205.2763945193799,36.259999999999998,0.030886490519331018
105.31994025222951,-999.78150801036952,1205.23109498395,35.969999999999999,0.030574621630026673
105.30142132399752,-1000.0221245280023,1205.3977495906099,36,0.030524784491988879
105.28289012403954,-1000.684797730844,1204.7132497684099,36,0.030686959829789907
105.26436013273101,-1000.6195306603011,1204.7132497684099,35.969999999999999,0.030891680058298589
105.24582053948647,-1001.1380352050355,1200.9707928861101,35.969999999999999,0.030956133782946062
105.22728527896065,-1000.9040683949031,1198.67219909098,35.850000000000001,0.030693802978727914
105.20874984251991,-1000.9135677996045,1199.4596957516301,35.850000000000001,0.030355540419345618
105.19020836489881,-1001.2397915395825,1201.9182684324101,35.93,0.030180563530523206
105.17166924559396,-1001.112442461525,1201.9182684324101,35.93,0.030150833645448353
105.1531323480111,-1000.9924694751046,1203.54714435901,36.229999999999997,0.030389533688459459
105.13460925573217,-1000.2469830616618,1204.5217996265601,36.229999999999997,0.030770080367262854
105.11609518072699,-999.76005028025043,1203.7579064080601,35.969999999999999,0.030959135752281049
105.09758770569397,-999.40365178282138,1201.25355735464,36.039999999999999,0.030958614205433273
105.07907672888653,-999.59274760149322,1203.5466675217899,35.920000000000002,0.030831004392729261
105.06055689106434,-1000.0712423984077,1203.5466675217899,35.920000000000002,0.030657186485005219
105.04202419684941,-1000.7654876063965,1203.9233689216801,36.159999999999997,0.030690098389954023
105.0234809528211,-1001.3351775282322,1201.56660098631,36.159999999999997,0.030904886208240782
105.00493616797029,-1001.4183819440054,1200.0864982708099,36.299999999999997,0.031190449369142569
104.98639566513333,-1001.1871531963527,1198.5570429035499,36.299999999999997,0.031351701666210603
104.96786035286918,-1000.9068622637515,1198.5570429035499,36.159999999999997,0.031231831140264985
104.94932934124441,-1000.6746277373829,1194.0354340118699,36.159999999999997,0.030954187325006328
104.93080631312354,-1000.2435185271099,1194.3568222948099,36,0.030641402635845218
104.91228671020134,-1000.0585577987736,1194.3568222948099,36,0.030588300688044232
104.89377412841598,-999.67941640892263,1197.39356009883,35.969999999999999,0.030650553393536596
104.87525507704207,-1000.0287741915347,1199.6001243114599,36.090000000000003,0.030831090277272769
104.8567461336236,-999.48294459754175,1197.9047295933599,36.210000000000001,0.031131941615851224
104.83823893177774,-999.38889967649152,1194.79479727683,36.210000000000001,0.03135804501169219
104.81973221732476,-999.36258046090882,1194.79479727683,35.869999999999997,0.031440749554596796
104.80121922679264,-999.70148873456867,1194.66009076358,35.869999999999997,0.031405761836870029
104.78269230056908,-1000.4540160716764,1197.34706847037,35.93,0.031407005670281971
104.76415474692114,-1001.0278969891441,1192.99521362724,35.93,0.031668741468340082
104.7456080145716,-1001.5235468748317,1191.6557778901799,36,0.03200050857763282
104.72706248259374,-1001.458726804838,1191.6557778901799,36,0.032203167465548896
104.70853045168883,-1000.7296688652004,1192.93751632422,35.960000000000001,0.032155285070770333
104.69001330952707,-999.92567673442852,1194.84844146352,35.960000000000001,0.031828986892378168
104.67149001546176,-1000.2578795271953,1191.91207789327,36.140000000000001,0.031660553067719338
104.65296616984693,-1000.287663200386,1191.91207789327,35.840000000000003,0.031552098482570574
104.63443990693341,-1000.4181973304802,1188.9106260431599,35.939999999999998,0.031643287386021693
104.61591911398648,-1000.122819134569,1189.4060599095901,35.939999999999998,0.031834366833088962
104.59739823722231,-1000.1273452651972,1191.6605462623299,36.189999999999998,0.031877757156959827
104.57887950353319,-1000.0116192126815,1194.2881577358401,36.189999999999998,0.031924284996144428
104.56035801623462,-1000.1603141223286,1196.17094947945,35.950000000000003,0.03182881097462651
104.5418279131668,-1000.6255656623543,1194.08240247755,35.950000000000003,0.031586300792597631
104.5232906461594,-1001.01241839975,1193.7204830313301,36.090000000000003,0.031550779109916278
104.50475167586552,-1001.1043958690644,1193.7204830313301,35.859999999999999,0.03158837453399483
104.48621667507672,-1000.8900425957659,1196.86546288317,36.259999999999998,0.031714620482715443
104.46767804937279,-1001.0857880120184,1197.77789089416,36.259999999999998,0.031771317326692021
104.44916226590634,-999.85230718811215,1197.77789089416,36.280000000000001,0.031539549432986459
104.43064962617159,-999.68254567657459,1197.45197265768,36.280000000000001,0.031294076597756675
104.41214760144578,-999.10933519397861,1196.4918609251799,36.079999999999998,0.030968167513462905
104.3936429007187,-999.25383926188135,1196.4918609251799,36.079999999999998,0.030815338510698616
104.37514087599146,-999.10933527092243,1195.8173746845,36,0.030820179317977137
104.3566365333063,-999.2345049987149,1197.5316044725901,36,0.031037891493143767
104.33813124688166,-999.28546693050146,1199.6108531488001,36.100000000000001,0.031209776387768822
104.31962761820975,-999.19594828297522,1200.86326609412,36.100000000000001,0.031088229479691913
104.30113382534081,-998.66481492299135,1200.86326609412,35.850000000000001,0.030670940048610304
104.28263475600981,-998.94974387375794,1205.0291544233701,36.259999999999998,0.030223974549678158
104.26412504062849,-999.52463059192553,1206.29944876426,35.909999999999997,0.030127205990905348
104.2456147136789,-999.55765527740948,1204.6174054881801,35.909999999999997,0.030336150280398044
104.22710067075182,-999.75831806243866,1204.6174054881801,35.960000000000001,0.030708737257662731
104.20859682684073,-999.20757119859684,1206.5121181621701,35.960000000000001,0.030917233478754125
104.19010159766546,-998.74237546493976,1205.5205351734801,36.07,0.030922654813900656
104.17161374249375,-998.34417927245352,1206.4405925799099,36.07,0.030592885905744993
104.15312772513222,-998.24493752209571,1206.4405925799099,35.899999999999999,0.029995153767100439
104.134632444216,-998.74516947668394,1208.5453520471301,35.899999999999999,0.02941959330343458
104.1161247291088,-999.41661578802666,1211.3143457548999,35.890000000000001,0.029355860830678669
104.09762187964307,-999.15387114937096,1210.2905762542,35.890000000000001,0.029562356776198895
104.07912442253698,-998.86268372925224,1207.1000584483199,35.969999999999999,0.029798999632370926
104.06062654323073,-998.88548253796262,1206.1287410412699,35.969999999999999,0.029812351698833905
104.04213143098647,-998.73606118921907,1207.56402105856,36.210000000000001,0.029434770762796787
104.02363114058996,-999.01568141214887,1207.56402105856,36.210000000000001,0.028999838979521936
104.00512857776559,-999.13839251600893,1208.57706172193,35.979999999999997,0.028611016973757245
103.98662183640745,-999.3640333391013,1213.0204693103401,36.009999999999998,0.028553686831981378
103.96810750166544,-999.77407606839586,1214.44239788561,35.869999999999997,0.028869652504104719
103.9495952903395,-999.65941160096463,1213.1966606613,35.869999999999997,0.029203192230055186
103.93108900429513,-999.33944639629044,1212.6368537708299,36.229999999999997,0.02936367152409566
103.91258583714563,-999.17102607326444,1213.79509136618,36.229999999999997,0.029200088853848512
103.89408980806664,-998.78557026479689,1214.6638887720001,36.32,0.02863525102277982
103.87559018097791,-998.97986279186455,1214.6638887720001,36.32,0.028161685911581882
103.85707600869985,-999.76530301485502,1213.0722061481699,35.939999999999998,0.028020675399749145
103.83856630573725,-999.52395998118186,1213.25173535964,36.310000000000002,0.02835279641226195
103.82004523339388,-1000.1379065407747,1212.3474135813001,35.939999999999998,0.028771807745573454
103.80153241877768,-999.69198927490743,1212.26062920816,35.939999999999998,0.02892171653177673
103.78302298175809,-999.50959905804041,1212.26062920816,35.979999999999997,0.028799943001290993
103.76450713206548,-999.85588340135325,1211.9778647396399,35.979999999999997,0.028374116453980473
103.74598547609268,-1000.1694225307052,1211.8093027841201,36.07,0.027949989046713211
103.72745262562346,-1000.7739253380777,1214.4996183514099,36.07,0.027708130785776278
103.70890438556684,-1001.6049630575767,1216.4269943746301,35.93,0.027865301822760608
103.69036348536552,-1001.2086108715117,1215.58346934121,35.93,0.0285258423540737
103.67182747874833,-1000.9443573284548,1211.52463096674,35.840000000000003,0.02920412044109787
103.6532885022456,-1001.1047311469564,1211.52463096674,35.840000000000003,0.029453029853752977
103.63475420926181,-1000.851821124942,1209.58008880378,35.909999999999997,0.029196604677615822
103.61621513548785,-1001.1099837936246,1210.3015435101399,35.909999999999997,0.028674308621634309
103.59767383378409,-1001.2302920029772,1210.79602370215,36.329999999999998,0.028330092835160098
103.5791297443208,-1001.3808310179735,1210.79602370215,36.329999999999998,0.028373477978747053
103.56057700183698,-1001.8480941264224,1209.55243224531,36.259999999999998,0.0286299507622409
103.54203622581224,-1001.2019053356585,1209.55243224531,36.259999999999998,0.02907344346715323
103.52350243988153,-1000.824440258323,1208.5360537214301,36.090000000000003,0.029292184237978511
103.50496638773222,-1000.9468160623071,1207.7099332463699,36.090000000000003,0.029273636437132777
103.48643495390873,-1000.6974264691494,1206.51164132495,36.020000000000003,0.028946374850712928
103.46790359045069,-1000.6936267336496,1205.0339227955201,36.020000000000003,0.028613510848820314
103.4493690780876,-1000.8636676067903,1207.1570404955201,36.210000000000001,0.028631896191818253
103.43083327118767,-1000.9335725965707,1207.1570404955201,36.210000000000001,0.029026917701792061
103.41228726630376,-1001.4842637309878,1209.2598926138701,36.299999999999997,0.029695999495759587
103.39374986166801,-1001.0198503307315,1209.33404080081,36.299999999999997,0.030127403641463473
103.37522179302219,-1000.5157068740181,1201.4256955892699,35.890000000000001,0.03025778155716408
103.35669181413095,-1000.6188601265012,1201.4256955892699,35.890000000000001,0.030126291228367415
103.33816072489638,-1000.6788186670632,1200.6563187427901,35.960000000000001,0.029856939283025508
103.3196301872111,-1000.6490350048643,1200.73285111581,35.960000000000001,0.029709076298395105
103.30109301023204,-1001.0075568703181,1203.2526973787201,36.039999999999999,0.029791733247581234
103.28256240735445,-1000.6525553897529,1200.85611353589,36.039999999999999,0.030078620965085224
103.2640312011864,-1000.6851330746879,1200.85611353589,35.850000000000001,0.030428305683070662
103.24550101430012,-1000.6300918589344,1201.0194302820501,35.850000000000001,0.03049634500934606
103.22697591450495,-1000.3553889388293,1201.7022611739901,35.859999999999999,0.030283532624310185
103.20844392809626,-1000.7272660696206,1201.23806014515,35.859999999999999,0.030066123643024675
103.1899099993618,-1000.8321516608277,1201.5620710327701,35.969999999999999,0.0301570993776606
103.17137974831726,-1000.6335564044782,1200.7326126972,35.969999999999999,0.030467104582222914
103.15285364165925,-1000.4097595328469,1198.18749406189,36.049999999999997,0.030802218240211045
103.13433085464824,-1000.2304985946241,1201.5887739168099,36.049999999999997,0.0311202659412902
103.1158113676222,-1000.0522994063655,1201.5887739168099,35.899999999999999,0.03105305031720354
103.09729296507166,-999.99373772877971,1202.12235476045,35.899999999999999,0.03095968833767852
103.07878167678889,-999.60956726947893,1200.6148339050801,35.859999999999999,0.030716049170489687
103.0602639892865,-999.95512512972743,1199.4816302635199,35.859999999999999,0.03060571125301495
103.04174052033952,-1000.26732313652,1198.86031137232,36.280000000000001,0.030875742019918741
103.02321505008535,-1000.3753937248035,1198.86031137232,36.280000000000001,0.031293367764175482
103.00469779099014,-999.93199114205322,1199.60823054412,36.090000000000003,0.031616197279299589
102.98618528164083,-999.67550486282971,1197.55187005423,36.090000000000003,0.031539573228624364
102.96767713088151,-999.44014100285733,1197.9884145246001,35.890000000000001,0.031088781027770556
102.94916581052104,-999.61129946530684,1200.3847599488199,35.890000000000001,0.030629759028196271
102.93065016882204,-999.8446517458641,1199.8027801278599,36.259999999999998,0.030433137177277962
102.91213447021117,-999.8477249873074,1199.28398123789,36.259999999999998,0.030530860858351837
102.89360822695805,-1000.4171356684518,1199.4477748212501,36.210000000000001,0.030971387811337892
102.87509329409997,-999.8063743367677,1199.82662198861,36.210000000000001,0.031270265789471119
102.85658127110865,-999.64924153055949,1199.8230457095001,35.93,0.031421478420708068
102.83806631238151,-999.80777126569581,1199.8230457095001,35.93,0.031106994587839703
102.81954910606191,-999.92914125798836,1198.46215229775,36.159999999999997,0.030568363147443541
102.80101699651111,-1000.7339157441452,1199.4692324959301,36.159999999999997,0.030314699848354467
102.78248235272851,-1000.8707642598798,1197.9769704314399,36.329999999999998,0.030150491120980706
102.76395195784679,-1000.6413236133517,1198.85816560485,36.329999999999998,0.030459047602732273
102.74542395439389,-1000.5121864561537,1198.85816560485,36.189999999999998,0.030724895705326893
102.72690273303957,-1000.1459531332354,1201.27263084324,36.189999999999998,0.030699479909762427
102.70839432254466,-999.45416672505075,1198.69961723085,36,0.030446844174712731
102.68988480067031,-999.51418121487711,1196.8447204643201,36,0.030041344259251528
102.67138335543342,-999.07804279225854,1199.7004985452299,36.240000000000002,0.029689626145993804
102.65287671859005,-999.35838954222049,1201.07235921292,36.240000000000002,0.029624061039258874
102.63436625504698,-999.56503132507839,1202.2639754133199,36.299999999999997,0.029730212152309136
102.61585718227775,-999.48992953896607,1205.13358177347,36.299999999999997,0.030081987171745889
102.59734810847425,-999.48998538930277,1206.2872894152699,35.960000000000001,0.030242907295143433
102.57884667565423,-999.07737228044277,1206.59508783759,35.960000000000001,0.03003408821528477
102.56033929789265,-999.39839912516084,1204.2104249251399,36.100000000000001,0.029656451406723454
102.54182553436178,-999.74323066722502,1204.2104249251399,36.100000000000001,0.029201213687494048
102.52331006858033,-999.83515219826688,1204.2027955297001,36.299999999999997,0.02916157659910815
102.50479325859123,-999.90773941118209,1204.2027955297001,36.299999999999997,0.029374740808044669
102.4862778704198,-999.83096125759448,1203.3897880780401,35.920000000000002,0.029659070489588556
102.46777318935436,-999.25277753390117,1202.95395886349,35.920000000000002,0.02990243439498548
102.44927138607535,-999.09737706641693,1203.9255146891501,36.189999999999998,0.029809907494162517
102.43077361024937,-998.87989460241022,1204.90708409632,36,0.029477654030121668
102.41227603000137,-998.86933339278471,1205.07969916817,36.140000000000001,0.029109162798153596
102.39376325988138,-999.68958647932777,1205.1781660530801,36.140000000000001,0.02891226774807126
102.37525108166923,-999.65762345587189,1205.1781660530801,35.869999999999997,0.029218197900178381
102.35673939705698,-999.63096906132512,1204.76522502485,35.869999999999997,0.029758663022457273
102.3382273357777,-999.6513090812233,1202.8430942109901,35.93,0.030138656081597701
102.31971379266039,-999.73132833504008,1201.9120695486199,35.93,0.030164486829119243
102.30120027644823,-999.72987545684737,1201.9120695486199,36.119999999999997,0.029700619891107571
102.28268146514949,-1000.0158101313697,1203.0481342134599,36.119999999999997,0.029258560389934699
102.26416284218398,-1000.0056401379087,1202.07395578312,35.859999999999999,0.028908513485445243
102.24564656408276,-999.8790174659714,1200.83298693096,35.859999999999999,0.029036823866766499
102.22713428239013,-999.66321140241632,1200.83298693096,36.310000000000002,0.029578975709353396
102.20863106246661,-999.17387586939321,1199.5188235662999,35.93,0.03017291840283938
102.19013296792097,-998.89710546457627,1198.61855490429,36.210000000000001,0.030468620568320059
102.17164157889755,-998.53500726496952,1198.5897062527799,36,0.030219331381762211
102.15315860178764,-998.08076393511851,1199.95679854832,35.939999999999998,0.029696426871930134
102.13466369753945,-998.7248294018259,1201.3830186585201,35.939999999999998,0.02925996461999145
102.11615363756798,-999.54323845996362,1201.7499448955,35.890000000000001,0.029452632491433737
102.09763118169373,-1000.2126172096504,1201.34248749524,35.890000000000001,0.02998811089581643
102.0790974992433,-1000.8188523227707,1199.90172384998,35.950000000000003,0.030768587146202113
102.06057772040356,-1000.0680573463709,1199.1812228180399,35.950000000000003,0.031238188965870592
102.04205823958758,-1000.0519640625216,1197.5294587051201,36.07,0.031198627422019488
102.02354245612216,-999.85230713315218,1194.82769904467,36.07,0.030925285277350188
102.00502943350989,-999.7032210623006,1196.61154706616,35.909999999999997,0.030515323289565931
101.9865151691358,-999.77027620099227,1195.67027040366,35.909999999999997,0.030425785933660927
101.967997962816,-999.92914126898029,1195.67027040366,35.850000000000001,0.030913602353363601
101.94947367534081,-1000.3115236601327,1196.5981956241401,35.850000000000001,0.031725754958570086
101.93094774977168,-1000.3999807335665,1195.8600516152401,36.310000000000002,0.03249084680774466
101.91242090943815,-1000.449378009543,1191.9785966847701,36.310000000000002,0.032704234541382417
101.89388985228149,-1000.6770864602432,1191.7549600309101,36.079999999999998,0.032444573527943436
101.87535390982214,-1000.9408928048949,1191.7549600309101,36.079999999999998,0.032035235527329918
101.85682780212844,-1000.4098154601276,1193.3452121430901,35.899999999999999,0.031811612551126384
101.83829407518159,-1000.8212551293423,1192.7513113917501,35.899999999999999,0.031993246327869547
101.8197582693147,-1000.9335168121861,1190.06147266167,36.229999999999997,0.032578368364528987
101.8012175709014,-1001.1977143180424,1189.7858607513699,36.229999999999997,0.033288747067941812
101.78267804905803,-1001.1341795422551,1189.7858607513699,36.280000000000001,0.033856797961301699
101.76414488090381,-1000.7910803279231,1188.2561669654999,36.280000000000001,0.033964363655612978
101.74562002118262,-1000.3424249446161,1186.1666662891701,36,0.033714514636878315
101.72709605760025,-1000.2940334473552,1188.3496270596499,36,0.033467457528991482
101.70857636361485,-1000.0634752115183,1188.3496270596499,36.079999999999998,0.033386283454750712
101.69005217237664,-1000.3063268638008,1188.9711843694699,36.079999999999998,0.033561482822609762
101.67152205068145,-1000.6265715399979,1190.4188621543501,36.259999999999998,0.033962721417881189
101.65300037504927,-1000.1704841377737,1190.0512206615499,36.259999999999998,0.034212518690161633
101.63448166723103,-1000.0102221848255,1187.1627792314,36.310000000000002,0.034364297368328349
101.61597463405798,-999.37979134505883,1185.8417017271199,36.310000000000002,0.034150685081423424
101.59746567822098,-999.48361519729349,1185.7043726091799,36,0.033887530578476981
101.57895118722469,-999.78251380007703,1186.82541690176,36,0.033809786874643685
101.56043450658534,-999.90075452471774,1187.30726090756,36,0.033904050164130783
101.54192097071115,-999.73093720681163,1186.3812430359401,36,0.034192562518329618
101.52340798638767,-999.70115346766875,1190.05455852205,36.119999999999997,0.034389747311752768
101.50489501551596,-999.70042707254038,1190.05455852205,36.119999999999997,0.034465297233439635
101.48638402629265,-999.59341805834913,1189.2639624195101,35.869999999999997,0.034357397296723324
101.46787277629745,-999.60749974079908,1189.2639624195101,35.869999999999997,0.034206172241883562
101.4493671856408,-999.30189545926635,1189.0610681845001,35.890000000000001,0.03410477604851498
101.43085550102977,-999.63096899537322,1189.7717940535299,35.890000000000001,0.034255315029517515
101.41234761000504,-999.42611533562376,1189.86835358958,36.189999999999998,0.034364174224375529
101.39384149987659,-999.3299469366292,1188.5754094809799,36.009999999999998,0.034429678282780568
101.37533250471736,-999.48573859829401,1191.2287701641001,35.920000000000002,0.034262787342042612
101.3568254394668,-999.38152352989459,1191.2287701641001,35.920000000000002,0.034005369782770183
101.3383244019418,-999.05602634992499,1193.2898990261399,35.880000000000003,0.033885757957544581
101.3198249176554,-998.9721514663039,1192.96779548738,35.880000000000003,0.033855871814108228
101.30132002238646,-999.26434452224225,1191.4082993755701,35.920000000000002,0.03411478880308768
101.28281504847162,-999.26859140118711,1195.5210203553499,35.920000000000002,0.03438317216785311
101.26430565077428,-999.50747565704,1195.5210203553499,36.100000000000001,0.034398487255159711
101.24581007079877,-998.76131867682182,1197.00684511743,36.100000000000001,0.034191023770656498
101.22730709094924,-999.16091187517998,1197.1415516306799,35.850000000000001,0.033825836660107488
101.20880123434813,-999.31625645935173,1196.6921325554999,35.850000000000001,0.033567545731307977
101.19029436984809,-999.370683002634,1196.6921325554999,35.93,0.033452084491469691
101.17178397770498,-999.56117572825008,1196.1246962696,35.93,0.033559840584470868
101.15326354901002,-1000.1031495275588,1194.5163243432401,36.170000000000002,0.033838146679353739
101.13475447624077,-999.48992953896607,1194.6140759723301,36.170000000000002,0.034004849278533679
101.1162502618715,-999.22757594060317,1197.88017247679,35.899999999999999,0.033808618577827874
101.09774789359021,-999.12788718969603,1197.88017247679,35.899999999999999,0.033309882919209624
101.07923735243592,-999.56922233170258,1200.4851341825899,35.890000000000001,0.032843208563288609
101.06071650154081,-1000.1259483362691,1199.5233535198399,35.890000000000001,0.032683898588523219
101.0421919791642,-1000.3242083367105,1199.5233535198399,36.310000000000002,0.03284970608516604
101.02366230554068,-1000.6023756704554,1200.1351356667401,36.310000000000002,0.033090653728769237
101.00513499023219,-1000.4750266583501,1203.84349868816,36.030000000000001,0.033273251937220687
100.98660769458391,-1000.4739650073138,1203.0574325391599,36.030000000000001,0.033203283735518944
100.96808379722955,-1000.2904571351862,1201.8023969891501,35.880000000000003,0.032766561749816084
100.94955443508155,-1000.585555991478,1201.8023969891501,35.880000000000003,0.032377297887960378
100.93102282637518,-1000.7068701444259,1203.71284529124,36.280000000000001,0.032038057434116168
100.91249112557153,-1000.7118433965153,1203.71284529124,36.280000000000001,0.032075507977974975
100.89395994527418,-1000.6837360578238,1203.4415249158801,36.159999999999997,0.032401110775158254
100.87542671192826,-1000.7946006798356,1204.06880427227,36.159999999999997,0.032509328381197931
100.85689551817912,-1000.6844624529521,1202.5550845331099,35.880000000000003,0.03239715782038062
100.83837206164944,-1000.2666526027202,1202.5550845331099,35.880000000000003,0.031967203440098749
100.81985483566923,-999.93020293100858,1203.3256534726199,36.240000000000002,0.031560439000216177
100.80133094348885,-1000.2901777406069,1203.3256534726199,36.240000000000002,0.031413138950559069
100.78280598028655,-1000.3480129241366,1204.4974809286,36.310000000000002,0.031577207972704552
100.76427743770125,-1000.5412996065367,1205.80401489783,36.310000000000002,0.031899251048102574
100.7457439829075,-1000.8065588623571,1205.80401489783,36.090000000000003,0.032235845511894415
100.72721699873598,-1000.4571452623843,1205.28211656596,36.090000000000003,0.032326749833357968
100.70868943093582,-1000.4886612083471,1204.5551782316199,36.07,0.032164349943511091
100.69016258335797,-1000.4497692037233,1204.39281515989,36.07,0.031763519061356063
100.67163342299517,-1000.5746595918965,1204.39281515989,36.259999999999998,0.031424261014210017
100.65309738947282,-1000.9458102066475,1205.3343302410001,36.259999999999998,0.031364120336665212
100.63456468180613,-1000.7662140015249,1204.9294954454299,36.259999999999998,0.031693178333345146
100.61602884386174,-1000.935248997022,1203.0436042599199,36.259999999999998,0.032164338557634224
100.59749952724442,-1000.5830973345697,1201.99241661935,36,0.032446587255072684
100.57897068560129,-1000.5574487297304,1199.7810840345701,36,0.032358719038183624
100.56045052284955,-1000.0887885934255,1200.91452609474,36.119999999999997,0.031958076479877279
100.54192524092841,-1000.3652237423344,1200.91452609474,36.119999999999997,0.031665482871090736
100.5233962626926,-1000.5648247334314,1201.39350907725,36.310000000000002,0.031598203086921267
100.50487085762973,-1000.3718733948751,1199.9138831989601,36.310000000000002,0.03195474337968663
100.4863498504791,-1000.1343861339021,1199.1011141659201,35.960000000000001,0.032629840490262338
100.46782640119376,-1000.2662614085398,1197.05810511805,35.960000000000001,0.033160025875593011
100.44929979989872,-1000.4364699316184,1197.05810511805,36.07,0.033309723560697863
100.43078156705567,-999.98457352502624,1194.8098176491001,36.07,0.03311938088377922
100.41226582912113,-999.84984846525174,1195.8443159871499,35.869999999999997,0.032753540828254095
100.39374666702463,-1000.0347532113477,1196.5707774842699,36.310000000000002,0.032540322794765257
100.37521915613839,-1000.4855878569838,1194.92592751097,35.93,0.032648601460941042
100.3566951025273,-1000.2988949987713,1195.2940458409801,35.93,0.032997922972202297
100.33816612429149,-1000.5648247334314,1193.58887595998,36.07,0.033412770267754174
100.31964242768784,-1000.2796165969334,1193.58887595998,36.07,0.033617733671601362
100.3011207127322,-1000.172607604726,1191.86820886948,36.280000000000001,0.033630194767093197
100.28259869871852,-1000.1887567389119,1189.216278698,36.280000000000001,0.033355120361051073
100.26407838592094,-1000.0968910691988,1187.1572956034299,35.909999999999997,0.033127295058501996
100.24555250070993,-1000.3978013942935,1189.7720324721399,35.909999999999997,0.033114673569418683
100.22702150150246,-1000.6739572035832,1193.48230284241,36,0.033334315656923366
100.20848896354447,-1000.7570497318194,1192.39916710844,36,0.033697402105046133
100.18996016743343,-1000.5549899958784,1191.8207635665799,36.189999999999998,0.033922300986051909
100.17142751771492,-1000.7630847998248,1190.81106076372,36.189999999999998,0.033906134264670908
100.15290009892614,-1000.4806145939025,1190.81106076372,35.899999999999999,0.033625400523338768
100.13436928908899,-1000.6637312058975,1188.9311300433999,35.899999999999999,0.033370688970422231
100.11584604055558,-1000.255420804335,1188.2165894766599,35.950000000000003,0.0332911416036464
100.09732275890735,-1000.2572090043876,1188.2165894766599,35.950000000000003,0.033243813862185632
100.07879370306051,-1000.5690157290637,1189.3481241879599,36.07,0.033291946679082036
100.06026253518145,-1000.6830654690641,1190.8611286713001,36.07,0.033225934537804189
100.0417327839469,-1000.6065666660878,1191.2433136991599,35.869999999999997,0.033076530732491463
100.02320707361734,-1000.3883577959608,1189.6113383306699,35.869999999999997,0.032949656662184357
100.00469512306167,-999.64533000645042,1187.2107013715099,35.960000000000001,0.032773818817667
99.986184607777659,-999.56782533682269,1186.5002139211001,35.960000000000001,0.0326997269318621
99.967674911022058,-999.52362480221791,1190.38977508423,36,0.032859090717338037
99.949172860424753,-999.11073225481061,1190.38977508423,36,0.032890863304649728
99.930670849150687,-999.10860879885013,1191.7995443105201,35.880000000000003,0.03301354021871742
99.912168590559361,-999.12196393228396,1193.47729605166,35.880000000000003,0.032890120309977476
99.893665144012417,-999.18611353443009,1194.2559712238301,35.869999999999997,0.032755566966976381
99.875159702366744,-999.29384886680589,1194.2559712238301,35.869999999999997,0.032613201892628799
99.856653799198654,-999.31877107651655,1194.6841710429401,36.020000000000003,0.032587136250813588
99.838144037251766,-999.52714513214642,1194.6841710429401,36.020000000000003,0.0325391131177626
99.819638680459207,-999.28926679790504,1195.22633495645,35.890000000000001,0.032508561600251326
99.801138754313655,-998.99601186009841,1195.03297746575,35.890000000000001,0.032354646055684312
99.782642238876463,-998.81183360805903,1196.05913115253,35.899999999999999,0.032168653693012764
99.764142169927155,-999.0037232626031,1196.4377399012701,35.899999999999999,0.03188186015229267
99.745647525414782,-998.71080366864044,1197.7538106147999,36.039999999999999,0.031685028224770762
99.727148262576591,-998.96019326179839,1198.89035211687,36.039999999999999,0.031724993342844288
99.708654638380253,-998.65570660255048,1198.89035211687,35.850000000000001,0.031810114159145288
99.69015920120728,-998.75360734026913,1196.0066790588701,35.850000000000001,0.031951278862029871
99.671661789632068,-998.86022506135203,1199.88741873353,35.960000000000001,0.03190020926729701
99.65316627485052,-998.75779820399725,1202.5641444401899,35.960000000000001,0.031690752758887303
99.634665756796309,-999.02797492752234,1204.70275934968,36.140000000000001,0.031435002262975395
99.616163810714767,-999.10508840296961,1204.70275934968,36.140000000000001,0.031328368934681661
99.597664683435795,-998.95287306446596,1202.9870990499401,35.840000000000003,0.031281110523613397
99.579164848352008,-998.99109452429798,1203.0080798874001,35.840000000000003,0.031296083087470131
99.560659303225833,-999.2994368133501,1203.0080798874001,35.960000000000001,0.031378121223459211
99.542159442272805,-998.99249146421812,1204.39496092736,35.960000000000001,0.031243921776553746
99.52365189583719,-999.40750752254576,1203.2836917976999,36.140000000000001,0.031059656502299113
99.505146083732114,-999.313853674764,1202.1683695516999,36.140000000000001,0.030686824277297384
99.486643085255608,-999.1619177308396,1204.23021366956,35.890000000000001,0.030310340223682373
99.468139371730786,-999.20053034088392,1206.33902625311,35.890000000000001,0.030127522638583659
99.44963877710245,-999.03210992992183,1207.2342881243601,35.969999999999999,0.030229420706992981
99.431137973443171,-999.04339760062794,1207.2342881243601,35.969999999999999,0.030445186416077658
99.412633552112311,-999.23875186666783,1202.6645186739599,36.170000000000002,0.030703294197037725
99.394135094350588,-998.91671913331402,1203.79247710615,36.170000000000002,0.030665340728809574
99.375631309424591,-999.20438600366435,1210.2548134630699,35.850000000000001,0.030495754134955557
99.357117656618541,-999.73725152650013,1210.2548134630699,35.850000000000001,0.03028163686084985
99.338601463370253,-999.87443540806282,1207.6260098965199,35.979999999999997,0.030182126079126667
99.320071821824627,-1000.6006434636356,1207.6260098965199,35.979999999999997,0.030311143234658132
99.301542220637131,-1000.5984641243624,1207.15918626299,36.240000000000002,0.030422266572249463
99.283014690088862,-1000.4866496069478,1208.45618348791,36.240000000000002,0.030460492190516598
99.26448285372723,-1000.7191635278955,1209.7217094566499,35.920000000000002,0.03026975526221742
99.245950094321003,-1000.769007936325,1208.31837753277,35.920000000000002,0.030037026028404502
99.22741340473317,-1000.9812377426712,1205.7658679206199,36,0.029883580286266594
99.208872330685281,-1001.2179985865317,1205.8493144332499,36,0.029782882584231382
99.190340786136943,-1000.7034056098742,1205.8493144332499,36.189999999999998,0.029811711152423273
99.171810716183941,-1000.6237774623019,1207.3041447763601,36.189999999999998,0.029997231645559612
99.153276117932037,-1000.8683056029716,1210.64438946776,35.920000000000002,0.030254251837220351
99.134743294367965,-1000.772472459885,1210.0435745768,35.920000000000002,0.030445124331446718
99.116206006664257,-1001.0135360000509,1206.94198691153,35.960000000000001,0.030528394915174426
99.097673409722191,-1000.7602348717921,1207.11245621591,35.960000000000001,0.030475881777304065
99.07913553838884,-1001.0450520009736,1206.3657291371501,36.159999999999997,0.030493938050649327
99.060590624188876,-1001.4253667974939,1206.3657291371501,36.159999999999997,0.030562958370519124
99.04204797724077,-1001.3029351981331,1205.4814345218499,35.869999999999997,0.030836912078756353
99.023508045614932,-1001.1563077951818,1205.1989084719301,35.869999999999997,0.030986780504382281
99.004962507428417,-1001.4590620717377,1205.1567083784,35.960000000000001,0.031172514170812033
98.986419347218572,-1001.3306513316519,1205.3908354509899,35.960000000000001,0.031286132420785255
98.967880728757962,-1001.0853968727978,1201.20515837731,36.119999999999997,0.031352796491500828
98.94934420784314,-1000.9721294002464,1201.20515837731,36.119999999999997,0.031468995536363904
98.930817191592496,-1000.4588775351561,1200.6844521384801,35.880000000000003,0.031541994666834453
98.912289993216064,-1000.4687123276693,1200.6844521384801,35.880000000000003,0.03168784703344231
98.893769063676658,-1000.1301951272779,1202.89793049072,35.950000000000003,0.031737911822658428
98.875254021129848,-999.81229752822765,1202.89793049072,35.950000000000003,0.031691229799546423
98.856724652771788,-1000.5858913353218,1202.71625551179,36.090000000000003,0.031638840837451714
98.838185617286612,-1001.1079161989929,1199.84307287253,36.090000000000003,0.031725200302809634
98.81964408792598,-1001.2425854743826,1199.20458784158,35.840000000000003,0.03184112720353683
98.801102051511037,-1001.2699664069537,1199.20458784158,35.840000000000003,0.032102400438413621
98.782571605923422,-1000.6440617307911,1200.6005287886301,36.280000000000001,0.032250661816168313
98.76404280877793,-1000.5550458572068,1201.3482095418201,35.909999999999997,0.032324938931574752
98.745513194137047,-1000.5991906074269,1200.25506022633,36.049999999999997,0.032336498712422744
98.726990387464198,-1000.2315603335965,1199.13783063147,36.049999999999997,0.032220467305080706
98.708463481938182,-1000.4528984054234,1199.5269297989501,35.869999999999997,0.032131165891373083
98.689941200944361,-1000.2031736662777,1199.70121380105,35.869999999999997,0.032095158884952221
98.671422825298777,-999.99228486157904,1198.73967155691,35.920000000000002,0.032175862130640602
98.652911517355591,-999.61062893150699,1198.73967155691,35.920000000000002,0.03228788678369001
98.634399351560532,-999.65695293306419,1198.97665965279,36.009999999999998,0.03244024804889218
98.615885120298813,-999.76848813284369,1199.96132850186,36.009999999999998,0.032377751130742483
98.597362852759204,-1000.2024471392454,1199.96132850186,35.920000000000002,0.032367044020269943
98.578841943914895,-1000.1290775929291,1200.17089845787,35.920000000000002,0.032369395094636252
98.560316694072867,-1000.3634914695626,1201.2616635872901,35.920000000000002,0.032441130736579372
98.54179080161731,-1000.398192599466,1199.4437217049301,35.920000000000002,0.032634376032075418
98.523274445906083,-999.8832084066438,1199.4437217049301,35.969999999999999,0.03278019838340708
98.50475795360137,-999.8905844543126,1199.1871832832301,35.969999999999999,0.032934790687925881
98.486244703332019,-999.71551454469807,1198.7077234635001,35.920000000000002,0.03297876876751344
98.467732564443139,-999.65549999991151,1198.5169885774801,35.920000000000002,0.032955753716299857
98.449207431533154,-1000.3571771388819,1199.1735934226001,36.170000000000002,0.033022091826265899
98.430685157784083,-1000.2027824501132,1199.1106509102201,35.869999999999997,0.033097975995446678
98.412163591839416,-1000.1645610122655,1199.3061541683901,36,0.033106013309847616
98.39363389958892,-1000.6033815261151,1200.19044878369,36,0.033136929080561893
98.375115029307352,-1000.0189952053904,1201.71704312766,35.909999999999997,0.03297060935197451
98.35658797373344,-1000.4610009911166,1202.54626304463,35.909999999999997,0.032890426615815073
98.338055461644487,-1000.7556528028913,1201.94282554899,36,0.03282014280497518
98.319528094596265,-1000.4778206041423,1201.94282554899,36,0.032673635413054007
98.300997473092536,-1000.6535612014445,1205.7670600136601,36.259999999999998,0.032705983356906242
98.282476251738217,-1000.1459531332354,1205.7670600136601,36.259999999999998,0.032577889251267769
98.263975519480312,-999.03954192685535,1207.94143771427,35.909999999999997,0.032597447019187056
98.245469851212434,-999.30608646589064,1205.5298334991701,35.909999999999997,0.032670136747130187
98.226962992921031,-999.37034773573407,1206.17809369303,36.07,0.032659275458226243
98.208452120629573,-999.5871037386604,1207.7950486892501,36.07,0.032526531979893081
98.18992740371111,-1000.3347135970714,1206.21337964694,36.280000000000001,0.032416937048337709
98.171411691646838,-999.84845147037174,1205.95302652753,36.280000000000001,0.032346197922520727
98.152900948706346,-999.58011878624404,1204.9149519103701,35.960000000000001,0.032422118303003553
98.134390621756978,-999.55765526641767,1204.9149519103701,35.960000000000001,0.032346245522345864
98.115883413702463,-999.38923494339144,1206.5636165813901,36.140000000000001,0.032240347936856151
98.097377847880395,-999.30055439166699,1207.9202184582,36.140000000000001,0.032045217228900483
98.078873394471628,-999.24048407348766,1207.9202184582,35.859999999999999,0.031874790377688943
98.060368101837128,-999.28580226335328,1207.4505338013801,36.310000000000002,0.031922377852303223
98.041859659262883,-999.45589900881453,1208.1171522280199,35.950000000000003,0.031915699236461328
98.023354029282771,-999.30401892621887,1208.1171522280199,35.950000000000003,0.032113660126548524
98.004851212932067,-999.15208293832643,1211.38515608134,36.039999999999999,0.032281482387435868
97.986345426696232,-999.31245673484386,1214.05782867167,36.039999999999999,0.032232081933143843
97.967844902434791,-999.0283101174781,1212.5367179556699,36.240000000000002,0.031943983504575252
97.949334991475311,-999.53519181254308,1212.5367179556699,36.240000000000002,0.031601234024239401
97.930822969517251,-999.64918573518287,1213.8513581575601,35.920000000000002,0.031435190602090747
97.912304294812202,-1000.0084340727087,1210.3704464877201,35.920000000000002,0.031561706627230471
97.893788068451926,-999.87622345422744,1208.16197492623,36.009999999999998,0.03176506711762217
97.875279249209839,-999.47623907268053,1208.16197492623,36.009999999999998,0.031893294719435514
97.856779231999866,-999.00092933879489,1207.9395303654101,36.159999999999997,0.031824462739495289
97.838271893560531,-999.39627572416043,1207.47795194125,36.159999999999997,0.031573185698729973
97.819759754670429,-999.65550006586341,1205.0789839123499,35.880000000000003,0.031368786259032687
97.801251869855562,-999.42578000277194,1205.0789839123499,35.880000000000003,0.031117804143724094
97.782737008398627,-999.80251867398727,1207.95526599351,35.969999999999999,0.031225754780822915
97.764231768540768,-999.28295232432845,1207.95526599351,35.969999999999999,0.031447800708554081
97.745727892550562,-999.2093034713688,1207.59430022172,36.009999999999998,0.031733274878858991
97.727221184306231,-999.36224519400889,1205.83643982845,36.119999999999997,0.031961566873102032
97.708710584169296,-999.57240739473127,1205.61757154674,35.850000000000001,0.031948663910120079
97.690189765351874,-1000.1242161404411,1205.38511340441,35.850000000000001,0.031857215287560775
97.671658578845651,-1000.6840713357155,1204.8453336769701,35.899999999999999,0.031828018323811463
97.653123377304922,-1000.9008831999706,1204.8453336769701,35.899999999999999,0.031953375374570145
97.63458680361488,-1000.9749792623271,1203.90095757257,36,0.032280515884550373
97.616059735624688,-1000.4616714699564,1203.47037356739,36,0.032772158994572052
97.597540969856638,-1000.0133514744615,1199.45635789113,35.969999999999999,0.033057016422857126
97.579022685272832,-999.98736752577838,1197.2309586085,35.969999999999999,0.033206024936620705
97.560520823009952,-999.10056219539763,1199.4441985421399,35.869999999999997,0.033038287529471827
97.54201306237168,-999.41907446691869,1201.0857106549399,35.869999999999997,0.032662626147647617
97.523497979466725,-999.81447686750084,1201.34034172777,36.280000000000001,0.032494865982790319
97.504973380516006,-1000.3283433391101,1201.34034172777,35.93,0.032525382313494368
97.486441374445675,-1000.7283277976007,1200.9426594904301,36.210000000000001,0.03289346893371764
97.467902891544483,-1001.0780766644735,1198.4330652276401,36.210000000000001,0.033346822274956472
97.449360491914874,-1001.2895799987475,1197.5082394490501,35.979999999999997,0.033680794554511617
97.430811887607291,-1001.624632609627,1197.5082394490501,35.979999999999997,0.033893315121976138
97.412272086366684,-1001.1492669924287,1196.8056198126801,35.869999999999997,0.033985720952669704
97.393736377773067,-1000.9282640555977,1196.8056198126801,35.869999999999997,0.033982587566275722
97.375198440212316,-1001.0486282801668,1194.4002144813801,36.299999999999997,0.034057036456875842
97.356672924425851,-1000.3778524696478,1194.4002144813801,36.299999999999997,0.034181173473728038
97.338161272928417,-999.62918086127263,1195.58420128634,36.07,0.034302761781126019
97.319647840534714,-999.72534926026719,1195.30787412022,36.07,0.034374498454688408
97.301126190771782,-1000.1690871978536,1191.53776067945,35.880000000000003,0.034449507167694675
97.282599862665535,-1000.4217177373527,1191.8233861712699,35.880000000000003,0.034586861734004153
97.264070085560505,-1000.6079636719599,1191.4335717479701,36.280000000000001,0.034742082158888112
97.245541197350576,-1000.5599633359034,1191.4335717479701,36.280000000000001,0.034787448948850462
97.227009101253145,-1000.7331892610808,1194.27552154964,36.020000000000003,0.034897630616105922
97.208479226877898,-1000.6132162636682,1194.27552154964,36.020000000000003,0.035011960811413265
97.189954476844406,-1000.3365018081161,1191.81432626418,35.850000000000001,0.035101636835024159
97.171427890037037,-1000.4356875982174,1188.6381135747599,35.850000000000001,0.035295827932422051
97.152907596901287,-1000.0958293302265,1190.4603469920601,36.229999999999997,0.03529312088793312
97.134392780976683,-999.800059929143,1190.4603469920601,36.229999999999997,0.035486605222723476
97.115888645251886,-999.22332913860225,1192.72484692631,35.939999999999998,0.035612244777371627
97.097380956013765,-999.41521885909845,1192.2818651535299,35.939999999999998,0.035722243285592085
97.078879042011138,-999.10335614118981,1191.5525426331201,35.939999999999998,0.035825376918174737
97.060377252185319,-999.09665059434462,1191.5525426331201,35.939999999999998,0.035749432734115336
97.041872252400012,-999.26998840705926,1193.7386028455001,36.140000000000001,0.03566873569951591
97.023359020758022,-999.71450866705447,1191.6116704477899,36.140000000000001,0.035716634661473026
97.004838488581555,-1000.108737529063,1189.9487006603099,35.840000000000003,0.035828160537799955
96.986318111627156,-1000.1003555377986,1189.9487006603099,35.840000000000003,0.035964257812422074
96.96780288591988,-999.82218819306161,1187.85896156537,36.259999999999998,0.036003086719726081
96.949302590348168,-999.01596087268013,1189.3197523736701,35.960000000000001,0.035926151191275124
96.930802377561861,-999.01149046048454,1190.3444755487999,36,0.035781993837419215
96.912308311503722,-998.67956713924093,1189.3879400954199,36,0.035538734455532232
96.89381073746415,-998.86899813687683,1189.3879400954199,35.880000000000003,0.035509117365445042
96.875310876509886,-998.9924915301699,1191.30983249066,35.880000000000003,0.035643893189518334
96.856808651032139,-999.12017579818348,1193.7419407060099,35.950000000000003,0.035964848677245469
96.838311914146928,-998.82379180157261,1193.7419407060099,35.950000000000003,0.036357680542541931
96.819813905490108,-998.89246746839501,1191.5301312840099,36.079999999999998,0.036374598539232909
96.801314921014892,-998.94516166196127,1191.5301312840099,36.079999999999998,0.03623130834462935
96.782812279545624,-999.14263933999371,1194.8501103937799,35.859999999999999,0.035886569983759206
96.764298236618345,-999.7583180734307,1193.8325397768699,35.859999999999999,0.035540911681084988
96.745784739032118,-999.72886965614771,1193.8325397768699,35.950000000000003,0.035467622807273627
96.727274419325852,-999.557264138189,1193.02978432534,35.950000000000003,0.035600033073599692
96.708768620672927,-999.31312725765167,1193.35617939903,36.049999999999997,0.035848202596618139
96.690266524544526,-999.11319093370287,1193.1194297217601,36.049999999999997,0.036086886085071129
96.671774985475466,-998.54310972975077,1194.17776992056,35.890000000000001,0.03605726899376261
96.653278132693885,-998.83005020497274,1195.7091326366799,35.890000000000001,0.035887371955584134
96.63477434776668,-999.20438606961636,1197.94788336133,35.960000000000001,0.035557774832799927
96.616259037206262,-999.82677026196245,1197.94788336133,35.960000000000001,0.035339447983126666
96.597733009192737,-1000.4055127308461,1198.66051657921,36,0.035318252116573128
96.579201288728484,-1000.7129050695355,1199.17931546918,36,0.035457813900913349
96.56066511861124,-1000.9531863312604,1198.8150118368901,35.869999999999997,0.035577601648165272
96.542133347441919,-1000.7156431430069,1198.44355564637,35.869999999999997,0.035497105367531118
96.523601113714719,-1000.7406212690063,1197.8672978719801,36.039999999999999,0.035119011174647503
96.505072739802415,-1000.5321912641118,1197.99890494334,36.039999999999999,0.03471551566713766
96.486536173356711,-1000.9745880681467,1197.4367138667999,35.869999999999997,0.034488186032611466
96.468011314670392,-1000.3423690613035,1197.4367138667999,35.869999999999997,0.034433215239122308
96.449489436216126,-1000.1814365305877,1197.9722020592901,36.280000000000001,0.03463426501328238
96.430980610764166,-999.47657440553246,1199.17716970172,35.960000000000001,0.034845479665350239
96.412481984330853,-998.92582739879492,1198.2211110855501,36.100000000000001,0.034901069268576008
96.393982616977709,-998.96583706967124,1200.3194332503599,36.100000000000001,0.034805016801562838
96.37547918284929,-999.18544293467835,1200.3194332503599,35.880000000000003,0.034474314500248585
96.356956960840776,-1000.1999884603531,1202.8273585828999,35.880000000000003,0.034289721188571216
96.338425695688855,-1000.6883182036685,1204.5687680922499,35.960000000000001,0.034206874880660237
96.319893461962863,-1000.7406212030545,1204.5687680922499,35.960000000000001,0.03421141455648196
96.301360118927406,-1000.8005239152639,1203.4994606375101,36,0.03436366303219246
96.282824436202432,-1000.9268671486535,1203.56144947546,36.140000000000001,0.034555634486939033
96.264298237445729,-1000.4147328618803,1199.1418837478,35.850000000000001,0.034401923833806372
96.245772261172945,-1000.4027187300941,1199.1418837478,35.850000000000001,0.034178923816411189
96.227254235288839,-999.97339774185764,1199.4556426352999,36,0.033907321180504719
96.208742492728405,-999.63409826302518,1200.58145530003,36,0.033914419930826702
96.190231256186394,-999.60677326872667,1200.3814220883201,36.189999999999998,0.034094098952911524
96.171721916438443,-999.50434638938816,1200.3814220883201,36.189999999999998,0.034281855660763069
96.153210245280192,-999.630242545285,1201.48887652026,35.859999999999999,0.03435258546923417
96.13469201243592,-999.98457359097824,1201.48887652026,35.859999999999999,0.03453506984354713
96.116171414032067,-1000.1123138082562,1199.57246775299,36.280000000000001,0.034539960327323996
96.097646392881586,-1000.3511421258363,1199.17931546918,35.939999999999998,0.034290608018002162
96.079102842550498,-1001.3517178785826,1200.0028133395699,35.950000000000003,0.034009912568919942
96.060560936522222,-1001.2629255272568,1203.98941087597,36.170000000000002,0.034049102627241139
96.042022277704902,-1001.0875761351271,1198.2347009461801,35.909999999999997,0.034358044054426468
96.023483827917303,-1001.0762885303731,1194.47102480781,35.909999999999997,0.034811280462190772
96.004953849025867,-1000.6188601374934,1196.21815636374,36,0.035053120103499043
95.986432497286515,-1000.1529939249963,1196.21815636374,36,0.03504409558278631
95.967913907434593,-1000.0038520038081,1195.4993242620601,36.159999999999997,0.034958045514866913
95.949398760372816,-999.81794133610072,1194.1567890831,36.159999999999997,0.034826475506509032
95.930891291548036,-999.40331653790543,1193.5185424707599,35.880000000000003,0.034641378251463496
95.912380861118365,-999.56324320196995,1193.5185424707599,35.880000000000003,0.034687481820938025
95.89387081977425,-999.54223258232014,1197.9691026174,35.969999999999999,0.034808046705022598
95.875342828739463,-1000.511515878386,1195.55869049533,35.969999999999999,0.035013113579997791
95.856809107999851,-1000.8209199393865,1195.55869049533,36.189999999999998,0.035164147199439492
95.83826672078753,-1001.2889094649479,1194.9149602550201,36.189999999999998,0.035202225881779896
95.819724087292613,-1001.3022087260609,1195.75467059072,35.840000000000003,0.035154468686661153
95.801184753783872,-1001.1240094718502,1193.3101646077801,35.840000000000003,0.035160492275357731
95.782644211624657,-1001.1892765973531,1192.2554006881001,36.030000000000001,0.035258081434744133
95.764107060515045,-1001.0061599194059,1193.6205856347799,36.030000000000001,0.03526804140432245
95.745571014575404,-1000.9464807404472,1193.36547772473,36.229999999999997,0.035351076063969221
95.727040021576585,-1000.6736219366833,1194.9924463024699,36.229999999999997,0.035438026402903423
95.708515318111097,-1000.333987135991,1196.4637275294899,35.950000000000003,0.035477112978290391
95.68999692280245,-999.99334666650316,1192.28520301404,35.950000000000003,0.035459097056769591
95.671469704765414,-1000.4697740006895,1190.56668169101,36.039999999999999,0.035630198614057931
95.652949308148152,-1000.1014173317309,1191.62812133171,36.039999999999999,0.03564704106132878
95.63441795296913,-1000.6931796671485,1191.6710366810601,36.280000000000001,0.035687582570208341
95.615887096565402,-1000.6662458010785,1191.6710366810601,36.280000000000001,0.035611703573983473
95.597351076495229,-1000.9450837895351,1195.6180567286101,35.939999999999998,0.035479381264192346
95.578810209408516,-1001.2068226824512,1195.04918993106,35.939999999999998,0.035413261500882739
95.560281191849455,-1000.5669481893918,1195.1664918859601,36.039999999999999,0.035439814540057332
95.541756540123515,-1000.3311932011909,1195.0522893729601,36.159999999999997,0.035382457495775968
95.523238053751868,-999.99826406825582,1193.0240622787501,36.32,0.035524040257688766
95.504732405145617,-999.30502473791046,1193.0240622787501,36.32,0.035594111933775409
95.486237324981317,-998.7343288724793,1193.1032172564501,35.960000000000001,0.035551942678076522
95.467730473933429,-999.36995658552166,1193.1032172564501,35.960000000000001,0.035391792445953613
95.449226227485241,-999.22930820238321,1199.17502393425,36.100000000000001,0.03504606067419648
95.430714530456711,-999.63163954016488,1198.4266279252299,36.100000000000001,0.03482252773262598
95.412201656856851,-999.69517439289598,1197.34420744708,36.310000000000002,0.034778705902443481
95.393686814027291,-999.80151279634367,1197.34420744708,36.310000000000002,0.034969870212205649
95.375175662338194,-999.60219121081798,1194.9571603485499,35.93,0.035196486861229115
95.35667003960242,-999.30362773203831,1195.6905359852999,35.93,0.035285475766966626
95.338167923813614,-999.11425259573105,1195.6905359852999,36.159999999999997,0.035051858675767496
95.319667854864306,-999.0037232626031,1198.3162401099501,36.049999999999997,0.034569766785092472
95.301175276851836,-998.5992126734842,1200.8079529771701,36.259999999999998,0.034034921687465511
95.282685816701388,-998.43084812385098,1208.0143938081701,36.259999999999998,0.033665434977911461
95.264190256388744,-998.76025688288951,1208.0143938081701,35.939999999999998,0.033689627630666304
95.245691460246931,-998.93499165750825,1205.6259161980099,35.939999999999998,0.033965495722603191
95.227193743405039,-998.87670946243747,1204.6543603723501,36.030000000000001,0.034257215964508869
95.208699546961668,-998.686607941994,1204.74209841992,36.030000000000001,0.034216258467778295
95.190202005000202,-998.86726591906495,1207.02853286606,35.840000000000003,0.033866755869066359
95.171700253461751,-999.0945830766567,1207.02853286606,36.299999999999997,0.03332524249764178
95.153195344739629,-999.26507099431456,1205.9329993644999,35.939999999999998,0.032861401429702106
95.134685439988985,-999.53485653465111,1206.6647060709799,35.939999999999998,0.032660635190440108
95.116170494713614,-999.80704487056744,1207.2464474733399,36.07,0.032818122875916969
95.097668313732086,-999.1177730026036,1207.2464474733399,36.07,0.032988494887241357
95.079171233292612,-998.84234373133825,1205.7718283858101,36.310000000000002,0.033009094706855598
95.06067381550875,-998.86056032825184,1205.7141310827899,36.310000000000002,0.032917714370652641
95.042181620374208,-998.57853726577434,1207.1861275656399,35.969999999999999,0.032466724515169597
95.023685800325964,-998.77428260508293,1207.9094896208601,35.969999999999999,0.032049366793456976
95.005188641242015,-998.84659053333917,1212.4299064195,36.140000000000001,0.031783719447473845
94.986687487818614,-999.06228486324517,1213.6186615966201,36.140000000000001,0.031831358660807239
94.968173827769249,-999.73764266572084,1213.6186615966201,35.869999999999997,0.032202137840102972
94.949656718721101,-999.92388860032793,1211.38014929058,36.329999999999998,0.032447452348236712
94.931133971032324,-1000.2283751936237,1210.37712220873,35.969999999999999,0.032312921767218693
94.912608473871586,-1000.3768466799402,1210.37712220873,35.969999999999999,0.03190680096779034
94.894083062601297,-1000.3722085958228,1210.90974937794,36.189999999999998,0.03134443941827933
94.875556228475418,-1000.4490427976032,1210.90974937794,36.189999999999998,0.031064713584039085
94.857025060594935,-1000.683065546008,1207.98077678451,36.259999999999998,0.031080844084550929
94.8384976149012,-1000.4820674611032,1210.4727280703501,36.259999999999998,0.03138804394808066
94.81997139130992,-1000.4160739294798,1210.4727280703501,35.979999999999997,0.031731404989541773
94.801456309440653,-999.8144209402202,1211.1927522650701,35.979999999999997,0.031858770588774232
94.782936933139439,-1000.0463202656407,1209.3323718705601,36.229999999999997,0.031748277449849704
94.764413704268065,-1000.2543590543706,1209.67092629324,36.229999999999997,0.031377523101475145
94.745887090555541,-1000.4371404764101,1209.67092629324,35.869999999999997,0.031093385893869476
94.727346548396326,-1001.1892765973531,1210.7929242602499,36.25,0.031040603713031273
94.708794065648306,-1001.8340683932372,1210.2061760671299,36,0.03121148898120216
94.690248481929686,-1001.46152080559,1210.44459467466,36,0.031539676709726593
94.671698475463018,-1001.7003492001143,1210.2962983007801,36.240000000000002,0.031727280266491339
94.653150455819954,-1001.5930607253918,1210.2962983007801,36.240000000000002,0.031636210369320406
94.634605956573992,-1001.402959281892,1206.00881648169,36.210000000000001,0.031366773575328931
94.616057989704927,-1001.590210929263,1206.00881648169,36.210000000000001,0.031149000344504414
94.59751759655812,-1001.1812299279486,1204.57401330161,36.020000000000003,0.031112413851401916
94.578981816561708,-1000.9321198063139,1204.57401330161,36.020000000000003,0.031374555287735216
94.560453040111071,-1000.5539283338501,1204.74853572232,36.229999999999997,0.031647211358363736
94.541933793160425,-1000.0393353352084,1207.73115250244,36.229999999999997,0.031770108679069521
94.523419405644617,-999.77692585353282,1207.5335034768,36.32,0.031753868484738046
94.50489058987155,-1000.5560517458424,1206.5176017901399,36.32,0.031704614977771856
94.486360039768982,-1000.6497055386642,1205.0158029813499,35.969999999999999,0.031673189050564897
94.467832405740623,-1000.4922375315082,1205.0158029813499,35.969999999999999,0.031856105978889639
94.449296697145769,-1000.9282641215497,1205.4761893124801,36.090000000000003,0.03219344549367139
94.430757351219953,-1001.1246799946579,1205.4761893124801,36.090000000000003,0.03253458998937455
94.412209402976615,-1001.5892051395552,1205.4323202887001,36.299999999999997,0.032717536932771935
94.39366878941604,-1001.1931322711256,1204.5725827899701,36.299999999999997,0.032587209713382734
94.375136283537174,-1000.7553174590474,1204.5725827899701,35.969999999999999,0.032376606642185016
94.356608175569121,-1000.5178302750186,1204.14629031972,35.969999999999999,0.032211645610324677
94.338078535058173,-1000.6005875913149,1201.06520665469,36.189999999999998,0.03232490375128131
94.319556208534479,-1000.2056322792181,1200.5654812533201,36.189999999999998,0.032597480134817065
94.301036027156812,-1000.0897943941252,1200.5654812533201,35.899999999999999,0.032951646592657924
94.282524069356796,-999.64572120063087,1200.073623666,36.329999999999998,0.033153588362691083
94.264011326141969,-999.68813360113506,1199.7531890574901,35.960000000000001,0.033099829327559567
94.24549296912231,-999.99127906087938,1201.43570917078,35.960000000000001,0.032924111517074105
94.226971961971685,-1000.1343861339021,1201.43570917078,36.119999999999997,0.032754396607736241
94.208444991251724,-1000.456418878248,1202.8020862105,36.119999999999997,0.032772029647672486
94.189915473882692,-1000.5939379277825,1202.3641112284799,36.329999999999998,0.033168724426803332
94.171389601090198,-1000.3971307945416,1200.1697063648401,36.329999999999998,0.033682306399272131
94.152870405878872,-1000.0365414114003,1197.5091931234799,35.979999999999997,0.033949153080620763
94.134350270033309,-1000.0873356602727,1196.47183376215,35.979999999999997,0.033918125555901638
94.115831542553238,-1000.0112839237975,1199.2360590977701,36.140000000000001,0.033480508456059002
94.097309879338155,-1000.169813614966,1199.2360590977701,36.140000000000001,0.033221930891193373
94.07880038436916,-999.51272832569259,1198.07567573496,36.310000000000002,0.033134413470249688
94.060287932969047,-999.67237560616968,1198.07567573496,36.310000000000002,0.033285551600377335
94.041772552041948,-999.83057006341414,1198.6121176018901,35.93,0.033698620067368297
94.023264771740813,-999.420136260851,1199.2458342606801,35.93,0.03391792583864453
94.004747922428464,-999.90986286714258,1200.7454873019999,36.020000000000003,0.033996599831007931
93.986233067181601,-999.80218333014352,1198.9127634659701,36.100000000000001,0.0338225770379562
93.967713827474071,-1000.03894420698,1198.99811732747,36.310000000000002,0.033549506015370607
93.949182009738379,-1000.7181577271958,1198.99811732747,36.310000000000002,0.033458998010968806
93.930652661041947,-1000.5848296073415,1200.9338380019501,35.950000000000003,0.033511446997509242
93.912121429005055,-1000.6865299926241,1201.4721872177299,35.950000000000003,0.033782116244328232
93.89358490809002,-1000.9721294112384,1201.39422433307,36.079999999999998,0.034133930589466177
93.875067545514923,-999.93757905562143,1202.7663234193701,36.079999999999998,0.034062746494380368
93.856553573988791,-999.75446241065026,1202.7663234193701,36.280000000000001,0.033878955160431039
93.838042850709741,-999.5790570692559,1203.53140873091,36.280000000000001,0.033520924759579192
93.819537155536906,-999.30753933309143,1201.75709745373,35.909999999999997,0.033254593402590273
93.801019176219782,-999.9708831246927,1201.75709745373,35.909999999999997,0.033378067119598093
93.782499390137119,-1000.0684484636074,1202.1171095510899,36.210000000000001,0.033446685932148008
93.763979591635746,-1000.0691190743512,1202.83474955973,36.020000000000003,0.033571727363590764
93.745460292945765,-1000.0421292590165,1204.3005471587801,36.229999999999997,0.033425282063628527
93.726943956895141,-999.88214673362359,1203.34520379844,36.229999999999997,0.03315249251433091
93.708431057424789,-999.69657139876801,1203.34520379844,35.890000000000001,0.032935442614513831
93.689919126530953,-999.64426826747831,1200.3752232045199,35.890000000000001,0.032798728598482534
93.67141955118133,-998.97706887904849,1202.9015067698399,36,0.032812435597952862
93.652919839239473,-998.98444486076539,1207.64055343158,36,0.033049237809990424
93.634422505274074,-998.85603413167166,1208.2220564153299,35.909999999999997,0.033283410595286625
93.615927575155609,-998.7262263967059,1206.58364374443,36.189999999999998,0.033352738243656845
93.597428617585336,-998.9437087947606,1207.6665410598,35.880000000000003,0.033095175814138907
93.578930302625935,-998.90900780775314,1210.5483067689299,35.880000000000003,0.032640834233544108
93.560425978567736,-999.23349914305538,1210.71639188723,35.979999999999997,0.032279422091693641
93.54191500797036,-999.59241225764958,1210.71639188723,35.979999999999997,0.032019120539172032
93.523404239159404,-999.58151579211619,1208.98857223851,36.210000000000001,0.032151393179996365
93.504887936222175,-999.88035861051503,1208.3035955790999,36.210000000000001,0.032411659547339204
93.486373762909849,-999.76535886519162,1207.4004658937999,35.880000000000003,0.032466535149523856
93.46787527927907,-998.91811606224201,1206.62059862859,35.880000000000003,0.032256359440247809
93.449385747727263,-998.43470379762334,1210.4429257444101,36,0.031807986602152213
93.430895975066818,-998.44772366415714,1210.51659709413,36,0.031453061642781138
93.412407632503843,-998.37049840010047,1210.51659709413,36.189999999999998,0.031452099275532733
93.393908649061672,-998.94510587757668,1210.7335580269801,36.189999999999998,0.031661350897596967
93.375405389816123,-999.17599925940169,1213.47108047856,35.869999999999997,0.032004127283288088
93.356906977585282,-998.91426046541369,1213.47108047856,35.869999999999997,0.032331495444243089
93.338403739034618,-999.17488173604477,1213.5790841077701,35.939999999999998,0.032342495394949822
93.31989693248417,-999.36755372399,1210.31632546381,35.939999999999998,0.032196549905364892
93.301385715603587,-999.60571155173841,1210.3380215571001,36.049999999999997,0.031928028915911955
93.282867112299897,-1000.0045783989364,1210.3380215571001,36.049999999999997,0.031735374489513968
93.264350776250708,-999.88214665667954,1209.7090732704501,35.909999999999997,0.03172661487877821
93.24582969769871,-1000.1382418076746,1209.81779215548,35.909999999999997,0.03190138377072356
93.227312634181445,-999.92142993242771,1205.03034651641,35.890000000000001,0.032141875057959728
93.208799897175453,-999.6877983232431,1203.11942137711,35.890000000000001,0.032231607994059872
93.190285905988929,-999.75552407267844,1203.11942137711,36.310000000000002,0.032047501040591064
93.171776118170328,-999.52854220397035,1204.1980271575501,35.960000000000001,0.031818119398899031
93.153270819328398,-999.28613746430108,1207.4672231039101,36.07,0.031696231001027086
93.134764812680444,-999.32435899008499,1207.4672231039101,36.07,0.031766073989023681
93.116246716429643,-999.97719754330922,1204.8691755377299,35.899999999999999,0.032257127269708787
93.097711715640628,-1000.8900426067578,1204.8691755377299,35.899999999999999,0.032729378178765679
93.07916467698891,-1001.5400871922061,1203.9193158053499,35.939999999999998,0.033215175690444528
93.060623206612348,-1001.23940033441,1203.2011989594901,35.939999999999998,0.033292822126910773
93.042070171277715,-1001.8639080706525,1203.2011989594901,36.159999999999997,0.033180197291692089
93.023514875934751,-1001.985948519801,1201.4175893566101,36.159999999999997,0.033161949574806553
93.004966427882678,-1001.6161948119939,1199.57962031121,35.869999999999997,0.033176081876827551
92.986424086201254,-1001.2864507970475,1198.65813239314,35.869999999999997,0.033335149698103042
92.967892951435985,-1000.6812773239715,1198.4383104369999,35.869999999999997,0.033557609553500005
92.949363874892654,-1000.5701333403566,1198.7940309994301,35.869999999999997,0.033766108876777216
92.930838437750452,-1000.3736056786389,1195.55153793711,36.329999999999998,0.033960742878984054
92.912314253755554,-1000.3059357245803,1195.55153793711,36.329999999999998,0.033880622233765777
92.893789316423536,-1000.3466159292564,1194.9657434184201,35.969999999999999,0.033723219405894928
92.875252607175298,-1000.9822994046996,1196.3302131092801,36.140000000000001,0.033577420854272282
92.856719984362741,-1000.7616318776641,1196.5683932981999,35.880000000000003,0.03365258996677313
92.838183243034777,-1000.9840317104474,1193.69354172868,35.880000000000003,0.034076457634576666
92.819641135218461,-1001.2738220807259,1192.65499027431,36.240000000000002,0.034610549400983105
92.801095473890243,-1001.4657117242782,1193.53070181974,36.240000000000002,0.035047360389292619
92.782551578970427,-1001.3703256696765,1194.4540970866799,36.280000000000001,0.035358604249018516
92.764016157015931,-1000.9127855431475,1194.4540970866799,36.280000000000001,0.035461047663577522
92.745490972366625,-1000.35997106269,1193.0314532555899,35.979999999999997,0.03554118383275242
92.72697900214952,-999.64639172343857,1191.14460839565,36.009999999999998,0.035585139149746231
92.708467920828539,-999.59839133242235,1192.0346250575301,36.100000000000001,0.035624014630752099
92.689961706185329,-999.33559073351023,1193.46990507482,36.100000000000001,0.035694903794070962
92.671451334738322,-999.56005813894114,1193.37668339928,36.259999999999998,0.035827114351078583
92.652944430916023,-999.3728064036344,1193.37668339928,36.259999999999998,0.035828619993299463
92.634433662105067,-999.58151579211619,1189.92414354374,36.119999999999997,0.035826111624270601
92.61592507051985,-999.4639456012751,1189.6180140516799,36.119999999999997,0.035811703029652642
92.597415509323469,-999.5163046048857,1191.67938133232,36.07,0.035853249336110289
92.578889935587796,-1000.3809817263078,1192.38557724781,36.07,0.036020946381664039
92.560361613416049,-1000.5293972743518,1191.32819072344,36.280000000000001,0.036247885893525893
92.541837084831002,-1000.3245435926184,1191.32819072344,36.280000000000001,0.03641847727844421
92.523320001653119,-999.92249160544793,1191.15867509349,36.119999999999997,0.036476765656309626
92.504811156540754,-999.47763606756064,1191.4857854230099,36.119999999999997,0.036370996388542867
92.486309561258224,-999.08614525703968,1192.38247780591,36.090000000000003,0.036239537101349223
92.467810277723331,-998.9613108840831,1192.38247780591,36.090000000000003,0.036159158786215985
92.449319349187633,-998.51014092757941,1191.8627252415099,36.259999999999998,0.036043938661734547
92.430822977588875,-998.80406633323378,1191.8627252415099,36.259999999999998,0.03617975136047577
92.412323168375366,-998.98969752941787,1193.4555999583699,36.07,0.036209953124042273
92.393823664428538,-998.97321312833219,1192.61565120407,36.07,0.036106409710830019
92.375314851395302,-999.47590379478891,1191.0873879298399,36.07,0.035924249224053829
92.356805634787634,-999.49769681379166,1192.2954550141601,36.07,0.035718268611849756
92.338301986455534,-999.19700993401136,1195.0916284432001,36.299999999999997,0.035645775493889031
92.319793888471651,-999.43729112978451,1194.86513076605,36.299999999999997,0.035585527207747138
92.301278468221085,-999.83269353036644,1194.86513076605,35.939999999999998,0.035709626978421123
92.282764249377877,-999.76781753309183,1196.84853516204,36.189999999999998,0.035856665211534189
92.264250349252919,-999.75060674786982,1196.4892383204999,36,0.035866005346677519
92.245747689158122,-999.14364511870951,1196.4892383204999,36,0.03584172577144968
92.227247022092527,-999.03602154196699,1196.5679164609801,36.210000000000001,0.03565904684672886
92.20875115030374,-998.77707659484304,1196.94461786087,36.210000000000001,0.035548183235573703
92.190248592653134,-999.13811313242172,1199.1080283055301,36.25,0.035548779286177008
92.17173707671472,-999.62186067493235,1199.0334032813801,36.25,0.035495469344755844
92.153205201029621,-1000.7212869948479,1199.0334032813801,36.009999999999998,0.035543236879679745
92.134673656481496,-1000.703405598882,1197.8553769416101,36.009999999999998,0.035495203408044934
92.116147212476648,-1000.4279762616645,1198.0422971298999,36.210000000000001,0.035206118802748251
92.09762509394821,-1000.1944005357929,1198.0422971298999,36.210000000000001,0.034809024591342295
92.079100487752953,-1000.3287345442826,1199.2649077492799,36.299999999999997,0.034478623416395945
92.060576025396301,-1000.3209672584653,1199.5736598460301,36.299999999999997,0.034416634593128839
92.042058512775355,-999.9456815313946,1199.4813918449199,35.969999999999999,0.034593621063876305
92.023536355959138,-1000.1964680754645,1200.9901047933199,35.969999999999999,0.03475781737008992
92.005024300887698,-999.65097385829131,1203.9491181312901,36,0.034897495061781393
91.986517521241993,-999.36610086778114,1206.87213025953,36.079999999999998,0.034871467697356558
91.968013904989007,-999.19527766123952,1206.4422615101601,36.280000000000001,0.034708334130386868
91.949504975022094,-999.48221821340542,1203.3723835197,36.280000000000001,0.034634249497467975
91.93099080895432,-999.76496766001912,1204.5659070689601,35.890000000000001,0.034547715134985675
91.912461921778856,-1000.5599074745749,1204.5659070689601,35.890000000000001,0.034656280450662234
91.893928174135922,-1000.822372718651,1206.3707359279099,35.969999999999999,0.034766856373572901
91.875392706650743,-1000.915244200056,1204.47197013759,35.969999999999999,0.034848558198625965
91.856855964287689,-1000.9840876047519,1201.7151357788,36.009999999999998,0.034848805521611327
91.83833516513333,-1000.1231543355169,1201.4235498218,36.07,0.034523063025917108
91.819831224986487,-999.21276792897675,1201.07474339899,35.869999999999997,0.034090942802906019
91.801331701377833,-998.9742748673043,1203.29155961174,35.869999999999997,0.033824474861601742
91.78282881259149,-999.15599446243539,1203.8465981300601,35.899999999999999,0.033902767007867422
91.7643249697161,-999.20751527131631,1203.8465981300601,35.899999999999999,0.034176892493333888
91.74580893272352,-999.86599759943772,1202.7200702095099,35.979999999999997,0.034544600385929686
91.727295019147007,-999.75133313200638,1202.7200702095099,35.979999999999997,0.034653447152503118
91.708779144618575,-999.85722453490484,1203.0827049115501,35.950000000000003,0.034543391730775627
91.690256441426015,-1000.2259723980441,1203.25627365783,35.950000000000003,0.034306641253386068
91.671730542761622,-1000.3985278773577,1201.22828498224,35.899999999999999,0.034029667987804463
91.653191137851934,-1001.1278651236385,1201.38182656548,35.899999999999999,0.033989159597404686
91.634645157803831,-1001.4829225974364,1201.38182656548,36.240000000000002,0.034283629305579634
91.616102738512382,-1001.2906417377196,1201.37705819333,36,0.034592056436971191
91.597577995723441,-1000.3361106029436,1200.5962372536901,35.939999999999998,0.034893703545852729
91.579063835864318,-999.76463239311943,1195.5198282623101,35.939999999999998,0.034912523505083219
91.560559681513794,-999.22433492830976,1195.5198282623101,35.869999999999997,0.034671389605755214
91.542059482178843,-999.01076408734036,1195.8095068704499,35.869999999999997,0.034457984280647627
91.523553624542046,-999.31631238663226,1196.42724948254,35.969999999999999,0.034305306357385816
91.505045584506135,-999.43416193907649,1197.1987720964901,35.969999999999999,0.034405094473095893
91.486531073848411,-999.78357551706529,1197.24264112027,36.009999999999998,0.034701454760986822
91.46800369438148,-1000.4784912148859,1196.4727874365799,36.009999999999998,0.03496408048801547
91.449467484943213,-1000.9553096663088,1194.6875089034399,35.859999999999999,0.035154986096243401
91.430931737025915,-1000.9303875335422,1194.6875089034399,35.859999999999999,0.035145689423659685
91.412390064861739,-1001.2502968658953,1195.3920358886801,35.960000000000001,0.035201409417617617
91.393843695728293,-1001.5039332060941,1195.3920358886801,35.960000000000001,0.035380681771029314
91.375293870353147,-1001.6905702579377,1193.38884274827,36.140000000000001,0.035732054256208685
91.356757660913658,-1000.955309732261,1191.9485559402201,36.140000000000001,0.036157317875873916
91.338215319233242,-1001.2864507420875,1191.6853417975101,35.890000000000001,0.036389894986148197
91.319691584342038,-1000.2816841256132,1191.2566651411801,35.890000000000001,0.036371099867405984
91.301179931809926,-999.6292367335933,1190.84634671764,35.909999999999997,0.036246093609539343
91.282670579643266,-999.50501700013183,1190.84634671764,35.909999999999997,0.036028346256114827
91.264156477732101,-999.7615032024114,1188.30075124511,36.299999999999997,0.036108715257159071
91.245626589903864,-1000.6139427247487,1188.30075124511,36.299999999999997,0.036337220425509749
91.22709094029392,-1000.925078937609,1187.59574742267,36,0.036645834855440942
91.208552158334683,-1001.0942257986595,1186.9212611819801,36,0.036849874174722533
91.190012149098834,-1001.160498735854,1186.9212611819801,35.869999999999997,0.036798403080608458
91.17146948249011,-1001.3039968711533,1188.40112547888,35.869999999999997,0.036595613799313996
91.152928278056763,-1001.2250394002767,1186.7360099239399,36.280000000000001,0.036275775892549947
91.134381791990251,-1001.5102475917347,1189.4055830723701,36.280000000000001,0.036226590679268103
91.115851838969292,-1000.6174631316212,1189.4055830723701,35.979999999999997,0.036435463570040863
91.097323354333184,-1000.5381703498767,1189.03508055628,36.280000000000001,0.036802375686226914
91.078804861754335,-999.99859925821158,1186.8900283444,36.090000000000003,0.037167007105121531
91.060291695304869,-999.71098827117396,1186.8769153209801,36.090000000000003,0.037242417324633452
91.041790223163019,-999.07949565945933,1186.18931605689,36.030000000000001,0.037003211266466302
91.02328792628289,-999.1240315269157,1186.6954787606601,36.030000000000001,0.03665494318646665
91.004782589151972,-999.28820506992486,1188.88606892658,36.189999999999998,0.036185495557442902
90.986268330986519,-999.76994093409235,1189.6711814011601,36.189999999999998,0.035982461022915399
90.967742120847007,-1000.4153475343513,1189.43037860756,35.829999999999998,0.036075441162449359
90.949218547385271,-1000.2729669334009,1189.43037860756,36.329999999999998,0.036172657794101691
90.930700918866734,-999.95194000074684,1188.66910799373,35.920000000000002,0.036306006622471153
90.912193866032055,-999.38085307303902,1188.66910799373,35.920000000000002,0.036143124517380811
90.893691490507436,-999.12827832891662,1189.3114077224,36.030000000000001,0.03593080573204039
90.875190063897506,-999.07703693659892,1189.3114077224,36.030000000000001,0.035594407882098514
90.856687935690175,-999.1149231954829,1190.4579628059801,36.189999999999998,0.035315205649191703
90.838177160670369,-999.58185107000793,1192.4003592014701,36.189999999999998,0.035144478699160417
90.819668502856743,-999.46752193542829,1193.2846538167801,35.909999999999997,0.035144385572722904
90.801168291104915,-999.0114345991559,1190.6310547150399,35.909999999999997,0.035198962114627967
90.782670197593745,-998.89704960324764,1190.5471313651999,35.960000000000001,0.03509803157583808
90.764173551772942,-998.81887432287613,1190.5471313651999,35.960000000000001,0.03482022012631527
90.745676770392734,-998.82619453120037,1193.35880200372,36.049999999999997,0.034465682176634288
90.727170607488858,-999.33279680970213,1193.35880200372,36.049999999999997,0.034315656460620472
90.708662288056942,-999.44924932329798,1194.2647927123101,35.859999999999999,0.034276416732518265
90.69015202009021,-999.55447020338875,1197.7323529401201,35.859999999999999,0.034317663979103429
90.671643940732068,-999.43628534007689,1197.7323529401201,35.939999999999998,0.03424138761730243
90.653150978808625,-998.61994386557876,1200.6567955800101,35.939999999999998,0.03397732663082733
90.634662129191355,-998.39787933267144,1201.24235168008,36.039999999999999,0.033592477238009094
90.616166477815923,-998.76517427365025,1201.5675546607399,36.039999999999999,0.033343678543668445
90.597673808742073,-998.60412998730101,1201.5675546607399,35.850000000000001,0.033111175937149691
90.579175311658105,-998.91884253431442,1200.4164696236201,35.850000000000001,0.03308717575120862
90.560666752151818,-999.46221333949529,1201.25188842438,36.259999999999998,0.033244396457566855
90.542160174291297,-999.35520446819987,1203.34305803097,35.93,0.033346158967987656
90.523644454984122,-999.84884258760826,1202.1354677838599,35.979999999999997,0.033422864765126632
90.505137681547069,-999.36576560088133,1200.6010056258399,35.979999999999997,0.033205220892397233
90.486627907181457,-999.52781574289008,1202.7529719773499,35.920000000000002,0.032878176617961219
90.468115812788994,-999.6530971933397,1202.5035861138799,35.920000000000002,0.032732489830317638
90.449595416171732,-1000.1014173317309,1200.6660939057001,36.189999999999998,0.032753271777754708
90.431069380913655,-1000.4059039360186,1201.4783861015301,35.899999999999999,0.032874575505811333
90.41254805607926,-1000.1515410577955,1204.99339163225,35.969999999999999,0.03299527595012354
90.394040736266675,-999.39526987949284,1204.99339163225,35.969999999999999,0.032840036892786924
90.375536386336975,-999.23489620388739,1206.9176682135701,36.079999999999998,0.03254260454240307
90.357023207470419,-999.71165879398166,1206.9176682135701,36.079999999999998,0.032140761618943949
90.338496639290199,-1000.4346817315657,1205.4533011261601,35.899999999999999,0.031918940239187517
90.319955233070473,-1001.2359358658102,1205.3157335896201,35.899999999999999,0.031937597728967551
90.301410500995075,-1001.4155320709328,1204.7893053042101,35.890000000000001,0.032051530564398321
90.282864171184073,-1001.5018097941017,1205.31501833379,35.890000000000001,0.032341739995198314
90.264319120388819,-1001.4327429440908,1205.4881102428601,36.299999999999997,0.032422547750554864
90.245785685255683,-1000.8054971893368,1205.1245218663801,36.299999999999997,0.032402388753580369
90.22725419969143,-1000.7002204699014,1204.72326334992,36.07,0.032205014597971926
90.208724032466577,-1000.6290301419463,1204.10218287732,36.07,0.032064492502904517
90.190196782350398,-1000.4715062734615,1202.0534517828801,35.880000000000003,0.032107718288997486
90.171671649440825,-1000.3571771168978,1202.69289048825,35.880000000000003,0.032225102188694933
90.153148251896241,-1000.2634674077875,1204.2032723669099,36.210000000000001,0.032465641073110015
90.134630772388874,-999.94389339729412,1203.8446907811999,36.210000000000001,0.032641756240622273
90.116111570969323,-1000.0368766563161,1203.97629785255,36.32,0.032652709630247578
90.097595781295041,-999.85264241104414,1204.8100477230601,36.32,0.032579365914309946
90.079070109253252,-1000.3862902562889,1204.8100477230601,35.950000000000003,0.032516742745950504
90.060529606417305,-1001.1871531413926,1204.3036466006799,36.090000000000003,0.032646646722160028
90.041985841881512,-1001.3632849328757,1202.6783469531899,36.049999999999997,0.033012577848008567
90.023449905630812,-1000.9405575379951,1201.0823727944301,36.049999999999997,0.033301446168462465
90.004906661601282,-1001.3351775941842,1201.08881009684,35.890000000000001,0.033685716078263067
89.986376688918497,-1000.6185248705933,1200.2572059938,36.259999999999998,0.033804084070890951
89.967852764659398,-1000.2919099913951,1199.0410326768199,36.280000000000001,0.033697552150079566
89.949330568520949,-1000.1985914764649,1199.9868392928599,36.280000000000001,0.033603038428500404
89.930808516219898,-1000.1908242565996,1199.9868392928599,36,0.033652884889583637
89.91228127231237,-1000.4711710065617,1200.6494046031701,36,0.034032554057116186
89.893759349360664,-1000.1838393921191,1198.8433836511799,36.119999999999997,0.034395335238755743
89.875244487905164,-999.80251859704333,1200.32491687833,36.119999999999997,0.034732028014154342
89.856723213775211,-1000.1488030173,1200.38571362325,36.299999999999997,0.034826190934088577
89.838200335701401,-1000.2354159853849,1200.38571362325,36.299999999999997,0.034670668347960544
89.819670201590156,-1000.6272420078457,1198.6121176018901,35.939999999999998,0.034399858369179345
89.801130374479072,-1001.1506639983008,1198.8455294186499,35.939999999999998,0.034216525450153808
89.782597757875365,-1000.7612965997724,1198.8455294186499,36.030000000000001,0.03421851434412277
89.764072384892643,-1000.370141067143,1197.2664829810201,36.030000000000001,0.03455683381680854
89.74555225525431,-1000.087000470317,1195.87745617359,36.280000000000001,0.034956462265076246
89.72704257712607,-999.52261892457443,1195.87745617359,36.280000000000001,0.035222257593261377
89.708534128343189,-999.45623427571445,1196.86927758089,35.939999999999998,0.035218435026162571
89.690021676943275,-999.67237559517764,1196.86927758089,35.939999999999998,0.03500680439601437
89.671504886613576,-999.90667780411388,1196.95773088428,36.039999999999999,0.034858102185849268
89.652982683230789,-1000.1989826706456,1196.6160770197,36.039999999999999,0.03491212303854261
89.634462813329662,-1000.0729746601875,1196.6160770197,35.920000000000002,0.035285172569625066
89.615943456689067,-1000.0452585926205,1197.74045917278,36.210000000000001,0.035477665560430971
89.59741886291232,-1000.3280639445309,1197.474860844,35.869999999999997,0.035683777597225595
89.578907776417367,-999.59867072700149,1197.4345680993299,35.869999999999997,0.035660548342117099
89.560388243860444,-1000.0547580742658,1197.4345680993299,36.32,0.035408808748958902
89.541858674752078,-1000.5967318515907,1195.2706808174501,35.950000000000003,0.035196358547373713
89.523330501591502,-1000.521350670899,1200.1940250627999,36.079999999999998,0.035006149357877055
89.504793928935925,-1000.9749234009986,1200.1940250627999,36.079999999999998,0.035083172843473613
89.486265594346889,-1000.5300678081513,1199.0322111883399,35.859999999999999,0.035247511952623101
89.467741598685208,-1000.2957657311192,1199.0322111883399,35.859999999999999,0.035319585974236775
89.449215991835729,-1000.3827698714005,1201.3379575417,35.920000000000002,0.035218424683711197
89.43069578355454,-1000.0912471843817,1201.3379575417,35.920000000000002,0.03491681793479634
89.412170463344395,-1000.3672913479585,1201.4161588449699,36.189999999999998,0.034706656715007868
89.393637859159213,-1000.7606260000205,1202.8104308617601,36.009999999999998,0.034847940420101524
89.375120315493803,-999.94735793184611,1201.27263084324,35.869999999999997,0.035036524965575341
89.356602069197763,-999.98529998610661,1201.6214372660399,35.869999999999997,0.035462433261792277
89.338088318085198,-999.74256007846532,1202.06155801553,35.920000000000002,0.035658540824244814
89.319576153324817,-999.6568970607434,1202.06155801553,35.920000000000002,0.035455759824605852
89.301054749844511,-1000.1557879367406,1204.43930678836,36,0.035245118454847998
89.28253583403081,-1000.0214539392425,1204.43930678836,36,0.034915648608396813
89.264017204858078,-1000.0059753278646,1206.2596328568,35.909999999999997,0.034907589561392963
89.245498256964453,-1000.0231862559826,1206.2596328568,35.909999999999997,0.035105457325042645
89.226984649690309,-999.73479280363995,1210.38165216227,35.909999999999997,0.035360094369114775
89.208476219533566,-999.45522846402275,1210.38165216227,35.909999999999997,0.035528752745819445
89.189966581761638,-999.52043968422936,1206.7712791885499,36.280000000000001,0.035456968467953688
89.171462114900081,-999.241210523576,1204.68177851221,35.960000000000001,0.035126712169359531
89.152956516998898,-999.30228666443884,1206.4174659749799,35.939999999999998,0.034749139510499696
89.134442961464288,-999.73199886883981,1210.6877816543299,35.939999999999998,0.034391594435219358
89.11592641120977,-999.89371374394864,1210.6877816543299,36.210000000000001,0.034388329629730825
89.097409106583868,-999.9344497989614,1211.41781943057,35.890000000000001,0.034607185255728985
89.07890332759257,-999.31206552967137,1211.0582841704199,36.020000000000003,0.034902776696992099
89.06040566869865,-998.87358027172957,1211.0582841704199,36.020000000000003,0.035230984080835574
89.041904749142006,-999.04965605898769,1209.95726704088,36.009999999999998,0.035171771627361008
89.023404367681465,-999.02059886886138,1210.47654276807,36.009999999999998,0.035000374127856226
89.004906793642107,-998.8689981258849,1216.6177292606501,35.829999999999998,0.034619555287207629
88.986397285220932,-999.51345474280492,1216.6177292606501,35.829999999999998,0.034384865108410073
88.96789327988138,-999.2162883358493,1215.5002612471901,36.310000000000002,0.034389591048098828
88.949383173344543,-999.54575298919269,1213.2464901502699,35.939999999999998,0.034418523104924499
88.930873268593899,-999.53485653465111,1212.9315391697301,36.189999999999998,0.034316747135617623
88.912368295713534,-999.26853553985848,1212.0095744144401,36.189999999999998,0.034106522795711379
88.893858488234542,-999.52960386599875,1211.69700761998,35.890000000000001,0.033841621544957873
88.875347491767911,-999.59380919756961,1210.9436048202001,35.890000000000001,0.033656866811530198
88.856842303648364,-999.28015845548032,1209.3929301968701,35.899999999999999,0.033700661731064979
88.838331873218706,-999.56324320196995,1209.3929301968701,35.899999999999999,0.033856316780527272
88.819825268454451,-999.35665726944853,1212.81209144736,36.189999999999998,0.03410579533496997
88.801318703012441,-999.35453386844813,1212.81209144736,36.189999999999998,0.034113332836958041
88.782811540488822,-999.38677627549112,1211.7048754340301,35.890000000000001,0.034121718880605355
88.76430815189272,-999.18298418983409,1211.7048754340301,35.890000000000001,0.033987610496695304
88.745798253350728,-999.5345212677513,1211.59234185128,35.880000000000003,0.033950788068723425
88.727287680117314,-999.57095460447454,1211.59234185128,35.880000000000003,0.034018659761956005
88.708772805208625,-999.80324506911552,1211.4531053844801,36.299999999999997,0.034204827000785712
88.690253727965441,-1000.0301711314549,1212.22725060311,36.299999999999997,0.034441548503881904
88.671727003529725,-1000.443119529199,1211.6939081780799,36.020000000000003,0.034592123699850486
88.653195258229658,-1000.7142462030869,1210.3828442553099,36.020000000000003,0.034710085019734133
88.634657548325791,-1001.0363348087612,1208.9342127960001,35.840000000000003,0.03476720717358938
88.616119598349385,-1001.0492987260305,1206.6568382569401,35.840000000000003,0.034832448390141324
88.597578211791486,-1001.2348741268379,1206.6568382569401,36.310000000000002,0.034897186688023475
88.579032296935893,-1001.4794022015559,1203.85303543246,36.310000000000002,0.035118333373509329
88.560506949822226,-1000.368744138215,1204.14104511035,36.280000000000001,0.035271806017134956
88.541986177571587,-1000.1217015342681,1205.22179665825,36.280000000000001,0.035225070187994187
88.523470107465414,-999.8677857335382,1205.22179665825,35.979999999999997,0.035119652754102289
88.504944286412254,-1000.3943368707335,1207.0199497961901,35.979999999999997,0.034974533027094863
88.486409798885177,-1000.8623264622469,1204.95429098061,36.119999999999997,0.035124489414344616
88.467864650818484,-1001.4379956017514,1202.0355703873099,36.119999999999997,0.035488618951074052
88.449319762487775,-1001.4239698575739,1202.0355703873099,36.310000000000002,0.036022809021759257
88.430769060634617,-1001.7379000711865,1201.2104035866701,36.310000000000002,0.036565746284869853
88.412221339013698,-1001.5769675294786,1201.83148405927,36.009999999999998,0.036937143235769146
88.393683864011038,-1001.0236501431752,1202.1383288071499,36.009999999999998,0.036957653028281898
88.375146960218501,-1000.9928047969643,1201.2254239589499,36.07,0.036834680161005766
88.356617072390264,-1000.6139427247487,1200.6358147425401,36.07,0.036655908659157757
88.338094174654429,-1000.236477735349,1199.6490001259999,36.350000000000001,0.036602413484878173
88.319583730771583,-999.56396967404226,1199.6490001259999,36.350000000000001,0.036766463887802109
88.301071519445628,-999.65941160096463,1198.3376977846301,36.140000000000001,0.037001097163677527
88.28256521373963,-999.34050812427063,1195.9537501279999,36.140000000000001,0.037199482319810795
88.264055660822251,-999.51585753838447,1195.10283411775,36.030000000000001,0.037177317877159
88.245540851106284,-999.79972466224319,1195.10283411775,36.030000000000001,0.036955640343153254
88.227019830503693,-1000.1351125400224,1199.9694347345201,36.25,0.036831955525861229
88.208493470317308,-1000.4234500650846,1199.9694347345201,36.25,0.036966743772112433
88.189966285393638,-1000.467985877581,1195.60327477494,36.25,0.037321543525717024
88.171439463686482,-1000.4483721868593,1192.01745891779,36.25,0.037804307002980812
88.152921938648234,-999.94635206519433,1192.61302859938,36.009999999999998,0.03800494286128131
88.134408208230951,-999.74144253312454,1193.95174908063,36.009999999999998,0.03812467058856573
88.115903727917242,-999.24193694068845,1194.76046499735,36.159999999999997,0.037852598152062149
88.097392881496262,-999.58570673278825,1195.11833132724,36.159999999999997,0.037462336733097484
88.07888386667662,-999.48680026032207,1195.11833132724,36.280000000000001,0.037215166832869205
88.06037886068286,-999.27032366296714,1197.2114082826899,36.280000000000001,0.037192646416430795
88.041877076029593,-999.09637127670942,1193.98679661593,35.960000000000001,0.037553729489849919
88.02337201208644,-999.27345293061899,1193.98679661593,35.960000000000001,0.037939633342902804
88.004864432538056,-999.40929561267831,1191.2437905363799,36.079999999999998,0.038077936821238612
87.986357646684112,-999.36643611269722,1190.1997554540301,36.079999999999998,0.037859550985252677
87.967843051171627,-999.78815767390199,1196.3371272489001,36.280000000000001,0.037429117497816251
87.949331237209847,-999.63795393679754,1196.3371272489001,36.280000000000001,0.037114338739694719
87.930817018366838,-999.7678175220999,1195.09758890838,35.93,0.037136318992506467
87.912312753291488,-999.23031406903465,1193.3678619108,35.93,0.037310619117916645
87.893815106816277,-998.8729096609859,1195.98712873305,36.020000000000003,0.037763033893040976
87.875319540293972,-998.7605922047494,1195.51196044826,36.020000000000003,0.038017315995556432
87.856822109056935,-998.86128680032402,1195.51267570408,36.210000000000001,0.038037260792503573
87.838328523146927,-998.65363913982276,1195.51267570408,36.210000000000001,0.037852026932380017
87.819828382796459,-999.00757892538354,1195.5744261234299,35.920000000000002,0.037381070563020695
87.801323539266662,-999.26155060942619,1195.40777151677,35.920000000000002,0.03708857422282253
87.782818624335889,-999.26540626121448,1196.6711517180399,36,0.036898827593657417
87.76430921939523,-999.5078667962606,1196.6711517180399,36,0.036876012264179164
87.74579478738157,-999.77932873704844,1194.18325354853,36.189999999999998,0.037016977247771081
87.727277677298744,-999.9239444726486,1193.4291354929401,36.189999999999998,0.037054253950551445
87.708759620371808,-999.97507405437295,1194.7556966252,35.909999999999997,0.037013268507482773
87.690233097722285,-1000.4322230746575,1194.7556966252,35.909999999999997,0.03691905798711273
87.671712473447954,-1000.1137108141284,1196.5755458564199,36.009999999999998,0.036817691811259455
87.653191804679025,-1000.1161135217718,1199.1847990971601,36.009999999999998,0.036845619070507048
87.634677696559422,-999.76183845831918,1202.2918703903999,36.189999999999998,0.036821974859981038
87.616166895669139,-999.58324807588008,1203.0965331907901,36.189999999999998,0.036842464990253863
87.59765315800874,-999.74183366135287,1203.0784133766199,35.880000000000003,0.03687058575058072
87.579135892706091,-999.93232634300091,1202.5643828587999,35.880000000000003,0.036811122873156313
87.560612786975412,-1000.2477094567902,1202.5643828587999,36.009999999999998,0.036650882623906145
87.542091929871646,-1000.126283603169,1201.1720181908599,36.009999999999998,0.036530219427807702
87.523568538534477,-1000.2631322068397,1201.84745810598,36.140000000000001,0.036372946994740127
87.505050649245888,-999.96602158426879,1200.5104065549899,36.140000000000001,0.036383342623569383
87.486530006345617,-1000.1147166148278,1199.9670505484401,35.859999999999999,0.036391546533897867
87.468002794517204,-1000.4694387337898,1199.9670505484401,35.859999999999999,0.036279082092067101
87.449479319361998,-1000.2676583814358,1199.6208667303199,35.93,0.036161875147440133
87.430962651139538,-999.90008401290208,1199.6456622655001,35.93,0.036091840719770812
87.412446919414663,-999.84951314339207,1199.6456622655001,35.969999999999999,0.03620753478476111
87.393936469323563,-999.56430491895799,1200.17352106256,35.969999999999999,0.036443759585976031
87.375431781013589,-999.25316873907366,1201.3727666584,35.950000000000003,0.036546230935881135
87.356921227442001,-999.56989286550231,1204.1749005526201,35.950000000000003,0.03663118204735144
87.338404390546941,-999.90919233334273,1204.2497639953799,35.869999999999997,0.036562908852498535
87.319883559313652,-1000.1248865972968,1204.2497639953799,35.869999999999997,0.036546490675751976
87.301356367145658,-1000.4683770717614,1202.0699026668001,35.939999999999998,0.036502235263805971
87.282815071650745,-1001.2299567250853,1201.6517164292,35.939999999999998,0.036535282718804636
87.264282149780357,-1000.7777810008579,1201.6517164292,36.25,0.03665894683898057
87.245746825097498,-1000.907532874495,1200.7006646037901,36.25,0.036893475591956715
87.227221087863001,-1000.3898106631616,1198.3939645759999,35.920000000000002,0.036934098846485811
87.208706180875396,-999.80497733089555,1198.9110945357199,35.920000000000002,0.036863644293903514
87.19019149533581,-999.79301913738198,1200.35281185541,35.869999999999997,0.036674112913483686
87.171682038654382,-999.51066079701275,1200.35281185541,35.869999999999997,0.036525034035062104
87.153173816493705,-999.44399667662958,1200.3637791113599,36.299999999999997,0.036572365915620401
87.134667329697393,-999.3502870004952,1200.2443313889901,36.299999999999997,0.036880986562136557
87.116158489759414,-999.47735665099742,1199.54051965958,35.909999999999997,0.037204365560065206
87.097649092061658,-999.5074756790242,1197.6620194509101,36.229999999999997,0.037341302057779358
87.079123089917175,-1000.4041158019181,1197.4274155410999,35.950000000000003,0.03731588936236515
87.06059213003337,-1000.6718337256389,1199.02100551379,35.950000000000003,0.037199545446035223
87.042062495732083,-1000.600252269455,1197.3947521918701,36.119999999999997,0.037209616147159112
87.023523915559252,-1001.0833293331261,1197.3947521918701,36.119999999999997,0.037413705140089272
87.004988934430841,-1000.8889809337376,1197.4243160992,36.280000000000001,0.03777923476859215
86.986461833326047,-1000.463459659017,1197.4243160992,36.280000000000001,0.038255655933418509
86.967937213679022,-1000.3294609394109,1195.9365839882601,36.25,0.038546870150397476
86.949411945210031,-1000.364497325222,1193.4012405158601,36.25,0.0385509824594122
86.930893016979056,-1000.0221244730424,1191.06283081327,35.960000000000001,0.038268631320225899
86.912376076603707,-999.91478026889502,1193.8306324280099,35.960000000000001,0.037893935415774571
86.893851983671595,-1000.3010183338197,1193.8306324280099,36.170000000000002,0.037624125057951541
86.875316865949515,-1000.8963569923984,1194.79551253265,36.170000000000002,0.037685444370081755
86.856782268732076,-1000.868249741643,1191.06950653428,36.310000000000002,0.038023013627371031
86.838238653209899,-1001.355238197519,1191.06950653428,36.310000000000002,0.038486444909592209
86.819698683296295,-1001.1583753348535,1191.1913384427201,35.939999999999998,0.038774066293227015
86.801157770677875,-1001.2092813943194,1191.3198460721801,35.939999999999998,0.038711931561377783
86.782610440212267,-1001.5558451432036,1192.6077833900199,36.100000000000001,0.038547752837270445
86.764065799200083,-1001.4106146581881,1192.6077833900199,36.100000000000001,0.03846244058943895
86.745519779829735,-1001.4850459984368,1190.4100406658699,36.25,0.03856081308962251
86.726978400514952,-1001.2344829986093,1190.4100406658699,36.25,0.038836851924523144
86.708453111350678,-1000.365614870563,1193.6878196821001,35.920000000000002,0.039067463948679701
86.689936866363055,-999.87722933187092,1193.6878196821001,35.920000000000002,0.039082753166321413
86.671424259741897,-999.68075754247411,1190.9729469982301,36,0.039051823937331726
86.65291957143333,-999.25316866212961,1190.9729469982301,36,0.038670491836172625
86.634410017480263,-999.51591346566499,1189.2806517220299,36.159999999999997,0.038274747009236713
86.615892616618609,-999.9396465293413,1189.78943703049,36.159999999999997,0.038005117740899916
86.597376072572942,-999.89337846605679,1191.8257703573399,35.869999999999997,0.037969408766396255
86.578858053932152,-999.97300660263716,1191.58639807539,35.869999999999997,0.038193756097287833
86.560335740860424,-1000.2049058730977,1193.7533847991699,35.950000000000003,0.038413680678911329
86.54181639663814,-1000.0445880038607,1193.7533847991699,35.950000000000003,0.038368366661322921
86.523300522109921,-999.85722452391269,1193.0564872093801,36,0.038333077809493139
86.504793352344407,-999.38716733776766,1193.23315539755,36,0.038238541324913118
86.486296876229659,-998.80971019606659,1195.1598161649499,36.009999999999998,0.038246718339656996
86.46779624848773,-999.03389806402231,1194.7461598809,36.009999999999998,0.038262315921489522
86.449298875198863,-998.85815759862419,1196.5102191579599,35.850000000000001,0.038228474760444095
86.430798715187578,-999.0086406093958,1197.9555127567701,35.850000000000001,0.03823932984171953
86.41230119288754,-998.8662042020768,1194.4519513192099,35.869999999999997,0.038016122871890552
86.393797843613683,-999.18086078883357,1194.4519513192099,35.869999999999997,0.037681312405747985
86.375289835656901,-999.43242966630442,1193.65444107705,36.329999999999998,0.037292738752552373
86.356778021695106,-999.63795393679754,1196.0579390594901,36.329999999999998,0.036958765444227736
86.338263328911182,-999.79341033156254,1196.0250372916501,36.079999999999998,0.03684015219836681
86.319753184086366,-999.54782053985639,1196.0250372916501,36.079999999999998,0.036895525543008449
86.301253160669177,-999.00126452875099,1196.2124343171599,35.869999999999997,0.03686173612007148
86.282756040907458,-998.84446713233865,1196.2124343171599,35.869999999999997,0.036628403601903468
86.264257258218635,-998.93426519642787,1200.49729353157,36.25,0.036330852240761213
86.245760982855629,-998.79886960285387,1200.49729353157,36.25,0.036073541273733273
86.227257796045706,-999.17208773529262,1203.30801049566,36.229999999999997,0.035917354333750491
86.208758623235653,-998.95533174335833,1203.20310630835,36.229999999999997,0.035848180863811668
86.190254533041951,-999.22087045970989,1202.8333190480901,35.890000000000001,0.035922226187517364
86.171748110403698,-999.34682246594343,1201.59640331225,35.890000000000001,0.035979577025798661
86.153243526609899,-999.24752486524881,1201.84769652458,36.189999999999998,0.035820847579511948
86.134736974619855,-999.35380746232772,1201.84769652458,36.189999999999998,0.035331073319656674
86.11621752588259,-1000.0502318117337,1202.8752807230101,36.299999999999997,0.034793343186779915
86.097704620203601,-999.69690666566783,1203.7114147795901,36.299999999999997,0.034436237895802718
86.079191916311004,-999.68601020013455,1203.31492463528,36.140000000000001,0.034351175028495572
86.060681569700208,-999.55871698340582,1202.03390145706,36.140000000000001,0.034553349639150958
86.04217877197523,-999.15107714861892,1205.2806860543101,36,0.034627611234264777
86.023681418349213,-998.85709580469188,1205.2806860543101,36,0.034536166740218116
86.005187671011157,-998.66235625509091,1207.7042111997901,36.100000000000001,0.034216732408287154
85.986686809402485,-999.04652686827978,1207.7042111997901,36.100000000000001,0.033864514486891234
85.968178509630988,-999.44818766126991,1209.6463691766701,36.280000000000001,0.033606738888558099
85.949658983283925,-1000.054422741414,1209.6463691766701,36.280000000000001,0.033570407995618244
85.931127860934524,-1000.6806068671158,1209.85069392332,35.920000000000002,0.033732757184879052
85.91258491596426,-1001.3190283940462,1208.35318664946,35.920000000000002,0.034056294505221969
85.894044055086411,-1001.2064874045593,1206.5247543483699,36,0.034152609813070459
85.875505286579141,-1001.0934993925391,1206.5247543483699,36,0.034012977660204696
85.856967746384171,-1001.0271705280638,1207.0619114711201,36.07,0.033666844375224568
85.838435175311162,-1000.758837942864,1208.87508498133,36.07,0.03335890877825437
85.81990159116684,-1000.8135437927896,1208.39967827793,35.880000000000003,0.033291541042638852
85.801378907635709,-1000.2249106810558,1208.39967827793,35.880000000000003,0.033370768653647437
85.78285886181726,-1000.0824741967929,1208.79354581756,36.299999999999997,0.033630754592145568
85.764342603376647,-999.87795579295118,1209.15379633353,35.93,0.033768349222651289
85.745826481530941,-999.87057966833845,1211.8376745984201,36.009999999999998,0.033642196408510419
85.727303415123515,-1000.2455860008298,1210.59122211828,36.009999999999998,0.033317631525960116
85.708764140597424,-1001.1208244088215,1210.59122211828,35.909999999999997,0.033047663872049646
85.690222474643306,-1001.2499615220516,1209.4110500110401,35.909999999999997,0.033068508946118264
85.671683082150707,-1001.1271946008308,1208.0677995762601,35.890000000000001,0.033388409968725406
85.653133672765435,-1001.6681068040633,1209.5974933621301,35.890000000000001,0.033870794703909281
85.634589401176555,-1001.3906657994946,1209.5974933621301,35.969999999999999,0.034172692232873107
85.616041791314942,-1001.5709325274252,1209.52406043101,35.969999999999999,0.034192859504582222
85.59750462054329,-1001.0072216693701,1208.4685812555099,35.960000000000001,0.034044337356151637
85.578978097893753,-1000.4322230746575,1207.08193863415,35.960000000000001,0.033885921455560984
85.560449945429696,-1000.5202330596063,1204.9900537717399,35.890000000000001,0.033797866979690221
85.541926540640759,-1000.263858601968,1205.4547316378,35.890000000000001,0.033973285718700535
85.523407592747944,-1000.0231862120145,1206.3118465318501,35.960000000000001,0.034325967231436605
85.504882564354361,-1000.351533254065,1206.3118465318501,35.960000000000001,0.03469420079511816
85.486357815356769,-1000.3364458698434,1204.9113756312599,35.960000000000001,0.034719670402614505
85.467838354201405,-1000.0509023895014,1204.06189013265,35.960000000000001,0.034396780857955785
85.449310233816064,-1000.5185008088183,1203.29585114668,35.890000000000001,0.034031756223371006
85.430768567861946,-1001.2499615220516,1202.27184322737,35.890000000000001,0.033873480017627293
85.412213863391344,-1001.9540414126337,1202.23464992459,35.979999999999997,0.034163430747910832
85.393660347908565,-1001.8898360700709,1201.3606073094099,35.979999999999997,0.034648329020804815
85.375113711796402,-1001.5183500565161,1200.44865613564,35.909999999999997,0.035133221083016947
85.356575521744602,-1001.0622627971875,1200.44865613564,35.909999999999997,0.035405651564687904
85.338048842839356,-1000.4406608832826,1199.5111941708601,35.909999999999997,0.035379574530074939
85.319535606023607,-999.71478805064169,1199.5316981711001,35.909999999999997,0.03504886809576982
85.3010267340063,-999.47908893476131,1200.5266190202999,36,0.034839106313141792
85.282526385660574,-999.01881066880878,1199.9927997580501,36,0.034835900488877046
85.264019657754204,-999.36330694397304,1199.9927997580501,35.899999999999999,0.035218774445187513
85.245505634487529,-999.75725640041048,1198.9382742569801,35.899999999999999,0.035547001491881586
85.226981392544459,-1000.3090649262804,1198.14314820089,35.909999999999997,0.035655447794967744
85.208445424213608,-1000.9422898657269,1198.9597319316499,35.909999999999997,0.035450402645674582
85.189912417490291,-1000.7823630587668,1199.0989683984501,36,0.035062855518995968
85.171381529006226,-1000.6679781398026,1197.98269247802,36,0.034770084963281163
85.15284700940002,-1000.8640587350188,1195.3419679811,35.890000000000001,0.034762409829481138
85.134319362954159,-1000.4929080762997,1195.3419679811,35.890000000000001,0.035164274485339625
85.115792658180069,-1000.4420578012188,1195.69840379934,35.899999999999999,0.035549188029487783
85.097264303929606,-1000.5311295251398,1196.9312664188501,35.899999999999999,0.035850171829975616
85.078751131271687,-999.71132352708196,1199.0403174210001,36.020000000000003,0.035753507787791856
85.060232878765376,-999.98563534094251,1199.0403174210001,36.020000000000003,0.035435444573951633
85.04170924735547,-1000.2760961351008,1196.2491507827201,35.880000000000003,0.035263324774040913
85.023181010037263,-1000.524815183467,1196.2491507827201,35.880000000000003,0.035276524722257702
85.004646119971653,-1000.8840635429771,1196.3404651093999,36.229999999999997,0.035583457597915917
84.986116127628449,-1000.6195865326216,1197.10936511867,35.909999999999997,0.035817180240783821
84.967588487391438,-1000.492572798408,1198.93469797786,36,0.03576784084805279
84.949059269080252,-1000.5777888045886,1198.95567881533,36,0.035527631019041495
84.93053717021364,-1000.1933387968205,1196.49066883214,35.920000000000002,0.035122554335767976
84.912014545665571,-1000.2217255960431,1196.49066883214,35.920000000000002,0.034711465443975201
84.893489576255632,-1000.3483481360764,1198.80714402284,35.869999999999997,0.034658449393745273
84.874974181875345,-999.83129653548644,1198.80714402284,35.869999999999997,0.034821163863960801
84.856464517198674,-999.52189254043799,1201.85008071066,36,0.035142433930631704
84.83797126967039,-998.63536652769233,1201.9180300138,36,0.035327509458977439
84.819479918934533,-998.53293973628968,1201.9180300138,35.920000000000002,0.035181614674863901
84.800981468417135,-998.91632793913357,1201.6045095449099,35.920000000000002,0.03493536367219998
84.782477455834666,-999.2166794530857,1203.2858375651599,35.960000000000001,0.034628625334736297
84.76396775907908,-999.52362480221791,1203.2858375651599,35.960000000000001,0.034577351890366127
84.745452104964215,-999.8453222027199,1202.3939135544199,36.049999999999997,0.034782235615059207
84.726934320190168,-999.9603777983798,1201.13101019037,36.049999999999997,0.03517926773918801
84.708419381123633,-999.80670959267559,1201.6676904758999,35.880000000000003,0.035517965965759908
84.689908865839413,-999.56782534781451,1201.83100722206,35.880000000000003,0.03554470836996957
84.671414298937052,-998.70661272796826,1205.15217842486,35.939999999999998,0.035275043922357106
84.652922409069177,-998.56205286468878,1205.15217842486,35.939999999999998,0.034878314990277423
84.634432903387648,-998.43330680274335,1209.3323718705601,36.049999999999997,0.034609708111599198
84.615943469107478,-998.42945112897075,1210.70947774762,36.049999999999997,0.034848889331924295
84.597450377833283,-998.6269288070032,1210.70947774762,35.859999999999999,0.035204128876142243
84.578953836527248,-998.81323052599498,1211.3949312442501,35.859999999999999,0.03537171106224845
84.560457392492637,-998.80797786833477,1208.39753251046,35.969999999999999,0.035417490746832439
84.541956303227096,-999.05882033968533,1208.39753251046,35.969999999999999,0.035150995892234228
84.523447315312197,-999.48534740411355,1204.1591649245199,36.159999999999997,0.034887957287275492
84.504931687066602,-999.84392526279964,1204.1591649245199,36.159999999999997,0.034567018352681583
84.486409692714943,-1000.1876949889478,1205.8400161075599,35.920000000000002,0.034385382504354099
84.467905972980247,-999.20086567373585,1208.52127176777,35.920000000000002,0.034460063199071848
84.449408879090029,-998.84307007150653,1208.3798895335101,36,0.034700366149431776
84.430921620999939,-998.31193686541042,1206.4849384409099,36,0.034924211599583053
84.412445556372816,-997.70748986440697,1206.1566360183499,36.210000000000001,0.03494332544654434
84.393961417177792,-998.14351653139238,1211.5255846411701,36.210000000000001,0.034770689281494641
84.375476569144496,-998.18179379759306,1211.5255846411701,35.93,0.034654920714784369
84.356983159151852,-998.64413960321735,1212.5216975834001,35.93,0.034753741277669684
84.338481155121116,-999.10821765962964,1211.1042989616799,36.07,0.034986549158203213
84.31997449137279,-999.35984240942128,1211.1042989616799,36.07,0.035206079486817726
84.301458415057965,-999.86812100043824,1210.4085934649199,36.259999999999998,0.035152803691424511
84.282935316570402,-1000.2473183285616,1210.9669698437399,36.259999999999998,0.034978893688882226
84.264418441387775,-999.91125986202258,1206.6730507222501,35.920000000000002,0.034633972161649089
84.2458971031012,-1000.1522674749079,1204.4965272541699,35.920000000000002,0.034425361078260372
84.227375153245774,-1000.185292193368,1204.4965272541699,36,0.0346154181537855
84.208857758591336,-999.93931133938531,1206.49519044103,36,0.034895719338052515
84.190340175603694,-999.94948133284652,1208.83073912033,36.140000000000001,0.035198588545707524
84.171827347534503,-999.6927157359878,1208.83073912033,36.140000000000001,0.035282880484828319
84.153317273076595,-999.54402072741266,1209.55433959417,35.850000000000001,0.03520021732292479
84.134802574085242,-999.79374553251023,1208.6733828393701,35.850000000000001,0.03507314456413007
84.11628301565824,-1000.0561550581539,1207.5110921276901,35.939999999999998,0.035040785251092513
84.097755194330944,-1000.5023516746323,1207.5110921276901,35.939999999999998,0.035059771808489668
84.079215841160575,-1001.1250711998304,1209.7310077823399,36.039999999999999,0.035311488638850565
84.060676585261646,-1001.11981854217,1210.7061398871101,36.039999999999999,0.035685316347748484
84.042130092986483,-1001.5105828586345,1203.5120968236999,35.890000000000001,0.035933108172926734
84.023576076659268,-1001.9168816697901,1201.71322842994,35.890000000000001,0.03584929224997023
84.005034079567992,-1001.2678429290092,1203.4832481721901,35.93,0.035578694401464064
83.986487397923511,-1001.5208088013603,1203.4832481721901,35.93,0.035417051985802799
83.967942880053045,-1001.4039650056477,1202.77943644278,36.280000000000001,0.035481149746434321
83.949407561579235,-1000.9071975856112,1199.99947547906,36,0.035768059190231009
83.930881772603769,-1000.3926046749056,1199.71933361522,36.039999999999999,0.036158427185766381
83.912354302075258,-1000.4834085396946,1201.04231846837,36.039999999999999,0.036339252774303214
83.893823699197469,-1000.6525554007449,1200.02236366539,35.880000000000003,0.03637057625202722
83.875286801615005,-1000.9924694531204,1200.02236366539,35.880000000000003,0.036279616054375463
83.856754517182736,-1000.7433593424779,1198.1793878292301,35.950000000000003,0.036214385186788683
83.838220250067991,-1000.8504241960139,1198.1793878292301,35.950000000000003,0.036260939931328555
83.819682553617312,-1001.0356083366889,1197.7974412199801,36.119999999999997,0.036464648112222928
83.801145078615065,-1001.0236501211913,1197.7974412199801,36.119999999999997,0.036666877564190355
83.782604178413536,-1001.2086108825038,1196.44393878507,35.850000000000001,0.036819055675853522
83.764065260895094,-1001.1015459959916,1196.44393878507,35.850000000000001,0.036793314954415686
83.745529564718566,-1000.92759353279,1193.3688155852301,35.920000000000002,0.03655958300091923
83.727001087325974,-1000.5377791996642,1195.7909102190599,35.920000000000002,0.036279404953480594
83.708477442462879,-1000.2768226071731,1195.7909102190599,36.25,0.036124732966550797
83.689958761549391,-1000.0087693286166,1199.3180750987599,36.25,0.036022177790048286
83.671435362970328,-1000.2635232691163,1194.0793030356499,35.950000000000003,0.036278727149085539
83.652920098975287,-999.82425573273338,1193.03693688356,35.950000000000003,0.036580618474084843
83.634404236864142,-999.856554001105,1192.96708023156,35.869999999999997,0.036821500915197515
83.615894670495209,-999.51658392252091,1194.40426759771,35.869999999999997,0.036828854224088652
83.597390241921033,-999.23914300588831,1195.40705626095,36.310000000000002,0.036668879908496058
83.578875712635735,-999.78458140570081,1195.40705626095,36.310000000000002,0.036554042663767175
83.560357375277931,-999.99021732190715,1192.9100981843601,35.960000000000001,0.036628337371457667
83.541844612401263,-999.68919534010718,1190.53425676039,36.020000000000003,0.036874837758106391
83.5233280228247,-999.895837133957,1193.8604347539499,35.850000000000001,0.037070011924754113
83.504812868518798,-999.81833251928913,1193.8604347539499,35.850000000000001,0.037135088610449049
83.486300444023428,-999.67092274996094,1196.25725701538,36.259999999999998,0.037044214295915916
83.467787076822233,-999.72182886438657,1196.25725701538,36.259999999999998,0.036835594927207699
83.449288092346805,-998.9451616729533,1192.32668785175,36.210000000000001,0.036658022762557196
83.430786158682764,-999.10441785817807,1192.85049353248,36.210000000000001,0.036662772506636743
83.412285953139573,-999.01109933225609,1195.4483026800499,35.890000000000001,0.036760341999712107
83.393786963488949,-998.94544113348468,1193.67971344944,35.890000000000001,0.037011174070597931
83.37527664895687,-999.55698473261782,1193.32566181727,36.25,0.037262015462697196
83.356764256540828,-999.66919046619705,1192.7546492522499,36.25,0.037324330248545833
83.338258256101298,-999.32402373417699,1192.7546492522499,36.25,0.037231977197961313
83.319755178978909,-999.16616460978435,1194.4605343890801,36.25,0.037005943140451518
83.301244690600043,-999.56637245862998,1198.2332704345299,35.960000000000001,0.036907600649437482
83.282730380693835,-999.77273493484461,1197.5096699607,35.960000000000001,0.036990776035550461
83.264207015228578,-1000.2617351240236,1197.5096699607,36.100000000000001,0.037138830460667807
83.245686430276692,-1000.1115874021358,1197.1451279097901,36.100000000000001,0.037307489872655752
83.227161675070448,-1000.3367811367434,1199.9746799438799,36.32,0.037186030918874666
83.208640310913395,-1000.1536644807801,1202.0923140159,36.32,0.03696328028607495
83.190121115702482,-1000.0365413894162,1201.77140257018,36.030000000000001,0.036725117306947351
83.171597127285338,-1000.2953745259467,1201.77140257018,36.030000000000001,0.03662636089417063
83.153074080538119,-1000.2445243497934,1199.1251944452799,36.090000000000003,0.036813826821158982
83.134557042891331,-999.92003292655556,1198.14076401481,36.090000000000003,0.036989248668054663
83.116042408057012,-999.79028105291854,1198.83503899992,35.869999999999997,0.036973758702350784
83.097529605859123,-999.69131868614761,1199.3998526811399,36.310000000000002,0.036771112220124635
83.079019324439614,-999.55519665347708,1197.9609963847399,36.030000000000001,0.036589665749656219
83.060507126566662,-999.65868513988426,1198.39968662258,36.030000000000001,0.036524548712951035
83.042000021992635,-999.38364699684712,1201.0272980960999,36.079999999999998,0.03654762895688448
83.023484517923421,-999.83721973793854,1205.55009908081,36.079999999999998,0.036648594675967816
83.004972722587567,-999.63694813609789,1207.2905549157299,36.259999999999998,0.036913573531644879
82.986459095651796,-999.73585453162013,1207.2905549157299,36.259999999999998,0.037220617137627331
82.967944571540684,-999.78430200012974,1204.4631486491101,36.259999999999998,0.037406433578883222
82.949428255151886,-999.88108499465125,1204.4631486491101,36.259999999999998,0.037364210517359123
82.930921196109978,-999.38118826299478,1204.96287405048,35.969999999999999,0.037042078459302893
82.912416157002625,-999.27211179706774,1207.3480138001501,35.969999999999999,0.036830076326729674
82.89390840981612,-999.41834807179043,1203.4908775676299,36.039999999999999,0.036858241593448748
82.875398719269171,-999.5232895353181,1203.4908775676299,36.039999999999999,0.036976360200259836
82.85688426035199,-999.78078152730507,1203.0478957948601,36.25,0.037114669877471265
82.838370452324696,-999.7456334737966,1203.0478957948601,36.25,0.037133892374623133
82.819863594033293,-999.37034773573407,1202.7267459305201,35.93,0.037092772416177214
82.80135477479142,-999.47623906168872,1200.62294013774,35.93,0.037018577047845197
82.782848735029646,-999.32614713517739,1200.7123471155601,36,0.036926514779752319
82.76434224098881,-999.35067820566769,1204.9042230730299,36,0.036963988100657312
82.74582456072973,-999.95473399050672,1208.4330568829801,36.189999999999998,0.037275923209619019
82.727307301635719,-999.9319910761011,1206.8838127713,36.189999999999998,0.03758324620366691
82.708792069719792,-999.82252345996153,1204.3129449263699,35.890000000000001,0.037767088249601413
82.69027952104824,-999.67762826383012,1204.3129449263699,35.890000000000001,0.03779955208106002
82.671758910227098,-1000.1129843420559,1203.19619216874,35.969999999999999,0.037735555732389077
82.653232134050612,-1000.445913529951,1200.5037308339799,35.969999999999999,0.037644783858789568
82.634710561897506,-1000.1648962681734,1197.9326245704401,36.079999999999998,0.037657018342050347
82.616190068009828,-1000.1066699344314,1197.53804177499,36.079999999999998,0.037556359959609667
82.597675414549371,-999.79128686461002,1196.4234347848201,35.829999999999998,0.037554802579891002
82.579156668443161,-1000.0122897354892,1196.4234347848201,35.829999999999998,0.037607713086187274
82.560640176137227,-999.89058452026472,1192.85597716045,35.939999999999998,0.037525851902215336
82.542122599358024,-999.94914607693863,1193.0104724181299,35.939999999999998,0.037448595591466766
82.523598278769242,-1000.3133117942332,1193.0104724181299,36,0.037282445570152742
82.505066981539414,-1000.6900504104884,1194.3613522483499,36,0.037379758430021295
82.486532825148288,-1000.8444451212411,1193.8137047068701,35.880000000000003,0.03773130373097007
82.467996460488976,-1000.9636916026133,1194.5029729012199,35.880000000000003,0.038058235210418415
82.449446478858107,-1001.699008066563,1195.29380742238,35.920000000000002,0.03823156469140291
82.430901532579028,-1001.427099070266,1195.29380742238,35.920000000000002,0.038184527720424008
82.412364004801361,-1001.026499994264,1195.3326696554,36.039999999999999,0.038124791658084453
82.393831011528391,-1000.7816367405824,1194.08240247755,36.039999999999999,0.038122966261114118
82.375294198799864,-1000.9878873402519,1190.7891262518301,35.880000000000003,0.038260495699510649
82.35675801626553,-1000.9538568540682,1188.7709127391499,35.880000000000003,0.038442154313892321
82.338211132834658,-1001.5317052668937,1189.39771525833,35.93,0.038579528534910174
82.319674658485198,-1000.9696148710175,1189.4706713522301,35.93,0.038496862274281271
82.301137428730897,-1001.0104067323989,1188.2204041743801,36,0.038244631138355939
82.282598491550615,-1001.102607734964,1188.2204041743801,36,0.037879610638797585
82.264065725935751,-1000.7693432032249,1187.07837904434,35.909999999999997,0.037661639763521604
82.245531440195066,-1000.8514299967135,1188.4080396185,35.909999999999997,0.037685582004336374
82.22700135782334,-1000.6244480730454,1188.4080396185,35.829999999999998,0.037982761855929179
82.208469657019705,-1000.7118433965153,1186.8628486231401,35.829999999999998,0.03834685517972812
82.189945713100201,-1000.2929716534231,1186.8628486231401,35.920000000000002,0.038669831639328286
82.171419847549387,-1000.3967397432572,1186.34261922152,35.920000000000002,0.038824828550095898
82.152904328993742,-999.83800200538758,1186.36646108228,36.259999999999998,0.038717602275623784
82.134380736906266,-1000.2739727231086,1185.98189186834,36.259999999999998,0.038597578593095365
82.115864030396239,-999.9021515415817,1188.49029403809,36.07,0.038528588293183542
82.097346168011171,-999.96456879401194,1187.44935839765,36.07,0.038614310328158423
82.078825284002662,-1000.1277364593776,1187.24932518593,35.859999999999999,0.038944452796888754
82.060298781013543,-1000.4311614126293,1187.24932518593,35.859999999999999,0.039124059385784594
82.041777637269234,-1000.1417621925631,1184.46411901285,36.259999999999998,0.039067133850053976
82.023264880602426,-999.68886000725524,1186.2181647084001,36.259999999999998,0.038866285857000221
82.004760146761768,-999.25562739598195,1185.3827459076299,36.259999999999998,0.038481311247627062
81.986254355353182,-999.31273606347111,1185.3827459076299,36.259999999999998,0.038222368396310713
81.96774509321483,-999.50015547069995,1188.3436665944701,36,0.038145766074574407
81.949240515629683,-999.247189598349,1190.7726753679101,36,0.038108903289689182
81.930727272604869,-999.71512333952558,1188.9606939507401,36.140000000000001,0.038382119184555842
81.912220089386381,-999.38789379884804,1188.9606939507401,36.140000000000001,0.038516086833043237
81.893711250482866,-999.4773007896689,1187.3947605365199,36.310000000000002,0.038566969126590245
81.875208381356927,-999.15493280040732,1188.01035738115,36.310000000000002,0.038294123692555096
81.856709838740855,-998.92130126816676,1189.02101385844,36.140000000000001,0.037955763858477758
81.838201221285374,-999.46534259615521,1190.28963926907,36.140000000000001,0.037674166053972419
81.819683533782765,-999.95512514071925,1190.8177364847299,36.039999999999999,0.03761386809662462
81.801168886530959,-999.79095159771009,1190.8177364847299,36.039999999999999,0.037647340858448619
81.782657384044498,-999.62113426881194,1189.48426121286,35.890000000000001,0.037628970004938256
81.764146609024891,-999.581851059016,1189.0634523705801,36.280000000000001,0.037506438994567355
81.745647332734535,-998.96091967891073,1191.05782402251,36.210000000000001,0.037286327114811335
81.727146957484067,-999.02026352501764,1190.3263557346299,36.210000000000001,0.037121796565378465
81.708657653588944,-998.42241033720995,1189.02530539337,36.020000000000003,0.036950385610448049
81.690169453828503,-998.36278706354756,1191.1941994660101,36.020000000000003,0.036923464180804916
81.671675530572898,-998.67185580268824,1194.5773595067701,36.240000000000002,0.036905199906511484
81.653178326992531,-998.84899333991063,1194.5773595067701,36.240000000000002,0.036922821566881078
81.634675834534647,-999.13459272554906,1196.0488791524001,35.93,0.036849424034736906
81.616171516685299,-999.23316386516353,1195.93181561611,36.25,0.036762261554128567
81.597665309284992,-999.3351996162736,1197.3828312615001,35.950000000000003,0.036620410784531196
81.579155430404825,-999.53345952877896,1197.3258492143,35.950000000000003,0.036521458794612667
81.560636593236026,-1000.0172071152579,1197.3258492143,36.170000000000002,0.036467758733376938
81.54211581995051,-1000.1217574175809,1195.9678168258399,36.170000000000002,0.036370816328843904
81.523587835124587,-1000.5111806004941,1196.1251731068101,36.299999999999997,0.03637052037482124
81.505068484693851,-1000.0449232597688,1196.1251731068101,36.299999999999997,0.036244159565635307
81.486554675632078,-999.74568933512546,1196.7808242775,35.960000000000001,0.035949564647215659
81.468046109916131,-999.46254866135519,1196.5240474371999,35.960000000000001,0.035623910113145273
81.449538244761669,-999.42471834074388,1198.1660363872099,36.090000000000003,0.035302332707592608
81.431021688298713,-999.89404899985652,1200.7214070226401,36.090000000000003,0.035192121030760505
81.412504936258003,-999.90461019848999,1199.0200518393599,36.310000000000002,0.035334903121321481
81.393994413729644,-999.56821653100315,1199.0200518393599,36.310000000000002,0.035445890909677182
81.375480929596407,-999.72814319506733,1201.89871810659,35.939999999999998,0.035394800622917118
81.356965431737052,-999.83688440508672,1201.89871810659,35.939999999999998,0.035135338292266199
81.338441416413531,-1000.2968274700916,1204.55112511529,36.020000000000003,0.034858577165712515
81.319907786738128,-1000.8160024716818,1204.55112511529,36.020000000000003,0.034731743441326769
81.301369018232293,-1001.0934993155951,1201.6090394984501,36.140000000000001,0.03474566774708137
81.282826027729712,-1001.3214871388907,1201.20062842377,36.140000000000001,0.035021557579559846
81.264283789528378,-1001.2808628724871,1201.56350154442,35.880000000000003,0.035155376210969078
81.245753836507419,-1000.6174631316212,1200.50706869448,35.880000000000003,0.035183116171880593
81.227239515218599,-999.77334959632356,1200.25267604025,35.950000000000003,0.034976959640907086
81.208729089961892,-999.56296386235056,1199.7400760340799,35.950000000000003,0.034647632597595318
81.190226507476495,-999.13945421101323,1199.7400760340799,36.07,0.034290765312868267
81.171718895849395,-999.41102786346619,1199.68237873106,36.079999999999998,0.034068427570211959
81.153203222072904,-999.84638393070009,1205.47499721944,35.890000000000001,0.034094042036554723
81.134686009544453,-999.92947653588021,1205.47499721944,35.890000000000001,0.034264358174744242
81.116155387006259,-1000.6536170627732,1204.0301804578501,35.969999999999999,0.03455495358320794
81.097629936412503,-1000.3743320627754,1203.10034788851,35.969999999999999,0.034709870816856996
81.079101484890188,-1000.5363822047842,1204.6295648371699,36.090000000000003,0.034715825069257959
81.060568420216057,-1000.7854924033628,1204.6295648371699,36.090000000000003,0.034579541533415026
81.042030430916185,-1001.0514221929828,1204.11982585428,35.869999999999997,0.034474669443230146
81.02349407970884,-1000.9629651964931,1201.5279771718999,35.869999999999997,0.034489361570507068
81.004949275197617,-1001.4194436060338,1201.21874823794,35.969999999999999,0.03481526135170384
80.986414898393946,-1000.856347398466,1199.3645667272301,35.969999999999999,0.035119082575402992
80.967897341276583,-999.94808433796629,1196.5707774842699,36.100000000000001,0.035260322812848147
80.949382525350543,-999.80006000608694,1196.5707774842699,36.100000000000001,0.035245516858964286
80.930869911486269,-999.68114867070267,1195.0985425828101,35.880000000000003,0.035036060343023027
80.91235077526045,-1000.0333561944836,1194.78383002088,35.880000000000003,0.034931362089031262
80.893829470086445,-1000.1504793957674,1194.78383002088,35.960000000000001,0.034864623512931722
80.87530830668031,-1000.1428239315353,1196.9129081860699,35.960000000000001,0.034992370959076133
80.85677752271242,-1000.6623342659774,1199.9811172462801,36.039999999999999,0.035309446976985882
80.838245536303717,-1000.7272660696206,1200.9006978155001,36.039999999999999,0.035637029345499789
80.819718344137158,-1000.4683769948175,1195.4308981217,35.890000000000001,0.03584154881230809
80.801185227723479,-1000.7882863381628,1195.4308981217,35.890000000000001,0.035919055545988732
80.78265405984321,-1000.6830655350161,1195.08137644307,35.909999999999997,0.035819264336031505
80.764119403643321,-1000.8714347936797,1195.71676203212,35.909999999999997,0.035867213995928467
80.745590912798775,-1000.5385056057846,1196.2334151546299,36.280000000000001,0.035997762660699477
80.727066553922214,-1000.315379333905,1196.5590949724999,35.950000000000003,0.036216883197285277
80.708537088292516,-1000.5911440039744,1197.3208424235399,36.100000000000001,0.036504226216942368
80.69001780926294,-1000.0410675969885,1197.6884839163399,36.100000000000001,0.036689516986298278
80.671496893175302,-1000.1294687321497,1196.6175075313499,35.880000000000003,0.036800085674235816
80.652973533918484,-1000.2613998681157,1196.6175075313499,35.880000000000003,0.036770437530739386
80.634438917040853,-1000.8693113926793,1195.45831626157,35.950000000000003,0.036838632078464571
80.615895223907643,-1001.3594291931512,1195.3207487250299,35.950000000000003,0.036755640891758749
80.597347659576698,-1001.5684738705168,1195.3207487250299,36.140000000000001,0.036883134812581722
80.578808572350781,-1001.1107101997452,1196.7219348814399,36.140000000000001,0.037037690898674029
80.560269823504939,-1001.092437675551,1198.06900001395,35.920000000000002,0.037005997984613334
80.541741468219797,-1000.5311853974604,1198.06900001395,35.920000000000002,0.036925019489753484
80.523227236958078,-999.76848813284369,1199.0272043975799,36.259999999999998,0.036788845641419959
80.504702176485154,-1000.3532655378289,1201.7494680582799,35.920000000000002,0.036855362774173249
80.486180967548137,-1000.1452825994356,1199.5135783569301,36.25,0.037100250941216155
80.46765655693082,-1000.3181733346571,1201.3343812625899,36.25,0.037425202838748985
80.449133080740737,-1000.2677142647484,1202.2420409014301,35.93,0.037680321058710206
80.430611853177766,-1000.1462884001351,1202.2420409014301,35.93,0.03778726173158526
80.41208540192838,-1000.428367466837,1200.3146648782099,35.869999999999997,0.037713850740962125
80.393561302787631,-1000.3013536007194,1200.3146648782099,35.869999999999997,0.03762040184181388
80.37505360009753,-999.41594526521862,1201.5184404275899,36.350000000000001,0.037314168491958087
80.356543493560494,-999.5457530001845,1201.5184404275899,36.350000000000001,0.03732021794889466
80.338033108661719,-999.56078453406951,1203.44057124145,36.229999999999997,0.037523520487646289
80.319530655525867,-999.1324693355408,1202.59704620803,36.229999999999997,0.037676143563489396
80.301025961008662,-999.25350392902942,1207.01208198215,35.969999999999999,0.037859757950714022
80.28252739976665,-998.92230706886619,1207.01208198215,35.969999999999999,0.037645217442792187
80.264027402218503,-998.99986759982289,1211.05613840296,36.159999999999997,0.037443764090949246
80.245520186920885,-999.38962607161989,1209.447528058,36.159999999999997,0.037376598148449819
80.227009951033281,-999.5527379306169,1209.96942638986,35.890000000000001,0.037407252106284046
80.208495109238186,-999.80145693501504,1211.8560328312001,36.310000000000002,0.037597661011205825
80.189972074909889,-1000.2438537280578,1209.7682010851099,36,0.037912519439525019
80.171460643824588,-999.61727860603162,1209.7682010851099,36,0.038179732444846758
80.152953838308818,-999.36749785166921,1208.72559651442,36.119999999999997,0.038172003500539738
80.134446616802549,-999.3899613385197,1206.3759811372699,36.119999999999997,0.037806280366886484
80.115947560924539,-998.94901741267756,1211.7265715273099,36.299999999999997,0.037445132104818611
80.097438371222239,-999.4962439246068,1211.7265715273099,36.299999999999997,0.03720643516725021
80.07893106486182,-999.39454346238051,1211.9730963674899,35.950000000000003,0.037209432987716999
80.060429527527262,-999.08301606633154,1211.2771524521299,36,0.03759289988206363
80.041925326611178,-999.22684946853076,1210.33706788266,36.170000000000002,0.037843159708365388
80.023430701759395,-998.70974199562022,1210.33706788266,36.170000000000002,0.037980075509981226
80.004940683849384,-998.46096714088549,1210.6100571882801,35.890000000000001,0.037698569810064794
79.986442666914769,-998.89291446894401,1214.5012872816701,36.259999999999998,0.037231273534689809
79.967941383106151,-999.06932566599812,1216.75172051808,36,0.036777805333392762
79.949429022769223,-999.66745819342509,1216.89882479892,36,0.036683681729999723
79.930914557642197,-999.781116860157,1216.2825126984701,36.159999999999997,0.036923418647271652
79.912397221972853,-999.93612614445283,1216.2825126984701,36.159999999999997,0.037352104356503074
79.893881106334561,-999.87024446739053,1215.5703563177999,36.259999999999998,0.037658535354881437
79.875373956229666,-999.38610566474745,1215.6170863648799,36.259999999999998,0.037603457979732677
79.856871821813485,-999.11525847337452,1213.82465527352,35.869999999999997,0.037283525905955392
79.838370946753059,-999.04725326340804,1213.0829349855101,35.869999999999997,0.036890669206277309
79.819872833581471,-998.89811126527593,1215.3541106407799,36.280000000000001,0.036670986767965937
79.801370951658186,-999.10162385742569,1215.3541106407799,36.280000000000001,0.036636457471066072
79.782863834665449,-999.3843176075909,1214.4474046763701,36.159999999999997,0.037000945043802892
79.764360601288971,-999.17460233047348,1214.4474046763701,36.159999999999997,0.037274963950255979
79.745849865592618,-999.57972760305552,1212.31403497625,36.100000000000001,0.037346183216882343
79.727331859370537,-999.97233599189337,1211.0280050072699,35.859999999999999,0.037117392448970152
79.708807435300045,-1000.3188998067295,1210.9316838898301,36.299999999999997,0.036681532449360177
79.690262203414889,-1001.4425217983314,1211.07568872877,36.299999999999997,0.036477871864423389
79.671711643329573,-1001.7302446069543,1210.98628175095,36.07,0.036499899709732282
79.653165566011253,-1001.4881751891448,1209.83138201611,36.07,0.036737805028104913
79.634630695606063,-1000.8830018809488,1209.83138201611,36.140000000000001,0.036922845373307422
79.616103614162895,-1000.4623979310368,1207.94072245845,35.880000000000003,0.037050392066504338
79.597582074088905,-1000.1631639954012,1206.34903983462,36.259999999999998,0.036984475120398548
79.579052284566771,-1000.6086341947675,1206.39004783512,36.259999999999998,0.036937033552737954
79.560536890187706,-999.83129646953432,1206.39004783512,35.979999999999997,0.036808812161606461
79.542014200446914,-1000.2252460029158,1208.26068022974,35.950000000000003,0.03669844733246623
79.523487638475345,-1000.4343464646659,1209.5397960591099,35.880000000000003,0.036860762374070641
79.504961512154281,-1000.4108213377714,1209.5397960591099,35.880000000000003,0.037080309255207715
79.486434554887694,-1000.4556923951835,1207.8680047831499,36.329999999999998,0.037320636001612659
79.46789733858536,-1001.0096803262786,1203.40528528753,36.329999999999998,0.0374377819040164
79.449355854756831,-1001.2401267405303,1205.0854212147501,36.039999999999999,0.037417624972519561
79.430811681474069,-1001.3853572695136,1205.0854212147501,36.039999999999999,0.037361097835409231
79.412267176021089,-1001.4032944608559,1205.8905608523601,35.880000000000003,0.037465248668410105
79.393731382571687,-1000.9328462673943,1204.31580594966,35.880000000000003,0.037663365817673024
79.375195037574215,-1000.9626298636412,1202.7172091862201,36.25,0.037937136365043256
79.356677025141863,-999.97267134672916,1202.7172091862201,36.25,0.038065839977524892
79.338166113528374,-999.58922712866888,1204.49938827746,36.299999999999997,0.037995329541019279
79.319658853734538,-999.39202886719954,1203.73597189617,36.299999999999997,0.03786132050481348
79.301143199619673,-999.8453222027199,1199.7026443126999,36.090000000000003,0.03782505686986759
79.282622257661558,-1000.1308657380215,1199.3903159368399,36.090000000000003,0.038056769927757111
79.264100717587567,-1000.1631639954012,1199.37052719242,36.100000000000001,0.038431489631713896
79.245572193629627,-1000.5402937288932,1199.37052719242,36.100000000000001,0.038801374739888227
79.227041149925938,-1000.6763599991629,1201.29790321564,36.280000000000001,0.039038998593318656
79.20851541269144,-1000.3898106631616,1201.89180396698,36.280000000000001,0.039016170837998486
79.189995225104923,-1000.0901296720168,1198.87461648877,35.920000000000002,0.038841193954468514
79.171469858329615,-1000.3698058661953,1197.3921295871901,36.259999999999998,0.038779606629971958
79.152950079490282,-1000.068057324387,1196.28276780638,35.979999999999997,0.038643615939044987
79.134436588113516,-999.72853434527985,1196.28276780638,35.979999999999997,0.038889252265777392
79.115932478259211,-999.22193213273033,1197.5106236351301,35.909999999999997,0.039067839580228025
79.097428720237147,-999.20293319142365,1197.80101749909,36.189999999999998,0.039214391472231193
79.078923889124837,-999.26088006463431,1196.81587181281,36.280000000000001,0.039247352014527517
79.060420520190149,-999.18192247284594,1196.81587181281,36.280000000000001,0.039064441289149508
79.041919956605057,-999.03043359542255,1196.6668601831,35.950000000000003,0.0389819902644419
79.023412560216116,-999.39940500280443,1194.7735780207599,35.950000000000003,0.03902321578330948
79.004899076082665,-999.72814320605937,1194.77620062544,36.090000000000003,0.039263061346904438
78.986387261086406,-999.63800979812618,1194.77620062544,36.090000000000003,0.039601485352870808
78.967871464167786,-999.85303360522448,1194.8992246269299,36.280000000000001,0.039827801911623863
78.949363917733407,-999.40750745659363,1196.2374682709501,36.280000000000001,0.03991946888592849
78.930856806950544,-999.38398227473908,1195.4299444472699,35.93,0.039723787669045003
78.912353840553166,-999.16018545806764,1196.2114806427301,35.93,0.039381972616336795
78.893846345858123,-999.40471353278542,1197.26529088799,35.969999999999999,0.039239816571096216
78.875340073265505,-999.33872000116207,1197.26529088799,35.969999999999999,0.039302633243995362
78.856825588477847,-999.78217853317722,1196.2055201775499,36.07,0.039629226341534041
78.838308148292739,-999.94176999629371,1195.95017384889,36.07,0.039877218916606449
78.819787504358189,-1000.1147724651645,1195.95017384889,35.890000000000001,0.039753241261319343
78.801265165415998,-1000.2063028789698,1195.8652968246099,35.890000000000001,0.039548229223381526
78.782735154447053,-1000.6205923223291,1197.48010605337,35.890000000000001,0.039177216172251401
78.76419693128166,-1001.0640509312882,1195.16029300216,35.890000000000001,0.038928325387774285
78.745660203405052,-1000.983305337303,1195.16029300216,35.979999999999997,0.038949429164394908
78.727128216996348,-1000.7272660696206,1196.90217934873,35.979999999999997,0.039150109513210289
78.708604397251804,-1000.2862662055059,1197.5366112633501,35.939999999999998,0.039594499397536495
78.690085019916125,-1000.0463761269696,1194.6057313210599,35.939999999999998,0.039918357503230369
78.671578285801104,-999.36364221087297,1194.6057313210599,35.899999999999999,0.039807627388453636
78.653076177255613,-999.11386145651068,1195.33505384148,35.899999999999999,0.039391529023906025
78.634578882613681,-998.85391066471914,1202.35505132139,36,0.03892904250586076
78.616075922424741,-999.15985020215976,1202.35505132139,36,0.038741532094464189
78.597563413075235,-999.67550487382164,1200.3475666460499,35.890000000000001,0.038854003784295627
78.579041399061751,-1000.1887567279198,1197.5549694961301,35.890000000000001,0.039186868817603956
78.560509925914786,-1000.6995499361017,1199.5202540779401,35.93,0.039412265434756497
78.541982883793864,-1000.4602745300364,1199.5202540779401,35.93,0.039377834445595838
78.523459225479201,-1000.2775489913097,1198.3148095982999,36.07,0.039056292220133064
78.504945891391401,-999.72004074127801,1198.4762189956,36.07,0.038552177658122841
78.486435206399918,-999.57698954057605,1199.79395863938,35.890000000000001,0.038112804499437478
78.467933968123589,-999.06686692115397,1199.79395863938,35.890000000000001,0.037865401765711411
78.449435997754335,-998.89039993971517,1201.96905159581,35.979999999999997,0.038062827665127856
78.430944484555752,-998.54171272387873,1201.4235498218,35.979999999999997,0.038519418903650175
78.412455317254299,-998.415034278549,1201.1689187489701,36.159999999999997,0.038893700885117476
78.393959678295133,-998.76450379481037,1201.1689187489701,36.159999999999997,0.038922163144195818
78.37546285759268,-998.82831793220078,1203.9703373873599,35.890000000000001,0.038534472176651846
78.356951907691425,-999.59129466834065,1205.3922659626301,35.890000000000001,0.03819016325804056
78.338433447190056,-999.99686707337571,1204.8338895838101,35.969999999999999,0.038020248629410031
78.319906080142033,-1000.4778205931502,1204.8338895838101,35.969999999999999,0.038138106467377232
78.301372807472859,-1000.796724135796,1202.05011392237,36.140000000000001,0.038550375026392469
78.282836455230836,-1000.9630210688136,1202.05011392237,36.140000000000001,0.038857261338730152
78.264318047504915,-999.99401720030289,1199.43108551873,35.869999999999997,0.038828696644417744
78.245803348513562,-999.79374553251023,1198.40850811106,35.869999999999997,0.038561394645852905
78.22729433990115,-999.48646507036631,1198.40850811106,36,0.03810165346841405
78.208795485810967,-998.93812087020046,1198.1004712701399,36,0.037864020298655515
78.190295046402653,-999.02372804857737,1198.4130380646,36.170000000000002,0.037950172816668529
78.171795173030901,-998.99316207496179,1199.99876022324,36.170000000000002,0.038333233028500259
78.153289971459188,-999.28088487259265,1199.7529506388801,35.899999999999999,0.038806194850254216
78.134780625502586,-999.50468165628797,1199.7529506388801,35.899999999999999,0.039229573056849154
78.116268070620961,-999.67796360767386,1200.7242680459301,35.969999999999999,0.039260450548544615
78.097749947466639,-999.97865033356618,1200.7242680459301,35.969999999999999,0.039042002622635297
78.079210705019875,-1001.1190921250577,1200.92334758322,35.950000000000003,0.038959254619613748
78.060659729978937,-1001.7526522104922,1201.1906148422499,36.189999999999998,0.039206248600665489
78.042110299898596,-1001.6692243384121,1199.3814944483599,35.899999999999999,0.03961388746082864
78.023562521362962,-1001.58004092481,1199.3814944483599,35.899999999999999,0.040116015206560884
78.005018132842025,-1001.3969801301753,1197.32394186544,35.969999999999999,0.040409312477397603
77.986486627617367,-1000.7012821319296,1196.8075271615401,35.969999999999999,0.040515550512106639
77.967966660443381,-1000.078227394792,1196.0615153386,36.189999999999998,0.040378239416091886
77.949448959487597,-999.95585161279178,1196.0615153386,36.189999999999998,0.040047219441993819
77.930931713845752,-999.93126465898877,1194.59524090233,35.920000000000002,0.039872485733802351
77.912409732945875,-1000.1869685938192,1194.74377569482,35.920000000000002,0.04009182668354002
77.893884431364313,-1000.3662854043628,1191.53776067945,36.07,0.040398139714992586
77.875339997311073,-1001.3994388750197,1191.9089784513701,36.07,0.04079843560830887
77.85678971765806,-1001.715101262476,1191.9089784513701,36.280000000000001,0.040993939881317429
77.838233960792493,-1002.0108707405036,1194.3906777370801,36.280000000000001,0.041079334917002615
77.819683563171537,-1001.7214715314294,1192.0298566853801,35.93,0.041180157827857639
77.801135771183937,-1001.5807673309303,1192.0298566853801,35.93,0.041350794745495002
77.782599140578952,-1000.9780526686504,1190.93050848609,36.119999999999997,0.041576654960501468
77.764066432913481,-1000.7662139355729,1189.2851816755699,36.039999999999999,0.041751402115976353
77.745540358333372,-1000.4080273260271,1189.2639624195101,36.259999999999998,0.041924042416052472
77.727019351182747,-1000.1343861339021,1190.82536588018,36.259999999999998,0.042006538976736008
77.708510389137118,-999.48395046419341,1190.8754337877599,35.93,0.041863754802377383
77.689999451654359,-999.59062406858891,1188.8164506931801,35.93,0.041605012695052089
77.671481750698774,-999.95585160179962,1189.9553763813201,36,0.041535759550640941
77.652963082202362,-1000.0080988058089,1189.9553763813201,36,0.04163645311703907
77.634437300471646,-1000.392213458741,1188.3582101295201,36.210000000000001,0.041994627357738498
77.615910979608728,-1000.4213265981321,1188.3582101295201,36.210000000000001,0.042162484800547725
77.597385424500004,-1000.3799758706482,1189.02768957945,35.890000000000001,0.042130757739441298
77.578869361636947,-999.86739460530987,1191.8782224510001,35.890000000000001,0.041938999462466361
77.560359508627258,-999.53206252290715,1194.3048470383701,36.240000000000002,0.041754190912221482
77.541848135491364,-999.61414933837955,1193.1046477681,36.020000000000003,0.041707276058054354
77.523335463677896,-999.68427792736247,1193.06697762811,36.280000000000001,0.04189786191153283
77.504833341679017,-999.11458793957502,1193.9136021034201,36.280000000000001,0.042121064750406494
77.486338034892498,-998.74656647156394,1194.2566864796499,35.909999999999997,0.042309959726770111
77.46783476322824,-999.17666987014536,1194.2566864796499,35.909999999999997,0.042190235111238615
77.449330718566657,-999.21841172585766,1191.2435521177699,36,0.041727625452700964
77.430822054544393,-999.4678572023281,1192.9828158596499,36,0.041190174715014093
77.412312552333503,-999.51311938796903,1192.9828158596499,35.880000000000003,0.040861768645939892
77.39379760705792,-999.80704488155925,1196.0588927339199,36.25,0.040890845571382638
77.37527513773108,-1000.2133436487468,1192.9451457196601,35.869999999999997,0.041078572268436211
77.356760224534625,-999.8053126087874,1192.9451457196601,35.869999999999997,0.04134482497483697
77.338249254971728,-999.59235639632072,1192.8330889741301,36.159999999999997,0.04131594672770407
77.319746944639434,-999.12475794402803,1193.6763755889399,36.039999999999999,0.040962411509919951
77.301261947593744,-998.18984046699768,1194.02875829086,36.310000000000002,0.040370280755536003
77.282780620993861,-997.99163639383676,1199.41725723949,36.310000000000002,0.039804402945578007
77.264289022940716,-998.5462948697234,1198.81119713917,35.920000000000002,0.039742993608585422
77.245792800353129,-998.79601972978105,1198.81119713917,35.920000000000002,0.039978401946248729
77.22728739803091,-999.29172539985336,1199.72457882459,36.079999999999998,0.040262217318564178
77.208777772676484,-999.51976913943759,1200.65536506836,36.079999999999998,0.040233084522836346
77.190259962032158,-999.96177479325991,1202.1402361560099,36.310000000000002,0.039807961637372442
77.171744131999944,-999.85482173932519,1202.1402361560099,36.310000000000002,0.039152618909583756
77.153224392483864,-1000.0659338684266,1201.9373419210101,35.960000000000001,0.038590117665429365
77.134701494748228,-1000.236477724357,1201.9044401531701,35.960000000000001,0.038322045781289442
77.116173783109858,-1000.4964284721802,1201.0246754914101,36.159999999999997,0.038367241829712941
77.097654296085238,-1000.0522993294217,1202.1028044346299,36.159999999999997,0.038507981224143742
77.079150225553164,-999.21980873172981,1202.1028044346299,35.859999999999999,0.038466671896388083
77.060646992176686,-999.17460233047348,1202.96802556134,36.280000000000001,0.03814289346272387
77.042149658211073,-998.85603414266382,1202.5684359751299,35.969999999999999,0.037602243118374998
77.023643463229689,-999.334528994538,1203.21478882012,35.969999999999999,0.037127031629737073
77.005126926427138,-999.89298733782834,1204.48126846329,36.189999999999998,0.036930801972253208
76.986595869271696,-1000.6770863942911,1206.4782627198999,36.189999999999998,0.037106245547884255
76.968059257293874,-1000.977046801999,1208.01129436628,36.310000000000002,0.037298056605578903
76.949516954934694,-1001.284327396047,1206.9016941668599,36.310000000000002,0.037228175334899492
76.930971273945644,-1001.4667734082906,1203.83634612994,35.969999999999999,0.036898061843922969
76.912425378751891,-1001.4783404625836,1203.83634612994,35.969999999999999,0.036417288287565644
76.893884160866591,-1001.225765806397,1203.3082489142701,35.979999999999997,0.035907110822760317
76.875349868917269,-1000.8517652636135,1203.23982277391,36.140000000000001,0.03570642426204175
76.856815367937202,-1000.8630529233272,1205.11665405234,36.32,0.035791685802162743
76.838289027412443,-1000.4223883371044,1205.11665405234,36.32,0.036069617296913006
76.819769995701179,-1000.0277124085948,1202.5636676029801,35.969999999999999,0.036218534738114067
76.801263208811136,-999.36649206196171,1202.37627057746,35.969999999999999,0.035983302318202411
76.782768110019873,-998.7353347281387,1206.52117806926,36.140000000000001,0.035517027399441847
76.764270899196191,-998.84938447913112,1207.49654859263,36.140000000000001,0.035182951643059138
76.745763118896278,-999.42013619489899,1206.0007102490299,36.280000000000001,0.03515356634304425
76.727234471796422,-1000.5469433924255,1206.0007102490299,36.280000000000001,0.035312937362882643
76.708688057130871,-1001.5063919399463,1205.1462179596699,36,0.035682524448503325
76.690146820619631,-1001.2267716070966,1205.1462179596699,36,0.03596722147973648
76.671606674790098,-1001.167874794515,1202.7825358846801,36.030000000000001,0.036111520599412979
76.65307153119754,-1000.8977539982706,1202.7825358846801,36.140000000000001,0.036005646821774505
76.63453558149385,-1000.9412839990755,1205.2139288441999,36.310000000000002,0.035597405705415086
76.616002374018606,-1000.7932036629713,1204.1687016688199,36.310000000000002,0.035410386820908323
76.59747807309023,-1000.312250132205,1201.7442228489199,35.950000000000003,0.035509085279195197
76.578959177972848,-1000.0203363389418,1201.7442228489199,35.950000000000003,0.035870179736659187
76.560443946056722,-999.82252347095346,1198.3078954586899,36.009999999999998,0.036153012062726586
76.541937868007395,-999.32821466385724,1198.4869478329399,36.140000000000001,0.036083954491996806
76.52343453735925,-999.17985499912606,1202.05512071313,35.880000000000003,0.035846858389989335
76.504917090965492,-999.94210526319353,1204.07857943518,36.32,0.035577190833880841
76.486388885726001,-1000.523082932679,1200.2283573422901,36,0.035512407003483196
76.467854833850637,-1000.8388012694002,1200.2283573422901,36,0.035742980738850273
76.449312394898797,-1001.2917033997479,1200.86278925691,36.210000000000001,0.036171288750648609
76.430769572034563,-1001.3124346687864,1201.1271954926499,36.210000000000001,0.036770049484951814
76.412226879555561,-1001.3053938660333,1198.7663744409499,36.189999999999998,0.037259882733969546
76.393696575736016,-1000.6364062555673,1198.7663744409499,36.189999999999998,0.037271964053523086
76.37517635503589,-1000.0919178061175,1196.89574204633,36.090000000000003,0.037059888453698953
76.35665078750867,-1000.3806464703999,1197.51729935614,36.090000000000003,0.036841257370586633
76.338128578953331,-1000.1992619882808,1194.1565506644899,36.310000000000002,0.037009277276128995
76.319611482322259,-999.92321807752023,1194.1565506644899,36.310000000000002,0.037361113357126739
76.30109620487525,-999.82498213885367,1193.73812600829,36,0.037716410844028325
76.282587015172737,-999.49624393559884,1194.7969430443,35.950000000000003,0.037826903996794621
76.264072660770324,-999.77513773042415,1195.6464285428999,36.159999999999997,0.0377634405690421
76.245557928664368,-999.79553372157091,1195.6464285428999,36.159999999999997,0.03754587637505969
76.227033374209853,-1000.3259405435305,1195.2432626775801,36.299999999999997,0.037398987139483461
76.20848624553085,-1001.5449486666779,1195.2432626775801,36.299999999999997,0.037448848078451599
76.189932658646896,-1001.893691732851,1197.4243160992,35.950000000000003,0.037901212152582749
76.171382722548145,-1001.6965493327107,1197.4243160992,35.950000000000003,0.038430475531242368
76.152846461369123,-1000.9581036670612,1194.8055261141701,36.25,0.03877968320022291
76.134313006575383,-1000.8065588623571,1192.1998491525501,36.25,0.038807236903984722
76.115789602821124,-1000.2638027296474,1193.8606731725499,36.229999999999997,0.03847881840825438
76.097271369976653,-999.98457360197017,1193.8606731725499,36.229999999999997,0.03825419375273946
76.078760756386515,-999.57313386680346,1196.7424388816901,35.869999999999997,0.038099398633052395
76.0602455120531,-999.82319400475319,1196.7424388816901,35.869999999999997,0.038125589486333634
76.041729098392878,-999.88633765231179,1195.1986783979701,36.25,0.038375656846635846
76.023209181924571,-1000.0754892883444,1196.5872283681899,36.25,0.038455470155007922
76.004682886932329,-1000.4199295812681,1197.42574661085,35.880000000000003,0.038395816877061617
75.986153428545734,-1000.5907528757457,1193.61939354174,36.210000000000001,0.038184597053666287
75.967620869891434,-1000.7581673321203,1195.1662534673501,35.880000000000003,0.038019560488059594
75.949091073125999,-1000.609025333988,1195.1662534673501,35.880000000000003,0.037956116723564783
75.930570085635779,-1000.1333244718738,1195.0541967218201,36.280000000000001,0.038080419313478144
75.912056101692556,-999.75513293345796,1197.4059578664301,36.280000000000001,0.038189084996875559
75.893547905402571,-999.44259965976562,1197.54281014714,36.170000000000002,0.038341751526932505
75.875054969348184,-998.61854693665089,1198.6147402065701,36.170000000000002,0.038305065701188863
75.856561819091539,-998.63011385903997,1198.6147402065701,35.960000000000001,0.038216542447790935
75.838066680977832,-998.73745814013114,1199.36552040166,35.960000000000001,0.038087259361451666
75.819567469880198,-998.95739927203817,1200.18997194647,36.210000000000001,0.038069756699220039
75.801057610660436,-999.5323978667509,1200.18997194647,36.210000000000001,0.038152253258885799
75.782537870108669,-1000.0659897957072,1200.76956758136,35.880000000000003,0.038135498760618336
75.764017922596324,-1000.0771656668118,1200.83465586122,36.280000000000001,0.038052147463063915
75.74550078664322,-999.9253414675286,1202.30164555331,36,0.03774981531623909
75.726989959884079,-999.58464499381614,1202.30164555331,36,0.03744863387537091
75.708485909013632,-999.21874700374963,1200.5292416249799,36.119999999999997,0.037261711225594144
75.689980603961828,-999.28647279715278,1199.29161063333,36.119999999999997,0.037203447687606347
75.671494625922151,-998.24281414307916,1204.29053357727,36.32,0.037231469117327616
75.653011506009918,-998.08847526067916,1204.29053357727,36.32,0.037405830289642797
75.634531283544518,-997.93201313116663,1208.29930404416,36.170000000000002,0.037445698145031049
75.616050223923352,-997.97721954341478,1208.29930404416,36.170000000000002,0.037326392615872381
75.597554188635925,-998.78590552070477,1210.15968443867,36.009999999999998,0.037043779673373134
75.579053217338114,-999.05245008172392,1210.15968443867,36.009999999999998,0.036745064171407701
75.560545631580268,-999.40963092354616,1206.7734249560101,36.240000000000002,0.036765440469170477
75.542029614249316,-999.86493587145753,1206.7734249560101,36.240000000000002,0.037027265260268137
75.523509074830756,-1000.1091286023316,1205.35698000872,36.310000000000002,0.03740282832865359
75.504989912733237,-1000.0347532663077,1205.1157003779099,36.310000000000002,0.037584062666200749
75.486476973940853,-999.69869478877661,1206.6730507222501,35.969999999999999,0.037460007398662086
75.467976385520956,-999.03177467401395,1207.7216157581299,35.969999999999999,0.03706007471858376
75.449480611002386,-998.77182400313461,1205.0346380513499,36.079999999999998,0.036791114967083406
75.430993743033326,-998.29087032947211,1205.0346380513499,36.079999999999998,0.036661524535959271
75.41250955106409,-998.1463663385133,1205.2203661466101,35.899999999999999,0.036776188965529422
75.394016315953095,-998.63469599389259,1206.4970977899,36.299999999999997,0.037103157696244865
75.37552238649026,-998.67219099264423,1209.4866287096299,35.93,0.037480609289249976
75.357027410839493,-998.72868514155016,1209.4866287096299,35.93,0.03772399077980651
75.338513036775453,-999.77619945840434,1208.3727369752801,36,0.037624253373842495
75.319987689661772,-1000.368744138215,1210.71448453837,36,0.037346225647619129
75.301450662728541,-1000.9994543945448,1211.8424429705699,36.189999999999998,0.037051630720853705
75.282901174698807,-1001.6723536060642,1211.8424429705699,36.189999999999998,0.036977871010551291
75.264357053156786,-1001.3825632687614,1209.67116471185,35.93,0.03712245780259496
75.245813841207408,-1001.3334452664521,1207.2223671939801,35.93,0.037409046462058476
75.227281049722464,-1000.7707401871129,1204.42094855558,36.079999999999998,0.037697619856852091
75.208764771619812,-999.87901754291556,1203.98535775964,36.079999999999998,0.037701207519479446
75.190257634968106,-999.38537919267515,1203.98535775964,36.310000000000002,0.037545282391155378
75.171752589650481,-999.27244715190352,1205.49216335918,36.310000000000002,0.037423559568990815
75.153248759194,-999.2068446495806,1207.1277150067899,35.969999999999999,0.037445964085405965
75.134736834507379,-999.64393307752232,1204.71873339638,35.969999999999999,0.037644184712107114
75.11621448211362,-1000.2070292631061,1204.71873339638,36.090000000000003,0.038033463065893058
75.097678559314886,-1000.9398311318747,1204.63504846514,36.07,0.038197511394382898
75.079123373660451,-1001.9800253393328,1204.54444939428,36.310000000000002,0.038267331608997313
75.060571826374115,-1001.7835534619998,1205.21225991395,36.310000000000002,0.038157912595193591
75.042017622747139,-1001.9269958568825,1203.15160788913,35.939999999999998,0.038072775222298919
75.023458942564048,-1002.1687298868802,1203.15160788913,35.939999999999998,0.038162099405521177
75.004910857727239,-1001.5965811872243,1202.0732405273,36.100000000000001,0.038439646982182281
74.986374122607316,-1000.9836964765235,1203.7536148731199,36.100000000000001,0.038904663592088662
74.967848230153194,-1000.3981925225219,1202.6340010921999,36.32,0.039309049026126378
74.949336578655547,-999.62918087226444,1200.7824421861701,36.32,0.039514875453792384
74.930838113650708,-998.91711026154246,1203.5042290096601,35.969999999999999,0.039542224258791836
74.912346750497363,-998.53361028108156,1203.5042290096601,35.969999999999999,0.039295172322232466
74.893842412986572,-999.23422558215179,1204.15964176174,36.119999999999997,0.039141980102973331
74.8753240238876,-999.99301134464326,1203.8327698508199,36.119999999999997,0.039135273541811122
74.85680279011477,-1000.1466237329869,1199.19338216703,36.310000000000002,0.039235347264614265
74.83827065366043,-1000.7353685344019,1199.19338216703,36.310000000000002,0.039438273138976965
74.819731866527221,-1001.0945051932388,1198.5310552753299,35.969999999999999,0.039625972922329486
74.801187575277723,-1001.3917274725148,1198.7146376031201,35.969999999999999,0.039746002811672197
74.782636918955646,-1001.7354413922942,1199.2575167724499,36.100000000000001,0.039724624823809604
74.764093355171781,-1001.3524443286709,1199.2575167724499,36.100000000000001,0.03968098304762651
74.745564467997553,-1000.5599074086227,1200.7130623713799,35.890000000000001,0.039695000481854183
74.727048613130961,-999.85616279593251,1199.81255529077,36.32,0.0397228915285784
74.708540787299967,-999.42259487379135,1198.1538770382299,35.939999999999998,0.039796649169332045
74.690043622007366,-998.84692580023898,1197.3532673541599,35.939999999999998,0.039775591961935065
74.671540869813683,-999.14861845873452,1197.3532673541599,36,0.039796163845592536
74.653042802172791,-998.89565260836775,1196.4477534827899,36,0.039798053396742576
74.634534664865441,-999.43941459673681,1196.3173385044699,36.299999999999997,0.039732144733920727
74.616018913478939,-999.85057487137215,1199.2534636561199,36.299999999999997,0.039619032500528437
74.597496126467931,-1000.2304985946241,1199.2534636561199,35.950000000000003,0.039505831281628156
74.5789627368667,-1000.8030384664768,1198.5639570431699,35.950000000000003,0.039530218472577532
74.560424162902507,-1001.0829940662263,1194.1720478739801,36.079999999999998,0.039656098106892149
74.541895366791465,-1000.5549899958784,1194.49701243603,36.079999999999998,0.039640268727862887
74.523374833580135,-1000.1087934123757,1194.49701243603,36.280000000000001,0.039472175349370052
74.504859751711066,-999.81442092922816,1196.3402266907999,36.280000000000001,0.039217829088400227
74.486354127940828,-999.30368359336705,1197.9946134084,35.979999999999997,0.039093583408533451
74.46785140886054,-999.14683033562596,1198.0546948975,35.979999999999997,0.039107249018860486
74.449363409851827,-998.35194647033495,1196.73671683511,36.280000000000001,0.039080126827720531
74.430865790281572,-998.87145679378523,1197.1570488401701,36.280000000000001,0.039181899697894922
74.412363668282694,-999.11458793957502,1199.4291781698701,36.229999999999997,0.039165212466781417
74.393850281421081,-999.72289052641497,1198.8753317445901,36.229999999999997,0.039098518378346984
74.375320199049369,-1000.6244480730454,1197.6856228930501,36.020000000000003,0.038936034670044924
74.356780897618535,-1001.1222772650301,1196.3774199935699,36.020000000000003,0.038837503850703982
74.338241946986486,-1001.1033341300922,1199.43585389088,36.140000000000001,0.038837109593013217
74.319702750071642,-1001.1166334021973,1201.38897912371,36.140000000000001,0.03871617838780532
74.301169198006249,-1000.8118115310095,1201.6624452665401,36.259999999999998,0.038586668673154113
74.28264170160746,-1000.4848055345745,1200.9550572580199,36.259999999999998,0.038540622011894163
74.264117543481404,-1000.3045388066442,1199.8163699884899,35.960000000000001,0.038418314528056503
74.245608742866693,-999.47523319503694,1199.8163699884899,35.960000000000001,0.038416687812856454
74.227106368376539,-999.12822246758776,1201.8553259200201,35.950000000000003,0.038381309972872459
74.208606422567726,-998.99707367601479,1203.8742546885301,36.210000000000001,0.038458084071634445
74.190105541298848,-999.04758851931592,1204.1932587854001,36.240000000000002,0.038536212720494387
74.171597001453179,-999.46115166647508,1203.9567475267299,36.240000000000002,0.03855595054628063
74.153079040763018,-999.96987726903308,1203.9567475267299,36.009999999999998,0.038509839736336982
74.134555564572921,-1000.2677142647484,1203.46608203245,36.009999999999998,0.038367907206434078
74.116025475992757,-1000.6247833289533,1203.3022884490799,36.280000000000001,0.038169136066530447
74.097497030679094,-1000.5360469378842,1203.3022884490799,36.280000000000001,0.038163265630142003
74.078971917430948,-1000.3561153999098,1203.6282066855699,36.119999999999997,0.038283563528594168
74.060449708874188,-1000.1992620652247,1202.21056964523,36.119999999999997,0.038541269795109918
74.041942876453064,-999.36895074085407,1203.3018116118701,36.100000000000001,0.038630714016435183
74.023450181508736,-998.60552699317304,1203.3018116118701,36.100000000000001,0.038562941680677525
74.004962735085229,-998.32210686986377,1211.6235746888599,36.280000000000001,0.038512384314225226
73.986474184525989,-998.3817301984858,1209.80849382979,36.280000000000001,0.038476342133414027
73.967984113841766,-998.4638169480063,1206.7786701653799,36.009999999999998,0.03841399214773062
73.949478886399987,-999.28228185648072,1205.1927095881399,36.009999999999998,0.03856804842955229
73.93096528533448,-999.73445753674014,1204.9225813058099,36.189999999999998,0.038692173035015008
73.912440029282592,-1000.3638268024143,1204.9225813058099,36.189999999999998,0.038924512146774254
73.893911726772885,-1000.5283355243874,1205.2020079138299,36.350000000000001,0.038881869986460441
73.875380864159283,-1000.6665811339304,1205.33599917126,36.350000000000001,0.038680687750187438
73.856848690451855,-1000.737380201753,1205.44996326565,35.950000000000003,0.038437649817549817
73.838328690164275,-1000.0800155288925,1206.4563282080101,36.090000000000003,0.038355440935136549
73.819824021516126,-999.25210700010143,1201.19156851668,36.100000000000001,0.038446577063363956
73.80132755781969,-998.80903960730677,1201.19156851668,36.100000000000001,0.038761770769778561
73.782838779605015,-998.39402359294706,1204.66079767475,35.869999999999997,0.039054778304398907
73.764354133357912,-998.17089734305159,1206.4355857891501,36.299999999999997,0.039255727701678123
73.745861243870323,-998.61603233047788,1206.58793527936,36.100000000000001,0.039292253139122733
73.727367287501323,-998.6736439257968,1206.35523871842,36.100000000000001,0.03925264812803024
73.708863457044444,-999.20684467156468,1206.35523871842,36.079999999999998,0.039247392364927094
73.69034629625574,-999.92668259008792,1205.44471805629,36.079999999999998,0.039451184373640202
73.671814882092633,-1000.6963648071211,1202.4773600670501,36.310000000000002,0.039876011306709883
73.653265685877827,-1001.6565956001067,1202.4773600670501,36.310000000000002,0.0403424248915479
73.634715860502467,-1001.6905702689297,1200.1565933414199,35.939999999999998,0.040794966946872804
73.616169634171754,-1001.4962218585495,1198.9914416064601,36.100000000000001,0.040941658537590471
73.597629858801227,-1001.1478700085406,1200.7233143715,36.079999999999998,0.040898922208024317
73.579101738416284,-1000.5185007868345,1200.30894283163,36.079999999999998,0.040888535893080502
73.560578489882673,-1000.2554208153269,1199.6077537069,36.299999999999997,0.04086137542658573
73.542057898723357,-1000.1119226030837,1199.6077537069,36.299999999999997,0.041120397966012627
73.523543166617401,-999.79553372157091,1196.9269748839099,36.090000000000003,0.041392756002077716
73.505029526228441,-999.73658100369232,1197.6205346132001,36.090000000000003,0.041738034541026967
73.486508480790036,-1000.1364536735739,1197.6205346132001,36.090000000000003,0.041947219939362734
73.467976890711228,-1000.7058642557904,1196.7491146027,36.090000000000003,0.041964191738214925
73.449427033256953,-1001.6923025307098,1196.5846057635099,36.280000000000001,0.041889963262598674
73.430867352419867,-1002.2227652030059,1196.5846057635099,36.280000000000001,0.041774177099533245
73.412301129558173,-1002.5760345317111,1196.50402027416,36.07,0.041916892971047531
73.393734536237062,-1002.5960393396695,1196.50402027416,36.07,0.042294588772435297
73.375170288814928,-1002.4693607954116,1194.37088899265,36.090000000000003,0.042693324184457773
73.356620358923593,-1001.6962141317628,1191.30220309522,36.090000000000003,0.042955366275936602
73.338085605451866,-1000.8766874733241,1190.82989583372,35.840000000000003,0.042959492037527185
73.319567385025906,-999.98390300221843,1190.8060539729699,36.280000000000001,0.042723539393475694
73.301061638113538,-999.31033326789156,1191.49842160921,36.049999999999997,0.042559099906020463
73.282555690449442,-999.32117386110428,1191.49842160921,36.049999999999997,0.042512626899802126
73.26405290617663,-999.15035073150659,1189.4172655841401,36.140000000000001,0.042674801212701216
73.245533405700044,-1000.0530257355418,1190.20786168669,36.140000000000001,0.042932230149301177
73.227009968831993,-1000.2655908747399,1190.6684864364199,36.299999999999997,0.043122433127301768
73.208483089175431,-1000.4515014545113,1187.8313050069,36.299999999999997,0.043099741974006282
73.189948472297388,-1000.8693114146632,1187.8313050069,36.039999999999999,0.042992335642074317
73.171408794198697,-1001.1426173288962,1186.4699347579401,36.039999999999999,0.042871885620694182
73.152873813071523,-1000.8889808677857,1186.750553459,36.159999999999997,0.042630313997858917
73.13433911754818,-1000.8735582606322,1186.750553459,36.159999999999997,0.042667238871242637
73.115821247919584,-999.96495994422446,1189.84451172882,35.890000000000001,0.042721368369851902
73.097312844669204,-999.45377551987826,1191.5875901684301,36.280000000000001,0.042706268530272803
73.078813795000045,-998.94868213478594,1190.2064311750401,35.969999999999999,0.042682569479452537
73.060319865535789,-998.67219106958805,1190.2064311750401,35.969999999999999,0.042605805733726812
73.041820251899836,-998.97913634177621,1187.4002441645,36.189999999999998,0.042441016479706377
73.023319051911088,-999.06479939247413,1188.30814222194,36.189999999999998,0.042380827168478047
73.004818457282752,-999.03210992992183,1189.4663798172901,36.189999999999998,0.042207547356663905
72.986315003492507,-999.18650467365046,1189.4663798172901,36.189999999999998,0.042128489456796231
72.967806768913519,-999.4446672653894,1188.8684259496199,35.869999999999997,0.042006267855873629
72.949299300088938,-999.40331652691361,1189.3099772107601,35.869999999999997,0.041728299110466938
72.930779156998838,-1000.0877268654453,1188.3324609199101,36.280000000000001,0.041531652420485239
72.912262892350597,-999.87829100489114,1188.15173961541,36.280000000000001,0.041380580518767834
72.893745119993852,-999.95970726458006,1189.26730028001,36.07,0.04153469266558215
72.875234144222304,-999.59269166322053,1189.26730028001,36.07,0.041592908607205249
72.856731820437034,-999.12548440510841,1189.3507467926399,35.840000000000003,0.0416054245523549
72.838235149780218,-998.82021546741942,1191.0220612313799,35.840000000000003,0.041410032039254301
72.81974103819141,-998.68202579614945,1194.05903745401,36.329999999999998,0.040994402437984974
72.801253110583858,-998.34809080755451,1192.8175917646399,36.329999999999998,0.040600752045491233
72.782762332095032,-998.50203839684605,1191.0056103474601,36.049999999999997,0.040276253384430291
72.764256046050647,-999.33944639629044,1191.0056103474601,36.049999999999997,0.040183766848866459
72.745741502277909,-999.78536372810993,1190.5023086669801,35.869999999999997,0.040288717591471498
72.727219930126012,-1000.1648962022213,1191.81194207811,35.869999999999997,0.040496585683444851
72.708701067086537,-1000.0186041321217,1192.7117339029001,36.32,0.040569059132855426
72.690187024159243,-999.7583180734307,1192.34814552643,36.32,0.040441917050181977
72.671677184601322,-999.53133612777856,1194.12412573387,36,0.040041177228172589
72.653171236937027,-999.3211738720961,1196.0095400821599,36,0.039610310152255322
72.634662773666889,-999.45701658713142,1196.8876358136699,35.859999999999999,0.039294024722532746
72.616152394976567,-999.56044927816174,1196.1001391530201,35.859999999999999,0.039259023552840791
72.597645680523371,-999.36258047190063,1196.1001391530201,36.310000000000002,0.039339381165972603
72.579134846519892,-999.58503618799648,1196.1287493859199,36.310000000000002,0.039363760089515365
72.560613930432268,-1000.1294687321497,1197.4336144249,35.979999999999997,0.039321694317157818
72.542093729393784,-1000.0908560781373,1196.23198464298,35.979999999999997,0.0389934258756209
72.523561099337101,-1000.7620230608526,1196.35262445839,35.890000000000001,0.038691081312317709
72.505025774654229,-1000.907532874495,1196.35262445839,35.890000000000001,0.038320604295283819
72.486487668421091,-1001.0577365896156,1198.5165117402701,36.310000000000002,0.038100933238167538
72.467955572323461,-1000.733189272073,1198.3679769477801,36.310000000000002,0.038157135455918277
72.449428516750572,-1000.4610009361566,1198.3679769477801,35.950000000000003,0.038300917168658757
72.43090774967412,-1000.1214221286972,1197.06716502513,36.030000000000001,0.038297091505480808
72.412386821169193,-1000.1301392659493,1195.4716677035899,35.880000000000003,0.038327960710228329
72.393881034933358,-999.31245673484386,1196.87237702279,35.880000000000003,0.038168589686115272
72.375381855914853,-998.95566699926621,1200.0135421769101,36.299999999999997,0.038058937834539099
72.356880207856889,-999.08899513011249,1200.0135421769101,36.299999999999997,0.038042866312604819
72.338375046641886,-999.27870561026339,1201.3291360532201,35.93,0.038129465857425653
72.319856988680272,-999.97512992669363,1202.2000792265001,36.030000000000001,0.038266429259070187
72.3013335000729,-1000.2683847985481,1201.2483121452699,35.840000000000003,0.038237413386435548
72.282805053724758,-1000.5361027992128,1202.0589354108499,35.840000000000003,0.038137834314692025
72.264267273454408,-1001.0401345992211,1200.83274851236,36.280000000000001,0.037803759595017479
72.245730440028566,-1000.9890049955126,1200.83274851236,36.280000000000001,0.03765096060081205
72.227200812970395,-1000.5998611412267,1200.1952171558401,36.020000000000003,0.03773185113893341
72.208676537912297,-1000.310853137325,1200.2443313889901,35.939999999999998,0.037940578117052939
72.190162417375404,-999.76250899211891,1199.5760440321001,35.939999999999998,0.038076705404101477
72.171655799159396,-999.3573836645769,1202.02913308491,35.939999999999998,0.038096365620078829
72.153152209809932,-999.19382487098278,1202.02913308491,36.189999999999998,0.038030938139456301
72.13465208912109,-999.00651719740335,1200.88615428044,36.189999999999998,0.037946116388320225
72.11614076772473,-999.61135540357952,1200.2262115748199,35.890000000000001,0.038032422054773821
72.097625127061832,-999.84459579659949,1201.4178277752201,35.890000000000001,0.038118520747623848
72.07910005313714,-1000.3539919329573,1201.2907506574099,35.890000000000001,0.038331734632244492
72.060567183006285,-1000.774987066058,1201.2907506574099,35.890000000000001,0.038671432473057231
72.042027583553107,-1001.1383704719353,1197.5065705187999,36.189999999999998,0.038901518826331589
72.023484500953074,-1001.326460401972,1197.5065705187999,36.189999999999998,0.038804254596278995
72.004933266176536,-1001.7666779326855,1195.12596072268,35.899999999999999,0.038647668232773984
71.986394256560629,-1001.1065192590729,1197.25170102736,35.899999999999999,0.038448011298722683
71.96786801951616,-1000.416800401552,1196.1843009214799,35.920000000000002,0.038373045003425643
71.949351053270334,-999.91617727476716,1196.1843009214799,35.920000000000002,0.038485782639127997
71.930844553022254,-999.3510133956238,1197.19829525927,36.240000000000002,0.038585623517034241
71.912337253904965,-999.39415233415207,1196.5769763680701,36.240000000000002,0.038829509994384434
71.893826465433392,-999.58257746513641,1198.6683843932601,35.920000000000002,0.038924670465931635
71.875313624947111,-999.6933862587955,1198.6683843932601,35.920000000000002,0.038885509392285141
71.856793878186494,-1000.0663250735992,1199.0307806767,35.909999999999997,0.038750408632974929
71.83826651113705,-1000.4778206700942,1199.0307806767,35.909999999999997,0.03874371139221193
71.819731425493885,-1000.8946247306187,1198.2323167601,36.280000000000001,0.038930308075539613
71.801188317023374,-1001.3278574078438,1196.6175075313499,36.280000000000001,0.039238670016043316
71.782647742786452,-1001.191008793181,1194.19922759524,36.009999999999998,0.039380296232780616
71.764105030645823,-1001.3064555940135,1194.6839326243301,35.93,0.03939682307376309
71.745561695554329,-1001.3400949409767,1194.95119988337,35.890000000000001,0.039275755275079843
71.727016911738389,-1001.4183260606929,1194.95119988337,35.890000000000001,0.039255126480968683
71.708471133476692,-1001.4720261319029,1194.1672795018301,36.280000000000001,0.03921001115268212
71.689931130450503,-1001.1601634139944,1194.37398843455,36.280000000000001,0.039207232698888365
71.671398611118448,-1000.7560439311198,1195.1805585837999,35.920000000000002,0.03938631775091065
71.652874063907461,-1000.3255493933181,1195.1805585837999,35.920000000000002,0.039553155911946671
71.634350743972675,-1000.2592764781074,1194.0976612684301,35.899999999999999,0.039691944706693988
71.615828787907574,-1000.1856275152279,1195.3522199812201,35.899999999999999,0.039419494571943096
71.5973042531147,-1000.3248788155504,1197.03950846666,36.259999999999998,0.039066139404697935
71.578779133658117,-1000.3564506558174,1197.03950846666,36.259999999999998,0.038849491001412294
71.560246004826126,-1000.7889569269225,1197.76596996379,35.890000000000001,0.038826175863388733
71.541706748926998,-1001.1198185531618,1197.0471378621,35.890000000000001,0.039092212292274713
71.523167376096424,-1001.1261328508667,1198.4170911809299,35.939999999999998,0.039346882452994628
71.504629744837047,-1001.0320880067603,1198.4170911809299,35.939999999999998,0.039619257052370724
71.486106191037138,-1000.2719051944288,1199.6835708240999,36.07,0.03967194611226741
71.467598215159285,-999.43069740452449,1199.18670644602,36.07,0.039498420020079167
71.449090208237166,-999.43237379398386,1199.6928691497901,35.899999999999999,0.039171955242299009
71.430589457353122,-999.04054773854705,1199.8509406865801,35.899999999999999,0.038938817256218866
71.41208951154573,-998.99707359907075,1199.8509406865801,36.280000000000001,0.038853317703741071
71.393578379518473,-999.60112947184587,1200.0280857119701,35.939999999999998,0.039155268010778392
71.37507468461979,-999.19952452919222,1201.2509347499499,35.939999999999998,0.039335284379693164
71.356565118249435,-999.51658399946484,1201.4926912179801,35.939999999999998,0.039600884129922263
71.338052322260594,-999.69098339726372,1201.4926912179801,35.899999999999999,0.039722862548789026
71.31954381449404,-999.45941939370312,1200.8778096291801,35.899999999999999,0.03951801711532809
71.301030688401283,-999.70880900884481,1204.1379456684499,36.100000000000001,0.039383336488055302
71.282517886203806,-999.69131866416365,1204.1379456684499,36.100000000000001,0.039196783265455233
71.264009325661817,-999.46226926677582,1207.7368745490201,35.850000000000001,0.039178655587486927
71.2454981222334,-999.60498513462608,1206.43916206827,35.850000000000001,0.039366599585939445
71.226996000235744,-999.11458787362301,1208.81404981781,35.950000000000003,0.039557196823666353
71.208500420260449,-998.76131866582978,1208.81404981781,35.950000000000003,0.039644021958869631
71.189999584522255,-999.04512986240763,1206.3356883926001,36.189999999999998,0.039645745937162059
71.171507695690281,-998.56199692641621,1204.8388963745699,36.189999999999998,0.039510112259172531
71.153014642703653,-998.62486127832358,1209.1688167058001,35.880000000000003,0.039319316335604232
71.134522999119824,-998.54875352663169,1209.1688167058001,35.880000000000003,0.039138678049678147
71.116026854142049,-998.79182880010092,1212.2315421380499,36,0.039074691017538861
71.097523154070402,-999.19980386881161,1210.1685059271499,36,0.039084392289043389
71.079021864053132,-999.06966093289793,1211.9261279018101,36.210000000000001,0.039094533356250162
71.060526718696309,-998.7378492683597,1211.9261279018101,36.210000000000001,0.039258037383237146
71.042032516044287,-998.68694320889392,1212.8194824242,35.909999999999997,0.039347424685152281
71.023536618385222,-998.77847358972326,1210.1117622985601,35.909999999999997,0.039528612464264236
71.005047424179025,-998.41648713475763,1212.63327749172,36.009999999999998,0.039621959960408348
70.98655066866786,-998.82479760227227,1212.63327749172,36.009999999999998,0.039611724721506564
70.968057122081532,-998.65151566187831,1215.2556437558701,36.189999999999998,0.039454279467784265
70.949553447879154,-999.19840692889147,1216.58673484167,36.189999999999998,0.03939052940009808
70.931052215811278,-999.06653166524609,1213.0443111710899,35.909999999999997,0.039367168728134144
70.912548158732193,-999.21908227064955,1213.0443111710899,35.909999999999997,0.039429530087073984
70.89403288128517,-999.82498213885367,1212.7205387020799,36.039999999999999,0.039697991064294523
70.875514095855493,-1000.0144132024415,1215.3908271063401,36.039999999999999,0.039977000823873787
70.856994075907522,-1000.0810771909207,1209.9520218315099,36.229999999999997,0.04013730006208286
70.838466748181531,-1000.4756972031417,1212.4523177686101,36.229999999999997,0.040117403907775684
70.819940790533266,-1000.4017130063382,1212.4523177686101,35.920000000000002,0.039981054146168725
70.801414008148143,-1000.4462487968508,1214.18633630113,35.920000000000002,0.039728936841328555
70.782886699049314,-1000.4746913364902,1213.3764282913701,36.100000000000001,0.03973508978018158
70.764373273898727,-999.72495813203875,1212.6893058644901,36.100000000000001,0.039867420370813991
70.745862427477945,-999.58570672179633,1212.49594837379,35.850000000000001,0.040265644591467621
70.727344148068113,-999.98708813119913,1212.63089330565,36.299999999999997,0.0406003070813113
70.708826519549575,-999.95194000074684,1214.87465082105,35.939999999999998,0.04066836088974627
70.69029620952098,-1000.636741544451,1214.57519705,35.939999999999998,0.040610375708611757
70.671757746280193,-1001.0770150024454,1214.57519705,35.909999999999997,0.040443364739337899
70.653215807138309,-1001.2647136613574,1213.9493482052501,36.210000000000001,0.040374377531230556
70.634668048264302,-1001.5789791968298,1209.8778736445799,36.119999999999997,0.040365943895086097
70.616123907060654,-1001.3836249967417,1209.8778736445799,36.119999999999997,0.040491942528760011
70.597582689175354,-1001.225765806397,1208.60495669901,36.07,0.040731777744204035
70.579034318733491,-1001.6120038603298,1205.86862634046,36.07,0.041046491305941714
70.560508640482652,-1000.3866255451728,1205.6371218725601,36.310000000000002,0.041078673676936343
70.541989121378919,-1000.0540316021936,1205.6371218725601,36.310000000000002,0.040830273390579534
70.523474117119662,-999.81022999954814,1207.1374901697,35.950000000000003,0.040570904189826576
70.504967050833216,-999.38157946816727,1208.218003299,35.950000000000003,0.040490681096143129
70.486455886728464,-999.60286165668174,1205.5722720113099,36.159999999999997,0.040637849730776797
70.467936288979018,-1000.0582784701463,1206.7846306305701,36.159999999999997,0.040775347090251476
70.449410402733335,-1000.3978572666141,1206.7846306305701,36.25,0.040970094916011925
70.430875044937082,-1000.9093209976036,1207.58452505881,36.25,0.04113282387225458
70.412334042291363,-1001.2141428687912,1202.6528361621899,35.969999999999999,0.041205057258079575
70.393790719615936,-1001.3394244731289,1202.6528361621899,35.969999999999999,0.04112580273357349
70.375242829322218,-1001.5860758609114,1203.2345775645499,36.100000000000001,0.040961178017127384
70.356705023182812,-1001.0415315281491,1204.43978362558,36.100000000000001,0.040898535196502231
70.338171671869148,-1000.8009709377969,1202.0401003408599,36.310000000000002,0.040941575750143892
70.319648274323541,-1000.2634674627476,1202.0401003408599,36.310000000000002,0.04109091953589622
70.301131516074179,-999.9049454653898,1199.82018468621,36,0.041139998165075804
70.282623560892617,-999.42957980422364,1198.5639570431699,36,0.041063849086935826
70.264120067780127,-999.18862807465098,1197.72615405633,36.140000000000001,0.040846110009263699
70.245618199308808,-999.10089745130551,1197.72615405633,36.140000000000001,0.040604869520540987
70.227108145546993,-999.54290313810361,1200.96745502561,36.32,0.040527382452560719
70.208594596219598,-999.73166367888382,1200.96745502561,36.32,0.040615077859787047
70.190072757088998,-1000.1793130526434,1199.4668483098601,35.979999999999997,0.040752385850359105
70.171533371839502,-1001.1268034726023,1197.94335340778,35.890000000000001,0.04106783721997135
70.152997740854261,-1000.9240732028615,1198.98405062962,36.280000000000001,0.041088095555286544
70.134469113416031,-1000.5458816644456,1198.10833908419,36.280000000000001,0.041111660083198005
70.115947203917315,-1000.1831129310389,1198.6803053236399,36.07,0.040963383182097357
70.097426514451882,-1000.1172311330647,1197.6813313581099,36.07,0.040788656717631898
70.078911406712351,-999.81581793510031,1197.0809933043699,35.890000000000001,0.040748829227095662
70.060400709302542,-999.57766012933575,1197.0809933043699,35.890000000000001,0.040801318566885451
70.041897703582734,-999.16230887006009,1197.5897786128301,36.32,0.040874530876756084
70.023394887232229,-999.1520829273345,1196.61321599641,36.32,0.040942524667259103
70.004893895238311,-999.05356767103285,1197.01662028034,35.909999999999997,0.040885731581020969
69.986390676349487,-999.17381999707266,1197.01662028034,35.909999999999997,0.040772240609823436
69.967872572855768,-999.97758866054596,1198.15506913126,35.890000000000001,0.040697271213765471
69.949348570986444,-1000.2961009430592,1197.09815944411,35.890000000000001,0.040670696443005742
69.93081119221975,-1001.0184534018036,1197.09815944411,36.259999999999998,0.04064920047966801
69.912272417503829,-1001.0938346594389,1196.9875332102199,36.259999999999998,0.040593645015549303
69.893731336212412,-1001.2183897367443,1197.5370881005599,35.920000000000002,0.040666711416837809
69.875193106838367,-1001.064386198188,1198.3775136920799,35.920000000000002,0.040723598671106948
69.856659568224543,-1000.8110851468732,1198.0577943393901,35.920000000000002,0.040816531204912659
69.83813667049013,-1000.2364776584051,1199.4430064491,35.920000000000002,0.040849537279317359
69.819619373107543,-999.93405865974091,1201.3718129839699,36.119999999999997,0.040732522801707721
69.801109163090004,-999.55134094672894,1199.98278617654,36.119999999999997,0.040724175049292551
69.782602421732079,-999.36403332810949,1198.3775136920799,36.07,0.04065100310732727
69.764090646058065,-999.63588639712577,1197.5018021466501,35.880000000000003,0.040411539381484264
69.745582333869265,-999.44885819506965,1201.00274097952,36,0.040162577190144988
69.727072909267974,-999.50892846928082,1201.00274097952,36,0.040051268621323674
69.70856465502716,-999.44572900436151,1198.11739899127,35.969999999999999,0.040238694182238674
69.690041855598849,-1000.231169128424,1198.11739899127,35.969999999999999,0.040506546700519772
69.671517709891319,-1000.3038682068924,1196.4243884592499,35.93,0.040672731898056126
69.652992538693979,-1000.3592446565698,1200.9624482348499,35.93,0.04069359455545235
69.634479950700182,-999.67975166483052,1206.12731052963,36.170000000000002,0.040648397469099359
69.615973022042084,-999.37414753718576,1207.6183805010801,36.049999999999997,0.040680270437159466
69.597471881036995,-999.06161427448535,1204.2478566465199,35.880000000000003,0.040694956362303872
69.578978536237074,-998.64061919634491,1204.2478566465199,35.880000000000003,0.040706959032490588
69.56048058449376,-998.88939413901551,1208.5017214419499,35.920000000000002,0.040775620275573729
69.541981542069138,-998.94829092961345,1208.5017214419499,35.920000000000002,0.040857693590227812
69.523480154780216,-999.07491360155052,1204.71658762891,36.049999999999997,0.040977231949220275
69.504973745593915,-999.34609605982303,1204.71658762891,36.049999999999997,0.041013279305430049
69.486461593251846,-999.65622647198393,1201.9232752231701,35.850000000000001,0.040908470337398486
69.467951876835841,-999.5246864642462,1201.9232752231701,35.850000000000001,0.040756130793603684
69.449441373969123,-999.56715480302296,1202.2820952274899,35.939999999999998,0.04078395044018307
69.430931080132112,-999.55586719826897,1202.2820952274899,35.939999999999998,0.040936535227236698
69.41242232504807,-999.47277453812876,1202.55985290526,36.07,0.041148182421306578
69.393920814618468,-999.08156319913087,1205.0127035394601,36.07,0.041252505030926021
69.375430022676653,-998.50276485792654,1208.05277920398,35.880000000000003,0.041164473322737892
69.356936339496229,-998.65889174252311,1208.50744348853,35.880000000000003,0.04107304641324018
69.33844064879753,-998.76729772961062,1207.14917268147,35.920000000000002,0.041106757191899213
69.319944458288873,-998.79428746800124,1204.6221738603299,35.920000000000002,0.041185056580466013
69.301447183307545,-998.85284899169892,1202.8478625831401,36.159999999999997,0.041256142361705953
69.282936265485191,-999.58956240656084,1204.9573904225099,36.159999999999997,0.041402561794242412
69.264427399676535,-999.47875366786161,1204.80527935091,35.909999999999997,0.041528237573016609
69.245909440020839,-999.96982140770444,1204.80527935091,35.909999999999997,0.041604501508772131
69.227390206522344,-1000.0386089180961,1202.4101260197299,36,0.041605261047010504
69.208870511502482,-1000.0635310728468,1204.08096362125,36,0.041533727196962147
69.190351823344457,-1000.0091605337891,1205.10044158702,36.280000000000001,0.0415620207748904
69.171836046087662,-999.85197186625226,1205.10044158702,36.280000000000001,0.041718580241793028
69.153314428403661,-1000.1673549360736,1203.4393791484099,35.939999999999998,0.042010983455757225
69.134796572228453,-999.96423346116023,1201.8133642451,35.939999999999998,0.042437339820986138
69.116281054707471,-999.83794613306702,1202.29759243698,36.07,0.042589951511970155
69.097767479511035,-999.73306060781204,1202.6566508599101,36.07,0.042463850438380392
69.079244211316194,-1000.2564825213232,1203.50351375383,36.280000000000001,0.042295893653159354
69.060708645524699,-1000.9205527410288,1203.50351375383,36.280000000000001,0.042197399044713348
69.042166180701145,-1001.293100471572,1202.7322295585,35.969999999999999,0.042423980518328706
69.023616127669129,-1001.7028637293432,1199.3257044942,35.969999999999999,0.042769378050327031
69.005056349560391,-1002.2280178716585,1198.89535890762,36.049999999999997,0.04319155588891941
68.986496817734476,-1002.2147185995534,1198.89535890762,36.049999999999997,0.043541403074930422
68.967944679575382,-1001.815460591151,1198.5775469037901,35.869999999999997,0.043579761144114937
68.949396465387608,-1001.6035661396406,1198.5775469037901,36.280000000000001,0.04335745755176125
68.930856872143067,-1001.1380352050355,1196.72813376524,35.939999999999998,0.043144470286496102
68.912322624690162,-1000.8493624570417,1195.4461569125799,35.939999999999998,0.043148090029266645
68.893809615531083,-999.7024945902283,1195.4461569125799,36.07,0.04331898047833211
68.87529026406547,-1000.0449791430814,1194.58761150689,36.140000000000001,0.043598556274052701
68.856774278812424,-999.86320366463747,1195.56536621635,36.310000000000002,0.043778457787183929
68.838250634985215,-1000.2767666689006,1195.9060664065,36.310000000000002,0.043866776134084393
68.819730491895115,-1000.0877268654453,1194.1815846182801,35.960000000000001,0.043906331474174533
68.801197043309813,-1000.8062236064492,1192.9291716729599,35.960000000000001,0.043929101279686626
68.782654292881404,-1001.3085231336855,1192.92058860309,36.170000000000002,0.044034682217905144
68.764106169756843,-1001.5986487268959,1195.01652658183,36.170000000000002,0.044198777112768851
68.745555940808686,-1001.7123631999966,1195.46594565701,35.890000000000001,0.044532699720710986
68.727011422937196,-1001.4039650606077,1191.4528836551799,36.259999999999998,0.044858815772094537
68.708480722787556,-1000.6578080803893,1189.6726119128,36.020000000000003,0.044943964521909636
68.689962723809828,-999.97194479771292,1189.6726119128,36.020000000000003,0.04475020285964617
68.671455859309987,-999.37068299164196,1191.98479556856,36.259999999999998,0.044491830179294013
68.652956622342074,-998.95879626691828,1191.98479556856,36.259999999999998,0.044410902387462897
68.634449894437125,-999.36330686702911,1189.9084079156401,36.140000000000001,0.044641896252221182
68.615946089849501,-999.20544773164465,1188.3791909669901,36.140000000000001,0.044799810280010205
68.597443117243287,-999.16052073595961,1189.2005430699,36.07,0.04477743576625081
68.578937259606093,-999.31631240861634,1192.35219864275,36.07,0.044610760073240364
68.560426315913674,-999.5909593904488,1191.6758050532101,36.280000000000001,0.044402818505873874
68.541908212419756,-999.97758867153789,1191.6758050532101,36.280000000000001,0.044168341489784844
68.523383833881567,-1000.3164410618851,1190.35305861867,35.969999999999999,0.044069137007792594
68.504863437265541,-1000.1014172657788,1193.08366693064,35.969999999999999,0.043983552603815444
68.486344827753214,-1000.0049136658362,1197.4395748900899,36.140000000000001,0.044149230756204923
68.467820156365434,-1000.3322549401631,1195.45879309878,36.140000000000001,0.044394480063883697
68.449310290937021,-999.53273313365071,1195.45879309878,35.880000000000003,0.044472959512353014
68.430809091983974,-999.06474346519349,1193.3039657239899,36.32,0.044286034795470143
68.412314999021092,-998.68101999544979,1196.3964934821699,36.009999999999998,0.043961246398396388
68.393822758355654,-998.58099593367467,1197.2061630733201,36.009999999999998,0.043691937913782092
68.375331453150679,-998.53048106838946,1197.2061630733201,36.119999999999997,0.043568628738623272
68.356835054646965,-998.80551920043445,1196.29969552752,36.119999999999997,0.043690722022637137
68.338332712235953,-999.12649019481591,1197.5273129376501,36.259999999999998,0.04377115000348028
68.319827862497505,-999.26188587632601,1198.3424661567799,36.259999999999998,0.043751155541841016
68.301324993371566,-999.15493280040732,1198.3424661567799,35.960000000000001,0.043616276237886831
68.282822923113642,-999.11179392783083,1199.9169826408599,35.960000000000001,0.043222519255794831
68.264303858288784,-1000.0295005426952,1200.09412766625,36.159999999999997,0.043049269460681772
68.245780500065422,-1000.2613440617471,1200.09412766625,36.159999999999997,0.042969580324014239
68.227253847031051,-1000.4392638554266,1203.3514026822299,35.899999999999999,0.042972981718296346
68.208729357769059,-1000.3224201476501,1204.7401910710601,36.280000000000001,0.042933399480382488
68.190205122033404,-1000.3087297253325,1204.55350930137,36.039999999999999,0.04290412490601006
68.171690624828258,-999.78284907796899,1204.55350930137,36.039999999999999,0.04260812265107318
68.153182993539531,-999.41208959144637,1201.7301561510701,36.140000000000001,0.042241216739869428
68.134672056055564,-999.59062413454103,1201.7301561510701,36.140000000000001,0.041857416633922818
68.116148177327347,-1000.2894513234946,1204.43239264874,36.280000000000001,0.04167640789205055
68.097626365100055,-1000.1778602733785,1204.79598102522,36.280000000000001,0.041684440029424459
68.079104402827127,-1000.1859627381598,1204.7313695825801,35.920000000000002,0.041733106802319009
68.060580946297449,-1000.2666526027202,1205.4690367542501,35.920000000000002,0.041645636991785341
68.042059569723307,-1000.1543350035878,1206.83755956144,36.259999999999998,0.041321477746085342
68.023539880911272,-1000.0631958499149,1206.83755956144,36.259999999999998,0.040888761477966953
68.005013637658152,-1000.4171356684518,1209.5419418265701,36.079999999999998,0.040516579111225734
67.986485575222204,-1000.5153715411664,1210.22572639295,36.079999999999998,0.040385016347408091
67.967949872835803,-1000.9279288656419,1208.9640151219401,35.880000000000003,0.04062495194360053
67.949418686329594,-1000.6840713357155,1208.9640151219401,35.880000000000003,0.040870597589917929
67.930894982484048,-1000.2800076592099,1206.8745144456,36.299999999999997,0.040832576855350043
67.912372884650694,-1000.1932830014438,1208.9830886105401,36.299999999999997,0.040511821088747575
67.893865630030831,-999.39174947262029,1210.2195275091599,36.039999999999999,0.039751259608633731
67.875360078694996,-999.29977213520988,1210.2195275091599,36.039999999999999,0.039119081984420059
67.856844184506159,-999.85828619693291,1208.9272986563799,35.859999999999999,0.038901338763172186
67.838318940872767,-1000.3631562026628,1208.0980787394101,35.859999999999999,0.039085218066684004
67.819787338376472,-1000.7065348005821,1207.0945748203501,36.280000000000001,0.039562201123058159
67.801265609967842,-1000.1733340658063,1210.48154955882,36.280000000000001,0.039782295421725684
67.782754309267986,-999.61023779228663,1210.2355015558601,35.939999999999998,0.039556773591275109
67.764247912499997,-999.34542547106332,1210.2355015558601,35.939999999999998,0.039093163279549356
67.745739378862979,-999.46081639957526,1208.7716113056699,35.899999999999999,0.038644849426545107
67.727223653345717,-999.84917793145212,1208.7716113056699,35.899999999999999,0.038393996653657857
67.708690939471609,-1000.7665492024729,1206.56266290696,36.259999999999998,0.038559027017946258
67.690161765656825,-1000.5753859980168,1207.81316850342,36.259999999999998,0.038899806222720476
67.671633476598672,-1000.5276091402512,1206.24842718225,35.890000000000001,0.039198377890741438
67.653107025350707,-1000.4283673898932,1204.8243528395101,35.890000000000001,0.039184478418554228
67.634583984812338,-1000.2441890719018,1204.8243528395101,35.920000000000002,0.038738014797105494
67.616052622388992,-1000.693570861329,1205.5365092201801,35.920000000000002,0.038147909150435221
67.5975190703236,-1000.8118115310095,1204.94928418985,36.140000000000001,0.03778672363587892
67.578985680722155,-1000.8030384774686,1203.28893700706,36.140000000000001,0.037947987307221161
67.560448204683823,-1001.0237060704559,1201.0241986542001,36.039999999999999,0.038318107315592272
67.541920968021032,-1000.470779790397,1198.38776569221,35.909999999999997,0.038621410108267674
67.52340973147902,-999.60677326872667,1201.0210992123,35.899999999999999,0.038694722790337387
67.504899943661655,-999.52854213801857,1200.3449440413599,35.899999999999999,0.038459306167761692
67.4863955678629,-999.23629313281549,1200.3449440413599,36.259999999999998,0.038106327666533907
67.467881790879034,-999.7439571283054,1199.81541631406,36.259999999999998,0.037883785040381916
67.449353462498848,-1000.5297325302596,1199.85237119822,35.920000000000002,0.037999167620472035
67.430819501686486,-1000.8338838676476,1199.85237119822,35.920000000000002,0.038503235623029278
67.412279946729512,-1001.1359676763557,1198.97189128064,36.210000000000001,0.039114821699920664
67.393741762886563,-1001.0619275192956,1194.4049828535301,35.880000000000003,0.039393197122956927
67.375208068018651,-1000.8195228675622,1193.9476959643,36.259999999999998,0.039311020320890393
67.35667680286673,-1000.6883182036685,1193.9476959643,36.259999999999998,0.038872446032658367
67.338139022597588,-1001.040134533269,1195.1643461184899,35.950000000000003,0.038546082671724116
67.319600864623496,-1001.0605306013596,1194.90899978983,36,0.03841715554594035
67.301058015890206,-1001.3138315977145,1195.42660658677,35.859999999999999,0.038739255529145845
67.282520351517419,-1001.0338761298689,1193.8971512195101,35.859999999999999,0.039198579682025537
67.263995134788985,-1000.3617033354622,1193.8971512195101,36.280000000000001,0.039667835870358777
67.245475908534644,-1000.0382177349076,1194.1026680591899,36.280000000000001,0.039742013644778293
67.226959741156818,-999.87303840219079,1194.3091385733101,35.979999999999997,0.039560082882596749
67.208435264312328,-1000.3217496028582,1194.3091385733101,35.979999999999997,0.039243466327107394
67.18990520781108,-1000.6230510671734,1194.6052544838501,36.170000000000002,0.039202410518159397
67.171370486418482,-1000.8749552005522,1195.31407300402,35.869999999999997,0.0395199873809155
67.152841254654305,-1000.578515265669,1189.74723693696,36.310000000000002,0.039971968575090548
67.134312036343104,-1000.5777888045886,1190.6746853202201,36.310000000000002,0.040412285466332555
67.115792568980311,-1000.0512375904493,1193.37453763181,35.960000000000001,0.04030138046908744
67.097262707020931,-1000.6125458068126,1193.37453763181,35.960000000000001,0.039926195108516409
67.078736671764077,-1000.4059038700666,1195.4907411921899,35.869999999999997,0.039504016235454978
67.060208246112452,-1000.5349851879199,1194.7919362535399,35.869999999999997,0.039340965446771875
67.04168063174572,-1000.491175803528,1194.7919362535399,36.280000000000001,0.039698625393713084
67.023160670780186,-1000.077892138884,1194.12460257108,36.280000000000001,0.040252647469207536
67.00464459446556,-999.86812098944608,1194.53229838995,36,0.040781997763826378
66.986146240185136,-998.91113114280188,1193.06077874431,36,0.040892384324348198
66.967657683417258,-998.38206546538561,1193.06077874431,36.140000000000001,0.040642861282240393
66.949163746709701,-998.67258220880865,1194.1136353151401,35.859999999999999,0.040224709859773458
66.930665574554453,-998.90129638326459,1198.0043885713101,36.280000000000001,0.039954459705026847
66.912158217487743,-999.39728160180391,1198.0043885713101,36.280000000000001,0.0399161854516513
66.893635449103698,-1000.2294927389646,1197.6608273578699,36.100000000000001,0.040282159005793954
66.875120393103686,-999.81302400030017,1198.1746194570801,36.100000000000001,0.040591721315725096
66.856604544445744,-999.85582752903269,1198.4516618790201,35.869999999999997,0.040616169573731466
66.838090143476549,-999.77765233659704,1198.4516618790201,35.869999999999997,0.040224768842829245
66.819579998651733,-999.54782053985639,1199.9610900832499,36.259999999999998,0.039669017617714894
66.801059869014821,-1000.0870003933728,1200.1048565035901,36.259999999999998,0.039458443514500334
66.782541031845611,-1000.0172071372417,1198.5305784381101,36.210000000000001,0.039560311573740119
66.764026196259167,-999.80112166811512,1198.6426351836501,36.210000000000001,0.039951293210127296
66.745524210855592,-999.10721179297809,1198.6426351836501,35.880000000000003,0.040272763003825977
66.727032269248198,-998.56484679948903,1200.92620860651,35.880000000000003,0.040324936721246513
66.708548753004848,-998.10987714046144,1199.0415095140299,36.259999999999998,0.040118485274586939
66.690069667787753,-997.87060172340398,1198.5849378806299,36.259999999999998,0.039693109901731097
66.671587918988919,-998.01443513659524,1198.5849378806299,35.939999999999998,0.039188758370382444
66.6530957890471,-998.57501685890202,1201.2089730750299,36.170000000000002,0.039067866492300624
66.634594842583866,-999.05110901412434,1210.3382599757001,35.850000000000001,0.039233483585571778
66.61608769247897,-999.38610566474745,1210.3382599757001,35.850000000000001,0.039581994840502822
66.597572032155654,-999.84565745862756,1204.548264092,36.310000000000002,0.039855532553764603
66.579055878229596,-999.87231200706242,1204.548264092,36.310000000000002,0.039757072099895874
66.560542576222147,-999.71830840255427,1202.82592807125,36.079999999999998,0.039438081697268687
66.542032645601225,-999.53625352953134,1202.82592807125,36.079999999999998,0.039120665238078278
66.523524344795263,-999.44824352259843,1206.32114485754,35.869999999999997,0.038945620054146632
66.505020690254497,-999.19734520091117,1206.32114485754,35.869999999999997,0.038897021574732869
66.48652234942584,-998.91040474767328,1205.4788119171601,36.310000000000002,0.03907956286357063
66.468040424709869,-998.02393466220838,1207.0168503543,36.310000000000002,0.039102692779524204
66.449556532833356,-998.13016133200688,1207.5020322206101,36.119999999999997,0.039061237536061978
66.43107257472964,-998.13373760020795,1205.9496886670199,36.119999999999997,0.038847097509743855
66.412577924008616,-998.71113893554025,1205.49669331273,35.890000000000001,0.038635519640774045
66.394058612899912,-1000.0427998697603,1206.26511648478,35.890000000000001,0.03861808424936037
66.375528464301212,-1000.6280243302546,1208.87985335348,36.310000000000002,0.038816088608317395
66.356989839632163,-1001.0857321287057,1211.19609012557,36.310000000000002,0.03913974803732987
66.338448465491339,-1001.2342036040302,1210.0433361582,35.950000000000003,0.039279491948068034
66.31991579714709,-1000.7640905895323,1210.0433361582,36,0.0391377829422557
66.301392106753113,-1000.2792812750736,1211.9914546002699,35.880000000000003,0.038778302776388954
66.282864987022165,-1000.4644654707084,1211.7988123653899,35.880000000000003,0.03850414314713365
66.264352432142175,-999.67796351973789,1205.20272316965,36.310000000000002,0.038480789707293059
66.245832769200007,-1000.0617988770189,1204.83532009546,36.310000000000002,0.038691190999420005
66.227316284138212,-999.89019333707608,1204.83532009546,35.950000000000003,0.03907359619123086
66.208807340719744,-999.48294459754175,1205.31668726405,36.049999999999997,0.039394899379638436
66.190291790085155,-999.83973426716761,1205.1853186113001,35.880000000000003,0.039377140084199999
66.17177275216423,-1000.0280477304544,1205.9203631783,35.880000000000003,0.038989370485202082
66.15324691765808,-1000.3950633318138,1205.9203631783,36.280000000000001,0.038626250911475084
66.134710390534622,-1000.9724646671463,1208.84480581818,36.280000000000001,0.03847046341496297
66.116164859591422,-1001.4586709325172,1206.68139537351,36.240000000000002,0.038812093227891864
66.097616807868008,-1001.5947930641157,1206.68139537351,36.240000000000002,0.039365539951323997
66.079066969040696,-1001.6912966750501,1207.23762598486,35.899999999999999,0.040018925858569566
66.060542959927247,-1000.2964921262476,1207.09862793668,35.899999999999999,0.040309278092305431
66.042022128692537,-1000.1248866742409,1205.0408369351401,36.229999999999997,0.04012178526688269
66.023504526044491,-999.9505429948747,1203.74312445439,36.229999999999997,0.039667201534833552
66.004995283566757,-999.49909379767973,1204.64625413969,36.240000000000002,0.039281203512731871
65.986477791642102,-999.94456393109374,1204.64625413969,36.240000000000002,0.039386001107303448
65.967952119600113,-1000.386290267281,1202.28829411129,36.020000000000003,0.039884127259485654
65.949428266741975,-1000.2880543396063,1199.41034309987,35.93,0.040489398977402148
65.930906389322175,-1000.1813806692589,1200.11034013156,36.25,0.040871329197084867
65.912383745113686,-1000.2227872580714,1202.6566508599101,36.25,0.040679362915701324
65.893856163860349,-1000.4893876804193,1200.7552624649099,36.240000000000002,0.040220005649227175
65.875314848705031,-1001.2310183871136,1200.7552624649099,36.240000000000002,0.03983523489437666
65.856782212439498,-1000.7623583387444,1201.1088372598699,36.009999999999998,0.03981067281994112
65.838253429780224,-1000.5542636007498,1200.0161647815901,35.93,0.040292966489076244
65.819722826902435,-1000.6525554007449,1198.63047583466,36.25,0.041087210797032807
65.801203554082733,-1000.0407322641365,1199.4067668207599,36.25,0.0417498447366648
65.782690525261614,-999.70355634019245,1198.9673613271,35.880000000000003,0.041888065427757581
65.764187909662837,-999.14124233412178,1198.22230317858,36.299999999999997,0.041508851576627009
65.745686989070293,-999.04971199726037,1199.23987379549,36.020000000000003,0.040929123969148155
65.727180086282672,-999.37275053131384,1199.23987379549,36.020000000000003,0.04050834828658554
65.708664315235964,-999.85163652240851,1198.4886167631901,36.100000000000001,0.040602288723412032
65.690146926790177,-999.9389760724855,1197.9702947104299,36.100000000000001,0.041001271459234087
65.671615719587862,-1000.6851889250246,1196.01001691938,36.329999999999998,0.041494706851613869
65.653090736724749,-1000.3490746081487,1194.3100922477399,36.329999999999998,0.041778321484620046
65.634568930707331,-1000.1775249405266,1194.3747036903701,36.090000000000003,0.041650812042079564
65.616054868118624,-999.75937979041885,1194.3747036903701,36.090000000000003,0.04119478373079543
65.597542066954389,-999.69126286878691,1198.3021734121101,36.049999999999997,0.040684688005125862
65.579027556296452,-999.78357552805721,1198.3021734121101,36.049999999999997,0.040503447463003515
65.560518151355581,-999.50786680725253,1197.04642260628,36.310000000000002,0.040774166373903964
65.542015093896225,-999.16510280486023,1197.04642260628,36.310000000000002,0.04123467434328143
65.523504065349471,-999.59554152530143,1196.98395693111,36.119999999999997,0.041556805369921943
65.504986696566732,-999.93791426756138,1196.98395693111,36.119999999999997,0.041444304712514465
65.486463422163041,-1000.2568177992151,1199.3710040296301,36.07,0.040968067736306818
65.467925180370486,-1001.0650567979399,1199.3710040296301,36.07,0.040483328828845484
65.449385651284004,-1001.1345706704836,1200.0640869217,36.25,0.040083612415289946
65.430837813764285,-1001.5832260647825,1198.9220617916701,36.25,0.040138959885177808
65.412293894009892,-1001.3716667372761,1199.1428374222301,35.909999999999997,0.040343946049379631
65.393757210630909,-1000.9809024647794,1198.7058161146399,36.299999999999997,0.040574552908518934
65.37521818238784,-1001.1075251257245,1197.8212830807299,36,0.040645566251684556
65.356689814685211,-1000.5318559422522,1197.8212830807299,36,0.040408445314074143
65.338179832324755,-999.53904746433136,1197.9352471751299,35.950000000000003,0.039973147214561293
65.319672876761715,-999.37560040438643,1198.43902569282,36.210000000000001,0.039638506457524085
65.301168741037131,-999.22332912761021,1200.0333309213299,36.280000000000001,0.039504893742247596
65.282663384245595,-999.28926674294507,1202.54149467248,36.280000000000001,0.039737114893798366
65.264148860134682,-999.7843019891377,1202.3734095541699,36,0.039939192224669823
65.245634914479041,-999.75306540477811,1202.3734095541699,36,0.03999384017038371
65.227111458985249,-1000.2665966644477,1203.6651615697299,36.189999999999998,0.039682321044184128
65.20858118724442,-1000.6346740047793,1204.43954520697,36.189999999999998,0.039325734185044897
65.190050175621082,-1000.6746276604391,1204.43954520697,36.280000000000001,0.039093101188404644
65.17151485714686,-1000.9071976075952,1204.2588239024701,36.280000000000001,0.039188065052615649
65.152979759085198,-1000.8952953303702,1204.01086855064,35.979999999999997,0.03947634663411257
65.13446272764827,-999.91969759370375,1205.26590410065,35.979999999999997,0.039773383691115285
65.115957909987728,-999.26015366950594,1205.26590410065,35.939999999999998,0.039803648571746217
65.097468469498708,-998.42978640686272,1205.25446000748,36.140000000000001,0.039584765000631295
65.078987226718496,-997.98711013130469,1204.6636586980401,36.280000000000001,0.039102287130867684
65.060496525839483,-998.49784746716603,1206.4243801145999,36.280000000000001,0.038838060569906532
65.042007897670445,-998.38592112816593,1208.0909261811901,35.950000000000003,0.038860266408826068
65.023507848381541,-999.00266160057492,1208.0909261811901,35.950000000000003,0.039198994637850162
65.005000132239473,-999.41667167133926,1208.54845148903,36.049999999999997,0.039576570399913587
64.986484939647013,-999.820399993009,1208.54845148903,36.049999999999997,0.039688540212465179
64.967960691493857,-1000.309400270124,1210.9734071461401,36.25,0.039359373555620442
64.949429809219666,-1000.6676428069507,1210.9734071461401,36.25,0.038958889329702588
64.930904059567865,-1000.3904811969612,1208.95209419156,35.950000000000003,0.038655447881534619
64.912379024964196,-1000.3518685979088,1206.42294960296,35.950000000000003,0.038883626045303168
64.893860356467997,-1000.0080987948169,1206.4939983480001,36.020000000000003,0.039317332621308515
64.875352752084012,-999.41063673523786,1208.00199604058,36.020000000000003,0.039782471335609783
64.85685027204444,-999.13392213678958,1208.23469260152,36.259999999999998,0.039970660584852678
64.838365554395168,-998.17475306079189,1208.23469260152,36.259999999999998,0.039758118284174582
64.819890828803764,-997.63518193615096,1205.6976801988701,35.939999999999998,0.039274906735659712
64.801409287998752,-998.00320347011382,1202.4845126252801,35.939999999999998,0.038854082430609123
64.782918353254217,-998.51047620547138,1204.1582112500901,36.009999999999998,0.038868620375179977
64.764407844179047,-999.56749005893073,1205.01437246971,36.009999999999998,0.0393603007403363
64.745873402182653,-1000.8598678053386,1205.01437246971,36.229999999999997,0.040035421646753465
64.72733345089641,-1001.1573694572101,1205.6671626171101,36.229999999999997,0.040541205352868523
64.708790057855708,-1001.3432241976367,1205.4947859638701,35.869999999999997,0.040645333423682768
64.690249625386457,-1001.183353339941,1205.4947859638701,35.869999999999997,0.040530331642804437
64.671708304020854,-1001.2313537419494,1203.71236845402,36.189999999999998,0.040334914298375546
64.653160993217284,-1001.5547833932393,1202.6504519761099,36,0.040329972072215566
64.634623822445619,-1001.0072216693701,1203.81488845526,36.259999999999998,0.040813026333802994
64.61609320715074,-1000.6532259235526,1202.7877810940499,36.259999999999998,0.041388766838644259
64.597579059708494,-999.76396188130343,1200.4500866472799,35.939999999999998,0.041828010640862952
64.579069818266859,-999.4990378484149,1200.4500866472799,35.939999999999998,0.041912403992554984
64.5605611087135,-999.47031588122047,1199.66616626575,36.020000000000003,0.041514054565931324
64.542045442180324,-999.84599279147949,1199.70526691738,36.020000000000003,0.041283678469112593
64.523513267437195,-1000.7374361290339,1198.51603490305,35.869999999999997,0.041208866362221187
64.50496706076791,-1001.495160141561,1198.39754085511,36.259999999999998,0.041640690631413166
64.486409867596223,-1002.08843127146,1196.41556697077,35.950000000000003,0.042366474453101627
64.467843424322382,-1002.5879367869521,1196.60868604287,35.950000000000003,0.043009642716986367
64.449284522690249,-1002.1806881353538,1197.3511215866899,36.020000000000003,0.043327511389171611
64.430738965876571,-1001.4600679383892,1198.43854885561,36.020000000000003,0.043189470762663121
64.412206446544516,-1000.7560439311198,1197.9879376873901,36.210000000000001,0.042933870315041534
64.393681717208764,-1000.3353841308713,1197.9879376873901,36.210000000000001,0.042997206460557921
64.375164809946796,-999.91299214578657,1195.55678314647,35.880000000000003,0.043479694672772913
64.35664408219381,-1000.1192986617446,1193.76649782258,35.880000000000003,0.044253586485729045
64.338121138927079,-1000.2389364032492,1191.1357869071701,35.969999999999999,0.044999351312206254
64.319608174264218,-999.70009179464853,1191.1357869071701,35.969999999999999,0.045224931095314676
64.301096047792626,-999.65482946611178,1190.5395019697501,36.100000000000001,0.04497131746661729
64.282582343245821,-999.74004552725239,1189.80994103073,36.100000000000001,0.044406469293504329
64.264063479171668,-1000.0186600044424,1191.1128987208499,35.899999999999999,0.044000588567635779
64.245529297945737,-1000.8457861998326,1191.1128987208499,35.899999999999999,0.044017804583623518
64.226992834980322,-1000.9690001325944,1189.8833739618501,35.939999999999998,0.04460894812904944
64.208453196203678,-1001.1404939388879,1188.7213216687801,35.939999999999998,0.04539085448567054
64.189922022115979,-1000.6834007359639,1186.3721831288599,36.049999999999997,0.045926333923504509
64.171407166867894,-999.8021833960953,1186.3721831288599,36.049999999999997,0.045900084081467916
64.152903317784066,-999.2078505272242,1187.0497688114399,35.880000000000003,0.045340886965246359
64.134399200686431,-999.22232327195081,1187.56785244558,35.880000000000003,0.044821017523077065
64.115897741996349,-999.07876926433073,1186.42487364112,35.909999999999997,0.044688080543053975
64.097398505028451,-998.95879626691828,1186.66019280674,35.909999999999997,0.04499607306106275
64.078894629039652,-999.20930339442498,1186.8866904838901,36.030000000000001,0.0454213573699054
64.060386393426199,-999.44472312671792,1186.8866904838901,36.030000000000001,0.04563801715316481
64.041871161509874,-999.82252348194538,1185.5756265611201,35.909999999999997,0.045505442349467962
64.023356384908723,-999.79793646219048,1181.3885189758,35.909999999999997,0.045028838020721274
64.004842861452019,-999.73026666201986,1181.3885189758,36.229999999999997,0.044457522327572406
63.986326382598861,-999.88985807017627,1180.81583748053,35.890000000000001,0.044102397640359337
63.967802575271605,-1000.2855956717062,1186.2412913133301,35.960000000000001,0.044150646357686105
63.949288422655592,-999.76424126489076,1186.3354666632999,35.960000000000001,0.044516386053836142
63.93077830370126,-999.54642353398424,1186.3354666632999,36.100000000000001,0.044852108178295276
63.912283587786291,-998.71465940836492,1185.3314859070199,36.100000000000001,0.044736400663171791
63.893798343423519,-998.20319558943925,1184.6562844105099,36.049999999999997,0.044403518035747401
63.875318453129559,-997.91407587387232,1186.99517095031,35.869999999999997,0.043807202539770412
63.856830370302596,-998.35647265592297,1188.73157366891,35.920000000000002,0.043397446476871784
63.838331009157898,-998.96550181376335,1188.4440408282301,35.920000000000002,0.043298705581537908
63.819815575455777,-999.83341991450288,1190.14110447658,36.210000000000001,0.043475205703643924
63.801293614217322,-1000.185906876831,1190.14110447658,36.210000000000001,0.043742387662070191
63.782767494104895,-1000.4104860708713,1187.89853905422,35.880000000000003,0.043712901984360224
63.764236619075234,-1000.6672516017782,1187.3666271408399,35.880000000000003,0.043350883454136853
63.745710641766557,-1000.4027746683668,1189.23964372154,35.920000000000002,0.042732007182772543
63.727186360500021,-1000.3111883932327,1189.23964372154,35.920000000000002,0.042339422639240114
63.70867207025443,-999.77167326182439,1191.1915768613301,36.159999999999997,0.042185119045017962
63.690164414130706,-999.41343068102992,1192.3068991073201,36.159999999999997,0.042335317578836726
63.671667391640639,-998.83921446368606,1196.3161464114401,35.899999999999999,0.042444959078801518
63.653171220793801,-998.79322572902902,1196.3161464114401,35.899999999999999,0.04232618026578254
63.634671775830853,-998.97002799935149,1196.5102191579599,36.32,0.041877997828412394
63.616163735794942,-999.43416193907649,1195.1107019317999,35.950000000000003,0.041512338854434838
63.597649542822012,-999.76642053821183,1195.38845960956,36.140000000000001,0.041125759277324099
63.579124345754394,-1000.3606416514498,1195.3975195166499,36.140000000000001,0.040869961185047494
63.560583803596408,-1001.1892765314013,1195.3975195166499,36.07,0.040888257532970339
63.542047172991431,-1000.9780526686504,1197.43742912262,35.869999999999997,0.040827624298137792
63.523498126823483,-1001.6484930693736,1195.8667273362601,35.939999999999998,0.040813437146051866
63.50496086498903,-1001.0121390601307,1196.6096397173001,35.939999999999998,0.040576241700411263
63.486439559816056,-1000.1504793408074,1197.9366776867701,36.159999999999997,0.040118822623452455
63.467928589218694,-999.59241225764958,1197.9366776867701,36.159999999999997,0.039819042300888098
63.449430371530724,-998.90375515009282,1197.8954312676699,35.869999999999997,0.039762324758777653
63.43094020978392,-998.46873432777488,1195.7155699390901,35.869999999999997,0.039832416095679328
63.412449502696248,-998.49818273406584,1195.7155699390901,35.939999999999998,0.039970191813025066
63.393960795882727,-998.39016793016674,1197.1222397234701,35.939999999999998,0.039879572056653975
63.375467659077636,-998.62938747490352,1201.0799886083601,36.119999999999997,0.039639658191843119
63.356966056550561,-999.08653646221217,1202.4072649964401,36.119999999999997,0.039273848138973749
63.33844693998514,-1000.0322945324554,1202.0489218293301,35.869999999999997,0.038993529354280458
63.31990598287031,-1001.211684200891,1200.8472920474201,35.869999999999997,0.038932528759173766
63.301350882070231,-1001.9754432044799,1199.8354434770899,35.920000000000002,0.039129166139137583
63.282794111097473,-1002.0656325287017,1199.8354434770899,35.920000000000002,0.039510450641896427
63.264241564191401,-1001.837532927789,1200.5797863697801,36.189999999999998,0.039652650138093957
63.245706381276605,-1000.899877399271,1199.6230124977801,36.189999999999998,0.039488980542727585
63.227185887387705,-1000.1066700003831,1200.4839420895501,35.899999999999999,0.039213978581680659
63.208681524006039,-999.23562261000779,1199.0131376997399,35.899999999999999,0.038985458923435294
63.190187166134606,-998.69532505726249,1197.2784039113999,35.890000000000001,0.038995038094819599
63.171694438076493,-998.60731513826556,1200.1067638524501,35.890000000000001,0.03922879592286628
63.153196279373006,-998.900569988136,1200.6384373472299,36.210000000000001,0.039575440396365472
63.134693715514778,-999.13844834436145,1197.652244288,36.210000000000001,0.039744770364747793
63.11616944045668,-1000.310853137325,1197.652244288,36.07,0.039886106842826057
63.097640053472887,-1000.5868971250294,1197.5068089374099,35.869999999999997,0.039666852806604945
63.079096191666672,-1001.368537535576,1198.907279838,35.920000000000002,0.039421840462768608
63.060542071859366,-1001.9224695943503,1199.58677286944,35.920000000000002,0.03944080632997056
63.041987094199982,-1001.9687936068992,1199.58677286944,36.159999999999997,0.039791128499508811
63.023432344198696,-1001.9565000695419,1197.4596020531201,36.159999999999997,0.040275417270648518
63.004877048855533,-1001.9859485307927,1195.14908732761,35.909999999999997,0.040758407364010915
62.986342126709779,-1000.8857958707089,1196.31543115561,35.909999999999997,0.040858004039641162
62.967830597319796,-999.62258705906879,1196.01764631482,36.210000000000001,0.040701693959776665
62.949326942777816,-999.19734526686329,1193.5488216339099,35.899999999999999,0.040590734121626622
62.930827159434585,-998.98830053453776,1192.7215090658101,36.280000000000001,0.04056567326476905
62.912323277236943,-999.20963867231671,1191.6500558436001,36.280000000000001,0.040741937442438578
62.893808312299939,-999.80810659854774,1191.6500558436001,36.009999999999998,0.041020060369533561
62.875283718523391,-1000.3280639335389,1193.0538646047,36.009999999999998,0.041350476026028815
62.856742896967766,-1001.2043640035588,1191.74685379825,35.880000000000003,0.041425126711780592
62.83818519777644,-1002.1157563317105,1191.74685379825,35.880000000000003,0.041350609523017903
62.819624367272745,-1002.2848471995284,1190.64822085479,36.280000000000001,0.041194650246833893
62.801056695687826,-1002.6542655854755,1190.64822085479,36.280000000000001,0.041089788491568836
62.78248940801469,-1002.6335343494129,1191.9721593823599,36.039999999999999,0.041117479814725716
62.763937750003734,-1001.7895325917326,1193.98941922062,36.039999999999999,0.041293826785744933
62.745404730861907,-1000.7830336585184,1194.2888729916699,36.140000000000001,0.041430161027669929
62.726885718811047,-1000.0266507465664,1192.8359499974199,35.890000000000001,0.041574113488259484
62.708372734486353,-999.70115353362075,1194.7585576484901,36.240000000000002,0.041474578902959726
62.689867417017261,-999.28714333095263,1194.0669052680601,36.240000000000002,0.041269728292064656
62.671366119756868,-999.07005206112638,1194.9476236042501,35.880000000000003,0.041139815002580363
62.652854883214857,-999.60677326872667,1192.8493014394401,35.880000000000003,0.04116308772452313
62.63433054399993,-1000.3143176059248,1190.7032955531199,35.93,0.041422170279439306
62.615799915252069,-1000.6539523846329,1193.28632274703,35.93,0.041531387507454928
62.597261776940819,-1001.0594688074274,1193.28632274703,36.119999999999997,0.041554656088468173
62.57872930313944,-1000.7535852742114,1196.31090120207,36.119999999999997,0.041494895189914997
62.560190294559426,-1001.1064633208002,1195.4108709586701,35.880000000000003,0.041339242210001473
62.541657138822295,-1000.7904098051154,1194.7711938346899,35.880000000000003,0.041327018087104948
62.52314202383964,-999.81620906332876,1194.7711938346899,35.969999999999999,0.041266997449698715
62.504627773951782,-999.76949394453516,1195.3131193295901,35.969999999999999,0.041476260457639823
62.486123644435843,-999.2229938607104,1195.3319543995799,35.979999999999997,0.041670038673443627
62.467629402461789,-998.6890665989024,1195.7487101255299,35.979999999999997,0.041678160847486129
62.449131003683931,-998.91353400433331,1195.72129198567,36.229999999999997,0.041587761505488235
62.430631759472909,-998.95918739514661,1196.1945529216,35.909999999999997,0.041411287256507556
62.412124050573965,-999.41628054311059,1195.4859728200399,35.979999999999997,0.041146634355473354
62.393600561966785,-1000.2683847875562,1196.41985850571,35.979999999999997,0.041140584892633669
62.375088760422081,-999.63728341398985,1197.8711125697,35.909999999999997,0.041052775667349731
62.356568117522215,-1000.1147165928439,1197.43504493654,35.909999999999997,0.041225432527276409
62.338050494177857,-999.95166059517544,1197.9793546175199,35.920000000000002,0.041460197211457939
62.319542057812271,-999.45556374191472,1198.5911367644201,35.920000000000002,0.041402466597034795
62.301034596230814,-999.40292539868506,1200.29058459885,36.009999999999998,0.041256002668691005
62.282533300006108,-999.06999613384585,1200.29058459885,36.009999999999998,0.040958953193174379
62.26403630959517,-998.83748219091422,1203.7135605470601,35.909999999999997,0.040783158814269964
62.245550006628385,-998.26036020619301,1203.9252762705401,35.909999999999997,0.040768506001091567
62.227069661021076,-997.9386627946991,1203.00307309664,36.259999999999998,0.040816208348384501
62.208587373089024,-998.04354833094601,1204.6357637209601,35.909999999999997,0.040859985680317006
62.190095191407451,-998.57781080469397,1203.5504822195201,35.979999999999997,0.040845763352008749
62.171602151874005,-998.62413480625116,1202.70719560471,35.979999999999997,0.040722009205545549
62.153096008632154,-999.33173505973775,1202.70719560471,35.920000000000002,0.040516894727284772
62.13457939318512,-999.89723413982915,1203.0138019339799,35.920000000000002,0.040337842784378727
62.116060405969051,-1000.025309667975,1204.3456082756099,35.880000000000003,0.040402561430198727
62.097539099760581,-1000.150535257096,1205.41539256756,35.880000000000003,0.040632543258741806
62.079027792853303,-999.61057299323443,1205.41539256756,36.229999999999997,0.040819333455972759
62.060531868288876,-998.7799264789079,1204.4826989749299,36.020000000000003,0.041007840380442126
62.042046201725952,-998.22599439814962,1206.94246374875,35.899999999999999,0.04098525891343472
62.023569377553265,-997.7485053249909,1207.9774389240099,35.899999999999999,0.040864064875940832
62.005096210374212,-997.55102766894265,1207.9774389240099,36.240000000000002,0.040654137525136969
61.986610914270486,-998.20598960118343,1212.2501387894299,35.93,0.040576954678993096
61.968121921850681,-998.40559066922435,1212.8325954476099,36.039999999999999,0.040502127048755728
61.94961609732708,-999.31452427451575,1210.88423858693,36.039999999999999,0.040622582242277556
61.931090062070432,-1000.4059038590747,1212.1736064164199,35.859999999999999,0.04068169225888961
61.91255223523472,-1001.0426491284499,1211.40804426766,35.859999999999999,0.040690986854596566
61.894001929710008,-1001.7164983343002,1209.9079143891199,35.939999999999998,0.040719381849370725
61.875456924446858,-1001.4302842102386,1209.9079143891199,35.939999999999998,0.040725042212412452
61.856932590405094,-1000.3140382553136,1209.8909866679901,36.090000000000003,0.040758478764359292
61.838416332999969,-999.8778998766627,1209.4232093600299,36.119999999999997,0.040739582229585403
61.819911963409858,-999.23595786591557,1211.2444891028999,35.859999999999999,0.040645430689624923
61.801413050335803,-998.94130599918105,1211.2444891028999,35.859999999999999,0.04058530140365655
61.782913124189022,-998.99601192605053,1211.1479295668501,35.969999999999999,0.040804380550488392
61.764415966139545,-998.84653467201031,1211.1479295668501,35.969999999999999,0.041066540609910794
61.745906808517375,-999.49451159687487,1209.9961292739099,35.960000000000001,0.041340197331895423
61.727390102007348,-999.9021515415817,1209.5099937331699,36.210000000000001,0.041551665501956721
61.70886511914464,-1000.3490745861646,1211.25879421935,35.890000000000001,0.041701337324724683
61.690321354609864,-1001.3632848779157,1209.6115600599701,35.890000000000001,0.041816817179509851
61.671763778560454,-1002.1091066681781,1208.9816580989,36.020000000000003,0.041793977019110425
61.653204494052027,-1002.2013634551278,1210.43267374428,36.020000000000003,0.04187502070750436
61.6346499592889,-1001.9448772088801,1210.43267374428,36.259999999999998,0.041986099550509692
61.616113158977669,-1000.987216806452,1209.4041358714301,36.259999999999998,0.042192599631667008
61.597587682513634,-1000.3757290576555,1204.8291212116601,35.920000000000002,0.042464386465759299
61.579066519107293,-1000.1428239425273,1204.8291212116601,35.920000000000002,0.042730267682151934
61.560568516660339,-998.89213213554308,1204.17633106426,36.159999999999997,0.042879864989154595
61.542074352296297,-998.68487565823011,1205.2246576815401,36,0.04276704250317423
61.523567936900136,-999.34643139267484,1208.1779489729299,36.259999999999998,0.04266487848909755
61.505056973546907,-999.59202107446106,1206.69784625743,36.259999999999998,0.042623337362516708
61.486532730567937,-1000.3091208645528,1206.69784625743,35.93,0.042829936781404052
61.46799178587019,-1001.2110136780833,1203.6789898489701,35.93,0.043144852129133382
61.449441524843124,-1001.7140954617765,1204.25739339082,36,0.04349825282645136
61.43088524850738,-1002.0389221299304,1204.52036911492,36,0.043690030771976446
61.412330349493899,-1001.9645467279545,1203.6673073372001,36.210000000000001,0.043666860505419736
61.393778314813666,-1001.8098727325427,1202.40869550809,36.210000000000001,0.043493472035883454
61.375224585127199,-1001.901403069404,1202.2375109478801,35.899999999999999,0.043344409722197767
61.356697659939542,-1000.4539601334037,1201.86367057129,35.899999999999999,0.043336432429799898
61.338184968465463,-999.68533960038269,1201.04708684052,36.020000000000003,0.043411954413901548
61.319686873919821,-998.89710546457627,1201.04708684052,36.020000000000003,0.043537923029449491
61.301189383698912,-998.86447192930473,1200.8294106518499,36.299999999999997,0.043645601510402657
61.282690776926003,-998.92476573676652,1198.93779741976,36.299999999999997,0.043698573073374596
61.264184243562916,-999.35280160666809,1197.45864837869,35.920000000000002,0.043667354106540088
61.24566525738274,-1000.0252537297024,1197.45864837869,35.920000000000002,0.043430071736594474
61.227130555650547,-1000.873893538524,1199.0293501650499,36.079999999999998,0.043271704478847345
61.208591390814817,-1001.1149011294253,1199.0293501650499,36.079999999999998,0.043317373424557763
61.190051387788834,-1001.1601634030022,1198.70915397515,35.899999999999999,0.043357510330648968
61.171502244348225,-1001.653745792986,1196.6377731129901,36.329999999999998,0.043464455131018882
61.152962722505052,-1001.1341795312633,1197.46627777413,35.950000000000003,0.043376454464433778
61.134438070778899,-1000.3311932121829,1198.86698709333,35.950000000000003,0.043345248950582241
61.115926607614881,-999.6190108568195,1197.31702772582,36.140000000000001,0.043184430234463493
61.097420262586432,-999.34263153626318,1197.31702772582,36.140000000000001,0.042921347133086755
61.078914236277654,-999.32542067409702,1200.2445698076001,36.310000000000002,0.042704548691892122
61.060407710158088,-999.35241045645557,1200.62961585875,36.310000000000002,0.042623533971277786
61.041901345467807,-999.3436932752353,1197.5580689380299,35.939999999999998,0.042683760531534096
61.023384236419858,-999.92388858933589,1197.5580689380299,35.939999999999998,0.042819272109606954
61.00485655168643,-1000.4949756049796,1197.62887926446,36.140000000000001,0.042794452363017349
60.986319939710043,-1000.9770467250549,1199.1042136078099,36.140000000000001,0.042539005059358113
60.96777499239527,-1001.4271549975466,1199.1042136078099,35.869999999999997,0.042302119024183585
60.949234548542172,-1001.183968067372,1199.90792273377,36.299999999999997,0.042132143347223164
60.930691972996243,-1001.2990794803927,1197.30987516759,35.960000000000001,0.042103774223335229
60.912159031464022,-1000.7788427398302,1197.1892353521901,35.960000000000001,0.042056550995410183
60.893636575588751,-1000.2126172646105,1199.2131709114501,35.93,0.04202625093061825
60.875123429837011,-999.70987059392928,1199.2131709114501,36.210000000000001,0.041976666282415073
60.856615435332195,-999.43170326018412,1200.1961708302699,36.280000000000001,0.041852360587262563
60.838114007686364,-999.0770928748716,1200.1961708302699,36.280000000000001,0.041648062562986296
60.819612633850632,-999.07418712947822,1201.8748762458399,36,0.041397945538806179
60.801106320901305,-999.34089926349134,1201.6548158711,36,0.041360722648161249
60.782593772229554,-999.67762827482204,1202.2317889013,36.210000000000001,0.041467701599851553
60.764069452675443,-1000.3132559219125,1202.2317889013,36.210000000000001,0.041443707623981668
60.74554640592843,-1000.2445243388016,1200.7564545579501,36.310000000000002,0.041319199111014678
60.727025482596254,-1000.1298599373222,1200.7564545579501,36.310000000000002,0.0411876218630019
60.708511946722261,-999.73093719581959,1200.5549908345899,35.979999999999997,0.041138343517175872
60.68999935251982,-999.68008693173044,1199.2558478422,35.979999999999997,0.041101869819468159
60.671498380187742,-999.05250593206063,1201.47337931077,36.210000000000001,0.040996106751594805
60.653003067192792,-998.74690172747182,1206.55789453481,36.210000000000001,0.040884181446656766
60.634512658127065,-998.48208954914469,1207.6162347336101,36.140000000000001,0.040970613352531667
60.616017214747082,-998.75394251923285,1207.6162347336101,36.140000000000001,0.041234495322326183
60.597523467408614,-998.66235627707511,1206.40244560271,36.030000000000001,0.041402971580775126
60.57902301454692,-999.02445453164182,1206.66089137326,36.030000000000001,0.041415628252390993
60.560514260497548,-999.4727186658082,1208.22038748507,36.240000000000002,0.041406662721858487
60.542005473333369,-999.4745068658608,1206.15949704164,36.240000000000002,0.041400580146035017
60.523489409437062,-999.86745040068661,1206.15949704164,35.909999999999997,0.041374952222434619
60.504976490304877,-999.69763313774035,1203.77578780362,36.240000000000002,0.041260097384403907
60.486464611150573,-999.64147433267817,1206.0512549938301,36.009999999999998,0.041126600568743558
60.467958006386318,-999.35665726944853,1207.28197184586,36.009999999999998,0.040978022543107
60.449458503475391,-998.97315719005951,1207.28197184586,35.960000000000001,0.041064579664111936
60.430967307960579,-998.52455779998525,1206.52284699951,36.210000000000001,0.041270988678813382
60.412476724013608,-998.49153313648526,1203.85303543246,35.890000000000001,0.041646603495688612
60.39399340334802,-998.09931594182774,1204.12745524972,36.32,0.041979248121341073
60.375515110790282,-997.8277981177273,1208.64620311811,35.969999999999999,0.042141741139050351
60.357020596662935,-998.70376287687952,1211.1395849155899,35.969999999999999,0.042225321136501029
60.33851529057646,-999.28652866947357,1205.8626658752801,36.079999999999998,0.042333774682906083
60.320001267311213,-999.75725632346632,1203.1196597957201,36.079999999999998,0.042411885738260637
60.301478149161809,-1000.248380067534,1203.1196597957201,36.280000000000001,0.042495236007452669
60.282945825407303,-1000.7454827434783,1204.19707348312,36.280000000000001,0.042707569282077106
60.264412760734594,-1000.7854923264186,1203.9283757124399,35.960000000000001,0.042989794164743446
60.245877864460539,-1000.8843987988848,1201.6393186616101,35.960000000000001,0.043270246438894266
60.22733992069135,-1001.0489635360744,1202.3333552281099,36.159999999999997,0.043492390668054416
60.208809981122158,-1000.6167367364928,1202.3333552281099,36.159999999999997,0.04353193566711807
60.190290896635865,-1000.0305622596835,1201.5992643355401,36.299999999999997,0.043452750473615152
60.171782388869111,-999.45941940469515,1201.5992643355401,36.299999999999997,0.043417722400196368
60.153271009524573,-999.61448460527959,1202.6785853718,35.960000000000001,0.043541134024838141
60.134758700927193,-999.66466425862484,1205.0875669822201,35.960000000000001,0.043919027472102259
60.116242806737134,-999.85828626288503,1205.3505427063201,36.030000000000001,0.044281814872362324
60.097718239865337,-1000.3266110773301,1205.3505427063201,36.030000000000001,0.044561074014094385
60.079173494336963,-1001.4162585320132,1206.34641722994,35.880000000000003,0.04474316517231007
60.060615456766776,-1002.1340287899527,1204.2662148792999,36.189999999999998,0.044857495362732085
60.042055484114968,-1002.2385231979713,1201.4976980087399,35.850000000000001,0.045042911334394038
60.023492562274129,-1002.3977794051799,1201.4976980087399,35.850000000000001,0.045128346735338352
60.004939344814922,-1001.8737427972136,1199.9260425479499,35.939999999999998,0.04526652292451714
59.986396665788902,-1001.304667404953,1199.55244058996,35.939999999999998,0.045551572820430208
59.967869213885109,-1000.482402804947,1195.80569217273,36.090000000000003,0.045698181624311961
59.949347875598946,-1000.1522674529241,1195.80569217273,36.090000000000003,0.045664417040438381
59.930840297085233,-999.40923974035763,1192.94156944055,35.859999999999999,0.045569954024127064
59.912330593086523,-999.52401593044635,1193.2500831186901,35.859999999999999,0.045510892652801199
59.893823709959314,-999.37168886928555,1195.71223207858,35.93,0.045572140570079037
59.875307958573011,-999.85057486038033,1195.71223207858,35.93,0.045806039126423934
59.856782280322172,-1000.3866255451728,1197.7190014980999,36.009999999999998,0.046150950297160362
59.83824072509146,-1001.2439824582707,1196.83232269672,36.009999999999998,0.046563873897976921
59.819694855767786,-1001.4769434786955,1195.4924101224401,35.909999999999997,0.046811042771674818
59.801149610429647,-1001.4432482594118,1195.4924101224401,35.909999999999997,0.046863881869684043
59.782608580878978,-1001.215595735992,1197.1324917236,35.909999999999997,0.046791051410389362
59.764075133328554,-1000.8061677231366,1196.52523953023,35.909999999999997,0.046687756350967523
59.745544193105154,-1000.6707720636107,1191.0819043018701,35.950000000000003,0.046823101324359948
59.72702071691608,-1000.2677142097884,1191.18585481475,35.950000000000003,0.047047374153327999
59.708506648118522,-999.7597150683107,1191.18585481475,36.100000000000001,0.04718613190077274
59.689993599636999,-999.70461800222074,1193.8978664753299,36.100000000000001,0.047055564612505513
59.671484812472812,-999.4745068658608,1195.1855653745599,35.890000000000001,0.04687128278654254
59.652982209291324,-999.14057180032194,1195.1855653745599,35.890000000000001,0.046708980158159601
59.634474032661736,-999.44153799773721,1192.5260058076401,35.899999999999999,0.046708070567763355
59.615962536385148,-999.62079893596024,1191.0449494177001,35.899999999999999,0.046753228334114709
59.597443913419632,-1000.0056401379087,1194.5721142974,36.189999999999998,0.046937024839798613
59.578920483796324,-1000.2651996585755,1194.5721142974,36.189999999999998,0.047086735982975324
59.560395130474213,-1000.3690793941228,1194.4953435057801,36.009999999999998,0.04716435861525433
59.541870667081476,-1000.3210232077299,1191.78404710103,35.920000000000002,0.046968092727944867
59.523345658348084,-1000.3504716030286,1192.41776375982,35.920000000000002,0.04666022232125186
59.50483455115684,-999.59978832730235,1194.3444245272201,35.920000000000002,0.046439871402608641
59.48633230601726,-999.12123753715548,1195.94087552319,36.210000000000001,0.046470916522258036
59.467822038050535,-999.55447020338875,1195.5389017509101,36.210000000000001,0.046654907568782704
59.449313712409769,-999.44958460118994,1194.7759622068399,35.899999999999999,0.04689160630969226
59.430804963534577,-999.47243926023691,1194.7101586711599,35.899999999999999,0.047004005564706276
59.412297313618488,-999.41309546908997,1194.7101586711599,36.240000000000002,0.046923108811017737
59.393794034711313,-999.17706098738199,1193.71261521728,35.939999999999998,0.046745640118105905
59.375291367371574,-999.14403634586586,1194.0464012678101,36.210000000000001,0.046406459687893198
59.356789713104959,-999.0893303970123,1194.0464012678101,36.210000000000001,0.046171123784436656
59.338280309198758,-999.50781093493185,1193.9491264759499,36.030000000000001,0.046065326570535352
59.319763699960575,-999.8968988619373,1195.4838270525699,35.880000000000003,0.046074442148747508
59.301246311516216,-999.93897599554157,1199.2274760278999,35.960000000000001,0.045996746043314468
59.282729059664312,-999.93160000283262,1199.2274760278999,35.960000000000001,0.045753789855105052
59.264212093419701,-999.91617720881504,1200.5819321372401,36.210000000000001,0.045606856129624597
59.245698615495108,-999.72780792816752,1200.0497818052499,36.210000000000001,0.04544092756427727
59.227178686608696,-1000.0761598661121,1203.77841040831,35.950000000000003,0.045291005320612795
59.208658856029622,-1000.0708512701791,1203.77841040831,35.950000000000003,0.04510242801967921
59.190131612122293,-1000.4711709955695,1206.3635833696801,35.890000000000001,0.045027714227040785
59.171599573972841,-1000.7300600703729,1206.3635833696801,35.890000000000001,0.045085953966540894
59.153075519328304,-1000.2989508051398,1200.09913445701,36.259999999999998,0.045144927381128269
59.134558768322265,-999.90455432616943,1200.09913445701,36.259999999999998,0.044945978247206884
59.116040638958069,-999.97898566641777,1201.72657987196,35.969999999999999,0.04463097701127005
59.097540413754473,-999.01216099428427,1201.72657987196,35.969999999999999,0.04424903748482633
59.079036791291415,-999.19561300508326,1203.50804370738,35.869999999999997,0.04397401171796373
59.0605265357432,-999.55379960363712,1202.12044741159,35.869999999999997,0.043907874366237623
59.042016611330929,-999.5359182626313,1202.1612169934799,36.299999999999997,0.043769992058479402
59.023496695897499,-1000.0754334050318,1204.85630093292,36.299999999999997,0.043691051091882704
59.004980450909876,-999.87722933187092,1208.2616339041699,36.119999999999997,0.043672225959492737
58.986467785304846,-999.6839426714547,1207.2316655196701,36.119999999999997,0.043678990464559912
58.967955444628544,-999.66639652040487,1207.2316655196701,35.899999999999999,0.043752317630824752
58.94943687961365,-1000.0025108043047,1207.51085370908,35.899999999999999,0.043685688735720846
58.930917913093673,-1000.0241920786661,1212.0658412058201,36.280000000000001,0.043540252375691105
58.912398354667893,-1000.056154992202,1212.02960157747,36.280000000000001,0.04351258692158845
58.893880660955624,-999.95546046257925,1212.02960157747,35.939999999999998,0.043394627673696236
58.875369268159318,-999.61521100040784,1209.9496376454399,36.140000000000001,0.043252933150043485
58.856860065005044,-999.49697033072721,1206.81443295651,35.859999999999999,0.043114078124443254
58.838355143865435,-999.26574153910644,1207.6372155710701,35.859999999999999,0.042910675203925434
58.819846959991509,-999.44192919191789,1207.6372155710701,36.310000000000002,0.042742637707931026
58.801339894739527,-999.38152360683887,1207.3749551028,36.310000000000002,0.042517155199924758
58.78282921699136,-999.57659840135545,1208.0976019022,35.979999999999997,0.042306014027931813
58.764314388649247,-999.80073047393466,1208.23040106659,35.979999999999997,0.042098771990235297
58.74579882559636,-999.84040485592709,1207.96265697034,35.890000000000001,0.042021345973231143
58.727277434534564,-1000.1551173369887,1209.1552268451701,35.890000000000001,0.041947568664945117
58.708745097327068,-1000.7462092045587,1207.6045522218401,36.299999999999997,0.042006945652330027
58.690216548533321,-1000.5416348624447,1207.6045522218401,36.299999999999997,0.042093295816015834
58.671682281419805,-1000.8504241300619,1206.8585403989,36,0.042284354569631012
58.653146780819803,-1000.9170324001084,1206.8585403989,36,0.04236533513953563
58.634617393835804,-1000.5868971360213,1205.47595089387,35.890000000000001,0.042231073603520998
58.616089259998894,-1000.5192271929546,1204.7225480940999,35.890000000000001,0.042034873950524888
58.597571917085219,-999.93651733863328,1202.0586969922399,36.299999999999997,0.041748506744178293
58.579054761470481,-999.92640319550878,1202.0586969922399,36.299999999999997,0.041728748219036847
58.560535436909817,-1000.0435262758805,1199.8390197562001,36.030000000000001,0.041756923829632184
58.542015891935797,-1000.0554285970735,1199.23295965588,36.030000000000001,0.041770567703488748
58.523499575547007,-999.88108499465125,1198.89273630294,36.119999999999997,0.04189447396229503
58.504970466924746,-1000.5718656021363,1200.30679706416,35.850000000000001,0.041977109184577796
58.48643393980128,-1000.9724646671463,1199.56793779945,36.350000000000001,0.041984601158121491
58.467903500422324,-1000.6437264638915,1200.65846451026,36.350000000000001,0.041928589347202866
58.449365576314968,-1001.0479017971023,1200.65846451026,36.049999999999997,0.041830273764393883
58.430825618819668,-1001.1577047460939,1199.64065547474,36.049999999999997,0.04186701236983946
58.412276657505046,-1001.6439109894808,1197.59407014776,35.859999999999999,0.041999591304288063
58.393720003465361,-1002.0593181430612,1194.7592729043099,35.859999999999999,0.042107173553971679
58.375169470285201,-1001.7287917287615,1194.7592729043099,36.280000000000001,0.04220184559430111
58.356616981327313,-1001.8344037260889,1192.00839901071,36.280000000000001,0.042179450392178512
58.338072781140816,-1001.3868100707623,1194.3029396895099,35.880000000000003,0.042138289038482629
58.319541659827316,-1000.6805509288431,1194.3029396895099,35.880000000000003,0.041891516492024258
58.301010537478945,-1000.6806068121558,1193.84279177699,36.25,0.041684810490459537
58.2824852224444,-1000.3670118654433,1193.01381027863,35.920000000000002,0.041585285215177667
58.263960031585221,-1000.3603063955419,1192.2074785479899,36.159999999999997,0.041659811724136013
58.245429046865404,-1000.6731748701822,1192.2074785479899,36.159999999999997,0.041823699653945494
58.22690010691737,-1000.5627571937597,1195.20964565392,35.880000000000003,0.042016304411987344
58.20836117594574,-1001.102272468064,1195.20964565392,35.880000000000003,0.042111695643616012
58.189822296714866,-1001.0994784673118,1191.23282328043,35.920000000000002,0.042225475324499544
58.171289823949387,-1000.7535293359389,1191.23282328043,35.920000000000002,0.042214663700084164
58.152764450965435,-1000.3701411330951,1190.5263889463399,36.170000000000002,0.042023833633948363
58.134238350516071,-1000.4094242659471,1190.5263889463399,36.170000000000002,0.041978737963219943
58.115712230403851,-1000.4104860598794,1193.3042041425899,35.939999999999998,0.041879179575564959
58.097181602691471,-1000.6538964683444,1190.8501614153599,35.939999999999998,0.04194237912780955
58.078671638956756,-999.53804167462386,1191.8212404037999,35.890000000000001,0.041965384862491475
58.060157758494036,-999.74954498691375,1191.8212404037999,35.890000000000001,0.042023655645426608
58.041642221311221,-999.83900787203913,1193.2226649788199,36.310000000000002,0.04214410048835484
58.023130225224655,-999.64778867435075,1191.3873185381101,36.310000000000002,0.042231583764899022
58.004611621920972,-1000.0045783989364,1191.8837060789699,35.939999999999998,0.042350400858565257
57.986094311086418,-999.93478506586132,1192.73199948454,35.939999999999998,0.042400786442902988
57.967582834470441,-999.61973726294002,1193.27440181665,35.920000000000002,0.042399991719078732
57.949072332638394,-999.56709893070217,1194.6171754142299,35.920000000000002,0.042341728181090936
57.930570509698974,-999.0984387284451,1194.6171754142299,36.280000000000001,0.04225207079033981
57.912072032276633,-998.91778080633424,1195.2105993283501,36.280000000000001,0.042098801992687493
57.893569617428362,-999.13040180686096,1195.5210203553499,35.979999999999997,0.042008982141035239
57.875070003792608,-998.97913633078429,1195.52888816939,35.979999999999997,0.041849473486738675
57.8565659135987,-999.22087047070204,1195.52888816939,36.119999999999997,0.041754455820773563
57.838055209981476,-999.57799533028356,1194.74115309014,35.880000000000003,0.041735034637983857
57.819540211930871,-999.8098947326481,1195.8278651032299,36.280000000000001,0.041673053058646312
57.801025421876531,-999.79866293426301,1196.60439450793,36.280000000000001,0.041785709972786848
57.782516712322362,-999.4703159251884,1197.8396413135099,35.979999999999997,0.041899327187069693
57.764014292301134,-999.13068114648013,1197.8396413135099,35.979999999999997,0.041946724268286516
57.745522323788784,-998.56629966668959,1198.48766308876,35.869999999999997,0.041994398670666233
57.727036560989092,-998.2311911834895,1198.48766308876,35.869999999999997,0.04205003277030999
57.708555630718479,-997.97023461298249,1195.8018774750101,36.259999999999998,0.042106953141023369
57.690070679203885,-998.18738178810531,1195.8018774750101,36.259999999999998,0.042128667445317979
57.671599908628458,-997.42161107319725,1201.5136720554401,35.950000000000003,0.041930844180936074
57.653119166692683,-997.96006453158543,1201.5136720554401,35.950000000000003,0.041734861826692685
57.634629960067976,-998.41715773450937,1205.68957396621,35.890000000000001,0.041604676391444072
57.616132269096148,-998.87531247854952,1205.34553591556,35.890000000000001,0.041591772393178836
57.597615062776555,-999.92914125798836,1202.8390410946699,36.240000000000002,0.04177105095279416
57.579092671059129,-1000.2091527410507,1202.8390410946699,36.240000000000002,0.041905726410367924
57.560571540768009,-1000.1410357204907,1205.4668909867901,35.909999999999997,0.042026232311396704
57.542052625988788,-1000.0213980779141,1205.4668909867901,35.909999999999997,0.042140164100552206
57.523540538839434,-999.65270606511137,1203.4226898458801,35.93,0.042231091190105499
57.505033686756676,-999.37001246883426,1203.4226898458801,35.93,0.042205723002711949
57.486525224522239,-999.45696065985067,1203.7979607341199,36.189999999999998,0.042128488417238291
57.468029729401295,-998.75673653097704,1205.8462149913601,36.189999999999998,0.041931166008084074
57.449531602776524,-998.89883773734812,1205.48048084742,35.909999999999997,0.041917859472711691
57.431036003140825,-998.76238032785784,1205.48048084742,35.909999999999997,0.041920801418618731
57.412548485314723,-998.32596260958792,1202.0520212712299,36.210000000000001,0.042068212194528963
57.394045577902439,-999.15700026313505,1201.6302587545199,35.920000000000002,0.042167142446959245
57.375530859248045,-999.79480733743469,1207.68036933903,36.189999999999998,0.042154083231518896
57.357007091244455,-1000.2834721937618,1209.9663269479699,36.189999999999998,0.042107493305057135
57.338473084899988,-1000.8363426015,1209.9663269479699,35.93,0.041817086229398573
57.319932386486485,-1001.1977143290343,1209.22174563667,35.93,0.04160646142295172
57.30138722600249,-1001.4386661355511,1207.55210012819,35.880000000000003,0.041535666416875429
57.282841993081647,-1001.4425777256121,1205.09829581956,35.880000000000003,0.041665858067691221
57.264324519782733,-999.94355814138623,1205.09829581956,36.280000000000001,0.041897036136741991
57.245811763116137,-999.68885999626332,1203.5111431492701,36.280000000000001,0.042079744033109961
57.227309959836923,-999.09737707740896,1203.72238203554,35.909999999999997,0.042085620682622921
57.208821129881485,-998.39681759369944,1203.6203388715201,35.909999999999997,0.041897726347844749
57.190328583949359,-998.59748033476046,1205.0038820509801,35.93,0.041674823600055727
57.171836005936889,-998.5992126734842,1206.43916206827,35.93,0.041535352872604264
57.153333695604999,-999.12475792204395,1206.6611297918701,36.140000000000001,0.041616084054452974
57.134817047044571,-999.89902226293771,1207.0673950990899,36.140000000000001,0.041839815674740426
57.116287536918449,-1000.5935468105459,1204.78358325763,35.899999999999999,0.042125359180933838
57.097748326551837,-1001.1173597973255,1204.78358325763,35.899999999999999,0.042271321227723112
57.079194401287815,-1001.9119642570454,1205.61256475598,35.939999999999998,0.042357315411515641
57.060654957054453,-1001.129988601583,1205.61256475598,35.939999999999998,0.042251299865003235
57.042115104074114,-1001.1520609382209,1204.7175413033401,36.100000000000001,0.042182573425332673
57.023579739034545,-1000.9097121368242,1204.7175413033401,36.100000000000001,0.042273979634864518
57.005062286432135,-999.94244053009334,1204.32486585675,35.869999999999997,0.042489295207220452
56.986549003049397,-999.71730266780662,1203.76124426857,35.869999999999997,0.042863134299959693
56.968037344308648,-999.62957200049311,1202.02293420111,35.960000000000001,0.043111631850833769
56.949532058917256,-999.28541113512472,1201.2208940054099,35.960000000000001,0.043057623422150353
56.931029007666552,-999.16476753796042,1203.2290939365701,36.100000000000001,0.042833072232665019
56.912521415700063,-999.40996619044597,1203.2290939365701,36.100000000000001,0.042624964069370982
56.894001747585143,-1000.0620782056461,1204.41856436951,35.890000000000001,0.042580812134252535
56.875466877180351,-1000.8830018589648,1201.3486863790399,35.890000000000001,0.042655546629095945
56.856934994251944,-1000.7216781340684,1202.80900035012,35.950000000000003,0.042851932557561756
56.838394602139395,-1001.181174077612,1201.3339044253701,35.950000000000003,0.043135952830064453
56.819854306264425,-1001.1759772483042,1201.3339044253701,36.039999999999999,0.043398083914989935
56.801318585251884,-1000.9289346773334,1196.1933608285599,36.039999999999999,0.043537455297586923
56.782788002035922,-1000.6514936617727,1198.6655233699701,35.890000000000001,0.04341285572345651
56.764266241547965,-1000.1750663495703,1198.6655233699701,35.890000000000001,0.043307596611368217
56.745751399754297,-999.80145685807111,1199.6370791956299,36.229999999999997,0.043253673034998365
56.727244567333379,-999.36895072986204,1198.79760727854,36.049999999999997,0.043216382876181701
56.708738320611239,-999.33732299529004,1199.58915705552,35.93,0.043217315238128134
56.690231469563159,-999.3699565965137,1200.43673520526,35.93,0.043045262706389149
56.671706830254301,-1000.3305226783832,1200.5938530676201,36.329999999999998,0.042978505504961392
56.653180172045765,-1000.4395432609979,1199.85189436101,35.950000000000003,0.042990042513648526
56.634636946643198,-1001.3341717385246,1197.11914028157,36.100000000000001,0.043082603566198988
56.616086386558088,-1001.7302445959622,1199.2043494229699,36.100000000000001,0.043304204531378669
56.597538854306073,-1001.5667416087369,1199.2043494229699,35.880000000000003,0.043314487363388256
56.578990088569206,-1001.6333497908474,1201.92446731621,35.880000000000003,0.043206310110190826
56.560449532958231,-1001.1900029924817,1199.6351718467699,35.969999999999999,0.043020604381142732
56.541921691969293,-1000.5034134026126,1198.4359262509299,35.969999999999999,0.042759738860196551
56.523397878433194,-1000.285930949598,1198.74658569653,36.159999999999997,0.042585789536227742
56.504877156888845,-1000.1189633948447,1198.74658569653,36.159999999999997,0.042473959430532872
56.486356090754342,-1000.1375712628828,1199.5154857057901,35.890000000000001,0.042498847464903712
56.467825215723458,-1000.6672516677301,1200.7216454412501,35.890000000000001,0.042661787525908795
56.449305034345791,-1000.0897943941252,1200.03595352601,36.259999999999998,0.042611108063610945
56.430772249069086,-1000.770404942197,1199.8111247791201,36.009999999999998,0.042491057470434808
56.412240769713677,-1000.6998851920094,1204.00347757381,36.210000000000001,0.042113047095802825
56.393711037106279,-1000.6055607994361,1203.31659356553,36.210000000000001,0.041865472583219078
56.375167234282713,-1001.3653524725473,1201.6436101965401,35.890000000000001,0.041937572466558978
56.356618421980286,-1001.6358643310682,1201.6436101965401,35.890000000000001,0.042306958799028613
56.338087747701131,-1000.6564110745175,1201.26333251754,36.039999999999999,0.042746636188303259
56.319566968207383,-1000.1220926624967,1201.26333251754,36.039999999999999,0.042928985011955689
56.301059389693876,-999.40923972936571,1202.13403727222,36.259999999999998,0.042656322735530654
56.282559742944521,-998.98092446488477,1206.9896706330401,36.259999999999998,0.042224100064868604
56.264056055288947,-999.19913340096389,1206.95390784191,35.939999999999998,0.041789631880465458
56.245556571003554,-998.97215141134393,1206.95390784191,35.939999999999998,0.041638375775880455
56.227045854967812,-999.5786659300353,1205.88960717793,36.039999999999999,0.041752490731602504
56.208525737746967,-1000.0863299255251,1205.3948885673201,36.039999999999999,0.042104246092259774
56.190005399080341,-1000.0982879981269,1205.8121211304799,36.25,0.042297721119067794
56.171475680959375,-1000.6047785319872,1206.1802394604999,36.25,0.042209639730106649
56.152945403009902,-1000.635009271679,1205.8216578747799,35.93,0.04186755977943124
56.134417639630975,-1000.4992224619405,1206.3516624393101,35.93,0.041399164538447164
56.1158929030519,-1000.3357752700916,1207.6577195713201,36,0.041115245677497934
56.097381244309929,-999.62957206644512,1207.6577195713201,36,0.041248743529459328
56.078876953365523,-999.23171099796286,1205.5062300570301,36.259999999999998,0.041577547993896929
56.060380255803565,-998.82166834561212,1202.05702806199,36.259999999999998,0.041976962235827066
56.041910928777789,-997.34365939202837,1206.3399799275401,35.939999999999998,0.042030661261779519
56.023439365542181,-997.46441472284175,1208.1963072057099,35.939999999999998,0.041708321207253346
56.004966179736982,-997.55203348063401,1208.1963072057099,36.140000000000001,0.041251733072341729
55.986481955688831,-998.14809860029322,1209.8058712251,36.079999999999998,0.040947334430491936
55.967971615286466,-999.55838172749804,1211.4953054780101,36.259999999999998,0.040888825642935098
55.949440350134545,-1000.6883182036685,1210.3947651856899,36.259999999999998,0.041248795264921555
55.930906428644626,-1000.8317604556551,1208.7551604217499,35.979999999999997,0.041717033214703519
55.912371395776489,-1000.8917748795296,1209.27276721868,35.979999999999997,0.042039447772985225
55.89385450093345,-999.91232152405075,1208.90536414449,36.079999999999998,0.041875678836021266
55.875344186400142,-999.55698479856983,1208.90536414449,36.079999999999998,0.041560741759353016
55.856835315417506,-999.47903306244075,1208.2022676709,35.850000000000001,0.041220640351849414
55.838340475327165,-998.72136487826606,1205.97615313246,36.32,0.04119038478225414
55.819854400017064,-998.24806674577962,1205.98974299309,35.950000000000003,0.041411706352447487
55.80137161227524,-998.07053805834471,1208.0880651579,35.950000000000003,0.041717163594240131
55.782888128111026,-998.10814486768936,1206.6999920249,36.049999999999997,0.041985682518418971
55.764392906179069,-998.74198432571939,1205.73868819936,36.049999999999997,0.04202688734037402
55.745875088291427,-999.96216593248039,1206.04338717978,36.299999999999997,0.041947944298121889
55.727342355788927,-1000.7675551350763,1206.04338717978,36.299999999999997,0.041979050470375839
55.708790444251832,-1001.8032230030582,1207.05595100593,35.939999999999998,0.042132433087510648
55.690229379882815,-1002.2974759268416,1207.16562356539,35.939999999999998,0.04261230739653378
55.671663846199991,-1002.5388188725789,1205.0963884707,36.079999999999998,0.043205029019405122
55.653100189649393,-1002.4374537322125,1203.15136947052,36.079999999999998,0.043639802480062148
55.634554807717372,-1001.4506243290646,1203.15136947052,36.329999999999998,0.043836695452046388
55.616022769568943,-1000.7300600154128,1200.6875515803799,36.329999999999998,0.043599054010403017
55.597509135388833,-999.7362457258007,1200.5058766014399,35.93,0.043396233680584644
55.579001544456816,-999.40991032911734,1200.5058766014399,35.93,0.043461625982542176
55.560500072314767,-999.07949567045102,1197.7631089404999,36.009999999999998,0.043712258344720221
55.541998820586279,-999.06759333826631,1197.430514983,36.009999999999998,0.044285289733081129
55.523494373386569,-999.24014878460389,1198.5780237410099,36.189999999999998,0.044571586572937728
55.504975431702398,-1000.0228509451147,1198.5780237410099,36.189999999999998,0.044715720126881069
55.486448863521169,-1000.4346817865257,1200.4937172524601,35.869999999999997,0.044632451608223905
55.467899486216048,-1001.6663744763314,1200.49276357803,35.869999999999997,0.044599820133544694
55.449334511326043,-1002.5086440601675,1198.35724811044,35.969999999999999,0.04485000132350718
55.430769041801469,-1002.5353543270351,1196.1487765489601,35.969999999999999,0.045220035437971234
55.412213096602493,-1002.0210407449567,1196.9851490241499,36.119999999999997,0.045732592956932237
55.393678771538347,-1000.8535534636659,1194.8942178361699,36.119999999999997,0.046204168141117059
55.375170153048188,-999.46539846847588,1192.00076961526,35.850000000000001,0.046378546911212293
55.356677061774192,-998.62692879601138,1192.00076961526,35.850000000000001,0.046305722665245685
55.338185645846835,-998.53646007721034,1190.3816688515701,35.950000000000003,0.046082192822604111
55.319701246917234,-998.15754219862583,1191.3415421654599,35.950000000000003,0.045925071462321679
55.301210110386286,-998.52137267100454,1192.3314562239,36.119999999999997,0.046117507543081006
55.282705708717252,-999.23769012769549,1190.3463828976601,36.119999999999997,0.046555136022286739
55.264189359214669,-999.88287313974399,1188.32697729194,35.859999999999999,0.046994234954667029
55.245654722675397,-1000.8703731206595,1190.62247164517,35.859999999999999,0.047136712824002273
55.227113849380444,-1001.207157927367,1193.34902684081,35.960000000000001,0.046996838519071507
55.208568604042107,-1001.4432482704036,1193.34902684081,35.960000000000001,0.04681272121745176
55.190023670180317,-1001.4264285364662,1189.5178782365199,36.07,0.046888047619119161
55.171486012016189,-1001.0335408629691,1189.5178782365199,36.07,0.047243932883110767
55.152963290197491,-1000.2269782097356,1188.54608399225,35.880000000000003,0.047653026671881177
55.13445036485809,-999.69796832769623,1190.64822085479,35.880000000000003,0.048074703661352539
55.115961358986524,-998.40631706435261,1190.64822085479,35.93,0.048099382672926606
55.097485158798769,-997.71481013868311,1190.79508671702,35.93,0.047865163330620089
55.079003767007592,-997.99515672376538,1188.2795319890399,36.07,0.047408650731693938
55.06050648478152,-998.85324020786356,1188.2795319890399,36.07,0.047138600297868441
55.0419977369408,-999.47238339890828,1189.6907317269699,35.850000000000001,0.047258626048724287
55.023475456982666,-1000.2031177389971,1190.56262857468,35.850000000000001,0.047634337096869074
55.004951168473013,-1000.3115795214612,1186.2226946619401,35.939999999999998,0.047896554076515836
54.986425841019752,-1000.3676824761868,1186.2226946619401,35.939999999999998,0.047938360109613214
54.967894420648008,-1000.6967000740209,1187.6789555166899,36.079999999999998,0.047635057321416027
54.949373017169123,-1000.1557878597964,1189.5414816786599,36.079999999999998,0.047302794540436406
54.930845636667918,-1000.4785470652226,1188.51294380581,35.869999999999997,0.047163425221485075
54.912329762139493,-999.85722453490484,1188.51294380581,35.869999999999997,0.047326368379994196
54.893820741109785,-999.48713560416593,1189.2827974894999,35.950000000000003,0.047862577359720999
54.875325004880402,-998.76975638651879,1189.2827974894999,35.950000000000003,0.048176540678989306
54.856839605296393,-998.21157753673572,1190.19641759353,36.030000000000001,0.048175233723016936
54.838350404881545,-998.41682240165756,1189.79372856542,36.030000000000001,0.047677830897974609
54.819849063124735,-999.07245486769818,1189.98017191651,35.880000000000003,0.046953182254622174
54.801329413635962,-1000.0610723939544,1191.6464795644899,35.880000000000003,0.046429399193350651
54.782784908181554,-1001.4032945378,1192.0951833838401,35.93,0.046228951667855289
54.764227728462842,-1002.0877048103797,1192.0951833838401,35.93,0.046514504486509255
54.745670821932102,-1002.072952660082,1191.4478768644201,36.009999999999998,0.046841945087167013
54.727116053302638,-1001.9575059911535,1191.4478768644201,36.009999999999998,0.047078315786582725
54.708587737339535,-1000.5290620074519,1188.7938009254699,35.939999999999998,0.046826390959751878
54.690078748390178,-999.48540326544207,1191.40996830582,35.939999999999998,0.046186335389216147
54.671579602485266,-998.95387886516551,1191.40996830582,35.920000000000002,0.045490084834070792
54.653095372228464,-998.14843386719315,1196.1583132932601,35.920000000000002,0.045078739320877428
54.634603962508535,-998.53612487626242,1197.9235646633599,35.969999999999999,0.04509559626089274
54.616107778209937,-998.79395212415727,1197.9235646633599,35.969999999999999,0.045445798379503986
54.597607157709909,-999.03350700174599,1195.98712873305,35.939999999999998,0.045571610749310869
54.579092406978013,-999.79653952227045,1195.2597135614999,35.939999999999998,0.04536219562149512
54.560565240681512,-1000.4669800109295,1198.1581685731601,35.869999999999997,0.044990181927965327
54.542029266142023,-1000.9426251326267,1195.87578724334,35.869999999999997,0.044427906267476051
54.523473957346894,-1001.9866749369131,1195.0432294658699,35.960000000000001,0.044158214912472758
54.504920019664155,-1001.9126348677892,1195.0432294658699,35.960000000000001,0.044149925105387434
54.486383114838375,-1000.992860592341,1197.8360650344,36.009999999999998,0.044264915500999563
54.46786813023953,-999.80916833751974,1197.8360650344,36.009999999999998,0.044357734219800993
54.449373063528412,-998.73360240040688,1196.3125701323199,35.859999999999999,0.04418839804094038
54.430892815192543,-997.93341013703878,1195.7608694745099,35.859999999999999,0.043698639296899502
54.412410196123524,-998.06142972691191,1196.9138618605,35.939999999999998,0.043187195225910718
54.393928233119787,-998.02600220188015,1201.0270596774899,35.939999999999998,0.042890845279656947
54.375436161127148,-998.57188760224187,1202.6127818361299,36.159999999999997,0.042954381142226897
54.356928978943124,-999.38783793751929,1202.6127818361299,36.159999999999997,0.043184236726259782
54.338408471602669,-1000.1073963845197,1202.3493292748101,35.850000000000001,0.043352818526810381
54.319867494826006,-1001.2127459398633,1202.4599555087,35.850000000000001,0.043317318583449282
54.301315070025957,-1001.8309392025291,1200.98915111889,36.280000000000001,0.042962349123385549
54.282756877234526,-1002.1424107372493,1200.4500866472799,35.920000000000002,0.042562688594771095
54.264198963840933,-1002.1273232540998,1200.1766205044501,36.07,0.04214212918850193
54.245658395812463,-1001.1906735372733,1200.1766205044501,36.07,0.042062550786840409
54.22713727793721,-1000.140365263635,1199.85690115176,35.850000000000001,0.042332325962334445
54.208638027517338,-998.95952267303858,1199.2990016101601,35.850000000000001,0.042668746581994509
54.190171298881587,-997.2033463307497,1196.89097367418,35.93,0.042640889688015576
54.171710267870317,-996.89567460847297,1196.0834498504901,35.93,0.042311118709089816
54.153240959470274,-997.34265360232064,1198.6004350901201,36.159999999999997,0.041898346199174846
54.134751336855473,-998.43962119937578,1199.0715502585799,36.159999999999997,0.041621474344128925
54.116226295008694,-1000.3522597261374,1198.86007295371,35.899999999999999,0.041895676400660574
54.097680185611047,-1001.4899074729087,1200.77672013959,35.899999999999999,0.042275016508514666
54.079121011827034,-1002.1953843363868,1200.77672013959,36.259999999999998,0.0427997712423707
54.060550644580253,-1002.7998313263985,1201.51700991595,35.920000000000002,0.043228095809134261
54.041976022223352,-1003.0296072728025,1197.93810819842,36.240000000000002,0.043290782095983027
54.023414833677741,-1002.3041814626948,1197.93810819842,36.240000000000002,0.043091511151808752
54.004855451898692,-1002.20661606882,1194.1279404315901,35.979999999999997,0.042957237200740649
53.986319301443075,-1000.9521246032803,1195.1393121647,35.979999999999997,0.042913306716296458
53.967809618140869,-999.52289831915346,1194.6176522514399,35.880000000000003,0.043110543238668059
53.949310120402487,-998.97287787242431,1194.6176522514399,35.880000000000003,0.043336905336857488
53.930818198455498,-998.56378513746051,1195.6037516121601,36.310000000000002,0.043478578123836216
53.912313868187837,-999.23383445392324,1196.24342873614,36.310000000000002,0.043436941791498422
53.893795810226024,-999.97512993768555,1196.6964240904399,36.07,0.043210298233252127
53.875260795984026,-1000.8907690678382,1197.5368496819599,36.07,0.04307805974537663
53.856702921912472,-1002.1251998640912,1195.48430388979,35.880000000000003,0.043139755726984662
53.838131703022455,-1002.8458200610559,1195.48430388979,35.880000000000003,0.043457033527018511
53.819560711789109,-1002.8335266006421,1195.81022212627,36.280000000000001,0.04387810309039103
53.800986921414825,-1002.9846802111656,1196.59247357756,36.280000000000001,0.044087395074457511
53.782433405932046,-1001.8898360700709,1196.59247357756,36.119999999999997,0.044061583987343896
53.76388639936048,-1001.5383548644743,1194.55280239019,36.119999999999997,0.0438973328290298
53.745355348413476,-1000.6767511383833,1191.96119212642,35.859999999999999,0.043680245675910064
53.726846938953237,-999.45411085272985,1194.92759644122,35.859999999999999,0.043644616376082288
53.708347103869052,-998.99109454628194,1197.0128055826201,36.280000000000001,0.043799399090282985
53.68985937183966,-998.33752958693719,1197.0128055826201,36.280000000000001,0.044106364039774165
53.671370768506222,-998.38458000560661,1191.67294402992,36.140000000000001,0.044366842553065805
53.652871102095041,-998.9819862038571,1193.4830180982401,36.140000000000001,0.044396147134368659
53.634357001218561,-999.7614473300905,1193.4830180982401,36.049999999999997,0.044297980560902721
53.615824501546911,-1000.7549822690917,1197.54042596107,35.869999999999997,0.043887043782470804
53.597269465939547,-1001.9719227976075,1195.91727208105,36.259999999999998,0.043782705649912518
53.578719101432185,-1001.7196833973288,1195.60971207734,36.259999999999998,0.043984329747161863
53.5601728947629,-1001.495160141561,1195.60971207734,35.939999999999998,0.044342393266493495
53.541636932640699,-1000.9419545988271,1195.2220434215101,36.170000000000002,0.044624162838864521
53.523127059969184,-999.53312426187915,1195.6175798913901,35.93,0.044497292900123393
53.50462665988271,-999.02160466956104,1198.13861824734,35.93,0.044230863246794379
53.486142909775474,-998.12250579083081,1199.7353076619299,36.159999999999997,0.043890954304068988
53.467666027652982,-997.75163461462694,1199.69859119637,36.159999999999997,0.043610059136304773
53.449191392089077,-997.6303204506869,1199.0715502585799,36.329999999999998,0.043541158860441097
53.430708993433214,-998.04952741671082,1199.5319365897101,36.329999999999998,0.043705327226219726
53.412214485514916,-998.70342758799563,1200.0612258984099,36.07,0.043890908774606836
53.39369477807633,-1000.0642016835905,1200.0612258984099,36.07,0.044093475572997108
53.375169684488796,-1000.3550537268895,1200.2569675751899,36.07,0.043949137130672743
53.356637295541972,-1000.7490031283669,1199.7143268244699,36.07,0.043797425717420867
53.338110253422272,-1000.4602744640843,1200.2076149234299,36.310000000000002,0.04377221481715831
53.319595970419797,-999.77128213359583,1200.2076149234299,36.310000000000002,0.043768778239529432
53.30108949500611,-999.34967233901625,1200.1160621781401,36.039999999999999,0.043903379183373448
53.282601925440879,-998.32875652240409,1204.19993450641,36.039999999999999,0.043834253318552216
53.264122560827168,-997.88568914060158,1204.19993450641,36.119999999999997,0.043719539212280153
53.245644028195052,-997.84076213392461,1204.30698446119,36.119999999999997,0.043577338674285579
53.227166586244458,-997.78186533233475,1205.4716593589401,36.310000000000002,0.043309827644985303
53.208679789677774,-998.28701460073978,1207.3940285914,36.310000000000002,0.04306273535171614
53.190172457446884,-999.39594046825266,1206.3364036484199,36.119999999999997,0.04311026695258488
53.171664222867896,-999.4446672653894,1205.6719309892601,36.119999999999997,0.043343521861554664
53.153144144970511,-1000.0842064585727,1203.5066131957301,36.049999999999997,0.043653579838898025
53.134618661262962,-1000.376120207868,1205.49669331273,36.049999999999997,0.043596803316581563
53.116093925717337,-1000.3357194637229,1205.49669331273,36.310000000000002,0.043173408552171624
53.09756416103081,-1000.6072930722082,1207.1365364952701,36.310000000000002,0.042686730418690345
53.07904649318882,-999.95406346769903,1207.53135770933,36.039999999999999,0.042375542430470869
53.060541051543339,-999.29384885581374,1206.77247128158,36.039999999999999,0.042439288356006195
53.042044159438305,-998.83217367192526,1206.77247128158,36.140000000000001,0.042743594901002185
53.02355453682452,-998.43962114441581,1207.1508416117199,36.140000000000001,0.043061921994828556
53.005070247584051,-998.1516189851817,1208.95662414511,36.280000000000001,0.043163272655478098
52.986573602797527,-998.81881847253953,1210.85896621453,36.280000000000001,0.043022420461784963
52.968076756223581,-998.82971499303289,1210.13035894994,35.950000000000003,0.042488072065835714
52.949558900048167,-999.96423347215227,1210.13035894994,35.950000000000003,0.042062743261389292
52.931033071751891,-1000.394727998962,1213.256980569,36.210000000000001,0.041929784537567731
52.912486969596344,-1001.4895163996401,1210.7020867707799,36.210000000000001,0.042220101593045706
52.893929413209989,-1002.1080448632538,1210.7020867707799,36.210000000000001,0.042808031039472269
52.875375579007333,-1001.9070469432289,1208.0680379948701,36.210000000000001,0.043213452312080423
52.856831918987723,-1001.3576410590506,1210.0676548561601,35.890000000000001,0.043376855971753656
52.838303856551775,-1000.5153715411664,1210.5595124434799,35.890000000000001,0.043162312357778454
52.819802566534499,-999.06966093289793,1211.4819540359899,36.259999999999998,0.042746736564980563
52.801312248533399,-998.47717205945605,1211.4819540359899,36.259999999999998,0.042393362766096968
52.782825751023537,-998.27086553250592,1209.66663475831,36.07,0.042447468475785656
52.764348386682542,-997.77767441364665,1209.66663475831,36.07,0.042801984686960622
52.745855483743178,-998.61675872560636,1209.35502163828,36.090000000000003,0.043291816906394637
52.727354628344379,-999.04619153542785,1209.52954405898,35.859999999999999,0.043504784504941635
52.708836389291449,-999.98490885787805,1210.8034146789801,36.299999999999997,0.043493150217895453
52.690294229735812,-1001.2766160045342,1210.8034146789801,36.299999999999997,0.043350371223617186
52.671740551790094,-1001.8986090686517,1207.33585445116,36.090000000000003,0.043245765069328999
52.653185483067915,-1001.97371099766,1207.33585445116,36.090000000000003,0.043343883011350517
52.634629563738194,-1002.0196438050367,1208.39252571971,35.840000000000003,0.043584505721141677
52.616091522698788,-1001.0542161277831,1208.39252571971,35.840000000000003,0.043959716960537597
52.597567599473955,-1000.2918541410584,1207.2154530543601,36.280000000000001,0.044240008835600954
52.579050379701378,-999.92986771906862,1203.0986789582601,36.280000000000001,0.044210507638005471
52.560562037138212,-998.37049841109251,1205.0622946098199,36.140000000000001,0.043864127041235539
52.542077266714735,-998.1776028679127,1205.0622946098199,36.140000000000001,0.043562370244641033
52.523587287092695,-998.45889959022168,1207.4417123129001,36.039999999999999,0.043592465416573724
52.505093825360504,-998.64693353801738,1205.08613647057,35.880000000000003,0.043915721278895328
52.48658050369,-999.71937020747839,1202.8964999790801,36.259999999999998,0.044418931419597664
52.468045976840884,-1000.8644498522552,1205.0301080977999,36.259999999999998,0.044758944878504993
52.449500679763005,-1001.4460422052039,1204.6755796284201,36.159999999999997,0.044846285346413751
52.430943467964156,-1002.0894371381117,1204.6755796284201,36.159999999999997,0.044817297405054107
52.412385021646998,-1002.1561011265908,1204.38327841559,35.899999999999999,0.044830112412315347
52.393831908702545,-1001.8680990003327,1204.38327841559,35.899999999999999,0.044982349496856533
52.375283232993795,-1001.6284882724073,1204.6364789767799,36.310000000000002,0.045331315035756062
52.356761641179055,-1000.1659579961536,1204.6364789767799,36.310000000000002,0.045771213870412518
52.338257583065293,-999.21913814297022,1200.68349846405,36.140000000000001,0.046001298144163892
52.319771585365402,-998.24387579411541,1199.95703696692,36.140000000000001,0.0460003378539958
52.301291292533314,-997.93581293261832,1199.95703696692,35.899999999999999,0.045775407926094559
52.282807951171627,-998.10043353113679,1200.2479076681,35.899999999999999,0.045498792707715882
52.264310818993849,-998.84513760018638,1200.2724647846801,36.310000000000002,0.045505614125679418
52.245794482943225,-999.88214673362359,1200.19950869078,36.310000000000002,0.045701624416286689
52.227253570324606,-1001.2092814053115,1199.2508410514399,36.159999999999997,0.046008880144809063
52.208699106963053,-1001.941021524116,1199.2508410514399,36.159999999999997,0.046292303336310521
52.190133300092661,-1002.5535710008926,1198.67410643984,35.880000000000003,0.046324800286656032
52.171557748482719,-1003.0797869371401,1195.5830091933001,35.880000000000003,0.046280456916546642
52.152995845923449,-1002.3427382004186,1195.5830091933001,36.229999999999997,0.045986094825925236
52.134446468618535,-1001.6663744653392,1196.81587181281,36.229999999999997,0.045721284630839146
52.115920693096264,-1000.3918782028331,1200.8389473961499,36.25,0.045588440783156686
52.097406351111346,-999.7744671856326,1200.8389473961499,36.25,0.045565030437951293
52.078898460086606,-999.42611533562376,1200.5056381828399,36.009999999999998,0.045641284022909664
52.060392972910037,-999.2963075347061,1198.0649468976201,36.009999999999998,0.045599044399295893
52.041889474623368,-999.18890748022216,1196.7460151608,36.140000000000001,0.045441324926189394
52.02337702322346,-999.67237559517764,1196.7460151608,36.140000000000001,0.045351986255922232
52.004862616045614,-999.77798760349697,1197.50299423969,35.850000000000001,0.045219424903783466
51.986331520602391,-1000.6791539339631,1198.40612392499,36.280000000000001,0.045248810196877466
51.967784131153117,-1001.5590302611921,1199.39794533228,36.119999999999997,0.045399095656426115
51.949237112163033,-1001.5390254642258,1199.6256351024699,36.119999999999997,0.045395957096261999
51.93069167124694,-1001.4538094690373,1199.6256351024699,36.009999999999998,0.045285460852301881
51.912155228977824,-1000.9678825322936,1199.7610568715399,36.009999999999998,0.044923226041510396
51.893629531065564,-1000.3876872621611,1199.8418807794901,36.170000000000002,0.044635490823940652
51.8751191327136,-999.56151100614193,1201.10955251569,36.170000000000002,0.044428596485703249
51.85662221473951,-998.83357060085325,1202.30903653014,35.859999999999999,0.044383235899908974
51.838135138775399,-998.30210206190532,1203.6069874294999,36.32,0.04443792005387158
51.819646724809843,-998.37435413982485,1206.29468039211,35.920000000000002,0.044395119569515057
51.801159278386329,-998.32210686986377,1205.77135154859,35.920000000000002,0.044237441483109187
51.782666096049333,-998.63184619776393,1204.9316412129001,36,0.043940660029933118
51.7641563599717,-999.52574819222639,1204.9316412129001,36,0.043523807287889717
51.745639477545545,-999.9116510122351,1206.53047639495,36.240000000000002,0.043283918253796481
51.727109993290313,-1000.5921497826899,1205.22418084433,36.240000000000002,0.043322756469082818
51.708582690399929,-1000.4743560805823,1202.17170741221,35.909999999999997,0.043685636999444402
51.690056193619661,-1000.4308261347373,1202.17170741221,35.909999999999997,0.043933130799829884
51.67153814911002,-999.97440352057322,1202.8173450013801,36.25,0.043712005849389612
51.65303394922698,-999.22679368414606,1206.64467890795,36,0.043157182842442389
51.63454685981111,-998.3028284570338,1209.80348703903,35.93,0.042586087558374279
51.616062869628479,-998.13546986198799,1210.49275523338,36.189999999999998,0.042398801690881338
51.597584265595003,-997.84461780769686,1209.2062484271801,35.880000000000003,0.042421544594295042
51.579099437222325,-998.18073212457284,1209.2987548469,35.880000000000003,0.042597195137219435
51.560602798644446,-998.81848320563972,1209.2987548469,36.329999999999998,0.042766886245016282
51.54209929932351,-999.18896333055886,1210.2235806254801,35.93,0.042791893296048641
51.523582164405077,-999.92528559520804,1208.8755618185501,36.100000000000001,0.042610175704310735
51.505061676726051,-1000.1063346675314,1207.0685871921301,36.100000000000001,0.042156130073463929
51.486543521491377,-999.98038267228992,1209.1435443334001,35.890000000000001,0.041801173038020785
51.468024658453118,-1000.0186040661699,1211.8116869702001,35.890000000000001,0.041812039496420206
51.449504002101278,-1000.1154429989641,1208.1753263682499,36,0.042331972058300152
51.430993344013515,-999.57553673932739,1208.1753263682499,36,0.042888006815869913
51.412492825960527,-999.02797486157021,1204.9249654918899,35.939999999999998,0.043129889918923574
51.394004048779088,-998.39396779757044,1206.4687259755999,36.210000000000001,0.042952671650165149
51.375523507595041,-997.94922393837271,1211.6118921770901,35.859999999999999,0.04261374473428188
51.357032911230981,-998.49220365929295,1211.6118921770901,35.859999999999999,0.042304905748437281
51.338522687761689,-999.55206734185731,1209.6044075017501,35.969999999999999,0.042392460417798289
51.319994470104902,-1000.5237534664789,1209.3874465689,35.969999999999999,0.042760195214528028
51.301452544414992,-1001.263987255237,1210.53686267577,36.189999999999998,0.04334037295425739
51.28289775509004,-1001.9586235474862,1211.1672414740599,36.189999999999998,0.043862419619333223
51.264344901881387,-1001.8540732671474,1209.4742309420401,35.880000000000003,0.043948347577972398
51.245797064361874,-1001.5832260537907,1206.79345211905,35.880000000000003,0.043695660097486259
51.227254112148088,-1001.3194195442587,1209.1390143798601,35.939999999999998,0.043378911081308862
51.208720664597664,-1000.8061677231366,1208.95137893574,35.939999999999998,0.043265557741923276
51.190195779006189,-1000.3438219394963,1207.5351724070499,36.140000000000001,0.043638929103207061
51.171679228750655,-999.89371379890872,1207.5351724070499,36.140000000000001,0.044226169378699477
51.153170856543312,-999.45209919637091,1206.8900116550899,35.890000000000001,0.044863653475965909
51.134665961273974,-999.26434454422622,1205.1927095881399,35.890000000000001,0.04527914441543246
51.116170017048127,-998.78098819589616,1203.20549049443,35.950000000000003,0.045263906941395191
51.09766448537534,-999.29871033028564,1204.48317581215,35.950000000000003,0.045061114554047356
51.07913533743104,-1000.573988992145,1206.66971286174,36,0.045044882638318053
51.060573987455548,-1002.3128986768911,1207.2874554738301,36,0.045374419743984533
51.04200297656179,-1002.8345882626705,1207.2874554738301,35.950000000000003,0.046146375437584757
51.023424332961717,-1003.2467544039573,1205.0346380513499,35.950000000000003,0.046903416517746981
51.004851153119795,-1002.9517114639543,1199.7179031035801,35.880000000000003,0.04746983758944634
50.986297519670494,-1001.8962062620801,1199.33357230825,35.880000000000003,0.047613710368846235
50.967771004264286,-1000.431831935437,1199.33357230825,36.350000000000001,0.04746501023515079
50.949259741853012,-999.6081702086467,1198.79760727854,35.969999999999999,0.047166862836432781
50.930759776383994,-998.99813532705093,1200.6384373472299,36.07,0.047088759015440677
50.912260682218616,-998.95108493036548,1199.1063593752799,36.07,0.047438182970688893
50.893768058675462,-998.60167133039272,1197.26362195773,35.859999999999999,0.047949025824021572
50.875268645791429,-998.96829573757145,1197.26362195773,35.859999999999999,0.048435393518063724
50.85675969616431,-999.48327986444167,1197.6977822420299,35.909999999999997,0.048581437314980748
50.838232081797578,-1000.491175803528,1197.6977822420299,35.909999999999997,0.048522851951676958
50.819688765332018,-1001.3390891402772,1196.7452999049799,36.229999999999997,0.048545263707339893
50.801128500865481,-1002.2542811929366,1197.56569833347,36.229999999999997,0.0487644152938745
50.78256045882096,-1002.6742704044257,1196.1351866883299,35.960000000000001,0.049177506528344538
50.76400110291096,-1002.2052191398919,1194.71826490382,35.960000000000001,0.049583001268407166
50.745463075323521,-1001.0534897216627,1194.71826490382,35.859999999999999,0.049868177415954867
50.726946212558182,-999.91058932822284,1193.1525699082099,35.859999999999999,0.04981828646109987
50.708452075098684,-998.68342281301341,1192.8802958584199,36.280000000000001,0.049483987190600813
50.689971463548147,-997.95302372883236,1193.6108104718701,36.280000000000001,0.049104143141210539
50.671488427452942,-998.08394914104304,1192.17815305926,36.280000000000001,0.049007014476474473
50.653000903419624,-998.32629779954368,1192.17815305926,36.280000000000001,0.049296672349832274
50.634496430349429,-999.24154579047604,1192.34313873567,35.939999999999998,0.049843420790093691
50.615985875741949,-999.56994880377499,1194.49701243603,35.939999999999998,0.050036834757376268
50.597469630754325,-999.87722933187092,1194.6631902054801,36.140000000000001,0.049972663534989824
50.578947188332236,-1000.2118907925379,1194.06428266338,36.140000000000001,0.049674632027135075
50.560415636540789,-1000.7037967381026,1190.0435912661101,36.299999999999997,0.049443796488658619
50.541874653556704,-1001.213081140811,1190.0435912661101,36.299999999999997,0.049456247232742633
50.523329615179144,-1001.4320723883071,1191.52154821414,35.939999999999998,0.049622537980319313
50.504804229777903,-1000.3708116668948,1196.74148520726,36.159999999999997,0.049851066951635901
50.486293597560412,-999.57413974444728,1196.5943809264199,36.030000000000001,0.050047743648955131
50.467796913451849,-998.8209418625479,1194.7151654619199,36.030000000000001,0.049945906637628587
50.449315261923445,-998.00918253389466,1194.7151654619199,35.890000000000001,0.049622004025949615
50.430832609740627,-998.06321787200454,1194.40355234188,36.210000000000001,0.049150155648707429
50.41233911592952,-998.64866579979741,1197.05882037387,36.310000000000002,0.048884531069999827
50.393831056232187,-999.43522365606475,1197.05882037387,36.310000000000002,0.048956678557235983
50.375311666479007,-1000.0470466717611,1194.6934693686301,36,0.049169740330327762
50.356783520223587,-1000.5198977927063,1194.14272238525,36,0.049412597175921814
50.338248811248071,-1000.8742846777445,1196.5257163674501,36.159999999999997,0.049214255481330384
50.319716182227076,-1000.7619671335721,1196.5257163674501,36.159999999999997,0.048800011472169155
50.301186885270589,-1000.5820356505575,1200.35042766934,36.32,0.04836189974895045
50.282655782583845,-1000.6795450841755,1200.35042766934,36.32,0.048035396675459925
50.2641247782026,-1000.6742365871704,1200.1072406896601,35.960000000000001,0.04825898342672319
50.245608460778932,-999.88114087796396,1201.72204991842,35.960000000000001,0.048521862680498164
50.227101993643238,-999.34922532747498,1201.72204991842,36.020000000000003,0.048688055116264534
50.208613247507273,-998.39229134215918,1202.57892639386,36.100000000000001,0.048438972902292467
50.190120994423523,-998.58166652243449,1201.4366628452101,36.280000000000001,0.047860300785853321
50.171625193001219,-998.7732768043835,1199.70812794067,36.280000000000001,0.047217115968224692
50.153123799504876,-999.07524880249844,1200.82798014021,35.939999999999998,0.046766858754377631
50.134604279365441,-1000.0540875294741,1200.82798014021,35.939999999999998,0.046628346253855715
50.116070090896407,-1000.846177328061,1203.2743934719999,36.119999999999997,0.046828797912952615
50.097542606914907,-1000.4841350007749,1202.35266713532,36.119999999999997,0.046999411034544962
50.079023191291455,-1000.0484436666412,1201.3949395888999,35.859999999999999,0.046968669118140238
50.060508856549241,-999.77407607938801,1202.83474955973,36.329999999999998,0.046645682310185579
50.042003563916161,-999.28580218640911,1207.27267352017,35.960000000000001,0.046049539623260652
50.023500337782785,-999.17421120224515,1209.11684144936,35.960000000000001,0.045642773106501312
50.004999430643224,-999.04898553618,1209.11684144936,36.030000000000001,0.045551948456253197
49.986498309298753,-999.06055260146513,1210.38403634835,36.210000000000001,0.04582360387064028
49.967998513538433,-998.98897105734545,1206.6177376052999,36.240000000000002,0.046216896221019967
49.949503563758142,-998.72728813567824,1206.6177376052999,36.240000000000002,0.04625070426134649
49.931001890864373,-999.09033626366397,1206.70905193198,35.979999999999997,0.045848922394970147
49.91248582696786,-999.86745041167842,1207.66606422258,35.979999999999997,0.045260449661561328
49.893961636762889,-1000.3062710684242,1209.08441651874,36.210000000000001,0.044727712456448403
49.875423926860449,-1001.0363347318173,1206.0722358312901,36.210000000000001,0.044549386948974715
49.856879168914787,-1001.4169290658131,1206.0722358312901,35.899999999999999,0.044778345364789272
49.83834004960994,-1001.112442461525,1203.47490352093,36.25,0.045123789459497472
49.819807680323528,-1000.7479414663385,1203.16591300558,36.009999999999998,0.04537061788580804
49.801297963907317,-999.52468647523813,1203.53117031231,36.009999999999998,0.045198916152049982
49.782804306596361,-998.65749479161116,1205.39417331149,35.920000000000002,0.0447072275032026
49.764315496302551,-998.39575586571925,1208.0978403208101,36.25,0.044248075116763701
49.745825439070295,-998.46309054188589,1209.9141132729201,36.140000000000001,0.04415142970927171
49.727326545656851,-998.94024432616084,1208.12716580953,36.140000000000001,0.044425048142670419
49.708809462478968,-999.92249160544793,1207.0788391922499,36.039999999999999,0.044956997870331319
49.690285427496264,-1000.2978890661677,1207.0788391922499,36.039999999999999,0.045266319063073615
49.671751291801229,-1000.8433275319323,1205.4928786150101,36.310000000000002,0.045296732958340039
49.65320355155437,-1001.577973330178,1205.7699210369501,36.310000000000002,0.044947304865012076
49.634653823450662,-1001.6853176002775,1204.6264653952701,36,0.044440357018684505
49.616092277897415,-1002.3234598755248,1204.6264653952701,36,0.0443556884119179
49.597533779839502,-1002.158895127343,1203.35378686831,36.159999999999997,0.04454524566994128
49.578993529495008,-1001.173518602388,1202.24847820383,36.159999999999997,0.045098518544356293
49.560469703542019,-1000.286601461414,1201.28002182007,35.909999999999997,0.045388939067501834
49.541964586824655,-999.2763027377398,1201.78308508195,36.259999999999998,0.045164609324823198
49.523474126019806,-998.48488346196075,1202.4969103928699,35.909999999999997,0.044655307299500839
49.504963266145644,-999.58643320486078,1202.4969103928699,35.909999999999997,0.044172439313790217
49.486440693338324,-1000.2189315952911,1201.74517652335,36.229999999999997,0.044137227041167834
49.46789416794936,-1001.5123710037273,1201.27692237817,36.229999999999997,0.044520587349987303
49.449331882513597,-1002.3634135311845,1202.65760453434,36.210000000000001,0.04507142015577513
49.430763984306274,-1002.6665031955522,1202.65760453434,36.210000000000001,0.045611018103127898
49.412190452632103,-1002.970710405261,1202.07085634123,35.869999999999997,0.045838491577298114
49.393619916712517,-1002.8089396578313,1194.9874395117099,35.869999999999997,0.045645634336749646
49.375058131085297,-1002.3364238697378,1195.26972714302,36.310000000000002,0.045325841963925972
49.356501113830944,-1002.0789317348547,1195.26972714302,36.310000000000002,0.045018883218399308
49.337957264442025,-1001.3678670017764,1197.1496578633401,35.950000000000003,0.045065548687360305
49.319426161754265,-1000.6795451391356,1196.4169974824199,36.079999999999998,0.045272637575191357
49.300904401267935,-1000.1750662616342,1193.3833591202899,35.840000000000003,0.045577085891503943
49.282405346424596,-998.948961540357,1191.84532068316,35.840000000000003,0.045729495794867861
49.263916704803798,-998.3866475232943,1191.84532068316,36.32,0.045560607685629882
49.245424002616161,-998.60591813239353,1193.1318274893599,36.32,0.045215150133256943
49.226912304551945,-999.63169546744564,1193.9321987548101,36,0.044931939077322958
49.208373107637094,-1001.1166334021973,1193.27011028172,36,0.044861215482179931
49.189821053296249,-1001.8109344055629,1193.27011028172,36.170000000000002,0.045161172743123208
49.171261905381499,-1002.1939873964668,1193.75672265967,35.859999999999999,0.045596969627704313
49.152708240887748,-1001.8978826625313,1193.7340728919601,36.299999999999997,0.045792673611456204
49.134164535337042,-1001.3600997379428,1195.7327360788299,36.299999999999997,0.045806505822392561
49.115634127002537,-1000.64205006344,1195.7327360788299,35.950000000000003,0.04544460731683754
49.097108598798769,-1000.3785230034474,1195.11690081559,36.020000000000003,0.045180926100601183
49.078603468628422,-999.27702919882029,1192.5913325060999,35.850000000000001,0.044967422471011279
49.060108694765475,-998.71778859907295,1192.21033957128,35.850000000000001,0.044969454823875855
49.041626367511178,-998.04567173194653,1192.63186366938,36.310000000000002,0.045072028618378578
49.02315477323193,-997.46609107932511,1194.0981381056499,36.310000000000002,0.04507585945736222
49.004671504307503,-998.09652191909174,1192.4952498072701,35.899999999999999,0.044999834561918778
48.986177321316305,-998.68588152488167,1192.4952498072701,35.899999999999999,0.044760883063134999
48.967669182974078,-999.43947048004952,1190.63224680808,36.259999999999998,0.044546196655180371
48.949141270583979,-1000.5072690653931,1193.16568293162,35.93,0.044372658145495993
48.930605106676808,-1000.9528509874165,1194.81363234682,36.100000000000001,0.044337877382645684
48.912075680370364,-1000.5890205480139,1194.81363234682,36.100000000000001,0.044327455879062644
48.893552354225918,-1000.2596117999672,1194.92282806907,35.920000000000002,0.044426185393404982
48.875049693096457,-999.14370099103007,1194.14129187361,35.920000000000002,0.04423896264297647
48.856553443603715,-998.79747260797376,1196.8006130219201,35.979999999999997,0.043943404325485588
48.838068063681533,-998.21051579776349,1196.8006130219201,35.979999999999997,0.043709396077763731
48.819589452403719,-997.84500900187743,1198.8634108142201,35.950000000000003,0.043579176485698722
48.801099544183863,-998.45504387248138,1195.09067476877,35.950000000000003,0.043827213555560685
48.782611376502551,-998.36105479077582,1195.1710218395001,35.890000000000001,0.044007712146843382
48.76412376140501,-998.33121526724847,1195.1710218395001,35.890000000000001,0.044003423924555224
48.745632774920928,-998.5132701402714,1196.4539523665801,36.189999999999998,0.043862445488387448
48.72713620153597,-998.81496278777502,1197.09815944411,36.020000000000003,0.043590848023604883
48.708630603634774,-999.30228666443884,1193.4389106558499,35.899999999999999,0.043248814634621574
48.690109414359178,-1000.1442208824474,1193.4389106558499,35.899999999999999,0.043074085070209406
48.671595949886544,-999.72708152204711,1195.5183977506599,35.880000000000003,0.043019454722886236
48.653082543363112,-999.72395226538708,1199.1230486778099,35.880000000000003,0.043155454716299543
48.634573496464348,-999.48853253309426,1201.8698694550801,35.979999999999997,0.043308971865096045
48.61607418085196,-998.96304306891921,1202.2191527151101,35.979999999999997,0.043249748027576605
48.597568187655554,-999.32363260594843,1202.2191527151101,36,0.043103492093667213
48.579060797476487,-999.39906966995272,1203.99012613179,36,0.042847992022926489
48.560559935868014,-999.04652685728763,1204.6617513491799,35.840000000000003,0.042767683041442635
48.542056222343184,-999.20053034088392,1202.48355895085,35.840000000000003,0.042889463816265051
48.523556302404849,-998.99567667014264,1200.8310795821001,36.32,0.042982221474523262
48.505055044466701,-999.06792866012597,1201.72944089525,35.950000000000003,0.042980009072748175
48.486544574714792,-999.56536660297036,1203.8139347808301,36.159999999999997,0.042914002094655575
48.468033871096139,-999.5779954072276,1202.2885325298901,36.159999999999997,0.042641866543326669
48.449516151514814,-999.95685739150713,1202.2885325298901,36,0.04252309497444081
48.430999308411309,-999.90952758925062,1201.14913000454,35.920000000000002,0.042473435818003884
48.412483212434651,-999.86918273941035,1201.6307355917399,35.909999999999997,0.042670630954896191
48.393968144017151,-999.81369454509195,1204.7244554429601,35.909999999999997,0.043007027772201015
48.375467054753031,-999.05882026274139,1206.1847694140399,36.280000000000001,0.043172033296408244
48.356967116188954,-998.99668245985015,1206.6871174200901,36.280000000000001,0.043325913660478256
48.338462850078933,-999.23036994135532,1206.6132076517599,35.979999999999997,0.043246578430491241
48.319954043254135,-999.47556853888102,1206.6132076517599,35.979999999999997,0.043149488045181102
48.301436427153099,-999.95126945595507,1205.94062875994,36.140000000000001,0.043175619926194994
48.282911788878913,-1000.3304668060626,1206.4761169524299,35.880000000000003,0.043364761190464257
48.264392113519861,-1000.0624693888346,1203.5190109633199,36.310000000000002,0.043638122989434827
48.245867286912258,-1000.3406368105157,1201.4481069383701,36.310000000000002,0.043917138957253271
48.227350235813503,-999.92075933267586,1201.4481069383701,36.189999999999998,0.044052005845746867
48.208838460139489,-999.63588639712577,1201.32436768107,36.189999999999998,0.044048157419771618
48.190315094672805,-1000.2617352009676,1203.5166267772499,35.880000000000003,0.043895804426657838
48.171794457981584,-1000.1143813259439,1203.5166267772499,35.880000000000003,0.043728401267817095
48.153277244418469,-999.92953240820088,1204.64696939551,36.229999999999997,0.043733175840782262
48.134764501203833,-999.68813359014291,1205.2437311701501,36.229999999999997,0.043967167535778007
48.116256363896284,-999.43941460772885,1202.70504983724,36.299999999999997,0.044322700963248522
48.09774957700747,-999.36649199600981,1201.8720152225501,36.299999999999997,0.044410004181925741
48.079225257453153,-1000.3132559329046,1201.8720152225501,35.950000000000003,0.044509727096163069
48.060707140507269,-999.97831507765829,1202.59704620803,35.950000000000003,0.044435609342118168
48.042171730970466,-1000.9121149873638,1201.5303613579699,36.189999999999998,0.04428976835894452
48.023627238969254,-1001.4025680657277,1201.5303613579699,36.189999999999998,0.044433971249997692
48.005093811080251,-1000.8051060061484,1202.9973510500599,36.25,0.044604744759278406
47.986565774513558,-1000.5139746012463,1202.9973510500599,36.25,0.044892251285908333
47.968037595144544,-1000.5216859268069,1199.26991454004,36,0.045076970834971454
47.949515133061645,-1000.2129524765503,1198.7549303477899,35.939999999999998,0.045120940647763057
47.93100008948015,-999.81235340054855,1200.3535271112401,36.259999999999998,0.045134274079330711
47.912492186038328,-999.42678585843157,1200.1658916671099,36.259999999999998,0.045118925891050092
47.893987796786391,-999.23701960488779,1200.53186422966,36.210000000000001,0.045164771792848772
47.875475287437077,-999.67550486282971,1200.53186422966,36.210000000000001,0.045278584582441425
47.856974776627197,-999.02758373334188,1200.48823362449,36,0.045491459052108239
47.838467529250856,-999.39135832240777,1200.6775379988601,35.93,0.045725486968583799
47.819945741859179,-1000.1765191508191,1199.2222308185401,36.210000000000001,0.045822258620178871
47.801413119045613,-1000.761631932624,1197.5533005658699,36.210000000000001,0.045854512393760989
47.782866314260652,-1001.5274583879487,1198.3472345289299,36.229999999999997,0.045736411378826849
47.764317814467823,-1001.6189888127462,1199.85976217505,36.229999999999997,0.045651018411672642
47.745768072911126,-1001.6860440613577,1200.10414124777,35.920000000000002,0.045744898828124519
47.727221697569036,-1001.5042684729941,1199.61490626513,35.920000000000002,0.045841196550406277
47.708686521897555,-1000.8994862600506,1199.61490626513,36.189999999999998,0.045897628491937438
47.690167482942151,-1000.0281035917832,1199.6480464515701,36.189999999999998,0.045759137717301106
47.671635575178954,-1000.7230192126597,1201.59354228896,36.280000000000001,0.045642149120551916
47.653109207749246,-1000.4238412043051,1201.59354228896,36.280000000000001,0.045547029000218515
47.634583842008617,-1000.3697499938746,1198.87938486092,36.039999999999999,0.0454535894108846
47.616062432320881,-1000.1561231376883,1199.2410658885301,36.039999999999999,0.045422746078448192
47.597542190924671,-1000.0930353954263,1200.9324074903,36.119999999999997,0.045351004224805452
47.57900909417161,-1000.7872246651426,1200.02975464222,36.119999999999997,0.045264457457854561
47.560471280788882,-1001.0419226673696,1200.02975464222,36.310000000000002,0.045131330070592245
47.541930478893875,-1001.2033023305386,1198.74634727792,36.310000000000002,0.044799774055680606
47.523380990864126,-1001.6723536060642,1203.58219189432,36.159999999999997,0.044595927205248347
47.504829801618484,-1001.7642192647852,1203.58219189432,36.159999999999997,0.044440552590940985
47.486288096342136,-1001.2520849230521,1203.9515023173699,36.020000000000003,0.044278627677293354
47.467746073380376,-1001.2692399348814,1203.9515023173699,36.020000000000003,0.044336123389077053
47.449225202823428,-1000.1270100752414,1204.2337899486799,36.259999999999998,0.044214719285971565
47.430708859529688,-999.88253786185203,1204.30460027511,36.259999999999998,0.044173864229767504
47.412204880060415,-999.2148913409693,1204.1541581337599,35.899999999999999,0.043935992029060442
47.393708267353006,-998.81708619976757,1203.83873031601,36.229999999999997,0.043652447766411813
47.375204456555721,-999.20578305350443,1203.94530343357,36.020000000000003,0.043576093803758362
47.356702646033192,-999.09776821662945,1202.7319911398899,36.020000000000003,0.043601256076240505
47.338201901357991,-999.0402124606552,1202.7319911398899,36.259999999999998,0.043599536231346048
47.319695381448298,-999.35207512360398,1204.7521120014301,36.259999999999998,0.043458500881060583
47.301184210098803,-999.60325287284638,1209.6261035950299,36.079999999999998,0.043125728970525773
47.28265664850607,-1000.4883260073991,1213.74359294696,36.079999999999998,0.04295284549327915
47.264120283846765,-1000.9636916026133,1212.85381470368,36.07,0.042775605492732023
47.245588543721084,-1000.7139667865237,1209.6442234092001,36.07,0.042769844748331218
47.227059345071723,-1000.5767270656164,1214.6207350040399,36.310000000000002,0.042695157847816953
47.208547049925897,-999.66393787448862,1214.6207350040399,36.310000000000002,0.042589150573596496
47.19005271688885,-998.69398400065495,1215.16409101058,35.950000000000003,0.042490494540550407
47.171559132014949,-998.65358319055815,1214.06068969496,36.229999999999997,0.042378936584283849
47.153069164811221,-998.45822900146209,1211.6028322700099,36.020000000000003,0.042221851438153248
47.13458192638295,-998.31087512643842,1212.5724807468,36.020000000000003,0.042141581786441701
47.116086476792489,-998.75427788506067,1212.74247321397,35.909999999999997,0.04203666622697988
47.097590246961786,-998.79641085800972,1212.74247321397,36.240000000000002,0.042140234467652866
47.079087975951936,-999.12263453203548,1211.29431859187,36.299999999999997,0.042285047887397807
47.060575687015977,-999.66360254163669,1209.24081912527,36.299999999999997,0.042399143183322593
47.042072785811122,-999.15666506218736,1209.24081912527,35.979999999999997,0.042271588208266625
47.02356024955666,-999.67695774102242,1210.7731355158301,35.979999999999997,0.042013690492714605
47.005042010503736,-999.98490885787805,1215.94181250832,36.140000000000001,0.041810362085722974
46.986521314829659,-1000.1175663999646,1214.5532625381099,36.140000000000001,0.041716443379870953
46.967996474769279,-1000.3413632606039,1213.2853523833001,36.32,0.041850465870281052
46.949467567933418,-1000.5609691366029,1213.2853523833001,36.32,0.042257865685857453
46.930945651191372,-1000.1835040702595,1211.9535460416701,35.979999999999997,0.04258904088812264
46.912428783252878,-999.91086867883405,1210.54186946653,35.979999999999997,0.042805029076447502
46.893914259141965,-999.7843019891377,1210.9416974713399,36.140000000000001,0.042616761187404886
46.875399910948197,-999.77480246352445,1211.7446913414799,36.140000000000001,0.042335864981100507
46.856878838605056,-1000.1379065297826,1208.90750991196,36.259999999999998,0.042158336274531395
46.838353427333132,-1000.3722086837588,1208.90750991196,36.259999999999998,0.042153622746435672
46.819830146720797,-1000.2571530661149,1206.48875313863,36,0.042281894838763892
46.801307937130787,-1000.1993178606014,1206.3869483932201,36,0.042389566078637281
46.782779745343255,-1000.5223565265586,1210.9974874254999,36.240000000000002,0.042589050196308521
46.764242172034699,-1001.0289586621643,1210.9974874254999,36.240000000000002,0.042778386014853204
46.745696705248129,-1001.4552064749093,1208.8297854458999,36.240000000000002,0.0429164390613005
46.727154331488798,-1001.2881830038674,1207.37757770748,36.240000000000002,0.042970848990586473
46.708612522730931,-1001.2576729245562,1212.5383868859301,36.039999999999999,0.042989070838621343
46.690080738108634,-1000.7163696040874,1210.29749039382,36.039999999999999,0.043236907160828252
46.671561342147015,-1000.0473819276689,1210.29749039382,35.850000000000001,0.043636388662380794
46.653036196819741,-1000.3578476726817,1205.26566568204,36.280000000000001,0.043926284549723846
46.634515689478881,-1000.1073964065037,1204.29720929828,36.049999999999997,0.044234425040571068
46.615984073529589,-1000.7072612616624,1205.6063658721901,36.049999999999997,0.044245890649927601
46.597460467988938,-1000.2746991951808,1202.61111290587,36.119999999999997,0.044367865970476102
46.578935875246856,-1000.3280080722103,1202.61111290587,36.119999999999997,0.044610102972475175
46.560407085344266,-1000.5546547399705,1197.50990837931,36.32,0.044865757225107751
46.541880770690192,-1000.4209913202402,1197.50990837931,36.32,0.045314486039229072
46.523358945009917,-1000.1785867344589,1198.9592550944401,35.960000000000001,0.045584214649570569
46.504833818310011,-1000.3568417950381,1201.4092447053499,35.960000000000001,0.045876187379478857
46.486310810885037,-1000.242400948793,1197.0480915365299,36.170000000000002,0.046193701114382091
46.467784561423471,-1000.4174709243597,1197.0480915365299,36.170000000000002,0.046319661456009638
46.449256524858008,-1000.5139745352942,1196.10395385074,36.299999999999997,0.046527120801415321
46.430730567209942,-1000.4017129953465,1196.10395385074,36.299999999999997,0.04671196556947603
46.412205727149356,-1000.3413632715959,1196.37122110977,35.979999999999997,0.047111610570062752
46.393680835349443,-1000.344157195404,1194.3217747594999,35.979999999999997,0.047509463299894028
46.375152804992624,-1000.5136392683944,1190.5147064345699,36.140000000000001,0.047794616676705766
46.356621806819618,-1000.6739013422547,1190.1415813138001,36.140000000000001,0.047865814219889211
46.338081569928519,-1001.1727921193235,1189.5014273526001,36.280000000000001,0.047927810290953443
46.31955178558016,-1000.6083548111802,1189.5014273526001,36.280000000000001,0.047898468459401274
46.301032182656947,-1000.0585578537335,1189.22819962838,35.960000000000001,0.048013591312444551
46.282523447233515,-999.47171286510854,1189.0007482768001,35.960000000000001,0.048097730095796772
46.26401745300366,-999.32368841231721,1186.6446955972499,36.170000000000002,0.048245260905942465
46.245511420485215,-999.32575599595691,1186.06343103211,36.170000000000002,0.048228544703996026
46.227004647048162,-999.36576560088133,1186.06343103211,36.210000000000001,0.048130426761160285
46.208492722361747,-999.64393306653028,1187.46580928156,36.210000000000001,0.048010135067690411
46.189979166827136,-999.73199886883981,1184.4047527795699,35.859999999999999,0.048040923562275226
46.17146294770999,-999.875832325999,1184.4047527795699,35.859999999999999,0.048159787229439775
46.152945403009909,-999.94741380416667,1184.5835667352201,36.299999999999997,0.048339655619612995
46.134424168202408,-1000.1466796053076,1184.69204720164,36.299999999999997,0.048582474187002463
46.115905993307528,-999.98144432332629,1183.34879676685,36.090000000000003,0.048738162341916989
46.09738624033826,-1000.066660340499,1183.1306437409701,36.090000000000003,0.048637768871081725
46.078866903359284,-1000.0441968646403,1183.1306437409701,35.890000000000001,0.048416176190000215
46.060353373695158,-999.73060186296777,1187.0898231374999,35.890000000000001,0.048275277434207876
46.041837511584028,-999.856554001105,1185.1896268355399,36.310000000000002,0.048458240925446046
46.023332551122174,-999.26786494010685,1185.1896268355399,36.310000000000002,0.048741865907213827
46.00484266152845,-998.45403806078969,1182.47356205864,36.119999999999997,0.048983597920994347
45.986349641655615,-998.62307313323095,1183.23960104461,36.119999999999997,0.049040537953744093
45.96785106075319,-998.92336873089471,1184.58261306079,35.859999999999999,0.048915535836399869
45.949348288898896,-999.14968013175474,1184.58261306079,35.859999999999999,0.048625661680641953
45.930828177887719,-1000.0859946036653,1186.0605700088199,36.280000000000001,0.048411883831667855
45.912304306402419,-1000.2890602062581,1186.0605700088199,36.280000000000001,0.048247715456932787
45.893769468077764,-1000.881269531233,1187.3716339315899,36.119999999999997,0.048518051501515343
45.875233557696319,-1000.9391605980751,1187.9393086361099,36.119999999999997,0.048725505673150898
45.856703748512366,-1000.6096959337397,1188.04945803278,35.890000000000001,0.048918476747023633
45.83817468542221,-1000.5694068682841,1188.09141970771,35.890000000000001,0.048714405337217534
45.819648402846852,-1000.4192590694522,1187.83345077437,36.259999999999998,0.048349638362573499
45.801133788708839,-999.78916345261746,1187.5218376543301,36.259999999999998,0.04809063342051955
45.782621246245732,-999.67729300792223,1187.7931580296899,36.229999999999997,0.047989902603668554
45.764116369601311,-999.26333879848664,1187.6195892834201,36.229999999999997,0.048103123488065648
45.745616177511103,-999.01037287117572,1189.7517668905,35.869999999999997,0.048246947638260242
45.727114068965413,-999.11386146750272,1189.7517668905,35.869999999999997,0.048336361844105759
45.708619561045687,-998.70342766493968,1188.3417592456101,36.240000000000002,0.048268642273597596
45.690121856621083,-998.87603892863797,1185.3553277677699,36.240000000000002,0.048046371798298806
45.671624977969238,-998.83144719985273,1188.4621606424,36.280000000000001,0.04772512346015971
45.653122588992659,-999.1290047350368,1188.4621606424,36.280000000000001,0.047452300786886309
45.634609013796222,-999.73306060781204,1193.0569640465901,35.880000000000003,0.047261742873232156
45.616084363104946,-1000.3311373288703,1196.9589229773201,35.880000000000003,0.047343189104432797
45.597566343429683,-999.97306246396568,1195.92657040674,36.25,0.047482209699837297
45.579051105305112,-999.82285872686134,1195.92657040674,36.25,0.047366740184246622
45.560539842893846,-999.6081702086467,1195.7878107771601,36.259999999999998,0.047139922775558327
45.542039709786486,-999.0071877971551,1194.8341363470699,36.259999999999998,0.046688405172723435
45.523536463992706,-999.17527286427321,1192.4683085046199,35.899999999999999,0.046459606126616183
45.505045119465493,-998.53260446938987,1194.56710750665,35.899999999999999,0.046282356814015616
45.486554457909932,-998.4957240002135,1194.56710750665,36.210000000000001,0.046162092019590796
45.468069226998928,-998.20246919431088,1195.8586211035999,36.210000000000001,0.046126166770625691
45.449581247650627,-998.35088480830666,1194.9852937442399,36.280000000000001,0.046035071008878749
45.431082458752954,-998.93460047431984,1194.0697662913501,36.280000000000001,0.045847831706334781
45.412569351287765,-999.70780312020941,1195.4108709586701,35.960000000000001,0.045697877391687125
45.394052722387549,-999.89796061190168,1195.4108709586701,35.960000000000001,0.045482796721970628
45.375528636698753,-1000.3006271945992,1200.3139496223901,36.210000000000001,0.045507519200582526
45.357003295793731,-1000.3684088713151,1200.3139496223901,36.210000000000001,0.045624691995517545
45.338478449524708,-1000.3416985275037,1200.2450466448099,36.259999999999998,0.045751512254706993
45.319952648133373,-1000.3932751317612,1198.4802721119299,36.259999999999998,0.045745093375886163
45.301435389038353,-999.93199113106107,1199.4012831927901,35.920000000000002,0.045473981230975555
45.282923210826006,-999.65762346686381,1199.4012831927901,35.920000000000002,0.045211199253320511
45.264413416799783,-999.5288774159103,1198.5424993684901,36.259999999999998,0.045033456339599605
45.245907188703796,-999.33631718359857,1194.5978635070201,36.259999999999998,0.045079045615519474
45.22739893446419,-999.44572893840962,1193.3294765149899,36.140000000000001,0.045286755385282117
45.208884118538357,-999.8000599950949,1193.3294765149899,36.140000000000001,0.045521897781145619
45.190377527227092,-999.35593080836816,1195.85909794081,36.07,0.045523845282307289
45.171861938303728,-999.84180186179924,1198.5589502524101,35.880000000000003,0.045319794575723937
45.153335090725882,-1000.4497692037233,1199.09324635187,36.329999999999998,0.045107221233646369
45.134807125561778,-1000.510118861522,1199.09324635187,36.329999999999998,0.044932645847665612
45.116257190497699,-1001.69649346039,1199.4687556587201,35.969999999999999,0.045208104161822672
45.097708703122159,-1001.6183182789464,1199.02100551379,36.030000000000001,0.045566352917269619
45.079157298638357,-1001.7758421254471,1196.3116164578901,35.890000000000001,0.046052576771260637
45.06060332163338,-1001.9147582687897,1196.3116164578901,35.890000000000001,0.046303913825886792
45.042055497566643,-1001.582499603702,1196.06199217582,36.229999999999997,0.04618708355256964
45.023510609235949,-1001.4239698575739,1195.6466669615099,36.229999999999997,0.045846202933392186
45.004960984612325,-1001.679729675717,1197.6722714510299,35.880000000000003,0.045657663917176967
44.986419572183941,-1001.23627113271,1197.6722714510299,35.880000000000003,0.045653947935401763
44.967883395859474,-1000.9535215212163,1194.1980355021999,36.310000000000002,0.045912546210003922
44.94935171471726,-1000.7107816795269,1191.0704602087101,35.969999999999999,0.046243427532273423
44.930826218591392,-1000.3767907966276,1192.8664675791799,36.009999999999998,0.046373076948081793
44.912287170687513,-1001.1085868097366,1193.15328516403,36.009999999999998,0.046282255401851491
44.893744712074032,-1001.292765127728,1194.6002476930901,35.880000000000003,0.045952859025297443
44.875197284336984,-1001.5610978008639,1194.6002476930901,35.880000000000003,0.045695570812517475
44.856640566140875,-1002.0627825896771,1196.51379543707,35.950000000000003,0.045687127858620016
44.838092078765342,-1001.6183182789464,1196.51379543707,35.950000000000003,0.045974046614266594
44.81955637637914,-1000.9279288546498,1195.2158445377199,35.969999999999999,0.046371142900310199
44.801022233442012,-1000.8437186052006,1194.9388021157699,35.969999999999999,0.046594515447475005
44.782497633455591,-1000.3283992663908,1193.85709689344,35.909999999999997,0.046508440543952659
44.763974307312374,-1000.2596117340153,1193.85709689344,35.909999999999997,0.04621305295700863
44.745451981822335,-1000.2055764618575,1195.1803201652001,36.170000000000002,0.045856985577203968
44.726926699901384,-1000.3652237313427,1194.5232384828601,36.090000000000003,0.045804449668190528
44.708390321789096,-1000.9644180636936,1196.0398192453199,35.899999999999999,0.046003235300431509
44.689857140183925,-1000.7918066790833,1194.6100228559999,35.899999999999999,0.046236878265366647
44.671333215923404,-1000.2919100683389,1193.36595456194,36,0.046435782896152702
44.65280870079134,-1000.323817131538,1192.07134152309,36,0.04636512965813612
44.634285069381633,-1000.276096124109,1192.03104877842,36.280000000000001,0.046196194987816713
44.615763653484031,-1000.1564584705401,1192.03104877842,36.280000000000001,0.045819185255584392
44.597238475043369,-1000.3596357957902,1193.7788955901699,35.920000000000002,0.045561524526062359
44.578720008333363,-999.99720234027552,1195.1428884438101,35.920000000000002,0.045549866436050274
44.560208155049331,-999.64007733779795,1191.5990342615901,36.079999999999998,0.045727480000021845
44.541696320391438,-999.63907152610636,1191.0172928592301,36.079999999999998,0.045988558687951216
44.523189937075216,-999.34469907593495,1191.0172928592301,36.280000000000001,0.046014605714208873
44.504668020333582,-1000.1835040482754,1191.5382375166701,36.280000000000001,0.045873963585720233
44.486143511409956,-1000.3234818756304,1196.3435645513,35.969999999999999,0.045574561999536238
44.467622043771598,-1000.1592524712922,1196.3435645513,35.969999999999999,0.04530765840773391
44.449100192222076,-1000.1799836743789,1197.94979071019,35.939999999999998,0.045302235007313278
44.43058311525305,-999.92215632755597,1196.80705032433,36.259999999999998,0.04555145692631006
44.412071261969011,-999.64007733779795,1196.3328357139601,36.049999999999997,0.045720353310486211
44.393561857028345,-999.5078667962606,1196.18024780515,36.049999999999997,0.045847071131184691
44.375070539406281,-998.53115159119716,1196.3917251100199,36.159999999999997,0.045600560392924594
44.356574244382657,-998.79993127587409,1197.09053004867,36.159999999999997,0.045301611016885658
44.338083277559186,-998.51220846725107,1198.08735824673,36.189999999999998,0.04510369980003992
44.319598110806432,-998.19900464876707,1198.08735824673,36.189999999999998,0.044912393723032268
44.301101037611097,-998.84195254814961,1201.38897912371,35.890000000000001,0.045104731498291493
44.282604080314769,-998.83569400185365,1201.38897912371,35.890000000000001,0.045264263944561962
44.264100918339643,-999.17074665670123,1204.1396145987101,36.280000000000001,0.045356072689776074
44.245590020177708,-999.58850074453244,1202.9892448174101,36.280000000000001,0.045297115831782371
44.227074827585241,-999.820399993009,1203.8721089210601,35.979999999999997,0.044990744854185735
44.208557581943005,-999.93126468097284,1204.6891694890501,35.939999999999998,0.04468139778648611
44.190025153672721,-1000.7511265953191,1204.96072828302,35.899999999999999,0.044665261066743081
44.171503127241948,-1000.1894272617196,1205.5996901511801,35.899999999999999,0.044819603987277093
44.152985244161592,-999.96568633935294,1205.5996901511801,36.310000000000002,0.045086228187757087
44.134474586074028,-999.57553672833524,1203.73144194263,36.310000000000002,0.04509810979534596
44.115975595390161,-998.94549692886108,1204.3050771123301,35.960000000000001,0.044921633479259183
44.097477105549508,-998.91845139509394,1204.4681554398701,35.979999999999997,0.044560422089949106
44.078988554991298,-998.38173014352571,1204.4681554398701,36.189999999999998,0.044229504548235335
44.0604993607853,-998.41648712376559,1204.0537839000001,35.890000000000001,0.044184634464021814
44.042000019302435,-998.96444007479101,1207.1877964958901,36.280000000000001,0.044408158087025099
44.023487068091335,-999.69936539952016,1208.7368021889699,36.280000000000001,0.044767499588239286
44.004969491312536,-999.94914605495455,1208.7368021889699,36,0.044955027596805239
43.986437914686505,-1000.7051378057021,1209.95249866873,35.899999999999999,0.044894118073039738
43.967904043901243,-1000.8290224041675,1208.8693629347499,35.920000000000002,0.044531910168214194
43.949367250833333,-1000.9868256672316,1208.56084925662,35.920000000000002,0.044318218196048496
43.930844437951841,-1000.2318956004963,1208.56084925662,36.229999999999997,0.044266398377573367
43.912328965961741,-999.83548746516669,1206.0026175978901,36.229999999999997,0.044447882097680434
43.893812869986512,-999.8691826624663,1209.89980815647,35.909999999999997,0.044777762762894274
43.875312352966766,-999.02791906619359,1209.89980815647,35.909999999999997,0.044923755862685683
43.856822918686397,-998.42945113996279,1209.61537475769,36.259999999999998,0.044866720633135425
43.838339850513698,-998.08568132587891,1206.86569295713,35.950000000000003,0.044663844425703966
43.819857673304845,-998.03756927815721,1206.18834569315,36.189999999999998,0.044378940434505465
43.801366205637137,-998.53925405597852,1206.18834569315,36.189999999999998,0.044244981062177578
43.782866318813618,-998.99388847009004,1210.4460251862999,35.899999999999999,0.044531746665719574
43.764362832945665,-999.18823686947849,1210.4460251862999,35.899999999999999,0.04490584652384226
43.745838765882816,-1000.2996213938997,1210.2498066723099,36.299999999999997,0.045277812626503357
43.727307663195056,-1000.6795451391356,1209.37123410359,35.920000000000002,0.045330171574339648
43.708778217228605,-1000.590082188058,1211.3977922675399,36.189999999999998,0.045129919630871422
43.690240643918422,-1001.0289587501003,1212.3617186977499,36.189999999999998,0.044958833601000149
43.671706566172993,-1000.8401982532883,1206.14638401823,35.939999999999998,0.044920709396322034
43.65318349252103,-1000.2459772060023,1206.14638401823,35.939999999999998,0.045147178078410163
43.634672438105007,-999.59693846522146,1204.5544629758001,36.170000000000002,0.045591459304403566
43.616178982580038,-998.64659834806162,1204.5544629758001,35.899999999999999,0.046036581819373763
43.597687683585349,-998.53014571355368,1201.64074917325,36.280000000000001,0.04632138129418676
43.579187322822335,-999.01948120260852,1201.64074917325,36.280000000000001,0.046287426307145066
43.560693861088929,-998.6469336039695,1201.91564582773,35.920000000000002,0.045989331690368111
43.542193227136927,-999.0342334078664,1203.59387440608,36.07,0.045713664342422272
43.523674265791541,-1000.0239126511109,1204.59547097629,35.890000000000001,0.045750696837837751
43.505149439183938,-1000.3406368105157,1202.96826397994,35.890000000000001,0.046074220705401257
43.486615542529826,-1000.8304193221037,1202.96826397994,36.329999999999998,0.046490046919502773
43.46807633216158,-1001.1173598852615,1201.44214647319,36.329999999999998,0.046767101937858359
43.449534575144469,-1001.2548789238041,1202.3309710420299,36.07,0.046847801035085658
43.43099967266177,-1000.8847340657848,1203.2162193317699,36.07,0.046743781617718888
43.412476729395046,-1000.2389364032492,1202.66761811586,36.090000000000003,0.046550018924446816
43.393964336977781,-999.66919053214895,1201.61952991718,35.890000000000001,0.046288959891632939
43.37545434737401,-999.53943860355196,1201.0947705620299,36.329999999999998,0.046375526325505532
43.35695359648895,-999.0405477935069,1199.69596859169,36.329999999999998,0.046689475160375152
43.338448089650548,-999.29736927367844,1196.8552108830499,36.009999999999998,0.046948919898742017
43.31994305157766,-999.27205593573899,1196.8552108830499,35.93,0.046994408801648582
43.301424480354328,-1000.0028460602124,1202.2413256456,35.920000000000002,0.046787221605264107
43.282890928287507,-1000.8118116079535,1202.2413256456,35.920000000000002,0.046532402441918468
43.264347852932218,-1001.3260691858073,1199.45373528644,36.210000000000001,0.046503778757222274
43.245795688902646,-1001.8168575970229,1199.45373528644,36.210000000000001,0.046638722216781045
43.227236735530973,-1002.1834820701539,1199.53122133389,36.07,0.046923198838322772
43.208680992118595,-1002.0101442684311,1200.85110674514,35.880000000000003,0.047158951770816707
43.190131328171709,-1001.6818531316774,1201.77783987258,36.299999999999997,0.047226100127545856
43.171581359994036,-1001.6982815944905,1201.18155493516,35.960000000000001,0.047168075625391923
43.153048574717332,-1000.770404942197,1197.4975106117099,36.140000000000001,0.046911902931964934
43.134525170964295,-1000.2638026636953,1197.4975106117099,36.140000000000001,0.046864697295102613
43.116019137411179,-999.3258118682777,1199.5605468226099,36.07,0.04685820804816334
43.097510817977643,-999.44924941123395,1200.53877836928,35.859999999999999,0.046978308301756935
43.078994527459329,-999.87968798877944,1201.17511763276,35.950000000000003,0.04717066884022058
43.060467661254322,-1000.450775070375,1201.17511763276,35.950000000000003,0.047244272295214822
43.041936188108579,-1000.6995498701498,1199.5853423578001,36.020000000000003,0.047200106910777404
43.023396250274097,-1001.1566430620818,1197.88017247679,36.020000000000003,0.047162562195223585
43.004859378561704,-1000.9910724692324,1198.2120511784599,35.869999999999997,0.047009214757771554
42.9863335833778,-1000.3929399308134,1198.2120511784599,35.869999999999997,0.046839007281578839
42.967807768533284,-1000.3940016038337,1201.02086079369,36.310000000000002,0.046676530816188562
42.94929124414945,-999.89231672708445,1204.21757748337,35.93,0.046495459970144024
42.930776311291567,-999.80637432577555,1203.79867598995,36.039999999999999,0.046391838957911324
42.91227237735297,-999.21243268406101,1203.79867598995,36.039999999999999,0.046220054436299569
42.89376961274322,-999.14928892658224,1205.5853850347301,36.140000000000001,0.046152712566074276
42.87526767907918,-999.10441785817807,1206.3378341600701,35.880000000000003,0.046167688240055488
42.856764393961733,-999.17739634221778,1204.9349790734,36,0.046306726417769825
42.83825147483077,-999.69763307178823,1204.9349790734,36,0.046242665918583177
42.819733832859463,-999.95266645083507,1205.2606588912799,35.960000000000001,0.046044859209777161
42.801210370122149,-1000.2669878146602,1206.66256030352,35.960000000000001,0.045712308747270378
42.782682353216074,-1000.5129129282261,1206.3433177880399,35.890000000000001,0.045395544213243023
42.76415544769025,-1000.4528983944315,1206.3433177880399,35.890000000000001,0.045142208949134024
42.74563989809014,-999.83967840583875,1204.9361711664401,35.969999999999999,0.045031577139450274
42.727134540263116,-999.28932265923368,1204.9361711664401,35.969999999999999,0.04506523203622155
42.708646607481391,-998.3483702131258,1206.64682467542,36,0.045142314498156574
42.690161376570387,-998.20246919431088,1205.96017908575,36,0.045104042319011564
42.67167296881491,-998.3740187959811,1207.1808823562701,36.159999999999997,0.044957551484498287
42.653178259109808,-998.71432407551299,1209.6234809903499,35.880000000000003,0.044689706219713861
42.634677657236935,-999.03250113509444,1213.99011778714,36,0.044521965702440498
42.616173554625945,-999.22154099350973,1213.99011778714,36,0.044437270193575511
42.597672641277939,-999.04932079208788,1214.93616282179,35.979999999999997,0.044389618561524645
42.579163313947078,-999.50367586658047,1216.2918110241701,35.979999999999997,0.044437804152219873
42.560643431627248,-1000.0736452709313,1214.4261854203,35.869999999999997,0.044516828942157097
42.542118480843051,-1000.3473423463688,1213.6568085738199,35.869999999999997,0.044555576106457787
42.523587683422186,-1000.6630607270579,1213.6568085738199,36.25,0.044507549867353426
42.505066078155679,-1000.1666843912818,1214.1245858817799,35.969999999999999,0.0442426279237585
42.486556856375259,-999.49797614241891,1215.27090254675,35.93,0.044003208684155706
42.468059470670532,-998.85882805547988,1215.27090254675,35.93,0.043832252008919111
42.449564267364309,-998.74097853601165,1215.04559696264,36.25,0.043938481765025982
42.431065556075424,-998.93040959959956,1214.1791837429,35.909999999999997,0.04412298608386736
42.412558626383877,-999.37420334355454,1214.7161024470499,35.979999999999997,0.044344626365588231
42.394043875650766,-999.79653958822257,1216.59603316737,35.979999999999997,0.044432768808782372
42.375516755919826,-1000.4644654707084,1215.44566338607,36.009999999999998,0.044477875859484553
42.356974557041944,-1001.2787394055346,1215.44566338607,36.009999999999998,0.044487351547323958
42.338423711350558,-1001.7456673350199,1214.6877306327499,35.890000000000001,0.044467252578866301
42.319867707167909,-1002.0242258629453,1215.2537364070099,35.890000000000001,0.044479720911570375
42.301307020502435,-1002.2770799356949,1215.2537364070099,36.299999999999997,0.044625366316991558
42.282743629896487,-1002.4230927211353,1214.62359602733,36.030000000000001,0.044893995962945299
42.264187320445522,-1002.040710351967,1209.8535549466101,35.909999999999997,0.04514657582384235
42.245643608686379,-1001.3604349938507,1209.8535549466101,35.909999999999997,0.045226798912844021
42.227127986649414,-999.84358999589983,1211.57326836267,35.890000000000001,0.045093859859811722
42.208627417890142,-999.03071300099373,1211.57326836267,35.890000000000001,0.044987190309223941
42.190137204403591,-998.47152827356706,1209.8773968073599,36.210000000000001,0.044926743335815762
42.171640071190119,-998.84519352746702,1208.2058439500099,36,0.045014032059305854
42.153125288378895,-999.79827180603434,1208.59780414078,35.869999999999997,0.045263809670567701
42.134594497167896,-1000.6627253942061,1212.35790400003,35.869999999999997,0.045669154371500008
42.116046152595089,-1001.6106069314018,1210.57000286222,35.960000000000001,0.045955175944272252
42.097496697678942,-1001.6705654719636,1209.0717803325399,35.960000000000001,0.046190088610452228
42.078947762234598,-1001.6425139946008,1209.0717803325399,36.020000000000003,0.046429510954887052
42.060396987944578,-1001.7418116612473,1208.1936846010301,36.159999999999997,0.046544456854895409
42.041853958119759,-1001.3236105398911,1208.43472581324,35.880000000000003,0.046766406549525019
42.023316969474095,-1000.997386865865,1208.43472581324,35.880000000000003,0.046981225415317913
42.004787335171592,-1000.600252335407,1208.6783896301299,36.280000000000001,0.047195898367846906
41.986270557260397,-999.90600720436214,1201.5484811721401,36,0.047448676908885795
41.967775204943408,-998.7490251174803,1200.3110885991,36.259999999999998,0.047515828365968758
41.949288031707248,-998.30735475254187,1200.3110885991,36.259999999999998,0.047434152412209031
41.930800805696478,-998.31020458164664,1200.07100106132,35.93,0.047368119573000869
41.912299807493923,-999.05390293793255,1201.2394906567899,35.93,0.047435384865443651
41.893781340783917,-999.99720234027552,1201.7375471279099,36.030000000000001,0.047596729255497933
41.875242968607552,-1001.0720975237489,1200.0514507355001,36.030000000000001,0.047965398471916651
41.85669375997422,-1001.6572661998587,1200.62294013774,35.859999999999999,0.048348843635085244
41.83813837356908,-1001.9908658775854,1199.8631000355599,36.299999999999997,0.048771407450323552
41.819590055901429,-1001.6091540532091,1197.33300177252,35.920000000000002,0.048965955567986885
41.801055405909786,-1000.8710995487638,1198.84171472093,35.920000000000002,0.049085312829758004
41.782535958207411,-1000.0501759284211,1198.84171472093,36.079999999999998,0.049127022632196489
41.7640226944863,-999.71624093982643,1197.50776261184,36.079999999999998,0.049209403293060325
41.745512510339452,-999.54994392986475,1194.2883961544501,36.280000000000001,0.049460365749996543
41.727009420799959,-999.16683513259215,1193.6623088910901,36.280000000000001,0.0497503340695108
41.708512677707525,-998.82412699152849,1193.1683055363101,35.969999999999999,0.049997075561745707
41.690023458666538,-998.41782821334925,1193.1683055363101,35.969999999999999,0.050086508402893658
41.671524259986604,-998.95672871625425,1192.5691595756,36.07,0.049994813482861604
41.653012470859395,-999.63661286919807,1192.2174921295,36.07,0.049946973510066939
41.634478991230864,-1000.8078999409487,1193.57552451796,35.859999999999999,0.050113272538484903
41.615937741266841,-1001.2274980571849,1193.9970486160601,36.329999999999998,0.050261358002559056
41.597390546359215,-1001.5485250118232,1189.1921984186399,35.950000000000003,0.050596688980266126
41.578856052623486,-1000.8626617291467,1191.71204468155,35.950000000000003,0.050798032635846771
41.560337605575313,-999.99614060130341,1191.71204468155,35.969999999999999,0.050820301594069847
41.541828018509875,-999.51770153381381,1192.5884714828101,36.170000000000002,0.050672107479601554
41.523324064909858,-999.21349440104916,1193.9319603362001,36.240000000000002,0.050428174439541486
41.504825626809961,-998.91565739434179,1193.9319603362001,36.240000000000002,0.050343095019304666
41.486319834366704,-999.31279193579189,1193.2007304669301,36,0.050485981632764916
41.467806869703637,-999.70009180564057,1194.80194983506,36,0.050677279425877957
41.44929133976536,-999.83861666686664,1193.6224929836401,36.310000000000002,0.050718508044081574
41.430770162907457,-1000.1435503266636,1193.6224929836401,36.310000000000002,0.050637978641914307
41.412249694889042,-1000.1052729945112,1194.30818489888,35.950000000000003,0.050536204750501967
41.39372245822463,-1000.4707798783332,1194.08526350084,36.119999999999997,0.050440109854787571
41.375190289691368,-1000.7371007961819,1194.8031419280901,36.07,0.050312066448106721
41.356662779839596,-1000.4855319956549,1197.4624630764099,36.07,0.05032026415976313
41.338137757654245,-1000.3511980091491,1196.79703674281,35.869999999999997,0.050363106035094939
41.319625020648253,-999.6877983232431,1196.79703674281,36.310000000000002,0.050460801771052055
41.301126556677879,-998.91705440021394,1196.93484269796,36.020000000000003,0.050433080441371868
41.282639246848248,-998.31473080021067,1199.2079257020901,36.020000000000003,0.050131767571027809
41.264152287815982,-998.2957877422167,1199.2079257020901,36.159999999999997,0.049973015363368685
41.245660853261668,-998.53746593286996,1200.8291722332399,36.159999999999997,0.049926697587556579
41.22715363796425,-999.38962606062807,1200.5888462768601,35.880000000000003,0.050037563265207169
41.208635215750668,-999.99479953370383,1199.2787360285199,36.259999999999998,0.050113032468792659
41.190110759602469,-1000.3206320025574,1199.2787360285199,36,0.050162097646821273
41.171592422243229,-999.99021739885131,1200.74453362757,35.950000000000003,0.050016283576330887
41.153080711761724,-999.63236600124515,1200.37164692541,36.240000000000002,0.0497809456078038
41.134569897419674,-999.58397447100833,1199.4713782634001,36.240000000000002,0.049401800049746904
41.116056920339517,-999.70076232844826,1199.4713782634001,35.890000000000001,0.049067648750050735
41.097555117060715,-999.09737705542489,1201.45478265939,36.159999999999997,0.049006134888733982
41.079053482454306,-999.08826874597628,1203.01642453866,35.869999999999997,0.049079820105051533
41.060562910926052,-998.49086252574159,1200.6935120455601,35.869999999999997,0.049212514943390948
41.042083734646972,-997.87551907019645,1200.6935120455601,36.310000000000002,0.049112532292539667
41.023604389693872,-997.88462746758137,1202.1795752262601,36.310000000000002,0.048770062215535918
41.005118391993776,-998.24387580510745,1207.57522673312,36.090000000000003,0.048379511055673112
40.986613918923581,-999.24154579047604,1207.57522673312,36.090000000000003,0.048101899315672304
40.968086798157969,-1000.4645213430292,1207.57379622147,36.119999999999997,0.048036785381356494
40.949548549122298,-1001.0654479261682,1206.04386401699,35.859999999999999,0.048044406707092195
40.931005330963053,-1001.3337805993041,1206.5168865343201,36.310000000000002,0.048018775676420655
40.912463613267981,-1001.2527555337956,1206.5168865343201,36.310000000000002,0.048069344421421828
40.893941118071695,-1000.2147405996587,1207.343245428,35.979999999999997,0.047837163627802187
40.875439873586522,-999.0672021990456,1205.0386911676801,35.950000000000003,0.047482143462877727
40.856945215620954,-998.71153014071285,1207.16133203046,35.899999999999999,0.047120704418521765
40.838454138073878,-998.51818754202395,1206.97727286545,35.899999999999999,0.046807066015559722
40.81995788961602,-998.79741672466116,1206.97727286545,36.240000000000002,0.046875616533407521
40.801459281808647,-998.92482159809526,1203.4653667766299,36.240000000000002,0.047015258010743612
40.782965092608592,-998.68621680277363,1205.2041536813001,35.899999999999999,0.047085437300923343
40.764461301474157,-999.20472125957212,1207.57546515172,35.899999999999999,0.047011997345166832
40.745952033127168,-999.50049073759976,1207.8417787363301,36.280000000000001,0.046732056262181298
40.727423594022149,-1000.5357116709844,1207.8417787363301,35.899999999999999,0.046416300657298001
40.708862776971635,-1002.284120727456,1207.6088437567801,36.240000000000002,0.046325371497585269
40.690296261260542,-1002.5918483989971,1207.62887091981,36.240000000000002,0.046366037178983598
40.671724828166838,-1002.8573870603889,1207.62887091981,36,0.046636590532496656
40.653164348461729,-1002.2659040755823,1206.7407616067801,35.890000000000001,0.046911026457809368
40.634622916371512,-1001.2373328716822,1203.55668110331,36.259999999999998,0.046962147787800897
40.616088345025979,-1000.866852658827,1201.6841413598199,35.93,0.046882020933529216
40.597567942200079,-1000.1017525986307,1202.06894899237,36.159999999999997,0.046560911259432014
40.579047006451837,-1000.1305304051699,1202.06894899237,36.159999999999997,0.046319208207731534
40.560525194224752,-1000.1778602623864,1204.3289189730799,35.890000000000001,0.046134791854585092
40.542003602410013,-1000.1659579961536,1203.9445881777499,35.890000000000001,0.046129695449383036
40.523481243807403,-1000.207364540998,1203.9445881777499,36.299999999999997,0.046223350281966238
40.504942578781439,-1001.0879114020266,1203.65705533708,35.969999999999999,0.046296934077977442
40.486396027522204,-1001.5137679986072,1201.1183740041699,36.119999999999997,0.046398855957087773
40.467836035208556,-1002.2395849369435,1200.26221278455,36.119999999999997,0.046414558050827573
40.449264960156754,-1002.8380527972224,1199.54767221781,36.07,0.046497334002629884
40.430686893976663,-1003.2155737248945,1199.54767221781,35.869999999999997,0.046712745812769157
40.412107223851706,-1003.3021867479392,1198.96068560608,35.93,0.046899251437579642
40.393550973385224,-1002.0375251900103,1199.47543137973,35.93,0.047069881114137221
40.375024476606171,-1000.4308260687856,1200.39739613502,36.07,0.047128949733260199
40.356517047103836,-999.40119312591321,1199.7725009646999,36.07,0.046990919445539098
40.338021174280172,-998.77713247815575,1196.95105516327,35.869999999999997,0.046874776279103331
40.319522554054281,-998.92549219784689,1199.1385458873001,35.869999999999997,0.046818545085023665
40.301010434826004,-999.6544383268913,1199.1385458873001,36.310000000000002,0.046920652193531982
40.282492390315959,-999.97440354255718,1196.19026138666,36,0.047143097553538266
40.263962417633373,-1000.6185248596014,1193.80989000915,36,0.047383589876057702
40.245426955322159,-1000.9149648054766,1197.1758839101699,36,0.047429495797213221
40.226887641474036,-1001.12294779883,1197.5873944267501,36.189999999999998,0.047311279925477755
40.208338180349443,-1001.6709007278715,1197.5873944267501,35.890000000000001,0.047289796380043277
40.189786301925949,-1001.8014348689576,1192.4475660857599,35.979999999999997,0.047349520023461801
40.171237385107538,-1001.6415081939011,1192.4475660857599,35.979999999999997,0.047515498271821249
40.152706892954377,-1000.6465762710122,1193.32637707309,35.890000000000001,0.047618795395092305
40.134191466494961,-999.83302880825829,1193.32637707309,35.890000000000001,0.04775681533445892
40.115697523578952,-998.67291746471642,1192.31023696783,35.969999999999999,0.047685597090495385
40.097203782449334,-998.66202099918314,1192.2508707345601,35.969999999999999,0.047566819320087675
40.078715076670484,-998.39011205784618,1192.5243368773899,36.119999999999997,0.047263214368814421
40.060215741396263,-998.9641048078912,1192.5243368773899,36.119999999999997,0.046954145653082743
40.041699990008738,-999.85057492633223,1192.2353735250699,35.899999999999999,0.046837848300684021
40.023179385397455,-1000.112649009204,1193.18666376909,35.899999999999999,0.046987668092015752
40.004651816561818,-1000.4887171246356,1192.57583529661,36.280000000000001,0.047263139857527343
39.986129945350662,-1000.1810454023591,1189.9706351722,36,0.047468373348582081
39.967614590293834,-999.82917306853392,1193.31660191019,36.259999999999998,0.047415968855406304
39.949103886675388,-999.57799539623568,1193.50304526127,36.259999999999998,0.047004274614187887
39.93060039459899,-999.18857212538637,1194.38972406265,35.93,0.046688047130405828
39.91210094963462,-998.97002807629542,1194.38972406265,35.93,0.046383865794840315
39.893596429998659,-999.24406034168896,1191.2590493272601,36.119999999999997,0.046450713030697546
39.875108028451827,-998.37368352908118,1191.2590493272601,36.119999999999997,0.046719120197614657
39.856624142784156,-998.12982605411491,1194.42691736542,35.850000000000001,0.04686792795517386
39.838143797177864,-997.93866273973913,1194.42691736542,36.310000000000002,0.046921665261570017
39.819657553193736,-998.25717514316432,1193.45631521419,36.009999999999998,0.046715091705630228
39.801148310717217,-999.49909373172761,1193.63512916984,36.009999999999998,0.046449373992139324
39.782627102814864,-1000.1452267271148,1193.63512916984,35.909999999999997,0.046101325294690049
39.764097513009993,-1000.5978494628836,1194.35944489949,36.259999999999998,0.045924937969403702
39.745567670712241,-1000.6114840788324,1195.8784098480201,36.079999999999998,0.046045271057105756
39.727043642973058,-1000.2974979159552,1196.2906356204301,36.079999999999998,0.046315609166351746
39.708534537090223,-999.49171767306666,1193.61653251845,36.119999999999997,0.046462563589151844
39.690032253663077,-999.12330506583532,1192.1860208733101,36.119999999999997,0.046390801046331677
39.671543273660568,-998.4049201354245,1197.2829338649401,36.280000000000001,0.045904158098843392
39.653055664772893,-998.33087993439653,1200.63652999837,36.280000000000001,0.045410947256473905
39.63457294843203,-998.06668240655631,1200.63652999837,35.979999999999997,0.045087941817491477
39.616085573409883,-998.31825119609118,1202.19268824967,35.920000000000002,0.044986686359545551
39.597581451138282,-999.22260266652995,1203.61032529,36.210000000000001,0.045177104571024765
39.579064257235778,-999.92847073518067,1203.61032529,36.210000000000001,0.045343797863647263
39.560540138433396,-1000.3024153286997,1201.7256261975299,36.229999999999997,0.045408870405970005
39.542008821542147,-1000.6911121274767,1201.7256261975299,36.229999999999997,0.045228175197173343
39.523471813234444,-1000.9984486158293,1201.4156820077501,35.920000000000002,0.044893077054999612
39.504940424942028,-1000.694967790257,1201.4066221006699,35.920000000000002,0.044598627007436151
39.486420762001288,-1000.0617988000748,1200.51803595043,36.259999999999998,0.044488169047990848
39.467919127395085,-999.08826873498413,1200.53257948549,36.259999999999998,0.044571828714417852
39.449426868102485,-998.58200180032634,1202.76536974494,36.189999999999998,0.04480729707693399
39.430952492272759,-997.61629480543752,1201.05423939875,36.189999999999998,0.044925053496630396
39.412483587446935,-997.32086059430969,1201.05423939875,36.009999999999998,0.044882273712646852
39.394006048225918,-997.78711793503521,1201.27048507577,35.899999999999999,0.044679568253471573
39.37551718515688,-998.39860572779992,1203.03311384119,36.280000000000001,0.044390034552632539
39.357011009835709,-999.33346734350164,1203.8122658505799,36.280000000000001,0.044226610203578327
39.338487937218417,-1000.2459213336817,1205.97806048132,35.93,0.044163986011131168
39.319956269529591,-1000.7100551964627,1205.97806048132,36.189999999999998,0.044297208599875765
39.301413602919851,-1001.3039969261133,1202.7038577441999,35.880000000000003,0.044370603019452788
39.282864933419752,-1001.6281530055074,1201.4039994959801,35.880000000000003,0.04438487295979951
39.264332811451844,-1000.734586266953,1201.4039994959801,36.25,0.044158882357521329
39.245806639599884,-1000.4132800056716,1200.4286289726101,36.25,0.04389198910939171
39.227296130524721,-999.56749005893073,1200.19497873723,36.259999999999998,0.043808922374690647
39.208804539714897,-998.54590373050291,1201.0387421892599,36.259999999999998,0.043841969844548863
39.190317644840881,-998.29232319667278,1202.0210268522501,35.969999999999999,0.044019100148630134
39.17183782594951,-997.91022013414795,1201.6769888015999,35.939999999999998,0.044191836689950026
39.153351354308704,-998.26946860357782,1203.9774899455899,36.240000000000002,0.044304003110652024
39.134852863434809,-998.91850719047068,1206.3447482996901,36.240000000000002,0.044378819354605407
39.116339490024764,-999.72216414227853,1203.58934445254,35.880000000000003,0.044368857314664105
39.097810739444412,-1000.55253133897,1200.97913753738,36.25,0.044379888304938303
39.079260231098836,-1001.7274506611623,1201.6934396855199,35.920000000000002,0.044571681780526673
39.060708080522247,-1001.8161311359426,1201.6934396855199,35.920000000000002,0.044850696707158737
39.042152739646973,-1001.9884072646452,1199.7815608717899,36.259999999999998,0.045181265512298126
39.023603894230952,-1001.6376524651689,1199.7815608717899,36.259999999999998,0.045314818208421342
39.005076150513652,-1000.4981607339603,1199.16119565501,36.189999999999998,0.045361638895778787
38.986563835707422,-999.66499953651669,1199.7493743597699,36.189999999999998,0.045443657371970606
38.968059888316049,-999.21315913414924,1198.81167397638,36.020000000000003,0.045542035043481643
38.949565965061666,-998.67185573673623,1198.0420587112999,35.890000000000001,0.045819065227862714
38.93107606305086,-998.45470858359749,1196.90694772088,36.299999999999997,0.046157704458554827
38.912582543367847,-998.6500628826135,1197.16062511928,36.299999999999997,0.046482359371667052
38.894076133146882,-999.3461519321437,1197.16062511928,35.950000000000003,0.046598454942552339
38.875546914835887,-1000.5777887935966,1198.7935541622101,36.07,0.046419265373533893
38.857006184343263,-1001.1994466018064,1198.73204216147,35.890000000000001,0.046218479466128858
38.838443534655518,-1002.3830831381947,1196.8010898591399,35.890000000000001,0.046197108713850042
38.81987212122344,-1002.8563253324087,1195.4475874242301,36.32,0.046462445625890039
38.801304742486288,-1002.6384518061254,1195.4475874242301,36.32,0.04679214416307749
38.782740228085231,-1002.4837776568255,1197.1520420494101,36.07,0.046991908714275221
38.764188967438223,-1001.7680749385577,1198.68102057946,36.07,0.047099964901210808
38.745653771070437,-1000.9006038603513,1198.68102057946,36.159999999999997,0.04701208115894024
38.72713644160995,-999.93579086656098,1197.3740097730199,35.880000000000003,0.046803400749637243
38.708634729393935,-999.09245966466449,1197.47748344868,36.259999999999998,0.04663886605561085
38.690137090161848,-998.87251853275745,1198.86770234915,36.259999999999998,0.046547204257519022
38.671628692083821,-999.45349621323487,1198.69270309123,36.030000000000001,0.046905932115642299
38.653117526943177,-999.60291759495442,1198.4497545301599,35.950000000000003,0.047345797846271409
38.63459243439133,-1000.3549977996089,1198.1116769446901,35.869999999999997,0.04760303534808398
38.616057004158023,-1000.9132325986567,1198.1116769446901,35.869999999999997,0.047568862021306738
38.597513883271844,-1001.3285278537076,1199.68428607992,36.280000000000001,0.047197212567545284
38.578961283588924,-1001.8403828778057,1199.68428607992,36.280000000000001,0.046888518460495542
38.560408405545687,-1001.8554143347467,1200.0588417123399,35.960000000000001,0.04678755481381075
38.541862205085245,-1001.4948248636694,1200.0588417123399,35.960000000000001,0.046867332934357832
38.523329049348114,-1000.7904098051154,1201.8767835947001,35.939999999999998,0.047136237841289258
38.504815246496221,-999.74535400227353,1201.8767835947001,35.939999999999998,0.047261905343293283
38.48631578808029,-998.97075446043175,1203.5302166378799,36.170000000000002,0.047245152919052805
38.467820695497672,-998.73499946123889,1205.68528243128,36.170000000000002,0.046945839291642859
38.449337523844477,-998.09126927242312,1204.7857290250899,36.009999999999998,0.046504266145014544
38.430842002853055,-998.75813353684907,1204.57711274351,35.939999999999998,0.046403529126234584
38.412344623356972,-998.85849278858007,1205.6826598266,35.939999999999998,0.04654671997231967
38.393829989556721,-999.79022521357376,1205.6826598266,35.939999999999998,0.046822919202847334
38.375292344846997,-1001.0328143249448,1205.4318434514801,36.090000000000003,0.046987096882307851
38.356751133170548,-1001.2254305285054,1207.1997174262699,36.090000000000003,0.046863905668782388
38.33821357952219,-1001.0278970111283,1206.4312942542199,35.920000000000002,0.046546954867224002
38.319678976097535,-1000.8685849315988,1207.63626189664,35.920000000000002,0.046121022771908715
38.301161301012421,-999.9544545959277,1209.8442566209101,36.299999999999997,0.045762400456904877
38.282655970090147,-999.28786980302493,1210.6927884450899,36,0.04572704537910751
38.264162228960529,-998.66202099918314,1210.6927884450899,36.009999999999998,0.045863161278854293
38.245679667840712,-998.05830047025188,1210.7299817478599,36.009999999999998,0.046010393028720398
38.227192201755358,-998.32316860883577,1211.73133989946,36.159999999999997,0.045896655774095435
38.208702975470445,-998.41821938554563,1213.21478047547,35.880000000000003,0.045523247169076103
38.190214541844277,-998.37541581284506,1211.3191141270499,36.020000000000003,0.044978725624962683
38.171711868296299,-999.14437159078182,1210.4877484426199,36.020000000000003,0.044594289113127863
38.153197324524783,-999.78536366215792,1211.7351545971801,35.869999999999997,0.044482902934497658
38.134680950186592,-999.88421426230343,1212.19482567249,35.869999999999997,0.044496812752800242
38.116159943035761,-1000.1343861448941,1212.79564056345,35.869999999999997,0.044622476113671185
38.097640702293958,-1000.0390000573165,1212.79564056345,35.869999999999997,0.044586613985434502
38.079124158248085,-999.89337847704883,1212.99114382161,36.310000000000002,0.044311853121220879
38.060606769803726,-999.93897599554157,1213.2877365693701,35.979999999999997,0.043919500375699409
38.04210569399136,-999.0580938676128,1217.0907517779799,35.899999999999999,0.043386531368097295
38.023607483546918,-998.9033639998803,1216.92385875271,35.899999999999999,0.043156971742565289
38.005106128338348,-999.07318126282644,1217.5773641559299,36.240000000000002,0.043291649261138487
37.986603453755698,-999.14442746310237,1217.5773641559299,35.909999999999997,0.043541472403694478
37.968093964995148,-999.51239306978471,1217.1489259182099,36.030000000000001,0.043653521894382395
37.949570171120875,-1000.284869210626,1215.7582301805301,36.030000000000001,0.043480055818497662
37.931032227352098,-1001.0489635140906,1215.7582301805301,35.909999999999997,0.043192496527228903
37.912484883434516,-1001.556571549324,1215.81092069279,35.909999999999997,0.043070911324866519
37.893936864824703,-1001.5930049300151,1212.8509536803899,35.899999999999999,0.042973805424759752
37.875384687341942,-1001.8175840690953,1213.6928097835601,35.899999999999999,0.043113540027515579
37.856829508932044,-1001.9796341341603,1213.6928097835601,36.280000000000001,0.043204726857346831
37.838288265176672,-1001.2271627902851,1213.2576958248301,36,0.043297401732840239
37.81976037141353,-1000.5062632097336,1210.21881225333,36.159999999999997,0.043211184025974909
37.801245828676677,-999.78530778983725,1210.21881225333,36.159999999999997,0.042867618092875884
37.782742089281371,-999.20192734675607,1211.5844740372299,36.039999999999999,0.042667224378091069
37.764229013894898,-999.70607086942152,1213.7385861562,35.890000000000001,0.04272938395449969
37.745707324809935,-1000.171210587862,1212.1080412993499,35.869999999999997,0.043070641239490969
37.727174214605121,-1000.787951060271,1212.1080412993499,35.869999999999997,0.04355307151431477
37.708629962677662,-1001.3896040825066,1210.96840035539,36.280000000000001,0.043827289091749703
37.690077305046763,-1001.8435120685137,1211.59401078153,36.280000000000001,0.044049395042705261
37.671518767666612,-1002.1610185283434,1206.6570766755401,36.030000000000001,0.044166488162964403
37.652952876976549,-1002.5580972634248,1205.2246576815401,36.030000000000001,0.04418046110280964
37.634399542585086,-1001.8800571388864,1205.83143303769,36.159999999999997,0.044274749234413463
37.615851841660472,-1001.5758499291776,1205.83143303769,35.840000000000003,0.044396093318976336
37.597322584026017,-1000.579912260549,1204.94713842239,36.329999999999998,0.044764281353399292
37.578810879753163,-999.63203073434545,1201.49364489241,36.329999999999998,0.045175852466135098
37.560308069611096,-999.15174767142662,1201.49364489241,35.960000000000001,0.045364707088435131
37.541808890592591,-998.95566699926621,1198.9230154661,35.939999999999998,0.045526461266854126
37.52331234928635,-998.81323053698713,1202.1452429467699,35.890000000000001,0.045494721792933339
37.504805679329586,-999.36017766532905,1202.2327425757301,35.890000000000001,0.045629265819809882
37.486285581770375,-1000.0852681975449,1202.2327425757301,36.240000000000002,0.045981755898979897
37.467748041575405,-1001.0271705280638,1200.08959771271,36.240000000000002,0.04647724951409269
37.449194474353092,-1001.8926300048709,1197.77789089416,35.909999999999997,0.047033361886356678
37.430643758012472,-1001.7386823935955,1197.77789089416,35.909999999999997,0.04742141605696084
37.412097798660675,-1001.4818049971354,1198.20895173656,36.259999999999998,0.047759534788708882
37.393560478877639,-1001.0152682838149,1196.58555943794,35.950000000000003,0.047956328421741759
37.37503127919279,-1000.5767829819049,1192.3378935262999,36.07,0.048155982256660582
37.356517931653023,-999.72076714739842,1194.03829503516,36.07,0.048334084246353923
37.338004915250629,-999.70288572944878,1194.03829503516,36.079999999999998,0.048635739628748738
37.319502735303772,-999.11771713028304,1193.90287326609,35.859999999999999,0.048885068135511786
37.301011612224791,-998.52064626488436,1189.8442733102199,35.939999999999998,0.049096936774556357
37.282521131759331,-998.48594513498097,1189.8442733102199,35.939999999999998,0.049236329889959816
37.26402207588152,-998.94901740168575,1186.49186926983,36.119999999999997,0.049446743607928674
37.24550733135807,-999.79620426636257,1187.4445900255,36.119999999999997,0.049658848181435518
37.226982861756888,-1000.3213584636378,1187.84036491398,35.859999999999999,0.049966173242385954
37.208441215464205,-1001.2488998050633,1187.84036491398,35.859999999999999,0.05023543826525486
37.189888122181586,-1001.8670372613605,1186.9338973681799,36.32,0.050623103357841495
37.171343292834763,-1001.4207847285932,1185.1548177188399,35.950000000000003,0.050847858394725026
37.152803614735667,-1001.1426173508804,1185.4549867457099,36.049999999999997,0.050825057553920125
37.134270758058001,-1000.7742605939854,1185.4549867457099,36.049999999999997,0.050846481071448436
37.115756923125964,-999.74708633000546,1186.5958197827099,35.859999999999999,0.050847625563466343
37.097255671396461,-999.06759339322628,1184.6400719451999,35.859999999999999,0.050995359203029188
37.078763210318485,-998.59289821089965,1183.7734203068501,35.979999999999997,0.051130697960854433
37.0602699038051,-998.63855172262504,1184.70158394594,35.979999999999997,0.051163952384367772
37.041768594127213,-999.07072260591815,1184.1165046830799,35.960000000000001,0.05126145254236885
37.023265251061787,-999.18052553292591,1183.2872847661099,35.960000000000001,0.051172057997541931
37.004755489113471,-999.52714520909035,1183.71858402712,35.890000000000001,0.051033510305938133
36.986232994951855,-1000.2146847273382,1183.71858402712,35.890000000000001,0.050906353737644669
36.967701631495046,-1000.6936266676976,1183.73575016686,36,0.050869119454405538
36.949170906511227,-1000.6591491260046,1183.73575016686,36,0.051114052118069991
36.930634619460513,-1000.9595007388851,1183.9086036573201,35.93,0.051297407808849269
36.912107829832067,-1000.4466399360714,1184.2631321266999,35.93,0.05128149977739984
36.893592559628367,-999.82459099963319,1186.73648676115,35.909999999999997,0.051205792571024651
36.875094264332219,-998.90794599183698,1186.73648676115,35.909999999999997,0.050815720527272831
36.856603407197483,-998.50628527579102,1187.10222090509,35.969999999999999,0.050611077912033488
36.838115986643224,-998.32070992994352,1189.07894958007,35.969999999999999,0.050446500796226743
36.819630918196381,-998.193696129778,1189.07894958007,35.950000000000003,0.050409574892852194
36.801145895280214,-998.19123747286949,1189.2825590708901,35.950000000000003,0.050502439129106007
36.782658832769087,-998.30137560082494,1187.5595077943201,35.880000000000003,0.050493658830414151
36.764163233133388,-998.76238032785784,1187.11867178901,35.880000000000003,0.05044329186611219
36.745660585454466,-999.1429746618536,1187.11867178901,36.009999999999998,0.05014600128480582
36.727146308661858,-999.77094680074401,1188.73681887827,36.009999999999998,0.049885066437538254
36.708636461860415,-999.53172727799108,1190.47322159686,35.920000000000002,0.049699162028958986
36.690129519750556,-999.37487393231424,1189.5603167486599,35.920000000000002,0.049628118678862937
36.671630613919817,-998.94091485996034,1189.5603167486599,36.229999999999997,0.049617183909476961
36.653142017829694,-998.38418886638601,1192.1318998494,35.909999999999997,0.049457721829696488
36.634651953354322,-998.46348167011433,1194.95835244159,36.009999999999998,0.049132760615224889
36.616162733277854,-998.41788412963774,1196.1721415724901,36.009999999999998,0.048871579481476565
36.597671168338302,-998.54450673562292,1196.1721415724901,35.880000000000003,0.048647947200954694
36.579175316211135,-998.77601486686285,1196.0212225939299,35.880000000000003,0.048455172738285701
36.560673616412416,-999.09178913086464,1197.32370344683,35.899999999999999,0.048439655867022993
36.542167219643211,-999.34542553701533,1197.3353859586,35.899999999999999,0.048388519016128173
36.523644945894951,-1000.2027824061452,1194.45719652858,35.979999999999997,0.0485007806344449
36.505125192924666,-1000.0666603954588,1194.45719652858,35.979999999999997,0.048354538154739814
36.486607245686464,-999.96915086291267,1193.6556331700799,36.020000000000003,0.047969030632997553
36.468102284190138,-999.26792080143537,1195.3267091902101,36.020000000000003,0.047414466329213006
36.449599428516173,-999.15420639428692,1195.3267091902101,35.859999999999999,0.047090226373146749
36.431103939605094,-998.75640119812522,1197.3406311679601,35.859999999999999,0.046984260484405578
36.412610445792566,-998.64866587674146,1194.2790978287601,35.969999999999999,0.047177964196860975
36.394121959391583,-998.37826565294199,1196.8475814876099,35.969999999999999,0.047318799837827989
36.375630563124638,-998.53539841518204,1198.9437578849499,36.159999999999997,0.047375708814929383
36.357128870570456,-999.09139792569215,1198.9437578849499,36.159999999999997,0.047291201638869518
36.33861587382826,-999.70182407841253,1199.2291449581601,35.880000000000003,0.047088414431194936
36.320083406235739,-1000.7532499963196,1198.3565328546199,35.880000000000003,0.046861260713606176
36.301545664254377,-1001.0380669935971,1198.3565328546199,35.93,0.046764104104974676
36.283006532532241,-1001.1131129953246,1198.704385603,35.93,0.046828347777241652
36.264464664790104,-1001.260858075521,1197.2381111667301,36.240000000000002,0.046894070179249799
36.245933256835855,-1000.6960295292292,1195.8135599867801,36.240000000000002,0.046931479333558207
36.227405980850627,-1000.4729032023896,1195.8135599867801,35.979999999999997,0.046902562798857156
36.208885707375288,-1000.0947676681983,1195.0084203491699,35.979999999999997,0.046844766994156822
36.190375497358161,-999.55134092474486,1197.24884000407,35.890000000000001,0.046687472821361889
36.171859713892736,-999.85230713315218,1200.86040507083,35.890000000000001,0.046696265536735664
36.153342286124712,-999.94109947348591,1200.86040507083,36.32,0.04683184437483804
36.134814451344418,-1000.5030781357127,1200.6477356729199,36.32,0.046967771945036582
36.116268270545611,-1001.4937631356892,1196.25010445715,36.100000000000001,0.047383728543763597
36.097716963332019,-1001.7705895337386,1195.0503820240999,36.100000000000001,0.047574728317376316
36.079157094160493,-1002.2329352624189,1195.0503820240999,35.880000000000003,0.047720310588837959
36.060598005229615,-1002.1908022674862,1194.81339392822,35.880000000000003,0.047737456239760591
36.042036907746798,-1002.2992640719343,1197.4534031693199,36.280000000000001,0.047784019262495522
36.023476786084018,-1002.2465697904319,1197.4534031693199,36.280000000000001,0.047970590075344093
36.004912440354346,-1002.4746694023366,1195.43065970309,35.920000000000002,0.048244701074986983
35.986356455832102,-1002.023164200917,1193.81203577662,36.259999999999998,0.048402491957194746
35.967812581608797,-1001.3692080583837,1193.05577195356,36.030000000000001,0.048559739560562476
35.949285434972914,-1000.4659183379093,1193.05577195356,36.030000000000001,0.048589953736332681
35.930774465410018,-999.59235639632072,1192.6578512976,36.07,0.048567864839233456
35.912265664793871,-999.47523327198121,1193.4460632140699,36.07,0.048562633905423043
35.893751869185088,-999.74496287404497,1194.5280068550101,36.259999999999998,0.048600032714226735
35.875228075311227,-1000.2848691886418,1196.2672705968901,36.259999999999998,0.04876452497812702
35.856692151476594,-1000.9398870701474,1197.1928116312999,36.259999999999998,0.048881216592898277
35.838145464659171,-1001.5210881409794,1197.1928116312999,36.259999999999998,0.049032811080207177
35.819590778814913,-1001.95303558995,1196.2326998988001,36,0.049224591084492585
35.801027090185187,-1002.4391860049844,1193.8158504743401,36,0.049368209314279765
35.782472184962856,-1001.9648820058464,1191.4206971431599,36.140000000000001,0.049498014976439866
35.763927576028571,-1001.4088824513683,1192.2952165955601,36.140000000000001,0.049620458030886487
35.745396186701285,-1000.6950236735696,1195.6972117063101,36.280000000000001,0.049593559357933997
35.726872535629546,-1000.2771578740732,1195.4268450053701,36.280000000000001,0.049567639619815577
35.708355939843322,-999.89617245581701,1196.62752111286,35.979999999999997,0.049570958236014658
35.689850018049505,-999.31977686622429,1196.62752111286,35.979999999999997,0.049498307829905157
35.671349305453234,-999.03848019887516,1195.97783040736,36.020000000000003,0.049481552296150866
35.652848184108556,-999.06055261245729,1196.2605948758801,36.020000000000003,0.049426984040786631
35.634343411980325,-999.25769492466179,1196.3707442725599,36.210000000000001,0.049434069339143426
35.615830174129691,-999.71484393395428,1196.3707442725599,36.210000000000001,0.049238647849713893
35.597294030918619,-1000.9517333981078,1198.5496519267101,35.880000000000003,0.049119943540653993
35.578760387790233,-1000.8167289327621,1198.61807806707,35.880000000000003,0.049063447449217798
35.56022471127411,-1000.9265318707617,1198.61807806707,36.359999999999999,0.04907738106519384
35.541696350814789,-1000.5314648030314,1195.4714292849801,35.950000000000003,0.049152227324626978
35.523177993793723,-999.99127913782331,1194.6822636940799,36.009999999999998,0.04919393608567553
35.504657785511107,-1000.0912472613257,1195.9251398951001,36.009999999999998,0.049174548028286497
35.48615303925294,-999.25629794077372,1195.7034105901,35.960000000000001,0.049043054586312015
35.467651152155682,-999.10190325200506,1195.7034105901,35.960000000000001,0.048800575443850608
35.449150588570376,-999.03043360641459,1199.0968226309799,35.850000000000001,0.04854671449908874
35.430650766938356,-998.99036812916938,1199.0968226309799,35.850000000000001,0.048539545391233202
35.412149067140859,-999.09178906491275,1198.00581908295,35.939999999999998,0.04849670351854761
35.393640247897551,-999.47623913863254,1197.2390648411599,35.939999999999998,0.048587296362031879
35.37513679410872,-999.18650459670653,1198.7005709052801,36.210000000000001,0.048497677260680896
35.356624082972807,-999.68640133935503,1198.24113824858,36.210000000000001,0.048311787346678084
35.338107863855662,-999.875832325999,1197.6553437298901,35.969999999999999,0.048054890293881276
35.319588390282597,-1000.0515729452851,1197.6553437298901,35.969999999999999,0.047667807796879416
35.301059626249469,-1000.5532577890583,1203.1835559825399,35.859999999999999,0.047365788160060263
35.2825333240135,-1000.4203207424724,1206.3056476480499,35.859999999999999,0.047048147145974231
35.264007522620943,-1000.3932751977133,1206.3056476480499,36.299999999999997,0.046862439358369368
35.245488425717362,-1000.0312327934832,1206.3757427186699,36.299999999999997,0.046874880792028388
35.226977474780206,-999.59135060661322,1203.24673691353,36.259999999999998,0.046875655859312269
35.208476412421028,-999.0573673955405,1203.9162163634601,36.259999999999998,0.046697060268295031
35.189981573364342,-998.72130906090536,1203.9162163634601,36.039999999999999,0.046432278015068822
35.171484336670382,-998.85078147401123,1205.5696494066301,36.039999999999999,0.046020024978992422
35.152981239888994,-999.16722619486859,1205.0782686565201,36.079999999999998,0.045743886790280873
35.134473667583933,-999.40890447345782,1206.2653549033801,36.079999999999998,0.045526035955550569
35.115961697366629,-999.64639173443061,1206.2653549033801,36.259999999999998,0.045386259962837225
35.097440618815035,-1000.1382417856905,1206.71143611806,36.259999999999998,0.045331364704315744
35.078920696137075,-1000.0758246102043,1204.59785516236,36.259999999999998,0.0453132835923142
35.060404815399799,-999.85755981279669,1205.59444494181,36.259999999999998,0.045353270449504414
35.041895729178997,-999.49065592310262,1208.19463827546,36,0.045356790850473817
35.023386948224889,-999.47417152201672,1208.19463827546,36,0.045280377894586804
35.004883923877706,-999.16331474770357,1210.39977197644,36.159999999999997,0.045094272741812921
34.986382380334497,-999.08335133323158,1213.7822167613799,36.159999999999997,0.044967539404892919
34.967887884833495,-998.7027570541959,1214.6104830039101,36.299999999999997,0.044730744425996477
34.949387173271688,-999.03842433754664,1211.4159120817101,36.299999999999997,0.044700073907701018
34.930885973282535,-999.06479941445809,1207.9259405047801,35.960000000000001,0.044707442736884782
34.912382565024593,-999.18404592880631,1207.9259405047801,35.960000000000001,0.044812908814637974
34.893867541104932,-999.81129166157621,1208.3434114865599,36.079999999999998,0.045076925304491519
34.875352160178039,-999.83057005242199,1208.3434114865599,36.079999999999998,0.045227724021293783
34.856833381992701,-1000.014022008261,1208.5408220935799,36.32,0.045281672436727032
34.838318332201133,-999.81268874439229,1208.6826811650601,36.32,0.04516769096842696
34.819811747098719,-999.35559553047631,1210.14371039196,35.920000000000002,0.044971148790556088
34.801301595030999,-999.54821165709291,1210.14371039196,35.920000000000002,0.04481932872853852
34.782791061119823,-999.56883120347413,1209.7636711315699,36.210000000000001,0.044961592389704194
34.764289224727221,-999.09916520051752,1206.50448876673,36.030000000000001,0.045168416372240047
34.745788350701254,-999.04719740207952,1204.76546344345,36.210000000000001,0.045409817248040454
34.727288729820955,-998.97952753595678,1205.4101473582,36.210000000000001,0.045446452378490473
34.708786282894984,-999.13213400268899,1210.07123113528,35.939999999999998,0.045412739534353784
34.690272876371552,-999.72395226538708,1210.07123113528,35.939999999999998,0.045388393727662374
34.671751993397713,-1000.1276805870569,1207.4090489636701,36.009999999999998,0.045450817171640255
34.6532270105346,-1000.3490746081487,1205.1953321928199,36.009999999999998,0.04570869935488988
34.634699077449419,-1000.508386599742,1205.09615005209,36.229999999999997,0.04605502717989654
34.616177336623501,-1000.1740045996061,1205.09615005209,36.229999999999997,0.04638183551579917
34.597664540633446,-999.69098346321573,1203.4071926363899,35.909999999999997,0.046673631296132979
34.579152453483886,-999.6527060761033,1200.3263473899799,35.909999999999997,0.046774281395696823
34.560654541063016,-998.88727072702295,1202.3056986696399,36.030000000000001,0.046707870856409352
34.542155680764381,-998.93845612610812,1202.3056986696399,36.030000000000001,0.04671767767510443
34.523652161781612,-999.19002506953109,1205.9537417833501,36.280000000000001,0.046877736847895916
34.50514755832598,-999.2485866042208,1205.0506120980499,36.280000000000001,0.047357728083472696
34.48663173553831,-999.85443053415258,1200.80223093059,35.969999999999999,0.047948431841135036
34.468108916448173,-1000.2322308673962,1200.80223093059,35.969999999999999,0.048398442771351115
34.449582978461535,-1000.4006512783581,1201.5093805205099,36.119999999999997,0.048575388887831444
34.431050011060471,-1000.7802396577664,1201.30720154133,36.119999999999997,0.048507152948927414
34.412510132210059,-1001.1534579221091,1202.66976388332,36.259999999999998,0.048369217869405921
34.393961781428402,-1001.6109422092934,1202.66976388332,36.259999999999998,0.048311084721132512
34.375404315069147,-1002.103183399774,1200.3823757627499,35.93,0.048506148160305781
34.356864858418497,-1001.1306591353828,1199.3023394706699,35.93,0.048970198261016444
34.33832741549395,-1001.0219179253634,1197.19829525927,36.140000000000001,0.049378506635369822
34.319801048065464,-1000.4238411383531,1197.51419991424,36.140000000000001,0.049592678743866678
34.301283199133167,-999.96384234392372,1197.51419991424,36.280000000000001,0.049586773126167015
34.282764017375236,-1000.0358149283359,1197.63102503193,36.280000000000001,0.049358906434067533
34.264237799992593,-1000.4157386625799,1198.9506720245699,36,0.049273359276675699
34.245703559782804,-1000.8489713288133,1198.9506720245699,36,0.04926750022657124
34.227166771888868,-1000.9865462726522,1200.5471230205401,36.240000000000002,0.049374997620684404
34.20863180421243,-1000.8882545276174,1199.48210710074,36.240000000000002,0.04960573278696178
34.190098070022266,-1000.8216462685627,1194.5404046225999,36.210000000000001,0.049756528397100007
34.171552831928466,-1001.4428570652311,1191.1870469077901,36.210000000000001,0.049814305580950353
34.15301443284573,-1001.0735504678934,1191.1870469077901,36.049999999999997,0.049559304283675214
34.134475053804884,-1001.1264682057025,1193.01834023217,36.049999999999997,0.049187601024495667
34.115943847638256,-1000.6851329977439,1202.18052890069,36.32,0.048821471221151505
34.097411912969093,-1000.7244721348205,1200.88853846652,36.32,0.048709035750357225
34.078889574027095,-1000.2063028679778,1200.3025055292301,36.030000000000001,0.048956646482385242
34.060378045671378,-999.62253120873208,1198.65789397453,36.030000000000001,0.049250527388161117
34.041874643622286,-999.18371065091446,1197.8308198250299,36.140000000000001,0.049370487947111324
34.023374367712201,-999.01489914469983,1197.8308198250299,36.140000000000001,0.049386152787141362
34.00488021059148,-998.68448451900963,1200.25506022633,36.280000000000001,0.04911959895783314
33.98638077804582,-998.96935746555175,1199.7627258017901,36.280000000000001,0.048814567013502279
33.967870483175162,-999.55592301562967,1197.91974996564,36.030000000000001,0.048596253614165766
33.949354212317253,-999.87862632675103,1199.21221723702,35.920000000000002,0.048337061372147293
33.930830931704918,-1000.2571530661149,1200.5821705558501,36.259999999999998,0.048165931884601741
33.912316986049483,-999.75306539378607,1201.9750120609999,36.259999999999998,0.047965434689936026
33.893795530829635,-1000.1585818715405,1202.96278035197,36.170000000000002,0.047878897229746135
33.875270677316067,-1000.3420897326763,1202.96278035197,36.170000000000002,0.04781512026321845
33.856755393660613,-999.82531739476167,1201.303148425,35.880000000000003,0.047755855028820612
33.838251615977732,-999.2039948754358,1202.8054240710001,35.880000000000003,0.047533874301544418
33.819757737219561,-998.66945294115669,1205.93204569007,36.310000000000002,0.047325966879798759
33.80127307855436,-998.17156792081926,1205.6552416867301,36.310000000000002,0.047062571265159475
33.782789179434523,-998.13055247122725,1206.0755736917899,36.119999999999997,0.046758350604910542
33.764299433677806,-998.44627086290848,1206.0755736917899,36.119999999999997,0.04644547589149773
33.745807881156772,-998.54383613587129,1207.28459445054,35.890000000000001,0.046126780412698826
33.727306006476596,-999.10123272919736,1208.9201460981501,35.890000000000001,0.046027200292644475
33.708804189744406,-999.09810353848923,1207.5180062673101,36.280000000000001,0.04611682560508442
33.690300131630849,-999.21913813197807,1204.1756158084399,36.280000000000001,0.046202405868539152
33.671794047371854,-999.32854998571702,1209.55267066391,36.140000000000001,0.046066718387574188
33.653279758161752,-999.77161734553556,1213.72714206304,36.140000000000001,0.045698675227671418
33.634762342812238,-999.94042887373439,1213.72714206304,35.93,0.04532973488713344
33.616242323898931,-1000.0810213186002,1215.38057510621,35.93,0.04519800759042323
33.597727234785332,-999.81481213440065,1212.9782692168101,36.170000000000002,0.045112983013941114
33.579216614986557,-999.5734691337035,1210.44173365137,36.170000000000002,0.045230103032838198
33.560700532463088,-999.86845626733805,1211.12599505496,36.299999999999997,0.045406916696365596
33.542190653582928,-999.53345952877896,1211.2049116140499,36.299999999999997,0.045414331056436399
33.523684646934555,-999.32435901206884,1210.9307302154,36.07,0.045263897624863526
33.505179732002574,-999.26540632716649,1210.9307302154,36.07,0.04478983684686403
33.486665344486561,-999.77692586452486,1212.89410744835,36.090000000000003,0.044370259472729427
33.468145916445607,-1000.0491142114329,1213.9610307170201,36.090000000000003,0.044104166123822647
33.449620491721113,-1000.3729351228553,1214.8875254258501,36.299999999999997,0.044196612308172685
33.431083302323515,-1001.0082274700698,1213.7424008539199,36.299999999999997,0.044531157865966724
33.412543435891216,-1001.1527873443413,1213.7424008539199,36.07,0.044878438738229678
33.394011546754363,-1000.7220133899762,1213.8654248554001,36.07,0.044996040975016457
33.375485115166811,-1000.427305727865,1216.98465549763,36.119999999999997,0.044892603122632969
33.35695518801613,-1000.616066136741,1216.98465549763,36.119999999999997,0.044649414093190655
33.338433349918368,-1000.1792572792505,1216.34473995504,36.280000000000001,0.044563510971172206
33.319910549455592,-1000.2312249897525,1215.3259772450899,36.280000000000001,0.044661463343796566
33.301388755854454,-1000.1768544616868,1215.0281924042899,36.049999999999997,0.045052781285013097
33.282860966606066,-1000.5006194128526,1215.0281924042899,36.049999999999997,0.045598119293492355
33.264337062007577,-1000.2908483183745,1212.33501581371,36.100000000000001,0.045866490241779419
33.245804004577778,-1000.7851012091821,1213.52448624664,36.100000000000001,0.04595131406144648
33.227270439060625,-1000.8125379261379,1212.25752976627,36.32,0.045772280748957533
33.208734502808497,-1000.9405576149391,1210.0490582047801,36.32,0.045631492720843214
33.190200347453256,-1000.8443891829684,1211.6054548746899,36.009999999999998,0.045733675356176992
33.17166843244572,-1000.7234104068405,1211.6054548746899,36.009999999999998,0.046012487473747463
33.15313217851002,-1000.9577125278405,1213.3044258719001,36.159999999999997,0.046476436159240665
33.134597964170304,-1000.8475743449252,1211.1808313346901,36.159999999999997,0.04704739380905415
33.116070772003525,-1000.4683770058097,1211.1808313346901,36.299999999999997,0.047358028175778666
33.097544671553138,-1000.4094243209071,1207.6996812462401,36.299999999999997,0.047455341036257891
33.079010255427221,-1000.8584707994664,1209.4098579180099,35.909999999999997,0.047517048402317907
33.060470272062872,-1001.159101675022,1209.65519066515,35.909999999999997,0.047630088196414552
33.04193120553203,-1001.1095926653962,1205.9794909929601,36.240000000000002,0.048055275237483042
33.023387921145797,-1001.3373568565132,1205.9794909929601,36.240000000000002,0.048582580773547393
33.00484151993323,-1001.5056654788659,1201.98287987505,36.25,0.049117026436253014
32.986307740211167,-1000.824104991423,1201.98287987505,36.25,0.049374736848176511
32.967785226387711,-1000.2157464663105,1201.24425902894,35.909999999999997,0.049265788661703842
32.949265947357937,-1000.0410676079804,1202.6223185804299,35.909999999999997,0.048911117221547541
32.930741451887705,-1000.3227553925659,1201.5439512185999,36.240000000000002,0.048705914781662939
32.912211582685202,-1000.6129369350409,1200.58860785825,36.240000000000002,0.049015035234078179
32.893685424286431,-1000.4125535335993,1200.58860785825,36.140000000000001,0.049521862012922573
32.875160395892635,-1000.351533265057,1198.61140234606,36.140000000000001,0.050101738626691143
32.856633528653163,-1000.4508309317036,1199.8561858959399,35.920000000000002,0.050441217096149051
32.838106512402511,-1000.4588775351561,1202.7768138381,35.920000000000002,0.050608512637029153
32.819582672996333,-1000.2873279334862,1200.4262447865301,36.259999999999998,0.050624606922982061
32.801057222402576,-1000.3743320627754,1196.24295189893,36.259999999999998,0.050664943536763263
32.782533466816076,-1000.2828016709541,1197.5108620537401,35.93,0.050802575423421419
32.764008679530924,-1000.3385133985231,1197.0478531179299,36.140000000000001,0.051010222068384514
32.745479636101173,-1000.568345206256,1195.6416601707499,35.890000000000001,0.051347518138315978
32.726960090092689,-1000.0554844584022,1195.6416601707499,35.890000000000001,0.051537518286695866
32.708440220190148,-1000.0729747371315,1192.1342840354801,36.310000000000002,0.051447216219393022
32.689924533996361,-999.84705446449971,1193.38192860865,36.310000000000002,0.051237227813134827
32.671409873291367,-999.79167806978251,1193.5018531682299,36.159999999999997,0.051064100117938438
32.652892835645794,-999.92003286060344,1193.5018531682299,36.159999999999997,0.051144471183646109
32.634365078475518,-1000.4988871950407,1190.9872521146799,35.869999999999997,0.051548039123937822
32.615834892623305,-1000.6300360195899,1190.32206419969,35.869999999999997,0.051848507586020616
32.5973036730039,-1000.6858594478323,1191.31603137446,36.310000000000002,0.052107345935403906
32.578783288805162,-1000.1007467319789,1193.89214442875,36.310000000000002,0.052011774644279835
32.56025605835061,-1000.4704445454813,1193.58673019251,36.119999999999997,0.05170428193868392
32.541723169593823,-1000.7759928667573,1191.2802685833301,36.119999999999997,0.051527505535583613
32.523187525156821,-1000.9247995979897,1191.95237063794,35.869999999999997,0.051385671312605692
32.50465807918895,-1000.590082265002,1191.95237063794,35.869999999999997,0.051466548400390305
32.486131472719741,-1000.4367493371898,1195.4716677035899,36.229999999999997,0.051575515209748519
32.467608075175356,-1000.2634673967956,1195.4716677035899,36.229999999999997,0.051625114344182391
32.449089757477751,-999.98915567087101,1193.0064193018,36.170000000000002,0.051601991681521936
32.430578566466622,-999.60431460082657,1193.0064193018,36.170000000000002,0.051328499492836979
32.412064711873974,-999.74814800302568,1191.7184819839599,35.869999999999997,0.051081559315574898
32.393552345327393,-999.66779351528487,1193.29323688665,35.869999999999997,0.051040918462044414
32.375047085806074,-999.28401415123665,1193.29323688665,36.310000000000002,0.050982357933325798
32.356544054217409,-999.16370578799638,1194.1076748499499,36.310000000000002,0.051179061542106968
32.338046714041937,-998.85636947551541,1193.8766472192599,36.020000000000003,0.05122188168727853
32.31954801517157,-998.92973899984781,1194.31509903849,36.020000000000003,0.051139661417970619
32.301052111305076,-998.77880879067095,1196.6816421367701,35.880000000000003,0.050905364464430322
32.282552262768107,-998.99182099637017,1196.6816421367701,35.880000000000003,0.050413832071298223
32.264047990449434,-999.23070520825524,1197.9605195475201,36.280000000000001,0.050234506940016584
32.245541054548021,-999.37453867640625,1197.94263815196,36.280000000000001,0.050244510381314514
32.227028721116056,-999.66600532622442,1197.94263815196,36.039999999999999,0.050439451713243114
32.208520148156786,-999.46293980057567,1200.2669811567,36.039999999999999,0.050596937332631653
32.190010295145676,-999.53206259985097,1201.30577102968,35.869999999999997,0.050574821523866935
32.171517307353184,-998.62134079450709,1200.70710190619,35.869999999999997,0.050363676206262691
32.153027555387816,-998.44660612980829,1198.77448067361,36.280000000000001,0.050005796881656434
32.134537788935809,-998.44738840824925,1198.77448067361,36.280000000000001,0.049688165183491402
32.116045476869004,-998.58485160744704,1198.1100080144399,35.950000000000003,0.049622775990233459
32.097559090082548,-998.26488646872531,1199.9689578973,35.950000000000003,0.049688002716890715
32.079070143195061,-998.40313192437986,1203.0946258419301,35.899999999999999,0.049786383494455119
32.060577213350548,-998.61821160379907,1202.75869402393,35.899999999999999,0.049866618998917381
32.042079996317192,-998.84971980099101,1201.89871810659,36.210000000000001,0.049609914422094344
32.023576173103834,-999.20645352135216,1203.0478957948601,36.210000000000001,0.049369119935684616
32.005067885749419,-999.44751713846222,1203.0478957948601,35.859999999999999,0.049224319969940422
31.986556311861797,-999.62498993159238,1205.98735880701,35.859999999999999,0.049275757957584487
31.968045685854584,-999.5738043896115,1208.03465938981,35.909999999999997,0.049513499774887386
31.949539698866619,-999.32329735004078,1208.02965259905,35.909999999999997,0.049734281172904737
31.931038823806187,-999.04725326340804,1205.3815371252899,36.189999999999998,0.04972498036325905
31.912529784150539,-999.48814140486559,1205.3815371252899,36.189999999999998,0.049651843598940988
31.894025985772785,-999.20511239879272,1204.3055539495399,35.890000000000001,0.049395685396630022
31.875528937412238,-998.84061146955821,1204.3055539495399,35.890000000000001,0.049224139917162353
31.857034605409861,-998.69392812833428,1203.10702360952,36,0.049285996289512086
31.838535939653088,-998.92795086574722,1202.26492908775,36,0.049424103156237034
31.82003160938644,-999.23383439896327,1202.6342395107999,36.07,0.049565779043162464
31.801528350139471,-999.17599933634563,1202.6342395107999,36.07,0.049439336479981222
31.783012943341891,-999.83196706928618,1205.0732618657701,35.869999999999997,0.049145082017701784
31.764488791425915,-1000.3042034628004,1204.9414163758099,35.869999999999997,0.048882119983401119
31.745959826641872,-1000.564098338303,1207.8513154806301,35.920000000000002,0.048834943317575277
31.72741202740972,-1001.5811585361027,1207.8513154806301,35.920000000000002,0.04908773012968478
31.708855095008705,-1002.0743496549622,1206.53715211596,36.32,0.049559449160638064
31.690302124867799,-1001.8603876088199,1206.53715211596,36.32,0.049957217031642
31.671754170416033,-1001.5895403954631,1205.59921331396,36,0.050132794103244359
31.653219936416107,-1000.8486359959613,1205.59921331396,36,0.049983095373492686
31.634697747519752,-1000.1982004031966,1203.1134609119199,35.880000000000003,0.049574504499728056
31.61617404367421,-1000.2800076592099,1203.1134609119199,35.880000000000003,0.049344035275046924
31.597656700760531,-999.93651733863328,1201.88751243204,36.310000000000002,0.049282303078879958
31.579130366444417,-1000.4220530702046,1199.6995448708001,36.310000000000002,0.049726357684907192
31.560603681330932,-1000.4409961281985,1200.0252246886801,36.210000000000001,0.050112844138633747
31.542069434912289,-1000.849306606705,1200.55785185788,36.210000000000001,0.050202796447106492
31.523531056527275,-1001.0724327906487,1201.3343812625899,35.909999999999997,0.050063863812104488
31.504982198691316,-1001.6383231418645,1201.23829856375,35.909999999999997,0.049677667108028963
31.486432262592768,-1001.6965493217185,1201.23829856375,36.210000000000001,0.049462114566741704
31.467884145676638,-1001.598313470988,1197.90091489564,36.210000000000001,0.049602063372781779
31.449332988509916,-1001.7624870030055,1197.1835133056099,36.310000000000002,0.050030623869529389
31.43078540451857,-1001.569535532545,1197.83558819718,36.310000000000002,0.050634397190783019
31.41224284759878,-1001.2980736687012,1198.92539965217,36.049999999999997,0.05102359586073308
31.393705456413567,-1001.0191240015552,1199.16357984109,36.049999999999997,0.051046117315915206
31.375175451653078,-1000.6202570664212,1194.8684686265501,36.049999999999997,0.050860170486369816
31.356652022028346,-1000.2651997355196,1194.49939662211,36.049999999999997,0.050460950781005771
31.338129007360457,-1000.2427920660297,1193.9369671269601,36.32,0.050172963078893858
31.319610455797729,-1000.0017843871922,1193.9369671269601,36.32,0.050041277171734053
31.301080970507414,-1000.5922056769946,1194.4722169008501,36.280000000000001,0.050208359541966958
31.282550303472799,-1000.656019869345,1194.4722169008501,36.280000000000001,0.050514086876666704
31.264019616776551,-1000.6570815973251,1190.80009350778,35.969999999999999,0.050648675402811025
31.24549062508634,-1000.5655512714558,1190.80009350778,35.969999999999999,0.050453501233109967
31.226963777508697,-1000.4497691927314,1194.51608592464,36.07,0.050111678950721078
31.208428699108651,-1000.89423360239,1194.51608592464,36.07,0.049893338650711078
31.189897453619785,-1000.6872563987444,1191.1014546276899,36.310000000000002,0.049907116009750507
31.171364935322401,-1000.7559880587992,1191.1014546276899,36.310000000000002,0.050147555557046225
31.152842400802445,-1000.2168640776033,1191.6064252384199,35.899999999999999,0.050312381026846938
31.13433223010756,-999.54921752374435,1191.6064252384199,35.899999999999999,0.050378760531859378
31.115829608299933,-999.14157761201363,1192.73486050783,36.079999999999998,0.050064596449465808
31.097322093943252,-999.40577526076572,1192.73486050783,36.079999999999998,0.049663375446071321
31.078818003750772,-999.2208703937581,1192.3054685956799,35.899999999999999,0.049313044998745122
31.060304188480163,-999.74602461301708,1192.7153101820099,36.229999999999997,0.049167486529231606
31.041786163630931,-999.97334185854504,1191.2778843972501,35.899999999999999,0.04934439849866621
31.023264851213614,-1000.1508705349878,1190.3137195484301,35.899999999999999,0.049591234165853017
31.004738451706206,-1000.425573400133,1188.9981256721201,35.979999999999997,0.049606200513124796
30.986218887070351,-1000.0564903360458,1190.01259684713,35.979999999999997,0.049341584869057244
30.967702206430801,-999.90075453570978,1190.01259684713,36.159999999999997,0.048923043328607745
30.949189430102575,-999.6899217242435,1191.45884412036,36.159999999999997,0.048503363506822175
30.930682403138164,-999.37945607815902,1190.99798095202,35.880000000000003,0.048497448571165967
30.912181703995078,-999.03775372680275,1190.99798095202,35.880000000000003,0.048614370944390251
30.893668966988887,-999.68779833423503,1191.5229787257899,35.950000000000003,0.048908706130674169
30.87516524725439,-999.20086566274381,1191.9859876615999,35.950000000000003,0.048967377385035246
30.856656700165399,-999.46154280569556,1194.0077774534,36.119999999999997,0.04865042141398139
30.838142365424609,-999.77407600244396,1194.0077774534,36.119999999999997,0.048233892564767199
30.819621299290315,-1000.1375712518909,1194.6660512287699,35.850000000000001,0.047799703769040157
30.801081907832177,-1001.1271387395021,1193.8666336377401,35.850000000000001,0.047830260467242453
30.78254161195558,-1001.1759773362401,1194.7285169039401,35.969999999999999,0.048022654114008106
30.764007242396243,-1000.8559562042856,1194.8119634165701,35.969999999999999,0.048251952973138883
30.745492737946758,-999.78324027214956,1194.8119634165701,36.140000000000001,0.048447221312499386
30.726989323480172,-999.18438119570601,1194.84414992859,36.140000000000001,0.048309702219200459
30.708499720527403,-998.43855944941174,1191.0866726740201,35.840000000000003,0.047914625871985722
30.69000631053455,-998.64413961420928,1191.0866726740201,35.840000000000003,0.047460073194770712
30.671514458954455,-998.55998532501701,1193.9040653591201,35.969999999999999,0.046985857184940104
30.653010134895233,-999.23349919801524,1196.1838240842601,35.969999999999999,0.04696977945415598
30.634498762795232,-999.61409340010709,1200.49967771765,36.210000000000001,0.047185049494199986
30.615983056939612,-999.84811620347205,1198.69770988199,36.210000000000001,0.047299376589764186
30.597454851699915,-1000.5230829436712,1198.69770988199,35.920000000000002,0.04740910397956493
30.578924911096454,-1000.6167925868293,1199.4692324959301,35.920000000000002,0.047309175132910421
30.56039546512838,-1000.5900822759941,1199.1063593752799,36.039999999999999,0.047152676721055019
30.541872002391479,-1000.266987792676,1195.78947970742,36.039999999999999,0.047080719638004753
30.523352437755626,-1000.0564903360458,1196.2963576670099,36.280000000000001,0.047062280483889163
30.504849822156846,-999.14124233412178,1198.4614370419299,36.280000000000001,0.047111633342427156
30.4863509163259,-998.9409148709525,1200.20618441179,35.950000000000003,0.047185439613607438
30.467873194978893,-997.79695273854031,1199.25417891195,35.950000000000003,0.047114931250518147
30.449394123214773,-997.8698752623236,1199.25417891195,36.090000000000003,0.046959355884688178
30.43091940279632,-997.63490259653167,1197.43528335515,36.090000000000003,0.046735475253022123
30.412439142043155,-997.93408067083828,1199.08680904946,36.299999999999997,0.046614281216342458
30.393940587011212,-998.92197172502256,1199.08680904946,36.299999999999997,0.046586399488185465
30.375426459229576,-999.76290020828321,1201.0220528867301,35.899999999999999,0.046565876239839959
30.35689286266777,-1000.8142143375812,1207.05618942454,35.899999999999999,0.046597846471603116
30.338353561237138,-1001.1222772540383,1204.2562012977801,36.030000000000001,0.046564862132243999
30.319812662071708,-1001.2085549332392,1204.2562012977801,36.030000000000001,0.046617797477807213
30.301276530241829,-1000.9511188135727,1201.2113572610999,36.259999999999998,0.046701504747519801
30.282749547106196,-1000.4570893241118,1200.43029790286,36.259999999999998,0.046815206813301993
30.264247223320918,-999.12548440510841,1200.6458283240599,35.960000000000001,0.046847504048425942
30.24575623683582,-998.51327019523126,1202.1910193194201,35.960000000000001,0.046972064303572494
30.227275917100009,-997.93726573386721,1202.1910193194201,36.140000000000001,0.047040527889583739
30.208803042769127,-997.53521386760849,1201.3744355886499,36.090000000000003,0.047014039010288403
30.190317967078958,-998.19408726899849,1199.68738552182,36.280000000000001,0.046887433980506474
30.171826168274091,-998.55713546293612,1199.68738552182,36.280000000000001,0.04664903196534146
30.153316237653172,-999.53625352953134,1198.5818384387301,36,0.046659934646238473
30.134795497481459,-1000.1199692724883,1198.5818384387301,36,0.046894044307956462
30.116265674845739,-1000.610422328868,1195.69649645048,36.079999999999998,0.047161208673691564
30.097728549606195,-1001.004762935518,1198.2511518301001,36.079999999999998,0.047301732833015302
30.079179782834451,-1001.63340567416,1198.2511518301001,36.329999999999998,0.047318782245136824
30.060646945817396,-1000.7731989209652,1200.0721931543601,36.329999999999998,0.047275729271963475
30.042114011529513,-1000.7784515456497,1198.4495161115501,35.93,0.047237467439951622
30.023595654508647,-999.9912791268315,1195.6016058446901,35.93,0.047285462630939183
30.005096911141859,-998.93214180641951,1195.6016058446901,36.009999999999998,0.047509226327502263
29.986606632463001,-998.47504865845565,1196.86498604595,36.009999999999998,0.047992494786470823
29.968106472450696,-999.00864066435588,1194.6734422055999,36.280000000000001,0.048427474168756597
29.949600971820942,-999.29703400677852,1195.06754816384,36.280000000000001,0.04857895378847573
29.931088969524716,-999.64812399621053,1195.06754816384,35.939999999999998,0.048439545144637428
29.912564058064188,-1000.3452188684242,1197.80554745263,35.939999999999998,0.048202907455314643
29.894021684303841,-1001.2881830588275,1199.4043826346899,36.039999999999999,0.048013990745533891
29.875457403767903,-1002.4711489405043,1196.77700957978,36.039999999999999,0.048004979681468121
29.856900132985182,-1002.0926222670923,1195.11141718762,36.280000000000001,0.048214599694204448
29.838336561288934,-1002.4328715973598,1192.7896967875599,36.280000000000001,0.04846706573032656
29.819775554869114,-1002.2943466701815,1191.42141239898,35.960000000000001,0.048765497700243694
29.801229679335773,-1001.4772788005555,1191.42141239898,35.960000000000001,0.048855763553598268
29.782696836111292,-1000.7735341219131,1193.1783191178199,36.039999999999999,0.048603839757979585
29.764178719164189,-999.97831514361008,1193.7736503808101,36.119999999999997,0.048363844145280083
29.745670153449254,-999.46254860639522,1191.1224354651499,36.299999999999997,0.048351253690268235
29.727168239445621,-999.10335619614978,1191.1224354651499,36.299999999999997,0.048508953513755247
29.708667812455626,-999.02305745981778,1190.66681750617,35.979999999999997,0.048785195163824138
29.690156252019765,-999.62426353646401,1192.3932066432501,35.979999999999997,0.048978525319775972
29.671617729796331,-1001.0802000654739,1193.68400498438,36.189999999999998,0.049207366793159561
29.653075921038266,-1001.2576729355484,1193.68400498438,36.189999999999998,0.04923380290130229
29.634528233566634,-1001.5751234680972,1194.9841016512,36.310000000000002,0.049064113862850652
29.615986762154382,-1001.2394562616906,1194.9841016512,36.310000000000002,0.048751164645071648
29.597451267764043,-1000.9166970782484,1197.1172329327101,35.960000000000001,0.0484845414753967
29.578922497522264,-1000.5535930559581,1197.1172329327101,35.960000000000001,0.048478241597156496
29.560410773588998,-999.63309239637374,1193.4572688886201,36.140000000000001,0.048668382480551928
29.541908405307506,-999.12788720068806,1191.9974317547601,36.140000000000001,0.048773060031931603
29.523412429003752,-998.78272040271611,1195.9368224068701,36.280000000000001,0.048833124135765009
29.504918603019789,-998.666603134036,1195.9368224068701,36.280000000000001,0.048589959949660748
29.486431118307483,-998.3241744644954,1201.94067978152,35.979999999999997,0.048259569121847562
29.467931659892564,-998.97075440547178,1201.94067978152,35.979999999999997,0.048019019886838876
29.449432312199832,-998.96477540764295,1202.94418370058,36.140000000000001,0.047778443749528249
29.4309125002471,-1000.0698454474956,1201.7134668485501,36.039999999999999,0.047820266332298411
29.412390791500105,-1000.1722723378261,1201.9044401531701,36.259999999999998,0.047994575779329141
29.393869310409983,-1000.1599788664206,1202.01077485213,36.259999999999998,0.048150217369294687
29.375343281361779,-1000.4055686031667,1199.3686198435601,35.93,0.048324907617572764
29.356827100531994,-999.87376480831119,1201.09620107367,35.93,0.048314651677483784
29.338325648050763,-999.07843398643911,1204.1539197151601,36,0.04808850172870361
29.319834752629475,-998.50835274951089,1204.1539197151601,36,0.047806280980045919
29.301352152186602,-998.06042391522033,1210.2898609983799,36.189999999999998,0.047486847682787561
29.282871572714988,-997.95129146705256,1210.2898609983799,36.189999999999998,0.047450461944464561
29.264386127598666,-998.21403628157987,1209.5605384779601,35.909999999999997,0.047692275710611944
29.245902182948143,-998.13301112813554,1206.7729481188001,35.909999999999997,0.047975923451309466
29.227406083502473,-998.78937006624858,1211.1946596139301,35.979999999999997,0.048033512297062236
29.208899277986294,-999.36749787365329,1212.3149886506801,35.979999999999997,0.047828557173242109
29.190381934038349,-999.93657318896987,1212.3149886506801,36.119999999999997,0.047505394450996247
29.17184582911484,-1000.9496658694279,1211.88821934321,36.119999999999997,0.047311550004543082
29.153297783599875,-1001.5944578082078,1209.9868309482099,35.869999999999997,0.047241544559512912
29.134754085292695,-1001.3597085877304,1209.87882731901,35.869999999999997,0.047300212706599287
29.116216972470237,-1001.0040924127103,1211.69414659669,35.960000000000001,0.047389594839018952
29.097704352397724,-999.68148391561851,1212.82878074989,35.960000000000001,0.047391284671690549
29.079201444984019,-999.15700034007898,1210.79816946962,36.210000000000001,0.047284606845350373
29.060701726832082,-998.98478020460925,1212.3383536742199,36.210000000000001,0.04705362125736226
29.042210278826008,-998.53819232799822,1212.3383536742199,35.909999999999997,0.04669928199331911
29.023706103779183,-999.22545252861062,1215.08207500959,35.909999999999997,0.046501670860230014
29.005188858136943,-999.93126468097284,1216.9994374513001,36,0.04648376256236942
28.986658730233316,-1000.6269067959058,1216.9994374513001,36,0.046526681016094411
28.968110502593781,-1001.6042925347689,1215.9215469266801,36.210000000000001,0.046453169655714853
28.949553836137007,-1002.0599886658689,1215.9215469266801,36.210000000000001,0.046291286122254076
28.930991063308568,-1002.3897327357754,1215.6120795741199,35.880000000000003,0.046154619710729698
28.912424314766621,-1002.6044212649819,1215.7331962267399,35.880000000000003,0.046064341442728758
28.893878250900066,-1001.4874487940164,1216.3087387452999,36.329999999999998,0.045892106779299384
28.875343964124713,-1000.8514858690341,1217.4603006196401,35.950000000000003,0.045808342594654883
28.856820605902367,-1000.2613440067871,1217.2211667562899,35.979999999999997,0.04569889770711516
28.838316508465347,-999.2212615989306,1211.4464296634701,35.979999999999997,0.045703883384028539
28.819829134477668,-998.31819533476266,1211.77878520236,36.009999999999998,0.045685943011927868
28.801337290140893,-998.55959418579641,1211.77878520236,36.009999999999998,0.045506259838532181
28.782837247061657,-999.00232627871515,1215.09590328883,35.840000000000003,0.045455977737942903
28.764315349981448,-1000.1824423312872,1215.09590328883,35.840000000000003,0.045575406397823287
28.745771182907532,-1001.3850219916217,1214.76378616855,35.93,0.045874601021802824
28.727217913708586,-1001.8765367430058,1212.87551079697,35.93,0.046138641320932497
28.708658357046861,-1002.2160597331048,1214.4006746292901,36.170000000000002,0.046241498652572412
28.690106964980146,-1001.7751716026394,1213.73000308633,36.170000000000002,0.046305429809337724
28.671560537897502,-1001.507062462754,1213.73000308633,35.969999999999999,0.046348051271924776
28.653011043659319,-1001.6726888619721,1210.3332531849401,35.969999999999999,0.046338503150082158
28.634470371116095,-1001.1963173341542,1209.56196898961,35.869999999999997,0.046480395313301039
28.615936729022177,-1000.8166730714336,1209.56196898961,35.869999999999997,0.046582986707212268
28.597418131927139,-1000.0042431320365,1205.3739077298501,36.32,0.04695685891212107
28.578910435447114,-999.41560992137499,1205.3739077298501,36.32,0.047370960112239777
28.560406748826011,-999.19907753963525,1199.1514204921,36.210000000000001,0.047444853313424608
28.541905217700094,-999.08268079943173,1201.6417028476801,36.210000000000001,0.047388096439302752
28.523393709004786,-999.62146954670379,1203.14230956344,35.950000000000003,0.047142498404616706
28.504860196262857,-1000.8096880640571,1203.14230956344,35.950000000000003,0.047128284346564846
28.486303171764174,-1002.0793229290352,1199.1223334219901,36.159999999999997,0.047469505415165182
28.46772948486916,-1002.9790923305733,1199.84736440746,36.159999999999997,0.047825628680114488
28.449150451148256,-1003.2678209289038,1199.6926307311801,36.280000000000001,0.048282903931067489
28.430587581048378,-1002.3949853934359,1199.6926307311801,36.280000000000001,0.048624187091016097
28.412039099881486,-1001.6179830120466,1199.0307806767,36.049999999999997,0.048898694417898514
28.3935135975482,-1000.3771259975756,1196.6921325554999,36.049999999999997,0.049007060011229071
28.375006707177874,-999.37207999751411,1192.8955546493,36.100000000000001,0.049027495291640528
28.356504305782785,-999.12967533478866,1192.90413771917,36.100000000000001,0.049016116606792545
28.338000859237074,-999.18611346847797,1195.4640383081501,36.299999999999997,0.04918641307236081
28.319503362807311,-998.86480720719658,1194.9895852791799,36.299999999999997,0.049316728902005585
28.300998499617304,-999.26261226046245,1194.9895852791799,35.950000000000003,0.049584498632229433
28.282495006505012,-999.18862806365905,1191.68724914637,36.210000000000001,0.049733216354544932
28.263972881767927,-1000.1947358026927,1187.1103271377499,36,0.049885562101490033
28.245433288522168,-1001.1380352709876,1188.39683394394,36,0.05001296392708765
28.226885086753114,-1001.6028955288969,1188.39683394394,36.159999999999997,0.050141933476280195
28.208323996513617,-1002.2988729327137,1187.8916249146,36.159999999999997,0.050302650775756595
28.189769551779015,-1001.9400156684563,1187.19520416203,36.310000000000002,0.050614721450238376
28.171234310915018,-1000.903006655931,1186.67640527206,36.310000000000002,0.050760737314455524
28.152713850140735,-1000.1048818113226,1186.67640527206,35.920000000000002,0.050840340558844441
28.134200158011023,-999.7393750044447,1187.5154003519301,35.920000000000002,0.050849724148405162
28.115696547966682,-999.19494239433971,1186.8304236925201,36.009999999999998,0.050926139162848945
28.097195433866549,-999.06016140728468,1184.37113575591,36.009999999999998,0.05120382230299457
28.078694539144486,-999.04831499138834,1186.4878161535,36.189999999999998,0.051421271634883213
28.060188324501475,-999.33559072251819,1186.4878161535,36.189999999999998,0.051546978457906657
28.041673112246976,-999.82146174297327,1188.07997561454,35.880000000000003,0.051690819152481589
28.023152274803621,-1000.1252219411407,1188.07997561454,35.880000000000003,0.051668623665784105
28.004620470521118,-1000.7174312551234,1187.1265396030601,35.939999999999998,0.05172637808826204
27.986085378667887,-1000.8949600744623,1184.5194321297899,35.939999999999998,0.051792197761504781
27.967539990527222,-1001.4509595959646,1182.9561213202601,36.049999999999997,0.051951210742282455
27.948999708105035,-1001.1752507982159,1182.9561213202601,36.049999999999997,0.052239647544211391
27.930471041343342,-1000.5480051313978,1183.72549816674,35.899999999999999,0.052533064866178668
27.911962838843273,-999.44293500360936,1183.72549816674,35.899999999999999,0.052564032376222723
27.893473626011136,-998.41749293545729,1185.1588708351701,35.899999999999999,0.052562347718339043
27.875002797486509,-997.42474032985729,1185.1588708351701,35.899999999999999,0.052270872722745526
27.856536432065418,-997.183732738956,1185.37702386105,36,0.052210549923891666
27.838050136341955,-998.25996906697253,1185.8114225639599,36,0.052182311197453222
27.819550158455645,-998.99880586085055,1187.4386295603099,35.939999999999998,0.052266409623892091
27.801044729227254,-999.29317833300604,1186.4356024784599,35.939999999999998,0.052460230262290457
27.782533285726089,-999.61794906288742,1186.4356024784599,35.909999999999997,0.05252578709347655
27.764020353141944,-999.69835954386053,1185.3562814422,35.909999999999997,0.052503062827400832
27.745503886706086,-999.88918753637654,1185.5782491657999,35.950000000000003,0.052187991223345553
27.726985354803766,-1000.0007227251641,1186.7259963424201,35.950000000000003,0.051792842435613835
27.708476925682717,-999.45517253674223,1187.07623327687,36.119999999999997,0.05157660278683452
27.68997747347543,-998.97041919353194,1187.07623327687,36.119999999999997,0.051541487793996067
27.67149385996187,-998.11512973216986,1189.29972521063,35.93,0.051658926527473996
27.653023941028454,-997.37562240449199,1189.29972521063,35.93,0.051814387030803086
27.634559493097523,-997.08018827030833,1191.3229455140799,35.869999999999997,0.051640248341799207
27.616092075282893,-997.24056198988194,1192.7491656242801,35.869999999999997,0.051429600766651949
27.597616582902397,-997.67658854694741,1194.0912239660299,36.329999999999998,0.05110297558713809
27.579129142686508,-998.32177165792382,1195.2878469571899,36.329999999999998,0.050633065402871692
27.560627001027015,-999.11564961259523,1195.0270170005599,36.100000000000001,0.050447334842291754
27.542121443483957,-999.30010732516575,1194.12674833855,36.100000000000001,0.050378846415588666
27.523604412045611,-999.91969767064768,1192.03843975525,35.880000000000003,0.050597428863999677
27.505093837777725,-999.57101046580306,1192.03843975525,35.880000000000003,0.050651387621680755
27.486591261501186,-999.13911893312127,1193.96629261569,36.310000000000002,0.050330807768148161
27.468095512852887,-998.77042700825461,1193.96629261569,36.310000000000002,0.049842803016454579
27.449602505398765,-998.62240252248716,1196.5047355299901,36.229999999999997,0.049471583010651549
27.43111665774574,-998.23577326338204,1196.5047355299901,36.229999999999997,0.049332841813693823
27.412629360333398,-998.31406026641093,1194.95358406944,35.920000000000002,0.049573574215879719
27.394145623677922,-998.12177939570233,1198.07567573496,35.920000000000002,0.049757772231529725
27.375659522496321,-998.24946380661174,1198.07567573496,36.299999999999997,0.050088168222935277
27.357171237882756,-998.3673691324484,1199.61299891627,36.299999999999997,0.050196364106753363
27.33866080745187,-999.56324326792185,1196.57435376338,36.079999999999998,0.049989501847437813
27.320123812597558,-1000.9977221327648,1193.4253207952199,36.079999999999998,0.049670483501932969
27.301572186665521,-1001.7878003299526,1197.8425023368,35.880000000000003,0.049234416543986088
27.283008699822197,-1002.4282895394509,1200.3773689719901,35.880000000000003,0.049183037547336481
27.264448765457953,-1002.2364556692914,1200.3773689719901,36.299999999999997,0.049401104661617123
27.245899050807431,-1001.6845911282049,1199.65496059119,36.299999999999997,0.049677348382049
27.227363699219826,-1000.9089857307038,1194.4564812727499,36.140000000000001,0.049917687559588308
27.208845667127068,-999.97373300875756,1191.07856644136,36.140000000000001,0.049834516312369299
27.190344188776582,-999.07983092635914,1195.5808634258301,35.880000000000003,0.049380153002835582
27.171846238067939,-998.88933826669495,1199.00217044379,35.880000000000003,0.048942881531478397
27.153345967332232,-999.01461972813661,1200.0767231079001,36.25,0.048821077997319128
27.134832944720987,-999.70322100734063,1200.0767231079001,36.25,0.049032047388418834
27.116299600650844,-1000.8005797875844,1197.07956279273,36.259999999999998,0.049659215538452782
27.097752054945644,-1001.5674680808092,1196.91624604657,36.259999999999998,0.049999423533722651
27.079185988339663,-1002.567596723086,1195.89629124359,35.969999999999999,0.050158579319675302
27.06061777762233,-1002.6833787358584,1195.89629124359,35.969999999999999,0.050114522587056919
27.042050197100004,-1002.6493482057068,1192.3378935262999,36.140000000000001,0.049942179269365845
27.023492342689057,-1002.124138191071,1192.8452483231099,36.140000000000001,0.049799588610335371
27.004937000779112,-1001.9884631369657,1195.80306956805,36.359999999999999,0.049861937550150622
26.986403085498857,-1000.8314251337953,1195.80306956805,36.359999999999999,0.050016853750551968
26.967886313796313,-999.90567193746233,1195.28164807339,36.020000000000003,0.050294436513206073
26.949378462093819,-999.42399193462336,1191.42641918974,36.020000000000003,0.05049193691556382
26.930874476416101,-999.21522659687707,1191.55135054008,36.119999999999997,0.050500834153429756
26.91236484485302,-999.5201044063374,1191.91446207934,36.119999999999997,0.050277415046404865
26.893844448236987,-1000.1014172657788,1193.61009521605,36.310000000000002,0.050024695492289314
26.875309667860513,-1000.8781403295329,1193.61009521605,36.310000000000002,0.050036140408804428
26.856759830067869,-1001.6912408027296,1195.9330077091499,36.210000000000001,0.050287026291622128
26.838199037851947,-1002.2827796598567,1193.8487522421799,36.210000000000001,0.050689431117417492
26.819638850995016,-1002.2500902742484,1191.1844243031101,36.009999999999998,0.051029120674335619
26.801072030017238,-1002.6083328000828,1191.3718213286199,36.009999999999998,0.051138487952270002
26.782516897138233,-1001.9771754662598,1190.8611286713001,36.140000000000001,0.051129800781033442
26.763975581981491,-1001.2310184640575,1189.2389284657199,36.140000000000001,0.051174183477861804
26.745454315096488,-1000.1484117901437,1189.2389284657199,36.280000000000001,0.051152165982942956
26.726945131603642,-999.49590861373906,1187.6851544004901,36.280000000000001,0.051404307075685919
26.70843740304327,-999.41734226009885,1192.28734878151,35.969999999999999,0.051578801746211524
26.689946585230771,-998.50416187479061,1192.28734878151,35.969999999999999,0.051534800898534225
26.671454188309824,-998.58943373130796,1191.7599668216701,36.119999999999997,0.051479135739578116
26.652953528488769,-999.0356303367945,1188.64121301665,36.119999999999997,0.051266693820666204
26.634441869747004,-999.62957205545308,1187.79101226223,36.32,0.051314612432446366
26.61591712695806,-1000.3361106029436,1187.79101226223,36.32,0.051328760261273761
26.597373187542036,-1001.3727284652563,1190.6045902496101,35.969999999999999,0.051398901267345788
26.578829040129747,-1001.3839602636415,1193.8508980096501,35.969999999999999,0.051496659099536497
26.560283112856666,-1001.4800727463474,1193.34211270119,36.100000000000001,0.051525621162681924
26.541747729190138,-1000.9107179924838,1193.34211270119,36.100000000000001,0.05167697659909385
26.523227838592721,-1000.0740922604884,1193.76125261322,36.310000000000002,0.051664395466720338
26.504717063572908,-999.58185107000793,1193.9226620105101,36.310000000000002,0.051632975746531223
26.486224680103717,-998.58870733617937,1198.1190679215299,35.93,0.051657344315816381
26.467741904780208,-998.06986746958501,1198.1190679215299,35.93,0.051680821929193509
26.449259896245785,-998.02846085878866,1198.5908983458201,36.07,0.051748795023801773
26.430768376836919,-998.54204807871452,1196.6897483694299,36.07,0.051784453292426924
26.412265188991316,-999.17214366257326,1196.13661719997,36.259999999999998,0.051425257698166416
26.393742103956736,-1000.2465918674814,1197.2974773999999,36.259999999999998,0.051158965672578237
26.3752078823739,-1000.8479654731536,1197.2974773999999,35.969999999999999,0.050847651435370345
26.356661929230949,-1001.4814697192437,1196.9100471627801,35.969999999999999,0.050805812288474958
26.338117625564166,-1001.3923980063147,1194.62957318182,36.07,0.050922669475086051
26.319581780375238,-1000.9356402021945,1197.74475070772,36.07,0.050864435944232234
26.301054407118571,-1000.4781558600502,1197.74475070772,36.259999999999998,0.050768477630797636
26.282538382543279,-999.86532706563798,1200.32229427365,36.259999999999998,0.050501914486179078
26.264025905272888,-999.67377260104968,1201.57327670732,35.890000000000001,0.050187044676461234
26.245521971334703,-999.21243266207694,1202.06871057376,35.890000000000001,0.049962873264746202
26.227027690038408,-998.6911899999028,1202.06871057376,36,0.049710106101034844
26.208530057014965,-998.87218326585753,1204.74853572232,36,0.049657916854568801
26.190019529312234,-999.56849594756625,1205.13811172701,35.909999999999997,0.049797324467194946
26.171506227304981,-999.71830839156223,1199.9744415252701,36.229999999999997,0.04979760075449946
26.152982257513571,-1000.2943687362392,1199.9744415252701,35.890000000000001,0.049592459365794525
26.134451356612413,-1000.6686486626103,1204.5191770218801,35.890000000000001,0.049030642127149922
26.115920448469154,-1000.6690397358786,1206.3569076486699,35.979999999999997,0.048377469390347982
26.097383011753053,-1001.0215826694555,1204.83770428153,35.979999999999997,0.047962752486342491
26.078856625697608,-1000.4248469940127,1204.83770428153,36,0.04786371150175598
26.060346695076486,-999.53625354052326,1201.8286230359799,36.119999999999997,0.048173177573089566
26.041849686039402,-998.83848800260569,1204.39782195065,35.869999999999997,0.048440720680090359
26.023365097740896,-998.16776811936768,1204.39782195065,35.869999999999997,0.048350927728500935
26.004891976092523,-997.54856901203414,1206.50258141787,35.979999999999997,0.047912212706881806
25.986411747418487,-997.93234839806644,1210.5802548623401,35.979999999999997,0.047487980790964154
25.967925347180266,-998.26561286385356,1208.8200102829901,36,0.047019293739126056
25.949422186240628,-999.17069074041251,1208.8200102829901,36,0.046963915228652939
25.930907019517221,-999.8190030640809,1208.8943968885401,35.960000000000001,0.047066136162343307
25.912380295081494,-1000.443119529199,1208.1400404143401,35.960000000000001,0.047311762137871451
25.893836466388876,-1001.3667494014754,1206.96368300482,35.850000000000001,0.047573738010507141
25.87529368284688,-1001.310311267786,1206.96368300482,35.850000000000001,0.047454046502666991
25.856763834340679,-1000.6118193347402,1205.4747588008399,35.939999999999998,0.047181525988805664
25.838251493664377,-999.66639652040487,1207.80577752659,35.939999999999998,0.04683785347506482
25.819756426951834,-998.7336024773507,1208.41398339438,36.189999999999998,0.046491072407683166
25.80127298211108,-998.10602140073706,1206.962967749,36.189999999999998,0.046415726348457607
25.782791363696266,-998.00739439979407,1206.3657291371501,35.920000000000002,0.046633093933271828
25.764318956061761,-997.51001226331846,1206.3657291371501,35.920000000000002,0.046863127497684252
25.745833043216017,-998.2392936702546,1206.49542885964,35.899999999999999,0.047010861133379538
25.727336053839544,-998.83742632958547,1206.49542885964,35.899999999999999,0.046809249459936551
25.70882805933574,-999.43170320522404,1209.47518461647,36.280000000000001,0.046542786683649522
25.690304031595133,-1000.2974979928993,1209.9493992268301,36.280000000000001,0.046383216974305738
25.67176927088029,-1000.8770786015526,1205.1369196339699,35.939999999999998,0.046445017469245939
25.65321858144441,-1001.7372295373867,1202.8273585828999,35.939999999999998,0.046854167144992992
25.634668274886454,-1001.716554129677,1204.6336179534901,35.869999999999997,0.047309034402983764
25.616132385201311,-1000.9380429977742,1204.7668939550999,35.869999999999997,0.047675221128180727
25.597608376087656,-1000.2964921372396,1202.6962283487601,36.280000000000001,0.047802880611683529
25.579094826761899,-999.73166359094796,1198.8824843028201,36.280000000000001,0.047689410337398527
25.560605788809788,-998.4080494140685,1198.8824843028201,35.909999999999997,0.047543298249646933
25.542120603430888,-998.20001046045854,1198.75087723146,35.909999999999997,0.047512608058323108
25.523624446035615,-998.79249934489258,1201.98287987505,35.920000000000002,0.047613170203591126
25.505115814092676,-999.46612491856422,1201.6328813592099,35.920000000000002,0.047973389216890379
25.486586465396247,-1000.5848296073415,1201.6328813592099,36.259999999999998,0.048350469313170025
25.468038855534626,-1001.5709325274252,1199.76868626698,36.259999999999998,0.048594601034796826
25.449473652988765,-1002.5209374766131,1197.40285842453,35.920000000000002,0.048605455090763208
25.430897691597576,-1003.1019151241147,1197.40285842453,35.920000000000002,0.04856705355189464
25.412324563496405,-1002.948917463202,1200.0235557584199,35.909999999999997,0.04858792863289367
25.39375687949379,-1002.6549361412591,1198.73442634754,35.909999999999997,0.04882086999576029
25.375193326423481,-1002.4318657966602,1197.59573907801,36.259999999999998,0.049297449486054253
25.3566570466173,-1000.9591095337125,1196.45109134329,36.259999999999998,0.049768213392060251
25.338142106516099,-999.80676546499615,1196.45109134329,35.93,0.049950506333417813
25.31964885277916,-998.63570179459225,1195.64046807772,35.93,0.049914473460385397
25.301163219329624,-998.22420627504107,1199.26300040042,35.920000000000002,0.04984098072981228
25.282670699266756,-998.59608339484032,1199.26300040042,35.920000000000002,0.049931116192841796
25.264163575032129,-999.38470866986734,1195.1521867695101,36.119999999999997,0.050278763387245864
25.245633231890135,-1000.6385296675595,1195.1521867695101,36.119999999999997,0.050626830719183349
25.227087869619744,-1001.4495626010844,1196.50235134391,35.859999999999999,0.050859494759665738
25.208540856838315,-1001.538690197326,1197.58000344992,35.859999999999999,0.050977803771069835
25.18998771181494,-1001.8698312621125,1196.87476120886,35.939999999999998,0.050892362164532551
25.171433761716134,-1001.9133053356369,1194.3487160621501,35.939999999999998,0.05090981722327504
25.152896707877748,-1001.0009072727375,1193.9097874056999,36.090000000000003,0.050851535051816811
25.134369483630831,-1000.4701093335415,1196.10824538568,36.090000000000003,0.050974698328571287
25.11586321724829,-999.33838465731844,1196.10824538568,35.899999999999999,0.051245463801163828
25.097367520340743,-998.76763300750258,1197.0762249322199,35.899999999999999,0.051537259588825629
25.078882003823459,-998.21789193336826,1198.55966550823,35.93,0.051702198886047504
25.060398364439422,-998.1165267380419,1199.79634282545,35.93,0.051668370139852003
25.041914542929597,-998.12636153055519,1199.79634282545,36.189999999999998,0.05138016512982737
25.023418332760521,-998.79534913002942,1200.59289939319,36.189999999999998,0.051316997658947289
25.004912260919838,-999.32787939695743,1196.2563033409499,35.899999999999999,0.05122605710969369
24.986393404090219,-1000.0182687992701,1196.20194389843,35.899999999999999,0.051160558229129897
24.967859066608582,-1000.8542240084577,1196.20194389843,35.899999999999999,0.051100062620816865
24.949329432307501,-1000.600252258463,1200.42481427488,35.899999999999999,0.050791788641936994
24.930809041898687,-1000.101082075823,1201.0268212588801,36.210000000000001,0.050535877750601609
24.912304893756811,-999.22399966140995,1201.0268212588801,36.210000000000001,0.05028325443264095
24.893807611532164,-998.85324013091952,1201.17917074909,35.969999999999999,0.050107248957319883
24.875319651845693,-998.34982306933455,1201.59831066111,35.969999999999999,0.050090061913793511
24.856840203412506,-997.89021539214173,1202.90770565363,35.890000000000001,0.050094454656945391
24.838366120433392,-997.60048087219957,1202.90770565363,35.890000000000001,0.050048638756174026
24.819896473653067,-997.36092613750679,1202.3431303910199,36.350000000000001,0.049903922606442351
24.801430791202407,-997.14685233573152,1202.3431303910199,36.350000000000001,0.049568074237065912
24.782952595916107,-997.82254546006709,1204.32057432182,36.039999999999999,0.04920106898345035
24.764451429040751,-999.06301126936557,1204.32510427536,36.039999999999999,0.048926940398647846
24.745933650475148,-999.96004254247202,1204.3165212054901,35.869999999999997,0.048894393774246654
24.727398181955696,-1000.9153000503924,1204.3165212054901,35.869999999999997,0.049117666983681425
24.708861220213556,-1000.9959340756084,1203.13348807496,36.329999999999998,0.049223242745890697
24.690331312724503,-1000.6150044087608,1202.71387132572,36.329999999999998,0.049159071514751365
24.671810682241929,-1000.1140460590441,1206.8823822596501,36.189999999999998,0.048786808427466112
24.653300868554282,-999.52993913289868,1210.3945267670799,36.189999999999998,0.04825838634511128
24.634802943716121,-998.8879412608228,1213.5981575963699,35.909999999999997,0.047897951053483025
24.616305057166745,-998.88587366619117,1214.1829984406199,35.909999999999997,0.047827239872579246
24.597810913497582,-998.68375813487319,1214.1829984406199,36.299999999999997,0.047897876551763058
24.579311175685238,-998.98584186663754,1214.6297949111199,36.299999999999997,0.048090783464128095
24.560795599180182,-999.84113127303954,1212.5643745141499,36.07,0.048112612629091583
24.542274845556911,-1000.1206956566247,1212.5643745141499,36.07,0.047867626162451694
24.523743191319642,-1000.7093288123262,1211.41042845373,35.859999999999999,0.047390465109820673
24.50520430588012,-1001.0998137342116,1212.3202338600399,35.859999999999999,0.046802685699267536
24.486657552834693,-1001.5246644531487,1215.5865687831099,36.299999999999997,0.046508680614662679
24.468103862470258,-1001.8992796793956,1214.4769685837,36.299999999999997,0.046537778239053515
24.449563852201365,-1001.1605545202386,1214.4769685837,36.009999999999998,0.046846478558006444
24.43103541309635,-1000.5357116709844,1213.2162109871199,36.009999999999998,0.047085185843115114
24.412520331227086,-999.8144209402202,1211.09404696155,36.100000000000001,0.047060168452277597
24.394024596032175,-998.76970052519027,1211.82980678437,35.880000000000003,0.04676560457708942
24.375536616685295,-998.35088473136284,1216.90550051993,36.32,0.046325402544277181
24.357031188491376,-999.29312247167752,1219.19002761722,36.32,0.046063246618049197
24.338512143327122,-1000.028438869675,1217.2700425708299,36.079999999999998,0.046157276052189895
24.319980123804832,-1000.7290542037211,1217.2700425708299,36.079999999999998,0.046517497134630804
24.301439900365494,-1001.1720657241952,1216.66827400545,35.880000000000003,0.046851640153892801
24.282894603287826,-1001.4460421942118,1216.04194832348,35.880000000000003,0.047057165451526897
24.264347402171754,-1001.5488602677311,1214.75162681957,36.329999999999998,0.046806523787473187
24.245799921660495,-1001.5639476079846,1214.75162681957,36.329999999999998,0.046419536488900272
24.227258386089993,-1001.2429208072346,1214.2061250455499,36.079999999999998,0.04620924591936245
24.208722417760367,-1000.9422897997752,1214.2061250455499,36.079999999999998,0.046264877959024557
24.190196856441986,-1000.3803111925081,1212.7667919119301,35.869999999999997,0.046539934767490188
24.171682617936948,-999.76887927206417,1213.09890903221,35.869999999999997,0.046904754512472599
24.153172902555617,-999.52463059192553,1216.0314579047499,36.310000000000002,0.047139154953832453
24.134667590260499,-999.28686393637349,1215.6120795741199,36.310000000000002,0.04738340153897791
24.11615893969142,-999.4671307302558,1213.1279961023299,36.039999999999999,0.047413056928032347
24.097643415960569,-999.83828146591873,1212.68167646905,36.039999999999999,0.047325281838802136
24.079112261533478,-1000.6823390629437,1211.55014175774,35.890000000000001,0.047483975065848137
24.060560720455587,-1001.7832182060919,1211.55014175774,35.890000000000001,0.047872434883887476
24.041999370480294,-1002.3128986658993,1207.5959691519699,36.310000000000002,0.048413363599134958
24.023435310356898,-1002.4592466632793,1206.30159453173,36.310000000000002,0.04876849345258661
24.00487318738509,-1002.3546404776437,1207.5370797559101,36.090000000000003,0.048887411964320088
23.986325849675342,-1001.5562363263921,1207.5370797559101,36.090000000000003,0.048935637913964228
23.967797534746914,-1000.5290061351311,1201.5391828464501,35.880000000000003,0.048910693992413191
23.949270524704911,-1000.4585422682563,1202.1998408079,35.880000000000003,0.04906189007458802
23.930751239466691,-1000.0414028638883,1202.1998408079,36.329999999999998,0.049341986372713122
23.912234110758128,-999.92495026235611,1203.55501217306,36.329999999999998,0.049843890591301468
23.893721574503665,-999.67695774102242,1204.39543776458,36.07,0.050386548455761737
23.875208213511119,-999.72149359748687,1203.2598499369401,36.07,0.050827101288183352
23.856681989919831,-1000.4160739294798,1200.9033204201801,35.899999999999999,0.051055965529453122
23.838144598735838,-1001.0191239356033,1200.36711697186,35.899999999999999,0.05124520303354127
23.819595286622423,-1001.6628541244188,1200.12965203877,36.299999999999997,0.051332032307027854
23.801037054508548,-1002.1445341492418,1200.12965203877,36.299999999999997,0.05160866305078804
23.782478693044517,-1002.1515190576899,1199.3998526811399,35.960000000000001,0.051870168084897132
23.763922286323339,-1002.0459629436755,1199.72648617345,35.960000000000001,0.052050760846042834
23.745374922744535,-1001.55763325532,1199.07703388656,35.93,0.052327335704861935
23.726838219703726,-1000.9819642037515,1199.07703388656,35.93,0.052414715495825666
23.708314828367985,-1000.2631321298958,1197.7969643827601,36.189999999999998,0.052310584321400719
23.689799201156848,-999.84386940147112,1197.7969643827601,36.189999999999998,0.052206065092435312
23.671283176582779,-999.8653269996862,1198.31290224944,36.07,0.0522622890366823
23.652769081914943,-999.76111206319069,1197.78480503378,35.859999999999999,0.052537446224471457
23.634251238156825,-999.96356293835254,1194.63243420511,35.979999999999997,0.052817106872505619
23.6157272238692,-1000.2967715318189,1195.0456136519399,35.979999999999997,0.052875788470132294
23.597200785039551,-1000.4276968011334,1197.08385432766,35.950000000000003,0.052879981489920395
23.578673483182619,-1000.4743002742139,1196.625613764,35.950000000000003,0.052757632606965227
23.560133246291521,-1001.1727921193235,1196.625613764,35.969999999999999,0.052720973677823968
23.541594997255647,-1001.0654479371602,1196.0937018506199,35.969999999999999,0.052775114563734987
23.523048556719612,-1001.5077889458184,1196.04959440823,36.07,0.052837279319816861
23.504511835053069,-1000.9829699934591,1196.70190771841,36.07,0.053042611106193911
23.485993517355663,-999.98915565987897,1196.96512186111,35.859999999999999,0.053022170643870103
23.467486698387518,-999.3682242797737,1197.48463600691,35.859999999999999,0.052880679981864437
23.448993956876624,-998.6080415883539,1198.90465723332,35.960000000000001,0.052629474342872386
23.430507205840829,-998.28455593283968,1197.94740652411,35.960000000000001,0.0524086556887026
23.412017408344575,-998.44906479770839,1197.94740652411,36.090000000000003,0.052389450784852562
23.393517533938144,-998.99321794728235,1196.33831934194,36.119999999999997,0.052573274201184184
23.375016860664314,-999.03635678688272,1197.07431758336,35.890000000000001,0.05267047323505647
23.356516077700125,-999.04228006627886,1197.73354503316,35.890000000000001,0.05276401009928898
23.338008251869333,-999.42259486279931,1197.3761555404801,35.969999999999999,0.052624867400100257
23.319499042506209,-999.49730560861906,1198.60687239252,35.969999999999999,0.052288792403226106
23.30098537003833,-999.73831326547236,1200.86946497792,36.210000000000001,0.052020463880994051
23.282470774525851,-999.78815767390199,1200.86946497792,36.210000000000001,0.051799577973512083
23.263960798374249,-999.53871218643951,1200.37426953009,35.909999999999997,0.051850759325303121
23.245461456891384,-998.96444007479101,1198.28786829565,35.909999999999997,0.051804218028046661
23.226965644086459,-998.77389146586245,1204.8739439098799,36.030000000000001,0.051665886613143426
23.20847932145805,-998.26142193417331,1203.8306240833499,36.030000000000001,0.05137305810151388
23.189990367325816,-998.40352314054451,1200.6618023707599,36.280000000000001,0.051111275743595676
23.171504162665553,-998.25505165422805,1200.6618023707599,36.280000000000001,0.050899633723906601
23.153019353954505,-998.17967039659254,1199.44062226303,35.950000000000003,0.05078592130508814
23.134531075548161,-998.36703394249264,1199.44062226303,35.950000000000003,0.05065925005117064
23.11603053265916,-999.02931600611373,1201.1479379115001,36.079999999999998,0.050542831630270964
23.097541040430816,-998.43258033067082,1201.0249139100199,36.079999999999998,0.050458277888651454
23.079052391565472,-998.38703872846691,1200.89092265259,36.329999999999998,0.050239105603982988
23.060560281285269,-998.57395513092172,1202.6609423948501,36.329999999999998,0.050219782734224928
23.04206526631226,-998.73080854255068,1202.6609423948501,35.950000000000003,0.050103033167202923
23.02356137790618,-999.2099739282246,1203.65037961607,35.950000000000003,0.05014292999322055
23.005059743299977,-999.08826873498413,1203.8206105018401,36.140000000000001,0.050279730929282181
22.986560732954278,-998.94655866783341,1206.3724048581601,36.140000000000001,0.050258926214976699
22.96807103893811,-998.44347687314826,1206.3724048581601,36.259999999999998,0.050126043041185932
22.949581013785181,-998.46135825812212,1208.14862348421,36.259999999999998,0.049843287304096595
22.9310891953197,-998.55819713595633,1207.42859928949,36.009999999999998,0.049467441729582562
22.912591575748223,-998.87145685973724,1207.42859928949,36.009999999999998,0.049451029761075183
22.894078078161794,-999.72886966713975,1205.53555554575,36.25,0.049517048107538882
22.875557552194994,-1000.1084022072032,1203.95484017787,36.25,0.049722528914454542
22.857038188311073,-1000.045649731841,1202.0403387594599,36.140000000000001,0.049878232598414576
22.838514362358083,-1000.286601461414,1203.2298091923999,36.140000000000001,0.049762382271398779
22.819988541304919,-1000.3943368707335,1205.02128660933,36.07,0.049641486254422988
22.801458744539477,-1000.609025333988,1204.62789590691,36.07,0.049291213769932417
22.782927745332206,-1000.6739571925914,1205.7143695013999,36.299999999999997,0.049082540597230988
22.764398026176572,-1000.6048344043078,1207.99913501729,36.299999999999997,0.049175676992887336
22.745869671925902,-1000.5311295361316,1205.98807406283,35.939999999999998,0.049536172303465326
22.727342661883895,-1000.4585422682563,1205.98807406283,35.939999999999998,0.050066649495375357
22.70881488608768,-1000.4998929957403,1203.6444191508799,36.210000000000001,0.050427907461644189
22.690294788529688,-1000.0852681315929,1203.6181931040501,36.210000000000001,0.050459202999747432
22.67176529703093,-1000.5925409329025,1203.8043980365301,36.210000000000001,0.050392520298411202
22.653224630694925,-1001.1959821441984,1203.8043980365301,36.210000000000001,0.050240369104520191
22.634677514433207,-1001.5442781328784,1204.3193822287799,35.880000000000003,0.050173960626232153
22.616127045411091,-1001.7253271942097,1204.04853869063,35.880000000000003,0.050432267078174067
22.597582723117352,-1001.3934038619742,1202.5121691837501,36.259999999999998,0.050823231122073625
22.579044973891243,-1001.0384582097616,1199.6993064521901,36.259999999999998,0.051458743918062273
22.560522063738112,-1000.2371482691486,1195.61948724025,36.119999999999997,0.051661412131262893
22.542006078486487,-999.86320358769365,1197.7092263351899,36.119999999999997,0.051450046402949444
22.52349694052473,-999.49344993484669,1197.7092263351899,35.890000000000001,0.051175004074607837
22.504973490204918,-1000.2663172698683,1201.5694620096001,35.890000000000001,0.050937491984545807
22.486441172659259,-1000.7451474655865,1201.6583921502099,36.299999999999997,0.051148729400225183
22.467907433295128,-1000.821925663142,1199.50547212428,36.299999999999997,0.051618629234101543
22.449371120375151,-1000.9608976788052,1199.3295191919201,35.909999999999997,0.052179531714279317
22.430832507088923,-1001.0851174562347,1198.6791132306,35.909999999999997,0.052674254400391536
22.412289697676449,-1001.3117082736582,1197.20926251522,35.920000000000002,0.052898079152816066
22.393746317054266,-1001.3425535978851,1197.20926251522,35.920000000000002,0.05281050068517093
22.375203247906398,-1001.3257339848594,1193.5132972613901,36.079999999999998,0.052622111722945585
22.356665545246869,-1001.0359436145808,1192.9751864642101,36.079999999999998,0.052425338782550582
22.338137437279016,-1000.5178302640268,1196.25010445715,35.880000000000003,0.052401277550315178
22.319616170392589,-1000.1484118670876,1196.25010445715,35.880000000000003,0.052462659986837822
22.301098288346903,-999.96563046703216,1193.2739249794399,35.969999999999999,0.052667676162448281
22.282586980403725,-999.61062893150699,1191.5649404007099,35.969999999999999,0.05279973356572288
22.264071976144475,-999.81022999954814,1191.6154851455101,36.030000000000001,0.052786205584968694
22.245560752020975,-999.60610266897515,1191.93591975402,36.030000000000001,0.052632523908368513
22.227050347460569,-999.5618462620497,1193.5261718662,35.880000000000003,0.052565110638812619
22.208524663001288,-1000.3869608010807,1191.5711392845101,35.880000000000003,0.052647590638017154
22.189995651650669,-1000.5666129334841,1189.37935702555,36,0.052790226828748892
22.171462263083907,-1000.8029826051479,1189.37935702555,36,0.052938581345561543
22.152933382118523,-1000.5595721307309,1188.4929166427801,35.899999999999999,0.052801215400906751
22.134400830707339,-1000.7577762038918,1188.63930566779,35.899999999999999,0.052777574291955884
22.115873626122049,-1000.4690476055613,1188.0840287308699,35.950000000000003,0.052697792027222391
22.097342601045725,-1000.6753541215193,1188.0840287308699,35.950000000000003,0.052577573803649663
22.078823568298766,-1000.0277683358754,1191.04900253403,36.140000000000001,0.052433041860653146
22.060312513882742,-999.59693846522146,1191.04900253403,36.140000000000001,0.052146253486578739
22.041808664798701,-999.20785053821612,1191.37492077052,35.920000000000002,0.051945718000680881
22.02330828333837,-999.02059885786935,1191.37492077052,35.920000000000002,0.051789072651066748
22.004798118853152,-999.54888220188457,1189.7508132160699,36.189999999999998,0.051635840076319148
21.986282192583971,-999.86001853565688,1189.51191777133,36.049999999999997,0.051607979045278245
21.9677589181813,-1000.256817744255,1192.7887431131301,36.310000000000002,0.051583275198101228
21.949233434472934,-1000.376120251836,1193.2856074912099,36.310000000000002,0.051407475646444455
21.930701955118543,-1000.6998851370497,1193.6205856347799,36.020000000000003,0.051285951500757737
21.912169884890169,-1000.7317923321527,1193.17021288517,36.020000000000003,0.050932168959174032
21.893633799627274,-1000.9486041964077,1191.65911575068,36.259999999999998,0.050777867432057984
21.875106373594974,-1000.4810057441148,1190.4677379688901,36.259999999999998,0.050695875864478324
21.856588569159303,-999.96143952635998,1190.4677379688901,36.079999999999998,0.050509044279936084
21.838077677206215,-999.58816546664059,1191.9552316612301,36.079999999999998,0.050348408733233666
21.819568513375405,-999.49484686377468,1195.5043310528199,36.100000000000001,0.049990746714097471
21.80105267713455,-999.855157006225,1194.7113507642,36.100000000000001,0.049927256384857233
21.782544825433277,-999.42399186867146,1194.7113507642,35.859999999999999,0.049750169536211128
21.764030276487578,-999.7856430677291,1193.56837195973,36.32,0.049430498231888401
21.745517304581398,-999.70048293386901,1195.95899533737,36.009999999999998,0.049261968168021364
21.72700440511105,-999.69657139876801,1195.95899533737,36.009999999999998,0.049104765058425398
21.708496339204864,-999.4355589339566,1191.90134905593,36.159999999999997,0.049030067814441983
21.689982783670459,-999.73199885784777,1191.90134905593,36.159999999999997,0.049053731688836359
21.671475399700032,-999.3987344030528,1195.96137952344,36.310000000000002,0.048798057769485634
21.652966781208452,-999.46539854541982,1195.96137952344,36.310000000000002,0.048625928660981914
21.634461222630925,-999.3001631864945,1199.1180418870499,36.030000000000001,0.048433640558353482
21.615964078033407,-998.8458082658899,1199.4992732404801,36.030000000000001,0.048248528816059476
21.597455588893812,-999.45841353804349,1200.1353740853499,36.159999999999997,0.048194036095662925
21.578947425716191,-999.44081159161681,1201.08189595722,36.159999999999997,0.04815229318309043
21.560443504196314,-999.21176207331712,1199.7179031035801,36.280000000000001,0.048193480403194308
21.541946378225958,-998.84480239923846,1198.7403868127301,36.280000000000001,0.048190237333362029
21.52344812225185,-998.90582260182862,1200.3287315760499,35.909999999999997,0.048018893637646907
21.504951113213544,-998.83848806855781,1201.69439335995,35.909999999999997,0.047739852846031723
21.486442358129707,-999.47277452713672,1201.69439335995,36.299999999999997,0.047444478709628007
21.467935552613529,-999.36749787365329,1201.1782170746601,36.299999999999997,0.047177078405970185
21.449424653417328,-999.58855659486903,1199.23558226056,36.140000000000001,0.047165731791901838
21.430919335948033,-999.28714334194456,1196.6382499501999,36.140000000000001,0.047174116801487219
21.412420598790096,-998.93180652852766,1196.6382499501999,35.869999999999997,0.0471817050093538
21.39392475183589,-998.77573552724357,1198.1288430844399,35.869999999999997,0.047112139353512092
21.375429198766764,-998.75986573267699,1200.62079437027,36.310000000000002,0.046908337002551155
21.356925711862917,-999.18829280775117,1203.5202030563601,36.310000000000002,0.046740547856479603
21.338415970612328,-999.52602753184567,1203.5202030563601,36,0.046575408847089508
21.319908579397566,-999.39912559723336,1203.32160035629,36.009999999999998,0.046600871201903406
21.301389865370478,-1000.0105574627172,1199.8161315698801,35.920000000000002,0.046881402118907282
21.282867195291313,-1000.2241842749355,1196.7200275325799,35.920000000000002,0.047260185497991714
21.264355134012437,-999.65130905923922,1196.7200275325799,36.259999999999998,0.047453010657175665
21.245845028509866,-999.54569713885599,1195.4385275171401,36.259999999999998,0.047420083239465796
21.227340639258127,-999.23701959389575,1196.8447204643201,35.869999999999997,0.04726752949116541
21.208841297775464,-998.9644400637992,1197.91331266323,35.869999999999997,0.047110095623930648
21.190326156922126,-999.81760608019295,1198.75326141754,36.299999999999997,0.047102236297237247
21.171810425197453,-999.84951313240015,1198.92754541964,35.950000000000003,0.04710150572209669
21.153291665638257,-1000.0130161965697,1199.5433806828701,36.119999999999997,0.047336316981201422
21.134775634855544,-999.86566226658601,1197.72162410279,36.119999999999997,0.047628413883832023
21.116263262100112,-999.66812879317683,1195.77994296312,35.840000000000003,0.047797075369236282
21.097749316444471,-999.75306540477811,1195.77994296312,35.840000000000003,0.047766982265020359
21.079213620266511,-1000.9275936097339,1197.8899476397,35.950000000000003,0.047683286383016645
21.060675741690247,-1001.0454431182101,1199.2241381674,35.950000000000003,0.047698919149010165
21.04212912627419,-1001.5172324672071,1198.7337110917199,36.159999999999997,0.047970303435206869
21.02357688359891,-1001.8211044649759,1198.7337110917199,36.159999999999997,0.048302803190613808
21.005036588758006,-1001.1759214089594,1195.4645151453601,35.890000000000001,0.048766601831277137
20.986498969917339,-1001.0314173960166,1193.2100287926201,35.890000000000001,0.049146671472067631
20.967961214482788,-1001.0387934656695,1191.6371812387899,36.229999999999997,0.0493704713866501
20.949428663071604,-1000.7577762038918,1190.6615722968099,35.920000000000002,0.049449508597747459
20.930899750027301,-1000.5613043925108,1191.7418470074899,36.299999999999997,0.049353748971986258
20.91237529284443,-1000.320687874878,1191.2776459786501,36.299999999999997,0.049174911235010672
20.893850862565493,-1000.3192350626373,1191.2776459786501,36,0.04910677154386419
20.875316985573011,-1000.8293575941235,1191.8670167764401,36,0.049126114076472847
20.856790937897642,-1000.4065744698183,1189.2765986057,35.899999999999999,0.049274503771746948
20.83825700916298,-1000.8321516718197,1188.55013710858,35.899999999999999,0.049428595226330509
20.819717830875486,-1001.1156275245537,1188.55013710858,36.329999999999998,0.049720957044026973
20.801175859653263,-1001.2664460000811,1190.2145374076999,36.329999999999998,0.049874709096277142
20.782629054867893,-1001.5274584099328,1191.46075146922,36.229999999999997,0.049842438761623128
20.764086857024687,-1001.278683533214,1191.46075146922,36.229999999999997,0.049891643644676457
20.745552946917389,-1000.8311457941762,1192.8407183695699,36.020000000000003,0.05001889438201871
20.727031382007389,-1000.1645051399447,1193.3106414450001,35.939999999999998,0.05016539970215201
20.708522393058029,-999.48540326544207,1194.1091053615901,36.159999999999997,0.050315422321476004
20.690021687705073,-999.03808905965468,1194.07572675654,36.159999999999997,0.050237304014253213
20.671511230369031,-999.56469614611456,1192.15025808218,36.390000000000001,0.050281590470448466
20.653006958050767,-999.23070518627117,1190.20786168669,36.390000000000001,0.050258671658646656
20.634499002869209,-999.42957980422364,1192.6354399484901,36.009999999999998,0.050128794590235073
20.615987337918593,-999.62990733334505,1192.6354399484901,36.009999999999998,0.049880000040895066
20.597476133455501,-999.60504100694686,1193.6201087975601,36.140000000000001,0.049476182713972333
20.578952086054279,-1000.2985596659195,1194.8794358825,36.140000000000001,0.049342951845200676
20.560427245993896,-1000.3413632606039,1191.7721261706499,36.329999999999998,0.049354263275311581
20.541901964072945,-1000.3652237313427,1191.95189380072,36.329999999999998,0.04932335267633188
20.523376637655577,-1000.3676265379142,1195.2013010026601,36.020000000000003,0.049437325863994228
20.504868596585201,-999.43421780040512,1195.2013010026601,36.020000000000003,0.04942102564419925
20.486374498448143,-998.68129940102085,1195.5014700295301,36.140000000000001,0.049345520221373049
20.46787798922103,-998.81149826421529,1195.6023211005099,36.140000000000001,0.049227917978276053
20.449394682008627,-998.09858946975555,1197.74284335886,35.869999999999997,0.048818331630793008
20.430904025626024,-998.49544466059422,1198.8963125820501,36.299999999999997,0.048602005053230472
20.41241211713222,-998.56305866538833,1199.4606494260599,36,0.048594047417169418
20.393918537431073,-998.65330386193079,1199.4606494260599,36,0.048682308858297961
20.375414740087582,-999.20505654845613,1197.42670028528,36.170000000000002,0.048846082971881831
20.356911149703652,-999.19388073231141,1196.8819137670901,36.170000000000002,0.048889285985813949
20.338410769279012,-999.0205429305887,1200.3818989255301,36.310000000000002,0.04867078116044294
20.319903391517229,-999.39839913615299,1202.89053951389,36.310000000000002,0.048373442972186986
20.301394435680244,-999.48361519729349,1202.89053951389,36.090000000000003,0.047923204389164142
20.282882152953135,-999.66326726374473,1207.54113287224,36.090000000000003,0.047657341796267724
20.264363438926051,-1000.0105574627172,1208.0396661805701,36.07,0.047622796973375688
20.245854905289018,-999.46081639957526,1208.8316927947601,36.07,0.047763144180275156
20.227342603934755,-999.66427313039651,1208.8316927947601,35.869999999999997,0.047924358194660378
20.208834544238435,-999.43522360110467,1209.2670451721001,36.280000000000001,0.047896509580912065
20.190334469080483,-999.00405852950303,1210.1058018333699,36.090000000000003,0.047618690878910359
20.171826727067941,-999.41806867721118,1212.9718319143999,36.090000000000003,0.04726673166149134
20.153310547273033,-999.87370892499848,1213.75289127265,36.07,0.047093530496397806
20.134789689133378,-1000.1263395414416,1214.0523450436999,36.07,0.047104212765974957
20.116263536943254,-1000.4122182666993,1210.7807649112699,36.310000000000002,0.047261172696161299
20.097740886525923,-1000.2231225359633,1210.7807649112699,36.310000000000002,0.047469532323573788
20.079221691315006,-1000.0365413894162,1211.4366545005601,36.090000000000003,0.047591874994422224
20.060690829736902,-1000.6665252176417,1212.9248634487201,36.090000000000003,0.047521030322636021
20.04217003679139,-1000.1228190576251,1215.93728255478,36.090000000000003,0.047188408467923083
20.023640311425886,-1000.6051697371596,1217.79718611207,36.090000000000003,0.046882321023392522
20.00511601670738,-1000.3119147993531,1218.1288263951301,36.280000000000001,0.046694603642056388
19.986597284053133,-1000.0115633293689,1218.1288263951301,36.280000000000001,0.046758229536206036
19.968080058072928,-999.93020293100858,1217.6257631332601,35.979999999999997,0.046945155286336616
19.949555107288941,-1000.3473423353768,1215.0722998466799,35.979999999999997,0.047041067030344011
19.931032098829697,-1000.2424567991297,1215.0722998466799,36.240000000000002,0.04709664731968434
19.912502783247064,-1000.583041462249,1214.9828928688601,36.240000000000002,0.047053425672485341
19.893976026732009,-1000.4448518129628,1217.60144443529,36.189999999999998,0.046746800137337327
19.875447841154347,-1000.5220211937068,1216.2984867451801,36.189999999999998,0.04661955146506562
19.856916328685141,-1000.7016733371022,1215.06848514896,35.859999999999999,0.046539886134213775
19.838394633391331,-1000.1715458657538,1215.06848514896,35.859999999999999,0.0467307782882374
19.819882039187672,-999.68008699768245,1212.78228912142,36.259999999999998,0.046918017581824928
19.801370659843332,-999.61448459428743,1213.1303802884099,36.259999999999998,0.046955682336092423
19.782859449171593,-999.60537627384679,1213.1303802884099,35.979999999999997,0.047048079887776713
19.764340586132111,-1000.0186041321217,1216.41411976983,36.030000000000001,0.046941264427181918
19.745815284550549,-1000.3662854043628,1216.51687818967,35.890000000000001,0.046897549178862574
19.727285689570486,-1000.5981289234146,1215.5512828292001,35.890000000000001,0.046884111228873863
19.708749642595155,-1000.9465366677279,1215.5512828292001,36.299999999999997,0.046894475814268095
19.690218591648151,-1000.6767511383833,1215.2840155701699,36.299999999999997,0.047067063341359607
19.671686670432173,-1000.7237456627482,1214.27860430224,35.979999999999997,0.047221829497338191
19.653152781020971,-1000.8300282048672,1212.5553146070599,36,0.0473282724183927
19.634620009197452,-1000.7696784701247,1211.1722482648199,35.909999999999997,0.047471316321833726
19.616082773233281,-1001.0107420652507,1208.9268218191601,35.909999999999997,0.047403409456042815
19.597550267353185,-1000.7553175249994,1207.34229175357,36.32,0.047600083056265119
19.579026259275224,-1000.296436209959,1205.3321844735401,36.32,0.047881717074108064
19.560504680913464,-1000.1652315350732,1205.3321844735401,36,0.048018261375945108
19.541989929145675,-999.79659546054313,1204.0046696668501,36,0.048141105933844061
19.523471799782705,-999.97898560046599,1205.92227052716,36.159999999999997,0.048129864866762705
19.504943887392603,-1000.5072690653931,1203.8861756189101,35.920000000000002,0.048200323556814091
19.486411595717222,-1000.7437504707063,1202.76966127988,36.280000000000001,0.048343641682081974
19.467873619869113,-1001.0506957978545,1202.76966127988,36.280000000000001,0.048361802470387849
19.449324470219857,-1001.6540810598858,1202.9112819327499,35.939999999999998,0.048572772909594823
19.43077865988025,-1001.4737583387229,1200.5616665555999,35.939999999999998,0.04879959858915018
19.412228106003784,-1001.7299093290625,1200.5616665555999,36.240000000000002,0.049214144755687923
19.393686407970549,-1001.2516937948236,1198.47598057699,35.909999999999997,0.049420010509055125
19.375147496660546,-1001.1012107400837,1196.33665041168,36.170000000000002,0.049521752318695836
19.356609792965529,-1001.0359995308693,1197.8615758254,36.170000000000002,0.049584316503795932
19.338070998588801,-1001.0948963434511,1194.4307320631401,35.890000000000001,0.049809406820606868
19.319538805219729,-1000.7384419297332,1194.4307320631401,35.890000000000001,0.049991853949555839
19.301006870550772,-1000.7244721238285,1192.8731433001899,35.909999999999997,0.050155853648636825
19.282478106518656,-1000.5532577340983,1194.45052080757,35.909999999999997,0.050137645250735149
19.26394502942723,-1000.7861629371623,1194.45052080757,36.25,0.05015928919220377
19.245403532145719,-1001.2408532016107,1191.8269624503801,36.25,0.050173343883805205
19.226850029081451,-1001.8891654703191,1190.05026698712,35.890000000000001,0.050228321927941265
19.208290193023519,-1002.2311471283184,1190.89975248572,35.890000000000001,0.050190055946043442
19.189731064770399,-1002.1929256684866,1190.89975248572,36.280000000000001,0.050353924229083212
19.171178964897447,-1001.8133931394152,1192.0904150116901,35.93,0.05040221847200458
19.152636688409963,-1001.2829303242229,1188.2535443608199,36.170000000000002,0.050450999079444732
19.134097445963,-1001.1190921360496,1188.2535443608199,36.170000000000002,0.050540918276358579
19.115562704908562,-1000.8760169395246,1189.7431838206301,35.899999999999999,0.050485017190675302
19.097040639155551,-1000.19155066272,1189.17431702308,35.899999999999999,0.050601764683873868
19.078524503856652,-999.87130614041075,1188.0406365443,35.939999999999998,0.050683831792731435
19.060008375802703,-999.8709149132543,1188.0406365443,35.939999999999998,0.050813584686792257
19.041496717060529,-999.62957207743693,1185.8061773546001,36.140000000000001,0.05103232649900747
19.022987981637101,-999.47171286510854,1185.5339033048001,36.140000000000001,0.051114705082180321
19.004483774511151,-999.22718480138269,1187.8344044487999,35.890000000000001,0.051145951988228487
18.985978255255457,-999.29803980747795,1186.0670073112301,35.890000000000001,0.051058649813994529
18.967464660397386,-999.73412233579211,1186.0670073112301,35.939999999999998,0.050938687182035113
18.948943751553074,-1000.1290775929291,1185.36057297713,35.939999999999998,0.051036927226415972
18.930422964816206,-1000.1224837907253,1185.4270917686299,36.170000000000002,0.051200843103174215
18.911909461021132,-999.72920493403967,1186.6439803414301,36.170000000000002,0.051387734708091069
18.893400160596237,-999.50222294441971,1187.9073605427,35.939999999999998,0.051540667193178916
18.874907582583965,-998.59921266249239,1189.30759302468,35.939999999999998,0.051478645245325361
18.856415185662815,-998.58943374229989,1189.2386900471099,35.890000000000001,0.051483329796481486
18.837920041340869,-998.73779338504698,1188.7396799015601,35.890000000000001,0.051395375698712921
18.819424415834689,-998.76377733372999,1188.7396799015601,36.259999999999998,0.051330114814628604
18.800931824371677,-998.59993900266068,1189.03961050983,36.259999999999998,0.051471116017868343
18.782445716981631,-998.24979906251951,1189.0713201846299,36,0.051424164947920951
18.763954112719841,-998.54663013662332,1187.1990188597499,36,0.051528136759763025
18.745461495386348,-998.60133600853283,1185.4728681412801,36.189999999999998,0.051393483043137955
18.726959243002433,-999.12162873133593,1186.8916972746499,35.890000000000001,0.051158912896947406
18.708456601533175,-999.14263933999371,1187.8277287277899,36.32,0.051002180616310941
18.689954051127319,-999.13772191625708,1187.8277287277899,36.32,0.050964883222114045
18.671458711227213,-998.74835460566453,1189.1993509768699,35.950000000000003,0.050990615662303486
18.652972649369072,-998.24734033965922,1189.1571508833299,36.079999999999998,0.051146125830324712
18.634490750523586,-998.02253765633623,1192.76013288023,35.850000000000001,0.051148191305740179
18.616009060707409,-998.01125007356632,1192.76013288023,35.850000000000001,0.05122615542191112
18.59752647371711,-998.05969747612392,1192.9892531620601,36.329999999999998,0.05111675916235537
18.579035980833336,-998.48661572374067,1193.69139596121,36.329999999999998,0.050903621856127901
18.560537594473992,-998.91286340458169,1193.64705010021,36.07,0.050852185945564156
18.542037258545768,-999.01814012401724,1191.46742719024,36.07,0.05079892774367633
18.523536105122172,-999.06228487423698,1190.22478940782,35.859999999999999,0.050934576947250926
18.505040544809933,-998.76025686090566,1190.2553069895901,35.859999999999999,0.050906298889411741
18.486541684509877,-998.93845620305206,1191.4571751901101,36.310000000000002,0.050672862889530837
18.468051528971507,-998.468399071867,1192.88387213753,36.310000000000002,0.050441534777889305
18.4495522392296,-998.96164606304706,1193.4858791215299,36.079999999999998,0.050263513499783558
18.431047558162938,-999.25277759985329,1193.9136021034201,36.079999999999998,0.050209152206420228
18.412539647477793,-999.42717699765217,1197.2459789807799,35.899999999999999,0.05037276488156224
18.394028735864097,-999.58922713966081,1197.4951264256399,35.899999999999999,0.050397556685274195
18.375518753503851,-999.53904745333944,1197.6341244738301,36.25,0.050592242425589483
18.357006503890133,-999.66147914063629,1197.6341244738301,36.25,0.050679727769239763
18.338488381770279,-999.97859447223732,1197.60313005485,36.280000000000001,0.050517102289010442
18.319963294391389,-1000.3547184599895,1196.01955366368,36.280000000000001,0.050293548658058962
18.301431639119656,-1000.709384673655,1197.4386212156601,36,0.049991821869819771
18.28290304479502,-1000.5440935303448,1199.7460364992701,36,0.049989537024474368
18.264379289208723,-1000.2828016599619,1192.97852432472,36.159999999999997,0.05022188442053533
18.245858490053141,-1000.1231544014689,1192.49238878398,36.159999999999997,0.050459824916351627
18.227343317121086,-999.81933833098094,1192.91582023094,36.32,0.050581749528375401
18.208827006940737,-999.88074973874348,1192.91582023094,36.32,0.050523510828636778
18.190313217540812,-999.74462759615312,1195.0403684425801,36.090000000000003,0.050408688058535919
18.171796848376594,-999.88393486772418,1196.7407699514399,36.090000000000003,0.050322848062741898
18.15328009012703,-999.90494547638195,1196.0913176645399,36.049999999999997,0.050380308592400155
18.134764560187737,-999.83861672182661,1196.36430697016,36.049999999999997,0.050555228561608878
18.116238660488872,-1000.3985837386864,1198.2726095047699,36.259999999999998,0.051022820800370086
18.097707369467898,-1000.6897151325965,1197.1920963754801,36.259999999999998,0.051373847661542224
18.079169536423539,-1001.0429843953499,1197.1920963754801,35.960000000000001,0.051650614995927983
18.060634400074299,-1000.8973628590501,1194.0645210819901,36.100000000000001,0.051623859135071351
18.042093838254274,-1001.1903382813654,1192.2079553852,36.090000000000003,0.051533964775185348
18.023554887622236,-1001.1033341300922,1192.33193306111,36.090000000000003,0.051463246347095121
18.005015235393827,-1001.1412203340162,1193.57981605289,36.310000000000002,0.051450980825488199
17.986484613890095,-1000.6535612014445,1193.6782829378001,36.310000000000002,0.051564130309129805
17.967966049910078,-1000.002454920992,1191.6338433782901,36.189999999999998,0.051791118459356959
17.949449706616136,-999.88253787284395,1191.6338433782901,36.189999999999998,0.051959559523263567
17.930936775066662,-999.69830367153997,1187.43767588588,36.009999999999998,0.051998441212712181
17.912418352854299,-999.99479946775205,1187.43767588588,36.009999999999998,0.051822956235113848
17.893899457735891,-1000.0203363939017,1190.68803676224,36.210000000000001,0.051515593913532762
17.875374942603624,-1000.3238171425299,1190.68803676224,36.210000000000001,0.051519455805925644
17.856843683661776,-1000.6879828598246,1192.8106776250199,36.299999999999997,0.051655706227767009
17.838307370742001,-1000.9608976678132,1192.8106776250199,36.299999999999997,0.051926175757532445
17.819766887566864,-1001.1860914573806,1189.9231898693099,35.939999999999998,0.052178268222494995
17.801226131203759,-1001.2008436076782,1189.9231898693099,35.939999999999998,0.05223994557572148
17.782692111407322,-1000.8370690076202,1189.3939005606101,36.07,0.0521814792121841
17.764163262521063,-1000.557839857959,1189.1914831628201,36.079999999999998,0.052219933518337716
17.745647030986419,-999.87650287079055,1187.9071221240899,36.280000000000001,0.052159185413065627
17.727135118717293,-999.64326253273055,1187.9071221240899,36.280000000000001,0.05222973724217498
17.708619419071745,-999.84778085962807,1193.2248107462899,35.93,0.052255042307618765
17.690104057804849,-999.82950841237789,1193.2248107462899,35.93,0.052219240204642033
17.671586142645772,-999.96741859014082,1192.19651129204,36.259999999999998,0.052254136863648049
17.653065817430903,-1000.0975616029983,1188.5611043645299,36,0.052289934828545027
17.634539613500024,-1000.4150122674513,1186.1866934522,35.969999999999999,0.052491119129277911
17.6160164104977,-1000.2529621254427,1186.14973856804,36.189999999999998,0.052556868431552439
17.597488458785158,-1000.5093924773855,1191.2828911880099,35.859999999999999,0.052567352024244632
17.578963508001372,-1000.3473423243847,1192.0272340807001,35.859999999999999,0.052628730318005752
17.560437596921108,-1000.3991983342136,1192.0272340807001,36.32,0.052504739208310787
17.541910735890074,-1000.4504956757959,1188.14077235946,35.969999999999999,0.052468869839401432
17.523388656683874,-1000.1922771347923,1189.5083414922201,36.140000000000001,0.05230919561550415
17.504857521918414,-1000.6812773349635,1189.5083414922201,36.140000000000001,0.052287071530987037
17.486327360901189,-1000.6286949300063,1191.4338101665701,35.890000000000001,0.052433958688058065
17.467798695175393,-1000.5479491931251,1191.83840654354,35.890000000000001,0.052623439373998493
17.449281241538309,-999.94249640241389,1192.6056376225499,35.960000000000001,0.052697101811030746
17.430760428929542,-1000.1238808735413,1195.5594057511601,35.960000000000001,0.052679659179962174
17.412245014888846,-999.83235819751451,1194.6777337405399,36.090000000000003,0.052239985930395728
17.393723507929671,-1000.1613757953488,1194.6777337405399,36.090000000000003,0.052023413069609323
17.375203572834412,-1000.0764951440041,1194.99316155829,35.899999999999999,0.051823205625001749
17.356676764578808,-1000.4476458027229,1194.99316155829,35.899999999999999,0.051909659270604015
17.338158888741972,-999.96529518914042,1194.5613854600599,35.890000000000001,0.052099581807343004
17.319643559555626,-999.827776062662,1194.5613854600599,35.890000000000001,0.052066094553792325
17.301120083365539,-1000.2677142647484,1196.4234347848201,36,0.052036814804021315
17.282600258993885,-1000.0705160692312,1198.99787890886,36,0.051813781675677899
17.264079355324768,-1000.1287981323978,1200.7013798596099,35.93,0.051433158414817333
17.245555997101402,-1000.2613440617471,1201.37705819333,35.93,0.05119815261792518
17.227033268039385,-1000.2273693489562,1202.25276973877,35.899999999999999,0.051077517370200387
17.20851586614204,-999.93970245662183,1202.25276973877,35.899999999999999,0.051295715897265358
17.189993144323545,-1000.2269781987437,1201.23043074971,36,0.051542619865668056
17.171485896946795,-999.39135834439185,1200.4193306469101,36,0.051473390522594371
17.152979682302565,-999.33559078847031,1200.63915260305,35.979999999999997,0.051226270286854662
17.134477820040907,-999.10056212944551,1202.27899578559,35.979999999999997,0.050664331968513561
17.115978024279162,-998.98897113428939,1202.27899578559,35.909999999999997,0.050103512280260588
17.097468846995167,-999.4955733358471,1203.21192779683,35.909999999999997,0.049896486514175747
17.07895565570989,-999.71232940472544,1202.3259642512801,35.93,0.049928000409520314
17.060446770240819,-999.47981532988979,1202.3259642512801,35.93,0.050241366648398039
17.04194257656663,-999.22645840625444,1203.61509366215,36.009999999999998,0.050494552902756881
17.023429592243154,-999.70115346766875,1204.7735696761099,36.009999999999998,0.050416811266436802
17.004921805734806,-999.42047145080687,1206.02026057485,35.899999999999999,0.049956183264655882
16.986407665535879,-999.76357074208306,1208.6872111186001,35.899999999999999,0.049438625573594373
16.967894122418564,-999.73132833504008,1208.83026228312,35.960000000000001,0.048981407240830173
16.949375980637079,-999.97965620021762,1207.59644598918,35.960000000000001,0.048977806132344287
16.93086161278168,-999.77586419150441,1206.78200802589,36.039999999999999,0.049118204047564937
16.912352734555725,-999.47942420166112,1206.78200802589,36.039999999999999,0.049368363493728952
16.893840498393974,-999.66075273451588,1207.0390232847999,36.140000000000001,0.049527668295334872
16.875336908011263,-999.19388066635952,1206.5156944412799,35.869999999999997,0.049251101707993503
16.856833675669037,-999.174546480137,1206.0305125749701,35.969999999999999,0.048696568440315981
16.838335146506147,-998.92057479609446,1206.0305125749701,35.969999999999999,0.048094751933295245
16.819839891460596,-998.74377245981987,1205.7565695949299,36.039999999999999,0.047752685428885472
16.801337496273948,-999.12934007888066,1205.7565695949299,36.039999999999999,0.047788155365519711
16.782827793309909,-999.52396005812579,1205.89723657337,35.909999999999997,0.048111559199458427
16.764323507539476,-999.23143160338361,1205.20534577433,35.909999999999997,0.048315803419945035
16.745806990398759,-999.89192559885612,1204.65626772121,36.280000000000001,0.048441251530849362
16.727287515791229,-1000.051628806614,1205.4864413125999,36,0.048229687118119403
16.708766262356765,-1000.1476854609672,1206.6778190944001,36,0.048016297322667989
16.690239706594046,-1000.4340111867741,1206.6778190944001,36,0.048015913405393053
16.671712086018669,-1000.4915110704278,1204.65579088399,35.890000000000001,0.048141317030667825
16.65318294531728,-1000.5735978749083,1202.82592807125,35.890000000000001,0.048449708982173052
16.634657066314922,-1000.3974661273935,1205.1853186113001,36,0.048658950254457906
16.616135630756911,-1000.1575201325685,1202.1607401562601,36,0.048679765312639657
16.597613934427002,-1000.1716018150183,1202.1607401562601,36.009999999999998,0.048608472572248596
16.579082318477713,-1000.7072612616624,1198.28762987705,36.009999999999998,0.048397985391710592
16.560557400807319,-1000.3455542012762,1200.64177520773,35.869999999999997,0.048226146032043685
16.542025356449425,-1000.7303953262806,1203.72476622161,35.869999999999997,0.048245751399991668
16.52348310583201,-1001.2815333403348,1203.72476622161,36,0.048297607447274613
16.504941862076432,-1001.2271628012771,1204.6755796284201,36,0.048505952582960414
16.486394433305115,-1001.5611536512006,1200.9312153972601,35.979999999999997,0.048645129424309534
16.467842132681454,-1001.824233677668,1200.9312153972601,35.979999999999997,0.048776856728144184
16.449295743886378,-1001.5049949340743,1200.19974710938,36.159999999999997,0.048838634452959086
16.430755415930861,-1001.1777095980201,1198.8712786282599,35.890000000000001,0.048868115988518195
16.412225521893774,-1000.6142780026405,1199.37052719242,35.969999999999999,0.049005013165620039
16.393700110622259,-1000.3722086617749,1199.1695403062699,35.969999999999999,0.04926022245712601
16.375171034079123,-1000.5701333293646,1198.23899248111,35.960000000000001,0.049599563290090194
16.356648929003665,-1000.1936740747124,1198.23899248111,35.960000000000001,0.049924053665831636
16.338123329397515,-1000.38237873218,1197.9860303385301,35.920000000000002,0.050106696371718856
16.319604498436952,-1000.0168718703419,1197.3575588890999,35.920000000000002,0.050281061692291566
16.30108884432229,-999.84532219172775,1194.7456830436799,36.009999999999998,0.050270027587211115
16.282570468675281,-999.99228493852297,1194.7456830436799,36.009999999999998,0.050244280654277204
16.264047902077827,-1000.2185962624392,1193.2665340026099,35.939999999999998,0.050348117951556248
16.245519918286565,-1000.5111247281735,1194.15702750171,35.939999999999998,0.05037020064285895
16.226996994680245,-1000.237874741221,1194.99792993044,35.939999999999998,0.050534912279131837
16.208476305215022,-1000.1172311220727,1197.0056530243901,35.939999999999998,0.050678781954513918
16.189963490598821,-999.69198927490743,1193.80059168346,35.979999999999997,0.050716708520440128
16.171440592862982,-1000.236477735349,1191.2244786291701,35.979999999999997,0.050910898586422303
16.152930564971644,-999.5415061322318,1191.2244786291701,35.969999999999999,0.051025917957752687
16.134423206870476,-999.39733746313277,1191.8713083113801,35.969999999999999,0.05122082928906109
16.115922468403518,-999.03987721573924,1199.0381716535301,35.899999999999999,0.051325972506011452
16.097422321844604,-999.00791418129143,1199.0381716535301,35.899999999999999,0.05128920492484762
16.078920193637078,-999.11492320647483,1199.96871947869,36,0.051276714852416187
16.060416240038279,-999.21349433509715,1195.9141726391499,36,0.051274767351050958
16.041914819635767,-999.07670173565111,1194.66509755434,35.960000000000001,0.051306161203610742
16.023409248639521,-999.30083379723817,1194.66509755434,35.960000000000001,0.051431894919979682
16.004905814512323,-999.18544286872634,1195.8998675227001,36.210000000000001,0.051498662477089924
15.986405043966647,-999.04160946652712,1197.0459457690699,35.93,0.051584391752737484
15.96789899178637,-999.32681773492914,1195.54676956496,36.079999999999998,0.051607760702896473
15.949399799314678,-998.95639347133852,1195.54676956496,36.079999999999998,0.051407011024706364
15.930905142385207,-998.71147419144813,1200.3301620877,35.909999999999997,0.051229637534294596
15.91241984628148,-998.20598960118343,1200.3301620877,35.909999999999997,0.051052626217969958
15.893932387439451,-998.32277746961529,1201.51700991595,36.009999999999998,0.051149267500002635
15.875438106143157,-998.6911899999028,1200.50659185727,36.009999999999998,0.051441491686294263
15.856936380474162,-999.09318612574486,1200.50659185727,35.979999999999997,0.051783991775317319
15.838428185217413,-999.44254386438899,1200.21595957469,36.210000000000001,0.051859543762074724
15.81991806626308,-999.54642353398424,1202.3912909497401,35.899999999999999,0.051649687816301013
15.801413462807243,-999.24858661521296,1204.4822221377201,35.899999999999999,0.051182440172166888
15.78290398646541,-999.51172245904093,1204.4822221377201,36,0.050725010744003811
15.764384778836998,-1000.037211934208,1204.6758180470199,36,0.050526925672441408
15.745869586244535,-999.820399993009,1203.62677617392,36.240000000000002,0.050563625994797065
15.727348475613619,-1000.1399740694545,1205.3295618688501,36.240000000000002,0.050911094165803222
15.708831755651827,-999.9028779367103,1206.76961025829,35.909999999999997,0.051071949097702241
15.690323735276531,-999.43310026605627,1205.4959780569,35.909999999999997,0.050909280152877753
15.671819605760591,-999.2229938607104,1207.1064957507199,36.039999999999999,0.050423621308904792
15.65331583428758,-999.20365954258398,1208.49528413955,36.039999999999999,0.049844900561835458
15.634808151258095,-999.41488359219841,1210.93597542476,36.280000000000001,0.049447620081270023
15.61629054860984,-999.95054300586673,1210.93597542476,36.280000000000001,0.049385057969586248
15.597773861760421,-999.90108986856148,1216.0963077660001,35.93,0.049408248938958593
15.579244571013593,-1000.5817003286976,1214.95618998482,35.93,0.049713857265749714
15.560710233532159,-1000.8542239974655,1214.95618998482,36.079999999999998,0.049934993607155746
15.542180774112323,-1000.5908086711224,1208.9628230288999,36.079999999999998,0.049885629367015551
15.523659695560532,-1000.1382417966825,1210.7688439808901,36.329999999999998,0.049641219278968363
15.505143151515069,-999.89337845506475,1210.7688439808901,36.329999999999998,0.049161185614283245
15.486636514671694,-999.35838954222049,1214.02993369459,35.969999999999999,0.048786244457616659
15.468126571633483,-999.53692406333096,1215.1388186381801,35.969999999999999,0.048615691355991815
15.44961623123092,-999.55838173848986,1215.20152273196,36.119999999999997,0.048595906958539263
15.431102539102429,-999.73937493849257,1213.7705342496099,36.119999999999997,0.048747447626995392
15.412586670782652,-999.85688926800503,1213.7705342496099,35.890000000000001,0.048787170606845683
15.394074882691339,-999.63655693092539,1214.48579007218,36.25,0.04875567430805984
15.375568569740793,-999.34089932944312,1215.4790419911201,36,0.048537653768498841
15.357053832461881,-999.79581306119007,1215.4997844099701,36,0.048236862447648785
15.338526178771485,-1000.4932992814723,1215.92035483365,36.25,0.048070608947878755
15.319988761718436,-1001.0205208645314,1216.7269249829001,36.25,0.048014785470986594
15.301444432180361,-1001.3937950561547,1218.6488173781399,36.280000000000001,0.048122448429000916
15.282900524843258,-1001.3709962034762,1215.6909961332101,36.280000000000001,0.048377881236048137
15.264367636086467,-1000.7759928667573,1215.6909961332101,35.969999999999999,0.048371760382834292
15.245844985669134,-1000.2231225359633,1211.3508238018501,35.969999999999999,0.048258422560280886
15.227327875586308,-999.9239444726486,1211.4490522681499,36.159999999999997,0.047948939932964292
15.208819634798672,-999.44500253228921,1212.8809944249399,36.159999999999997,0.047630923280612601
15.190313406702476,-999.33631719459049,1212.37888483749,36.310000000000002,0.047546173966940178
15.17179867563099,-999.79547786024239,1213.33327452341,36.310000000000002,0.047677463538514681
15.153269086860387,-1000.5977936125469,1215.76967427369,36,0.04795361413902282
15.134736898665496,-1000.7381625241621,1215.76967427369,36,0.048289025824042826
15.11619868274342,-1001.0636597920677,1212.9372612163099,36,0.048342965955988575
15.097665546669139,-1000.7893480111831,1212.43491321026,36.119999999999997,0.048216393010420938
15.079126700551857,-1001.0976903332112,1211.6796030616299,36.310000000000002,0.048081364687556596
15.060574574810055,-1001.8147900573512,1212.3080745110601,36.310000000000002,0.048164721169466032
15.042025288566711,-1001.6614571405307,1212.06464911278,35.950000000000003,0.048521673302639103
15.023478939093673,-1001.5028715440658,1209.77821466663,35.950000000000003,0.048939139685737855
15.004937279348207,-1001.2496262551516,1207.5668820818501,36.170000000000002,0.049362728991192116
14.986412913228335,-1000.3157704731253,1207.5668820818501,36.170000000000002,0.049639691911065452
14.967903236134571,-999.52256306324568,1205.14764847131,35.869999999999997,0.049611951944657944
14.949396651030934,-999.35559559642832,1203.98249673635,36.32,0.049467293748398346
14.930881198702467,-999.83442573718651,1205.3114420546799,36,0.049238882757035113
14.912350037032056,-1000.6827302021642,1205.3114420546799,36,0.049399175787412111
14.893806896482822,-1001.3295896586317,1204.4521813931699,36.25,0.049748138216594275
14.875248235960344,-1002.16766821386,1202.6523593249699,36.25,0.050193673619265217
14.856680766161826,-1002.6433691199419,1204.2945866936,36.229999999999997,0.0505522131476367
14.838112997304862,-1002.659518276112,1203.8587574790399,36.229999999999997,0.050874255184494559
14.81955210160865,-1002.2883675954089,1201.06043828254,36.030000000000001,0.051013739370628544
14.800995694887675,-1002.0459629326834,1201.06043828254,36.030000000000001,0.051106657421664009
14.782443887864117,-1001.7975792721292,1199.8936176173199,36.259999999999998,0.051142253605454664
14.763897102739563,-1001.5263967259204,1199.8936176173199,36.259999999999998,0.051200069069952267
14.745362394799942,-1000.8742287394718,1200.092458736,35.93,0.051466586689383337
14.726835287486296,-1000.4637949369089,1200.092458736,36.140000000000001,0.051787948853111596
14.708313475259418,-1000.1778602513945,1196.02456045444,36.049999999999997,0.052012317919862973
14.689796658025985,-999.90813060536254,1196.02456045444,36.049999999999997,0.052155165213525145
14.671273403283926,-1000.2557560712348,1194.4359772725099,36.299999999999997,0.052189617935492275
14.652741163348075,-1000.7409565359061,1194.4359772725099,36.299999999999997,0.052242275951343266
14.634190077582719,-1001.7586313292329,1195.0291627680299,36.240000000000002,0.0523999457567043
14.615633145181498,-1002.0743496659541,1197.07026446703,36.240000000000002,0.052448043397785478
14.597081760357899,-1001.7747804744108,1196.9307895816301,36.039999999999999,0.052590421921655583
14.578544765503791,-1000.997722121773,1197.41024940136,36.039999999999999,0.052671555635522553
14.560019814719803,-1000.3473423353768,1199.02577388594,36.189999999999998,0.052718014149607098
14.541502368326039,-999.94210526319353,1199.02577388594,36.189999999999998,0.052775073173370365
14.522991800266597,-999.57067520989528,1198.3262536914699,36.280000000000001,0.052707907222932275
14.50448733340505,-999.241210523576,1198.3262536914699,36.280000000000001,0.052910488514270562
14.485989402359257,-998.88827647276264,1197.5697514497899,35.969999999999999,0.053107875090021378
14.46750110532718,-998.36803973220026,1197.82915089478,35.969999999999999,0.053218262682162461
14.449016542898745,-998.16637113547949,1197.82915089478,36.119999999999997,0.053189296480733728
14.430531974260443,-998.16670646833131,1200.45819287994,36.119999999999997,0.052913405618875101
14.41202687720491,-999.2752409987678,1200.3046512966901,36.329999999999998,0.052756949634499589
14.393506669956762,-1000.091191399997,1199.02338969986,36.329999999999998,0.052876867772483675
14.374982537701191,-1000.3031418007721,1199.02338969986,35.93,0.053000124168144112
14.356461556421044,-1000.1329891280302,1198.27404001642,35.93,0.053330615368563497
14.337948351684009,-999.71305579985381,1199.4720935192199,35.960000000000001,0.053480914275395558
14.319447918483942,-999.02339280366164,1199.4720935192199,35.960000000000001,0.053361703955454282
14.30096124609263,-998.28030913083876,1199.7586726854599,36.090000000000003,0.053084480266940605
14.282479737367973,-998.00147113139008,1201.1324407020099,36.090000000000003,0.052587013281408364
14.263994577857927,-998.19861354252248,1203.87568520018,35.909999999999997,0.052408524271440049
14.245506228050626,-998.37088959428104,1204.1586880873101,35.909999999999997,0.052426847528789275
14.227012629724761,-998.65430959667833,1204.0091996203901,36.310000000000002,0.052653345174585892
14.208524384432014,-998.36524580839205,1203.8260941298099,35.950000000000003,0.052776253887275207
14.190033489009911,-998.50835279347882,1201.1803628421301,36,0.052668544359630129
14.171545152655593,-998.37016313320066,1201.1803628421301,36,0.052304052643928227
14.153053743971556,-998.53606893798974,1203.2484058437799,35.939999999999998,0.051760662137831967
14.134545099611124,-999.46679546335611,1203.2484058437799,35.939999999999998,0.051358727118333267
14.116022071490049,-1000.2435185381021,1203.4789566372599,35.880000000000003,0.051394797239375893
14.097504183235715,-999.96596573393208,1202.54817039349,35.880000000000003,0.051643489343711171
14.07900477035189,-998.96829572657941,1201.2650014477999,35.960000000000001,0.051800280607403423
14.060522086090154,-998.06495013378435,1201.8400671291399,35.960000000000001,0.051812267759333071
14.042046398130884,-997.68714980054096,1204.23474362311,35.880000000000003,0.051491454038444309
14.023572432084023,-997.59416653052688,1204.23474362311,35.880000000000003,0.051147796005438152
14.005084109181466,-998.36943673807218,1204.2678838095501,35.909999999999997,0.050874066847821871
13.986580772325908,-999.18019020007398,1208.0561170644901,35.909999999999997,0.050754072143657937
13.968064709463052,-999.86739459431783,1208.48598581385,36.009999999999998,0.050903038226277626
13.94953641316158,-1000.5280002794717,1208.48598581385,36.009999999999998,0.051054179457980423
13.931010526914884,-1000.3978573215741,1204.8505788863399,35.93,0.051023370274421741
13.912478546714834,-1000.7269308027207,1204.8505788863399,35.93,0.050835124114521596
13.893945554477753,-1000.7815808023097,1205.6023127558601,35.899999999999999,0.050456782601705948
13.875416335132089,-1000.5778446659173,1205.7444102459399,35.899999999999999,0.05017206590721509
13.856891768260489,-1000.3266110663383,1205.7444102459399,36.030000000000001,0.050154186578966087
13.838372463360436,-1000.0424646028603,1204.6004777670501,36.030000000000001,0.050244703889111113
13.819863246754402,-999.49769672585546,1203.0576709577599,35.880000000000003,0.050505260004883652
13.801363561716059,-998.98299207050877,1202.34146146076,35.880000000000003,0.050474317333292322
13.782870177593887,-998.64274259734532,1203.7183289192101,35.939999999999998,0.050252504235598502
13.764371264518607,-998.94130606513295,1204.81219349053,35.939999999999998,0.049925578970903113
13.745855845303733,-999.83263760308591,1204.69822939613,36.079999999999998,0.049750862855809923
13.727323690222233,-1000.7363744010536,1203.46322100916,36.079999999999998,0.049919273907290118
13.708770960155704,-1001.8474235926228,1203.46322100916,35.880000000000003,0.050402380943694154
13.690220205527107,-1001.7407499442592,1203.40075533399,35.880000000000003,0.050843698492195374
13.671670314959036,-1001.6940906758023,1205.0231939581899,36.009999999999998,0.051187843910347586
13.653129032916295,-1001.2292303079729,1204.75854930384,36.009999999999998,0.051235881533089708
13.634600015356826,-1000.5669482113759,1201.5017511250701,36.170000000000002,0.05100276321270994
13.616069159987774,-1000.6661899287579,1201.5017511250701,36.170000000000002,0.050911628121597809
13.597539817499989,-1000.5844943404417,1200.4214764143801,35.899999999999999,0.0509680103894804
13.579014373114878,-1000.3739967958755,1200.28295520341,35.899999999999999,0.051428525604619427
13.560505962619768,-999.45416673604257,1199.5886802182999,36.310000000000002,0.051897823189627518
13.542001079767926,-999.26367399943456,1198.9149092334401,36,0.052183046941478579
13.523502797923543,-998.90721959670873,1195.7575316140101,36.07,0.052226976385957725
13.504992191576532,-999.57274273857513,1196.61130864755,36.07,0.051836558722880448
13.486464674481441,-1000.4859231348754,1196.61130864755,35.869999999999997,0.051569585788065177
13.467917363676642,-1001.5547834591913,1199.3648051458399,35.869999999999997,0.051561039352861944
13.449360931085391,-1002.0473599275635,1198.3217237379199,35.939999999999998,0.052000910254004294
13.430798762581475,-1002.3570992114957,1198.3217237379199,35.939999999999998,0.05287416175798558
13.412241971948109,-1002.0666942017219,1196.8850132089899,36.280000000000001,0.05361194826146342
13.393701534303656,-1001.1836328004722,1194.8381894634001,36,0.053956866675722304
13.37517697984935,-1000.3259405325385,1193.6274997743999,35.979999999999997,0.053886252769920685
13.356673194923559,-999.20438599267231,1193.6274997743999,35.979999999999997,0.05337761818598289
13.338178180986443,-998.730752604278,1194.0111153139001,36.119999999999997,0.053066323612846932
13.31968685612086,-998.53154274140968,1192.0553674763901,35.869999999999997,0.053131794558471737
13.30118604004328,-999.04406818938742,1191.94545649832,35.899999999999999,0.053625600416161261
13.282684990101192,-999.0566968727328,1191.0356510920101,35.899999999999999,0.054273448058042656
13.264180119666644,-999.26300346563471,1190.1384818719,36.259999999999998,0.054639125652666654
13.245662828493719,-999.93372333788113,1191.8922891488401,36.259999999999998,0.054622352535584749
13.227132518465526,-1000.636741522467,1193.21217456009,36,0.05434140873393345
13.208582550287646,-1001.6982816054826,1191.903733242,36,0.054095378141775174
13.190024240562945,-1002.1487251338818,1191.903733242,35.899999999999999,0.054226744296424628
13.17146928877424,-1001.9673965900354,1191.81671045026,35.899999999999999,0.05463646828508318
13.152937848741889,-1000.6977617470411,1190.2441013150301,36.280000000000001,0.055129046867582875
13.134420856625987,-999.91757425865512,1190.2441013150301,36.280000000000001,0.05554272069336303
13.115926848517457,-998.67643786059705,1191.5160645861699,36.240000000000002,0.055508448021934866
13.097431333735901,-998.75779820399725,1191.5160645861699,36.240000000000002,0.05515473894353097
13.078937507751938,-998.666603134036,1191.3019646766099,36.030000000000001,0.054686185387460631
13.060433996013709,-999.1896338643586,1191.55635733084,36.030000000000001,0.054355225425594962
13.041915957712309,-999.97406827565737,1190.4579628059801,36.079999999999998,0.054430813637089077
13.023383283159207,-1000.7644258674243,1189.3316733040399,36.079999999999998,0.054613155210298171
13.004838947413502,-1001.3941302680944,1187.1968730922799,36.210000000000001,0.054765919015864375
12.986292265769032,-1001.5208088013603,1189.9816024281499,36.210000000000001,0.054731094800225123
12.967743843586421,-1001.6147978610818,1189.9816024281499,36.310000000000002,0.054590387472909951
12.949195681139404,-1001.6007721388885,1190.2655589897099,36.310000000000002,0.054403152320048401
12.930655424586472,-1001.1738538582957,1188.1948933833701,35.93,0.054308175002854425
12.912126713328362,-1000.5504079379696,1188.1948933833701,35.93,0.054136692651036072
12.893611124406217,-999.84180179584735,1189.7517668905,36.140000000000001,0.054104051863082092
12.875114725902504,-998.80551920043445,1191.36776821229,36.049999999999997,0.054062195126955988
12.856622725311034,-998.56803193946143,1191.3107861650899,36.210000000000001,0.05386791605836716
12.838133635619794,-998.41084332688479,1191.5713777031201,36.210000000000001,0.05357391511957716
12.81963680146416,-998.82904440427308,1191.5713777031201,35.93,0.053198894275207138
12.801116989511021,-1000.0698454694794,1192.8304663694501,35.93,0.053112473758465999
12.782588343447056,-1000.5468874541531,1191.24712839688,35.950000000000003,0.053072102992346618
12.764053848675436,-1000.8627176674194,1190.1928413144201,35.950000000000003,0.052983014743790191
12.745528657817278,-1000.3603063405819,1190.1928413144201,36.020000000000003,0.052812705852176456
12.727011607752994,-999.92070347134734,1193.31922451487,36.079999999999998,0.052502157376305668
12.70850601709512,-999.30189552521847,1194.9354642552701,35.890000000000001,0.052133546104199034
12.689998574140823,-999.40191953203339,1193.6174861928801,35.890000000000001,0.051857898428467344
12.671503935837086,-998.71046840174051,1193.6174861928801,36.310000000000002,0.051484621232364795
12.653014203533349,-998.4455444018281,1194.11101271045,36,0.051377592606211692
12.634530992557915,-998.09339267342352,1197.68037768368,36.079999999999998,0.051343586921637263
12.616057565643265,-997.56505339113596,1199.73340031307,36.079999999999998,0.051209524065968036
12.597572978379024,-998.16771226903097,1197.6908681024199,35.850000000000001,0.051030211360528314
12.579074455424779,-998.92023952919465,1197.6908681024199,35.850000000000001,0.050642462444601161
12.56056101682222,-999.72568453815916,1198.1741426198701,35.939999999999998,0.050225875647207339
12.542035792850671,-1000.3620944636905,1198.9342211406499,35.939999999999998,0.049964320948813229
12.523503014817281,-1000.7700138029767,1198.9230154661,36.119999999999997,0.049857925622087865
12.504978109565402,-1000.3448836015244,1198.69961723085,36.020000000000003,0.049900650563945145
12.486454633375313,-1000.2677142647484,1198.2957361097001,35.880000000000003,0.049925098814012851
12.467950037163,-999.24819546500044,1198.2957361097001,35.880000000000003,0.049726567746244128
12.449455866590108,-998.68521093612196,1199.7086047778901,35.93,0.049486597999138411
12.430974896997663,-997.97235799199893,1199.1392611431199,35.93,0.049151787531774509
12.412497254295134,-997.79270593653951,1196.7865463240801,36.07,0.048977684024285401
12.394014986024507,-998.04248661395786,1196.7865463240801,36.07,0.049030158874994734
12.375531762630965,-998.0940632511913,1199.23534384195,35.890000000000001,0.049095407338326014
12.357039236360469,-998.59641860678028,1200.1532554809201,35.890000000000001,0.049181358058948271
12.338539589609898,-998.98092453083689,1199.03292644416,35.960000000000001,0.04906421112960703
12.320024591560516,-999.80989466669621,1199.03292644416,35.960000000000001,0.048827718318875543
12.301491501017324,-1000.7868893322908,1198.0635163859699,36.030000000000001,0.048626920002116582
12.28294088298261,-1001.7333738746064,1197.3387238191001,36.140000000000001,0.048479691356878962
12.264397527195012,-1001.3412125302856,1197.07932437412,35.880000000000003,0.048470039744367005
12.245862351523529,-1000.8994862600506,1198.2256410390901,35.880000000000003,0.048535105045813515
12.227344885467934,-999.94316700216575,1198.2256410390901,35.969999999999999,0.048589082431265466
12.208845121786535,-998.98723879556553,1197.9373929425899,35.969999999999999,0.048593757672810822
12.190341687658114,-999.18544293467835,1197.7473733124,36.119999999999997,0.048515434481278118
12.171835134633399,-999.35386333464828,1197.85013173224,36.119999999999997,0.048415838846020035
12.153320657088862,-999.78178740494877,1197.85013173224,35.869999999999997,0.048500774430480384
12.134799221530852,-1000.1575201325685,1196.70405348588,35.869999999999997,0.04879165440851476
12.116272412240777,-1000.4477016640516,1196.15211440946,35.969999999999999,0.049118250608442805
12.097737561497611,-1000.8819401309845,1197.50585526298,35.969999999999999,0.049311485551716806
12.079182200961728,-1001.9894689376654,1197.50585526298,36.07,0.049432526447691
12.060619337070293,-1002.3946501375278,1198.64597304415,36.07,0.049525866699091328
12.042043304277943,-1003.1057707868952,1195.1505178392499,35.869999999999997,0.04971812272137302
12.023462133688804,-1003.3832118134476,1195.1505178392499,35.869999999999997,0.049937141850680024
12.004899444679022,-1002.3852065282032,1192.99974358079,35.960000000000001,0.050274136790376026
11.986356654928585,-1001.3106465236939,1192.72484692631,35.960000000000001,0.050669016520891022
11.967831217787609,-1000.373605612687,1193.6534874026199,36.009999999999998,0.051010836741669813
11.94932181284714,-999.50786678526856,1193.6534874026199,36.009999999999998,0.051118862922285652
11.930822465154407,-998.96477540764295,1192.8819647886701,35.890000000000001,0.051053049455042979
11.91231960327281,-999.15454160622687,1193.1492320477,35.890000000000001,0.050942638056475545
11.893798348803879,-1000.1477413222959,1192.74845036846,35.920000000000002,0.050968552625709158
11.875256183039388,-1001.276951282426,1192.74845036846,35.920000000000002,0.051187794239955904
11.856718005405085,-1001.0615922523959,1193.5895912158001,35.950000000000003,0.051617875904305908
11.83816890749638,-1001.6512870701256,1191.89896486985,35.950000000000003,0.052003054363112818
11.819616464070393,-1001.8319450032286,1192.18768980356,36.090000000000003,0.05235344067889211
11.801070886560417,-1001.4611855386901,1192.18768980356,36.090000000000003,0.052418346618977082
11.782521776234622,-1001.6519575929333,1193.3423511198,35.880000000000003,0.052360218634703144
11.763978148292507,-1001.3559088742147,1193.2503215372899,35.880000000000003,0.052255536946872162
11.745445687944523,-1000.7528587911473,1191.9270982655401,35.890000000000001,0.052349486694937872
11.726928610975291,-999.92215633854789,1192.5074091562501,35.890000000000001,0.052687389154056463
11.708434980569081,-998.6560419354023,1192.5074091562501,36.280000000000001,0.053042162000270225
11.689952276646935,-998.06601179581276,1191.58925909868,36.280000000000001,0.053004212682538715
11.671459808324823,-998.59328939408829,1192.0432081274,36.049999999999997,0.052906793234496784
11.652967723914896,-998.57255813604172,1191.7275418910399,36.049999999999997,0.052653673204477072
11.634454440532158,-999.71730266780662,1191.7275418910399,36.07,0.052459135447381559
11.615933030843202,-1000.1561232036404,1190.74120411172,35.880000000000003,0.05229242145621809
11.597410874027194,-1000.1964680644727,1192.07324887195,36.25,0.052108601152046498
11.578884454858155,-1000.4266351281132,1197.4300381457899,36.25,0.05217781808128804
11.560360550259055,-1000.2908483513506,1197.4300381457899,35.909999999999997,0.052461779370531397
11.541842836886378,-999.95652212460732,1195.45688574992,36.25,0.052527822553005157
11.523330581064219,-999.66181439654417,1192.2718515720201,36.020000000000003,0.052503667155181413
11.50483489036532,-998.76729774060254,1193.6973564263999,36.020000000000003,0.052247783174086633
11.486356214930884,-997.84847345948515,1197.65486689268,36.189999999999998,0.051976560308622459
11.467880403829698,-997.69379946407332,1199.0756033749101,36.189999999999998,0.051772713459615087
11.449414272275147,-997.17110394569067,1200.1019954803,36.299999999999997,0.051509985284324815
11.430936388464387,-997.80572578108945,1200.1019954803,36.299999999999997,0.051515663255120817
11.412448111093939,-998.36697800421996,1199.43132393734,35.93,0.051648327045343431
11.393941357317294,-999.36470393885315,1196.76222762611,36.100000000000001,0.051780021232123184
11.375412670894988,-1000.549066804418,1196.5540881817401,36.07,0.051770200954338472
11.356878593150576,-1000.8401981983284,1198.9916800250601,36.07,0.051616490298763147
11.338341344769111,-1001.0114125990503,1202.1893503891599,36.280000000000001,0.051354554790165256
11.319808449802451,-1000.7763281996092,1203.8866524561199,36.280000000000001,0.0511569974769467
11.301293789098882,-999.79167799283857,1207.32679454408,36.119999999999997,0.050826122360677267
11.282783696013603,-999.54502660505614,1207.32679454408,36.119999999999997,0.050708692935792332
11.264276643180137,-999.3808530070869,1209.45205801154,36.07,0.050663492749289087
11.245780589265557,-998.78691138735621,1208.05277920398,36.07,0.050721538973868163
11.227282008362929,-998.92336874188641,1206.78153118867,36.259999999999998,0.050780854916383615
11.208787902982758,-998.68169052924952,1206.9429405859601,36.259999999999998,0.050580801646543459
11.190297150362982,-998.50064146791806,1206.9429405859601,36.140000000000001,0.050139684856485726
11.171792404104819,-999.25629794077372,1208.4905157674,36.140000000000001,0.049656822034774575
11.153273378602602,-1000.0273771197108,1210.1801884389099,36.020000000000003,0.049206846286887498
11.134734830508689,-1001.0815970713461,1210.8811391450299,36.020000000000003,0.048991472770626592
11.116190358167879,-1001.4015064036995,1210.8811391450299,35.939999999999998,0.049012693471561751
11.09765292766185,-1001.0212473256117,1209.74292871272,36.140000000000001,0.049148745217535941
11.079125970395069,-1000.4556924061756,1208.23230841545,35.899999999999999,0.049303241284271417
11.060607873110001,-999.97725339364592,1207.9569349237599,36.32,0.049281742219358535
11.042119829605078,-998.35434926591461,1209.3762408943501,35.920000000000002,0.048933218544285131
11.023634825316073,-998.19023160621805,1212.2892394410701,35.920000000000002,0.048537985943187111
11.005144072696297,-998.50064146791806,1217.90447448545,36,0.048208264633024585
10.986650097701361,-998.67464972649645,1217.90447448545,36,0.048166331317894634
10.968143018997621,-999.38225000196712,1216.6360874934301,36.119999999999997,0.048364399831642035
10.949626572223595,-999.88812579740443,1216.6360874934301,36.119999999999997,0.048581894695842606
10.931108333170467,-999.98490886887021,1214.90564524003,35.869999999999997,0.048802271489036049
10.912582700450722,-1000.3841668662805,1212.3948588841999,35.869999999999997,0.048895428578755153
10.894058386070382,-1000.3129765383254,1213.29417387178,35.880000000000003,0.048616619579044271
10.875527907370403,-1000.6458497989398,1214.74256691248,35.880000000000003,0.04824867264898617
10.856986306607382,-1001.2464412031152,1216.53547484106,35.950000000000003,0.047931326552011086
10.838451220964222,-1000.8946247306187,1215.98806571818,35.950000000000003,0.04793553302518927
10.819925355414846,-1000.3967396663132,1215.98806571818,36.329999999999998,0.048191615694568112
10.801413891216159,-999.61906672914029,1213.0581394503299,36.329999999999998,0.048516277843264122
10.782916309933471,-998.86938926510538,1212.78419647028,36.280000000000001,0.048809706545815831
10.764421867206062,-998.69990728005098,1214.09263778837,36.280000000000001,0.048771928993507331
10.745925384883895,-998.81004539701439,1213.92741369336,36.140000000000001,0.048629573235487854
10.727415506003734,-999.53345952877896,1213.92741369336,36.140000000000001,0.048338088935576007
10.708883266068087,-1000.7409565249142,1213.56191796803,36,0.048184133031245857
10.690345791065436,-1001.0236501431752,1213.3628384307401,36,0.048380746613943329
10.671801824743243,-1001.3741813984091,1213.3628384307401,36.07,0.048836398246182536
10.653250057043147,-1001.7954558051767,1211.29360333605,36.07,0.049271688076456766
10.634702485469299,-1001.5688649877532,1208.8476668414701,36.210000000000001,0.049637151470035626
10.616151647021026,-1001.7452762067913,1208.69793995594,36.210000000000001,0.049706563978250975
10.597609766863018,-1001.2615285323767,1209.80348703903,35.899999999999999,0.049751008756453378
10.579079936982556,-1000.6108135450326,1207.96647166806,35.899999999999999,0.049799915606978835
10.560555356657973,-1000.3273375274186,1208.3620081379399,35.899999999999999,0.049842064161490521
10.542047459424797,-999.42645059153176,1208.32767585846,35.899999999999999,0.050057798834671728
10.5235413099741,-999.3320703376296,1208.32767585846,35.969999999999999,0.050276898675362773
10.505032788755585,-999.46014579982352,1207.15894784438,35.969999999999999,0.050531981723986999
10.486511015850541,-1000.175736872378,1204.7757154435801,36.119999999999997,0.050727645348993537
10.467974039622373,-1000.9967163210734,1202.77013811709,36.119999999999997,0.05077296971697199
10.449415353229618,-1002.16906520874,1202.1397593188001,35.960000000000001,0.050830197419646235
10.430846090118548,-1002.7402079977765,1202.1397593188001,35.960000000000001,0.050975199170771417
10.412270259112189,-1003.0948743433457,1201.94354080481,36.140000000000001,0.051373951137148453
10.393702640301276,-1002.6514157893465,1201.8043043380101,35.859999999999999,0.051750074038117828
10.375147442229551,-1001.9806958731324,1199.4899749147901,36.25,0.051996261919849768
10.356598136326003,-1001.662518791567,1197.6412770320501,36.25,0.052035475773401757
10.338050129098809,-1001.592390268536,1198.7570761152599,36.329999999999998,0.052051514180520245
10.319512341585337,-1001.0405257274494,1198.7570761152599,36.329999999999998,0.051987343984053518
10.300981563825891,-1000.6619990100695,1197.8205678249101,36.170000000000002,0.052065110453533889
10.282459206258157,-1000.2073086576854,1195.97377729103,36.170000000000002,0.052165553591300394
10.263937386787553,-1000.1782514125989,1194.95310723223,36,0.052315498601833273
10.245407895288999,-1000.5925409219103,1194.95310723223,36,0.052457609110283701
10.22686509208517,-1001.3113730067582,1196.56934697263,35.979999999999997,0.052407087964293449
10.208305236365609,-1002.2322088562986,1194.5754521579099,36.159999999999997,0.052254596313855116
10.189734472789956,-1002.8212330852687,1192.7198401355599,36.32,0.052377713019350382
10.171166060285412,-1002.6942752453598,1192.7198401355599,36.32,0.052458916064016967
10.152603897990142,-1002.3567639445959,1192.1786298964801,35.950000000000003,0.052592290769379317
10.134051870554449,-1001.8094815273701,1190.8384789035899,35.950000000000003,0.052763223645110449
10.115528705840713,-1000.2508945418029,1193.2856074912099,36.07,0.052744696538734585
10.097015748420965,-999.6997006664202,1192.9651728827,36.07,0.052784107008579211
10.078515328674083,-999.02266633158911,1193.44034116749,35.93,0.052619118035266102
10.060012862086477,-999.13319573066917,1193.44034116749,36.159999999999997,0.05251199938282574
10.041512786928321,-999.00405854049495,1191.24402895499,35.880000000000003,0.052589321921170336
10.023017369417389,-998.75254559030486,1191.5716161217199,35.880000000000003,0.052666513042048828
10.004517339791544,-999.0015997956508,1191.5716161217199,35.969999999999999,0.052790225797943839
9.9860109823443768,-999.34330214700697,1189.8559558219899,35.969999999999999,0.052805937204958416
9.9674887468826654,-1000.2007149324253,1190.4207695032101,36.020000000000003,0.052720096166756686
9.9489582619728179,-1000.6461851317916,1189.3939005606101,36.020000000000003,0.052597242306574962
9.9304157971506939,-1001.2931003946278,1189.4589888404601,35.939999999999998,0.052302134118688372
9.9118798350297155,-1000.9419545328752,1189.4589888404601,35.939999999999998,0.05215500170980919
9.8933575995677998,-1000.2007149434174,1191.90325640479,36.159999999999997,0.052221376031687944
9.8748577189531304,-998.99355319219831,1191.8436517529101,35.850000000000001,0.052251984466370242
9.8563729754333771,-998.17615006666404,1190.79961667056,35.960000000000001,0.052460407215936047
9.8378961119382478,-997.75062873698346,1191.95666217287,35.960000000000001,0.052359201431231586
9.8194207106197258,-997.67167120015483,1192.9007998586701,36.079999999999998,0.052078082739580353
9.8009435418581141,-997.76711312707721,1192.9007998586701,36.079999999999998,0.051885316561416636
9.7824602139496122,-998.09970705906426,1189.8790824269199,35.869999999999997,0.051642383139668513
9.7639733594321072,-998.29014394533567,1189.8790824269199,35.869999999999997,0.051698103137290445
9.7454843473518977,-998.40665233125242,1192.7401057171901,35.939999999999998,0.051706276007440793
9.7269861296641373,-998.90375513910089,1192.7401057171901,35.939999999999998,0.051753074965248655
9.7084817735272146,-999.23523139384338,1190.1587474535399,36.170000000000002,0.051687324621991305
9.6899649366321512,-999.90919233334273,1190.1587474535399,36.170000000000002,0.051577644837308138
9.6714552202161475,-999.5246864642462,1194.12889410602,35.960000000000001,0.051353220933315832
9.652947790713613,-999.40119313690502,1194.12889410602,35.960000000000001,0.051263973325636973
9.6344542255001215,-998.65252152852986,1196.0698599898601,35.869999999999997,0.051296648259211791
9.6159710797174061,-998.08987226655131,1197.5039479141201,35.869999999999997,0.051481345051991388
9.5974966200692222,-997.62082100201769,1197.0435615829899,36.280000000000001,0.051510504760198937
9.5790283381938632,-997.28722126933076,1196.6685291133599,36.280000000000001,0.051372805615546829
9.5605493305877935,-997.86641072777161,1198.1791494106201,35.960000000000001,0.051209790011635392
9.5420561347988322,-998.63257260388411,1197.6787087534301,36,0.050970186580564111
9.5235450607211813,-999.59800019320164,1194.29888657318,35.880000000000003,0.051011401748227422
9.5050220988272933,-1000.2399422699009,1195.36533300463,35.880000000000003,0.051089566612053418
9.486492016455367,-1000.6244480840376,1195.36533300463,36.280000000000001,0.051143000734135559
9.4679629854443395,-1000.5676745955121,1195.88746975511,36.280000000000001,0.05126746785510948
9.4494322335555765,-1000.6606019932057,1196.4770789715101,36.159999999999997,0.051211265643872517
9.4309087511568421,-1000.2680495316483,1196.219825294,36.159999999999997,0.051034302972630508
9.4123869523815227,-1000.1771338672581,1199.12161816616,35.869999999999997,0.050909300857932507
9.3938724024011506,-999.78569894004977,1199.12161816616,35.869999999999997,0.050771350248144172
9.3753728405049284,-998.97634239598403,1201.4910222877299,36.259999999999998,0.050968523654469119
9.3568812559049732,-998.54556839765098,1200.8735180942399,36.259999999999998,0.051375984524482075
9.3383922759024642,-998.4049201354245,1200.4825115779099,35.939999999999998,0.051637342616964878
9.3198888096963444,-999.18717513050626,1197.84321759262,36.229999999999997,0.051791816953132994
9.3013739679012506,-999.80145693501504,1199.7281551036999,35.979999999999997,0.051609650258117624
9.2828535392048721,-1000.1031496045028,1199.2022036555099,35.979999999999997,0.05136852980444459
9.264333499594855,-1000.0821389408849,1199.2022036555099,36.100000000000001,0.051156776024644003
9.2458037876841672,-1000.6044431771512,1197.31917349329,36.100000000000001,0.051275889075182685
9.2272757894048425,-1000.5119070835585,1196.36430697016,36.329999999999998,0.051663437234498351
9.2087507227220513,-1000.3536008706808,1193.1573382803599,36.329999999999998,0.05225466771746038
9.1902324174431609,-999.98848506012723,1193.1573382803599,35.920000000000002,0.052687256696218196
9.1717202785530514,-999.65550006586341,1193.7250129848701,36.170000000000002,0.052839674886326501
9.1532139211062926,-999.34330212502289,1198.1870172246699,36.030000000000001,0.052691855363237929
9.1347128390852834,-999.05842913451272,1198.1870172246699,36.030000000000001,0.052429879494062685
9.1162046293418975,-999.44332614282985,1198.56944067114,36.189999999999998,0.052572501207520182
9.097690768539584,-999.74848332488534,1198.12192894482,36.189999999999998,0.052889585499757433
9.0791637388369679,-1000.4596039412766,1197.14679684005,36.350000000000001,0.053529130912375593
9.0606348651147002,-1000.5591810025026,1196.2768073412001,36.350000000000001,0.053973042714652746
9.0420953950122822,-1001.1313855305111,1196.2768073412001,35.950000000000003,0.054198305847029525
9.0235482135580458,-1001.5477985287588,1193.18809428073,35.950000000000003,0.054266408291387132
9.0050019737741458,-1001.4969483306216,1189.4453989798301,36.009999999999998,0.054015056745237842
8.9864618341544862,-1001.1675394616631,1188.4378419444399,36.009999999999998,0.053741008874872716
8.9679296273322304,-1000.7391684018056,1188.4378419444399,35.979999999999997,0.053739151397148528
8.9494058272495156,-1000.2852044665337,1191.8510427297399,36.119999999999997,0.053992162769853212
8.9308855341123472,-1000.0958294071704,1190.94385992811,35.899999999999999,0.054421207557092614
8.9123709851666479,-999.7856430677291,1190.94385992811,35.899999999999999,0.054747361892787429
8.8938647963939133,-999.33419372763808,1191.9530858937601,35.890000000000001,0.054718229095634702
8.8753587442136368,-999.32681773492914,1191.9530858937601,35.890000000000001,0.054621988285638627
8.8568580057468829,-999.03987720474731,1191.5074815163,35.979999999999997,0.054426724092500094
8.838348659790082,-999.5046816672799,1191.6641225414401,35.979999999999997,0.054334112339363562
8.8198333306023109,-999.82777613960593,1191.2762154669999,36.210000000000001,0.054460467977018472
8.8012969918134818,-1000.9622945967411,1190.9846295100001,36.210000000000001,0.05480966944590205
8.782753442517274,-1001.3516619952698,1190.96674811444,35.979999999999997,0.055215115552077601
8.764205864734576,-1001.5692002656451,1190.96674811444,35.979999999999997,0.055447480534723065
8.7456658875778519,-1001.1587664630822,1189.4113051189499,36.140000000000001,0.05538013557147195
8.7271410475172679,-1000.3413632715959,1189.12091125499,35.890000000000001,0.055223808932164005
8.708622775350749,-999.98669699197876,1190.27294996654,36.280000000000001,0.055036858348669587
8.6901154431196517,-999.39594047924459,1191.1221970465399,36.280000000000001,0.05505723257973337
8.6716123929036222,-999.16471166563986,1191.57018561008,36.210000000000001,0.055212380575703011
8.6531119731567401,-999.02266633158911,1189.5951258653599,36.210000000000001,0.05531879763258863
8.634605562935775,-999.3461519321437,1189.8912417759,35.960000000000001,0.055404299253597418
8.6160939693865242,-999.62605165957257,1189.8912417759,35.960000000000001,0.05509994510287318
8.5975666540778324,-1000.4750266693421,1190.8732880202899,36.210000000000001,0.054770157571628411
8.5790308285507351,-1000.9345784632224,1191.56064886578,36.210000000000001,0.054596569388702568
8.5604888966519734,-1001.2643225331287,1189.2844664197501,36.299999999999997,0.054504608527277822
8.5419425792580608,-1001.5011392712941,1190.33875350222,36.299999999999997,0.054706963191321949
8.5233972945974799,-1001.4453716714041,1193.81251261383,36,0.054835362571992972
8.5048471184235375,-1001.7095133928758,1194.47841578465,36,0.054919870775804548
8.4863081098433195,-1001.1064633317923,1194.4610112262999,36.159999999999997,0.054883492286092891
8.4677796966085754,-1000.5343146761044,1193.63560600705,36.159999999999997,0.05472855953072632
8.4492731694543401,-999.35246632877647,1192.65022190216,36.280000000000001,0.054463563075030086
8.4307699567739469,-999.17348474116477,1192.65022190216,36.280000000000001,0.054394322345468864
8.4122684453098646,-999.08161906045973,1194.3487160621501,36,0.054212739279693098
8.3937590341605475,-999.50820206316041,1196.0674758037901,36,0.054142237118939875
8.3752492142628299,-999.53027447674253,1196.0674758037901,36.189999999999998,0.05394666662647752
8.3567241403383488,-1000.3539919219654,1197.19543423598,36.189999999999998,0.053928456161062635
8.3381973000036176,-1000.4493780754948,1196.56934697263,36.310000000000002,0.053966494485879021
8.3196688733158926,-1000.5350411371846,1193.60961837883,36.310000000000002,0.053897405873342658
8.3011316839185021,-1001.0082274590778,1192.72985371707,36.030000000000001,0.053912852370990923
8.2826044855432848,-1000.4687122617175,1197.1360680027101,36.030000000000001,0.053813617886139364
8.2640724339420721,-1000.7307864655012,1201.0847569805101,36.07,0.053666011537361988
8.2455474707395684,-1000.3480129351284,1201.0847569805101,36.07,0.053538474149908297
8.2270314916963887,-999.86286833178576,1200.74930199972,36.280000000000001,0.053210509942828214
8.2085296366778469,-999.10017100121718,1204.8107629788799,36.280000000000001,0.052955509681650567
8.1900314127814404,-998.90409040600071,1204.84008846761,36.210000000000001,0.052777763667982952
8.1715418160371147,-998.43822419350386,1203.3721451010899,36.210000000000001,0.052609579222220038
8.1530500431023185,-998.55573847904805,1203.3721451010899,36.020000000000003,0.052511715847113442
8.1345541319914876,-998.77919998485152,1205.3836828927599,36.020000000000003,0.05235512637796217
8.1160471308975559,-999.37805907228687,1206.7519672813401,36.210000000000001,0.052086664361997916
8.0975254552641545,-1000.1704842037254,1206.7519672813401,36.210000000000001,0.051866236865165075
8.0790019211258866,-1000.2708434664485,1206.2312610425099,35.920000000000002,0.051690918493468511
8.0604833043690167,-1000.0053048710087,1205.1376348898,36.299999999999997,0.05171285425047293
8.0419721723431845,-999.6011293949017,1204.6312337674201,35.979999999999997,0.051776842316267044
8.0234687185529321,-999.18650467365046,1206.9195755624301,35.979999999999997,0.051796523236484926
8.0049701045371169,-998.92515685400315,1206.9195755624301,36.140000000000001,0.051636014962247977
7.9864751030172929,-998.73008207047849,1209.27515140476,36.140000000000001,0.051492681312209243
7.9679816278321249,-998.64765999909787,1210.9412206341301,36.310000000000002,0.051176662867304851
7.9494782133643165,-999.18438126165813,1209.0014468433201,36.310000000000002,0.051127656674978247
7.9309792030186159,-998.94655866783341,1209.0014468433201,35.93,0.051123364310742783
7.9124832401666234,-998.78199400758763,1207.65223594335,35.93,0.05124401611282213
7.8939755053988261,-999.41767746104688,1208.43949418539,36.009999999999998,0.051388845050620587
7.8754624889952076,-999.70288579540079,1210.51826602438,36.009999999999998,0.05134038834415186
7.8569415139232976,-1000.1326538831142,1210.51826602438,36.100000000000001,0.051280695736026144
7.8384167069779354,-1000.3395750495595,1208.1672201356,36.100000000000001,0.051129029861396419
7.8198976224912382,-1000.0305622816675,1206.4727790919301,35.890000000000001,0.050951357308262397
7.8013792406357858,-999.99262019443086,1207.1277150067899,35.890000000000001,0.05087482225347649
7.7828599026221381,-1000.0442527369609,1208.58588321041,35.909999999999997,0.050919104577291548
7.7643547662431436,-999.2773644657201,1208.9180003306899,35.909999999999997,0.050983048146260555
7.7458416204901832,-999.70987065988106,1208.67004497886,36.020000000000003,0.051105879249140979
7.7273231858593032,-999.99547006750356,1208.67004497886,36.020000000000003,0.051027636770213651
7.7087972416642243,-1000.4009865342661,1209.99708294834,35.939999999999998,0.050929495035200445
7.6902604082396024,-1000.9890049295606,1210.44864779099,35.939999999999998,0.050789017439807918
7.6717188788791697,-1001.2425854633907,1207.3971280333001,35.869999999999997,0.05071911754033985
7.6531733282739385,-1001.4597326824816,1207.3971280333001,35.869999999999997,0.050871168365492221
7.634623560846971,-1001.6874410562378,1204.4199948811499,35.909999999999997,0.051093820692384738
7.6160765749717081,-1001.5372372641733,1203.4162525434799,35.909999999999997,0.051205145817799724
7.5975327131640693,-1001.3685376125201,1203.43771021816,36.189999999999998,0.051164903365332193
7.5789868045185562,-1001.4790668577119,1203.43771021816,36.189999999999998,0.051047750230805107
7.5604468925543484,-1001.1552460672016,1202.91652714211,36.020000000000003,0.05101470587514248
7.5419119642011694,-1000.8861310716569,1202.3536208097501,35.939999999999998,0.051092180528272829
7.5233849800298476,-1000.4571452513924,1202.47426062516,35.880000000000003,0.051242512549717123
7.5048698588383438,-999.81654434122061,1203.1632904009,35.880000000000003,0.051478379301082892
7.4863563747036768,-999.72814327201149,1203.1632904009,36.329999999999998,0.051650247645628047
7.4678315863838467,-1000.3385692708438,1201.8589021991399,36.329999999999998,0.051699142075604033
7.4492947933161382,-1000.9868256562395,1200.5378246948501,36.07,0.051571029343212456
7.4307536789111222,-1001.2201778708449,1202.06418062021,36.07,0.051484956508221096
7.4122135724050562,-1001.1657513275625,1202.06418062021,35.880000000000003,0.05142779917447951
7.393672185846949,-1001.23487413783,1201.69200917387,35.880000000000003,0.05156386747256915
7.3751269529261041,-1001.4425777256121,1199.5839118461499,36.310000000000002,0.051992287243257662
7.3565984817433856,-1000.5374438668123,1198.3634469942399,36.310000000000002,0.052340829535924172
7.3380716931494083,-1000.4465840747428,1197.23024335268,36.140000000000001,0.052465652629870484
7.3195565253913273,-999.81905893640146,1201.2526036802101,36.140000000000001,0.052426220438007834
7.3010489147986943,-999.41097200213756,1200.08244515448,35.920000000000002,0.052272361810611845
7.2825357100616603,-999.71305579985381,1200.08244515448,35.920000000000002,0.052248652407773086
7.2640268835752373,-999.47663026686121,1196.3116164578901,36.210000000000001,0.052321063774181165
7.2455150106295747,-999.64113906577825,1196.3116164578901,36.210000000000001,0.052371543519832572
7.2269994672381124,-999.83934313893894,1197.2657677252,35.869999999999997,0.052385125311500864
7.208486892696488,-999.67902524771807,1199.2475031909401,36.350000000000001,0.052417363562958355
7.1899685874161721,-999.98848513707128,1198.3496187149999,35.960000000000001,0.052388947873307223
7.1714348739221121,-1000.820528679254,1194.81172499796,36.140000000000001,0.052577357537330435
7.1529093964234089,-1000.375784929976,1195.0129503027099,36.020000000000003,0.052701456266003817
7.1343860899405938,-1000.2585500719869,1196.0424418499999,36.020000000000003,0.052800752848920982
7.1158790826384237,-999.37839431720272,1196.16856529338,36.25,0.052804792710904949
7.0973752325197097,-999.20790641053702,1196.16856529338,36.25,0.05278874395970664
7.0788742477691207,-999.05317653181226,1195.3691477023499,36.280000000000001,0.052674024680275114
7.0603758945235748,-998.91107525948917,1196.03433561734,36.280000000000001,0.052568576195823752
7.0418851739827204,-998.49890920613802,1198.7613676502001,36.020000000000003,0.05245465681663284
7.023395284389002,-998.45403806078969,1198.2470987137699,36.020000000000003,0.05252715821034596
7.0049086119974868,-998.28030914183057,1195.43805067993,36.090000000000003,0.052544223141945887
6.9864203853321021,-998.36423993074834,1195.8085531960201,36.090000000000003,0.052529985297212561
6.9679210831716798,-998.9623166627988,1195.8085531960201,36.259999999999998,0.052476028597681149
6.9494188059531812,-999.12296979893551,1197.9235646633599,36.259999999999998,0.052194628456354371
6.9309010470494128,-999.95898080349968,1203.13301123774,35.899999999999999,0.051917142960049539
6.9123857499407677,-999.82604386683386,1202.50191718363,35.899999999999999,0.051753117388657441
6.8938614293519853,-1000.3133117942332,1202.50191718363,35.979999999999997,0.051848650397302257
6.8753377462013221,-1000.278890135853,1201.33342758816,35.979999999999997,0.052186621148069635
6.8568266917850957,-999.5969384762135,1203.3621315195701,36.159999999999997,0.052444237384227016
6.8383226533321517,-999.21807645895785,1205.9124953642499,36.159999999999997,0.052378085547288004
6.8198222201320844,-999.02339280366164,1205.9124953642499,35.890000000000001,0.052153347057431035
6.8013326823716298,-998.43503906452315,1207.10792626237,35.890000000000001,0.05174999125759213
6.7828359982618434,-998.82094192850002,1201.3741971700399,36,0.051516725997621637
6.7643259310470434,-999.54362959918399,1200.9319306530899,36,0.051474875462406713
6.7458132851036456,-999.68288094347452,1204.8357969326701,36.049999999999997,0.051453960025715666
6.7272950719212012,-999.9835118520059,1204.8357969326701,36.049999999999997,0.051633742538266268
6.7087769094444312,-999.98077374555851,1205.50551480121,35.850000000000001,0.051702581755011613
6.6902543045581897,-1000.220663857071,1205.50551480121,35.850000000000001,0.051687685771176495
6.6717373321035103,-999.91651255265913,1204.7382837222001,35.93,0.051471272276026291
6.6532183583406237,-1000.0245831959027,1206.9765576096199,35.93,0.051124006928737732
6.6346960059468625,-1000.2070292631061,1211.3296045457801,36.009999999999998,0.051033840412502522
6.6161757003926036,-1000.0964999299781,1213.9174001118399,36.009999999999998,0.051231473266795426
6.5976762688828385,-998.96930152727907,1213.92312215842,35.899999999999999,0.051447962306480424
6.5791812145877913,-998.73293193255915,1214.65411360909,35.899999999999999,0.051626462691740718
6.5606837254011436,-998.86441607896825,1216.38431744389,35.880000000000003,0.051507409658116211
6.5421895227493305,-998.68694319790188,1216.83564386793,35.880000000000003,0.051100839760092179
6.5236898366777405,-998.98304786588517,1216.83564386793,35.979999999999997,0.050510741351855466
6.5051861821359651,-999.19734525587126,1216.0853405100499,35.979999999999997,0.050050088513250261
6.4866772325086419,-999.48327987543371,1213.0996242880401,36,0.050124215580773498
6.4681647479949334,-999.67416374027005,1210.81700453961,36,0.050544697374383989
6.4496568704233859,-999.42538886355158,1210.81700453961,35.899999999999999,0.050924194765908641
6.4311481619049067,-999.47025999790776,1211.9099154364999,35.899999999999999,0.050957596134508704
6.4126320524764893,-999.86990913453872,1219.0860771043399,35.960000000000001,0.050602102032942936
6.3941164511358295,-999.84247239559909,1219.5149921792699,35.960000000000001,0.050200334643433722
6.375598548393639,-999.96674807832494,1219.5149921792699,35.960000000000001,0.049920646055778797
6.3570754954381812,-1000.2448595947095,1218.7184356115399,35.960000000000001,0.049975684121103696
6.3385559690913214,-1000.0544227304221,1218.1636355118301,35.880000000000003,0.05027974231800883
6.3200464027209611,-999.51658399946484,1217.7075407156401,35.880000000000003,0.050628825818541716
6.3015439102630806,-999.13459272554906,1215.7722968783701,36.329999999999998,0.050742512366270393
6.2830421587246237,-999.0945830766567,1215.2351397556199,35.979999999999997,0.050564941224689831
6.2645257057419519,-999.88846106430435,1215.30332747737,36.009999999999998,0.050028909207361506
6.2460003141308453,-1000.3711469997468,1215.6282920394301,36.009999999999998,0.049611618738553957
6.2274655730776312,-1000.8760168735724,1214.83602700663,35.880000000000003,0.049589664361717321
6.2089213025236276,-1001.3906099161821,1214.83602700663,35.880000000000003,0.05009666602567632
6.1903881467877167,-1000.7904097391632,1212.33072427877,35.960000000000001,0.050618117671564572
6.1718654498036036,-1000.2256371421362,1211.15484370647,35.960000000000001,0.050803389815795824
6.1533440535680368,-1000.1553967205759,1213.1415859629601,36,0.050615623801386837
6.1348213441666308,-1000.226307675936,1215.6962413425699,36,0.050319703292710155
6.1162915991407196,-1000.606231399188,1211.26809254504,35.899999999999999,0.050092676858578863
6.0977574303335143,-1000.8451155890888,1211.26809254504,35.899999999999999,0.050063025615746395
6.079218200305065,-1001.1184215362979,1210.32514695229,36,0.050384356744385406
6.0606790685815044,-1001.1131130722689,1211.8753447384099,36,0.0508675279278447
6.0421420799358403,-1000.997386865865,1208.7346564214999,35.939999999999998,0.051259540233510405
6.0236083654062931,-1000.8205845955425,1206.7917831887901,35.939999999999998,0.051276624823075594
6.0050617561986765,-1001.5168972112994,1208.3782206032499,35.869999999999997,0.050986918310945387
5.9865069151333756,-1001.9614175262544,1208.3782206032499,35.869999999999997,0.050719357615935205
5.9679566282370473,-1001.7154924016967,1207.75928589812,35.960000000000001,0.050531313232256049
5.9494013846332141,-1001.9831546069846,1207.75928589812,35.960000000000001,0.050738403156184594
5.9308467256937005,-1001.9515827337414,1206.49042206888,36.079999999999998,0.051097039965764895
5.9122964263790623,-1001.7161629904563,1205.50289219652,36.079999999999998,0.051508649360165734
5.8937521092592959,-1001.3931244673951,1204.8362737698901,35.890000000000001,0.051641110330131204
5.8752090080333206,-1001.3274662026713,1205.1640993552301,35.890000000000001,0.051458201686108179
5.8566628593124159,-1001.4920309288691,1206.02908206333,35.939999999999998,0.051168034677088525
5.8381098177691282,-1001.8642433375524,1205.57751722068,35.939999999999998,0.051080142670261119
5.8195584401900682,-1001.7743892692383,1202.96492611944,36.140000000000001,0.051267273309383389
5.8010147408482151,-1001.359764460051,1202.96492611944,36.140000000000001,0.051736069011208523
5.7824727882531519,-1001.2654401334297,1203.54952854508,35.899999999999999,0.0521337996362378
5.7639345661222263,-1001.0639950699597,1203.54952854508,35.899999999999999,0.052151703797036424
5.7453936793742919,-1001.2078843884473,1199.7205257082601,35.909999999999997,0.052032378605027158
5.7268522152049499,-1001.2390651444542,1199.7205257082601,35.909999999999997,0.051817322774577609
5.7083078660074831,-1001.394856663223,1198.1953618759301,36.25,0.051728365941858839
5.6897629714679372,-1001.4243051354658,1198.1953618759301,36.25,0.051891327731599289
5.6712327328407026,-1000.6328858706786,1200.56977278826,36,0.052225544218722872
5.6527162467444363,-999.89024919840494,1203.2040599827801,36,0.052646088104902976
5.6342028795434471,-999.72182885339475,1201.8698694550801,36.170000000000002,0.052919763446109151
5.6156870898691684,-999.85264241104414,1199.0667818864299,35.880000000000003,0.052720607360161084
5.5971682133777199,-1000.0193305382421,1199.0193365835401,36.329999999999998,0.052448933321667127
5.5786559368580386,-999.66293206279693,1199.0193365835401,36.329999999999998,0.05212992326127823
5.5601377298852581,-999.98317653014612,1201.6040327077001,36.079999999999998,0.05219939371400921
5.5416159693975064,-1000.1750663385783,1200.69088944088,36.079999999999998,0.052612303861842798
5.5230905964135601,-1000.3701411330951,1197.8739735929901,35.880000000000003,0.05295297027590401
5.5045723573618579,-999.98490879192605,1197.5525853100501,35.880000000000003,0.053107465307559769
5.4860524998766111,-1000.0723042033318,1197.5525853100501,36.280000000000001,0.052901061462760898
5.4675333574407157,-1000.0336915383275,1199.0989683984501,36.280000000000001,0.052572069688588102
5.4490159100122808,-999.9421611355142,1199.97587203692,36.280000000000001,0.052295613827296306
5.4305035238048864,-999.66885519929724,1200.4062176235,36.280000000000001,0.052277288504672982
5.411992930911266,-999.57201625551079,1200.4062176235,35.979999999999997,0.052667212568054803
5.393491056230892,-999.10123274018929,1201.16558088846,35.979999999999997,0.053220247438458781
5.3749994385161193,-998.54735659770358,1200.87184916399,36.140000000000001,0.053389443913312455
5.3565102577618857,-998.41576072863734,1201.9368650838001,36.140000000000001,0.053142891787537512
5.338018978428412,-998.52908400755734,1202.66499551117,36.32,0.052629127680935653
5.319519604866624,-998.96617233657105,1202.0772936436299,36.32,0.052251700932693497
5.3010156512680293,-999.21349432410511,1203.65943952315,36.119999999999997,0.05236240621125661
5.2825110084889335,-999.25071007117344,1203.65943952315,36.119999999999997,0.052594416260487623
5.2640078082272588,-999.1728141304211,1204.34584669421,36.079999999999998,0.053066969332213471
5.2454976965160416,-999.5460324057558,1204.14176036617,36.079999999999998,0.053294892943315977
5.2269866286468325,-999.59766493729398,1201.99480080543,36.280000000000001,0.053165027252639045
5.2084772237061605,-999.5078667962606,1201.99480080543,36.280000000000001,0.052714399583252906
5.1899680536654822,-999.49518219662662,1203.3318523564201,36.259999999999998,0.052265381023958772
5.171468868438331,-998.95600226616602,1202.7689460240499,36.259999999999998,0.052133104251161355
5.1529750486630137,-998.66626786713596,1203.0412200738499,36,0.052380107546302089
5.1344893831345537,-998.22593853682099,1203.48420184662,36,0.052758934394867021
5.1159999354012013,-998.43017760104328,1203.48420184662,36.119999999999997,0.052967618948356429
5.0975093317938214,-998.49259479851344,1203.2221797969601,36.119999999999997,0.052826760545609891
5.0790100617123208,-998.96058440101876,1204.98170912048,36.25,0.052294081287048148
5.0604955779591387,-999.78212267184847,1204.98170912048,36.25,0.05182724239009235
5.0419697434542154,-1000.3950632658621,1205.8800704336199,35.899999999999999,0.051646848315195157
5.0234277329099548,-1001.2685693900896,1207.0459374244101,35.899999999999999,0.051934079579422511
5.0048874577296596,-1001.1748597359392,1207.20043268209,35.939999999999998,0.052436834409829526
4.9863543216555817,-1000.7893480001912,1207.20043268209,35.939999999999998,0.05274762917380952
4.9678370304814363,-999.93372340383303,1207.5649747329901,36,0.05273295152787795
4.9493243586679672,-999.68427792736247,1205.5109984291801,36,0.052353232681404384
4.9308213984802594,-999.15985013620798,1203.95221757319,35.960000000000001,0.051787949889209088
4.9123131825272095,-999.44366146468974,1203.95221757319,35.960000000000001,0.051467561472092332
4.8938071634615454,-999.32502954586869,1204.8686987005101,36.140000000000001,0.051426272837992316
4.8752982262517186,-999.48260933064182,1205.5396086620799,35.880000000000003,0.051816133787566596
4.8567893418173194,-999.47975945756923,1204.7320848383999,35.939999999999998,0.052260591962116701
4.8382813473122974,-999.43170327117616,1203.40981524108,35.939999999999998,0.052243239347157612
4.8197674927198522,-999.74814799203364,1202.12497736513,36.189999999999998,0.051988420179537309
4.8012485644888701,-1000.0221244730424,1203.7076000818699,36.189999999999998,0.051369367990421348
4.7827233415505681,-1000.3620386683137,1205.3996569394701,35.909999999999997,0.051056682648964485
4.7641955978346973,-1000.4981606570162,1205.45878475413,35.909999999999997,0.051202242154779053
4.7456666185617777,-1000.5648807376562,1205.45878475413,35.899999999999999,0.051679787127534786
4.7271418178246547,-1000.3392398046435,1205.52387303399,35.899999999999999,0.052285503804745885
4.7086195306236132,-1000.2035088562335,1205.9470660623399,36.25,0.052673878765789883
4.6901045977655249,-999.8063743367677,1203.1599525403899,36.25,0.052647706533969302
4.6715949341233198,-999.52183667910936,1203.1599525403899,35.93,0.052327843796284072
4.6530899343394285,-999.26998833011521,1204.0120606436799,35.93,0.051935759059872057
4.6345856030368875,-999.23389033723595,1204.62336595337,35.899999999999999,0.051775184562517305
4.6160746200224345,-999.59308278045728,1200.09460450347,35.899999999999999,0.052109842916927454
4.5975625463248422,-999.65197966998312,1200.09460450347,36.32,0.052712136464607311
4.5790417792479774,-1000.121422150681,1194.4557660169301,36.32,0.053329912741389485
4.5605328358295045,-999.48294459754175,1192.8225985554,36.049999999999997,0.053313173769928418
4.542012491987677,-1000.098567458658,1194.92330490629,36.049999999999997,0.052772902161756341
4.5234893665963849,-1000.2487711298104,1197.93357824487,35.890000000000001,0.052205656343017867
4.5049576471668065,-1000.7128491972147,1199.0972994681999,35.890000000000001,0.051871891032588067
4.4864250440148687,-1000.7605702046438,1195.34244481831,36.299999999999997,0.052278209474635878
4.4678994309567521,-1000.3831051383003,1195.34244481831,36.299999999999997,0.052909800372513013
4.4493799439321329,-1000.0522993294217,1196.51570278593,36.140000000000001,0.053502324347268898
4.4308676674136729,-999.66293199684492,1197.8954312676699,36.140000000000001,0.053885969225659053
4.4123576529740971,-999.54077973710321,1195.87101887119,35.880000000000003,0.053885891615443049
4.3938465592346123,-999.59906193217398,1195.87101887119,35.880000000000003,0.05371389082466229
4.3753303597778723,-999.87477066397059,1191.8155183572201,36.25,0.053693679061624075
4.3568132962618265,-999.92142986647559,1192.58799464559,36.25,0.053831994947481802
4.3382964728197475,-999.90846587226235,1191.66841407638,36.310000000000002,0.054191185369804176
4.3197798635815632,-999.8968988619373,1191.66841407638,36.310000000000002,0.054531553757851299
4.3012545237112114,-1000.3683529989945,1191.77474877533,35.960000000000001,0.054659957278230517
4.2827320937062163,-1000.2112202697302,1191.0037029985999,36.07,0.054425867273256455
4.2642119961482239,-1000.0852681315929,1190.6186569474501,36.07,0.054155498121186106
4.2456930482554087,-1000.0231862120145,1190.6186569474501,36.07,0.054042481093957873
4.2271708914381794,-1000.1964681304245,1191.4578904459299,36.259999999999998,0.054323018221236488
4.208645986186502,-1000.3448835905326,1190.48752671331,36.259999999999998,0.054873351212779455
4.1901234133789789,-1000.2189316062831,1190.5559528536701,36.280000000000001,0.055390757820470926
4.1715957990124499,-1000.4911757925358,1187.8231987742399,36.280000000000001,0.055714973977031734
4.1530733431381979,-1000.2126172096504,1187.8231987742399,35.979999999999997,0.055590377501219583
4.1345547729483112,-1000.002790253844,1186.96036183362,35.979999999999997,0.055284785731022135
4.1160371951344361,-999.94920194925919,1190.2162063379501,36.189999999999998,0.054892622344836176
4.097513317440896,-1000.2893954511738,1190.2162063379501,36.189999999999998,0.054776572308501928
4.0789928421789563,-1000.1056641447237,1189.91246103197,36.299999999999997,0.055111838090435815
4.0604627204851962,-1000.626571463054,1189.70956679697,36.299999999999997,0.055491199924175498
4.0419376403506444,-1000.354327265809,1187.7695545875499,35.950000000000003,0.05573316994868438
4.0234126057467758,-1000.3518686089008,1189.6389948891399,35.950000000000003,0.055599836632668882
4.0048818217803124,-1000.6623341890336,1189.6389948891399,36.07,0.055208725649178586
3.9863556757988343,-1000.4118829997994,1188.3303151524401,36.07,0.054908614190669683
3.9678338242480877,-1000.1799837403307,1188.05422640493,36.299999999999997,0.05487142338138927
3.9493174292150197,-999.88533178566024,1190.4765594573701,36.299999999999997,0.054965568704357676
3.9308053420654625,-999.6527060761033,1193.5814849831399,35.93,0.05528481884400592
3.9122955801173496,-999.52714519809854,1193.5314170755601,35.93,0.055359003862151451
3.8937781326889138,-999.9421611355142,1192.35458282883,36.049999999999997,0.055360827180413026
3.8752630508198544,-999.81442092922816,1192.35458282883,36.049999999999997,0.05511670683957421
3.8567448821332171,-999.98110907841033,1191.53108495844,35.899999999999999,0.054748855116087278
3.8382311382641752,-999.7421689282528,1191.9797887778,36.280000000000001,0.054572128385210646
3.8197188037963143,-999.66606126449699,1195.3598493766599,35.93,0.05449432362307325
3.8011955107668896,-1000.2578235889226,1194.5210927153901,35.93,0.054836598122324519
3.7826728406875207,-1000.2241842859274,1194.5210927153901,36,0.055111362081803075
3.7641553673890131,-999.94355811940238,1192.91582023094,36,0.054991338400495991
3.7456489054285145,-999.34894586694395,1191.7037000302901,36.189999999999998,0.054641703350866683
3.7271508243346356,-998.89637906944802,1193.38622014358,36.189999999999998,0.054086545064806264
3.7086602538406468,-998.49080667540488,1194.61073811182,35.920000000000002,0.053724287488774815
3.6901585933641678,-999.08966572986424,1194.0187447093399,35.920000000000002,0.053685513425225519
3.671658004944482,-999.03177466302191,1195.9902281749501,36,0.053720517704838398
3.6531444483739799,-999.73205480711238,1198.7236975102101,36,0.053955909485297361
3.634630678635884,-999.74356585718078,1198.7236975102101,36.159999999999997,0.053916923283534361
3.6161195331566627,-999.60185587796616,1199.32379714534,36.159999999999997,0.053581778582721874
3.5975998257184845,-1000.0642016616066,1197.82462094124,35.920000000000002,0.053159893590877458
3.5790834896678621,-999.88214673362359,1198.4683511815499,35.920000000000002,0.052683759071684315
3.5605638598407143,-1000.0600106659742,1199.8440265469601,35.950000000000003,0.052588774508728779
3.5420533766346032,-999.56609313000263,1199.8440265469601,35.950000000000003,0.052756049364909671
3.5235414002086527,-999.64672700133042,1199.9978065488101,36.079999999999998,0.052896654230732108
3.5050384917604784,-999.15705620140773,1198.08783508394,36.07,0.052810764558846854
3.4865379944025667,-999.02685732722148,1198.12049843317,35.890000000000001,0.052322311736716413
3.4680499571062886,-998.3540139990148,1201.32603661132,35.890000000000001,0.051658622303194936
3.449556559530929,-998.64346906941762,1200.0888824568799,35.890000000000001,0.051290726078608233
3.4310644233802479,-998.57535213679387,1200.0888824568799,35.890000000000001,0.051178725229135399
3.4125619050531095,-999.1359896654692,1198.55084401975,35.979999999999997,0.051393355756423606
3.394043042013422,-1000.0186041431139,1199.3948458903801,35.979999999999997,0.051667497805811737
3.3755177083531418,-1000.3680176551508,1200.8615971638701,35.969999999999999,0.051651391096256022
3.3569847989000481,-1000.7771104670584,1200.5518913926901,35.969999999999999,0.051394839669298455
3.3384524430668208,-1000.7472149942663,1200.30131343619,35.880000000000003,0.050884768782692283
3.3199274405420778,-1000.3501363361288,1200.38547520464,35.880000000000003,0.050441859707223119
3.3013983650334104,-1000.5700774680357,1200.0230789212101,35.950000000000003,0.050354979726026025
3.2828583288936306,-1001.1619515480949,1199.2322444000499,35.950000000000003,0.050617856905774014
3.264329071260601,-1000.579912183605,1199.2322444000499,36.140000000000001,0.050920330818622989
3.2457978195618677,-1000.6875917315961,1199.09372318908,36.140000000000001,0.051058334197528379
3.2272761046062248,-1000.172607604726,1198.91848551255,35.869999999999997,0.050894859143206322
3.2087565585975324,-1000.0554844693943,1197.42598502946,35.869999999999997,0.05046996288198325
3.1902309072518475,-1000.3851726669801,1196.6642375784199,35.93,0.050022086747600926
3.1716991091767701,-1000.7170960541756,1197.9135510818401,35.93,0.049761322642482883
3.1531538700480932,-1001.4429129485438,1197.7740761964401,36.170000000000002,0.049970980941362458
3.1346007446863502,-1001.8687695341323,1195.2289575611301,36.170000000000002,0.050538972852887894
3.1160496909999158,-1001.7568990674531,1195.2289575611301,35.909999999999997,0.050942200339482061
3.0975054525248344,-1001.3888776544021,1196.5636249260499,35.909999999999997,0.050966288484400733
3.0789596939247619,-1001.4709644039226,1197.6000306129499,35.909999999999997,0.050636252594480215
3.0604240691493914,-1000.9237378700095,1196.0879798040401,35.909999999999997,0.050216370990163441
3.0418926487778535,-1000.6967000630291,1194.2323677816801,36.280000000000001,0.050121274671574616
3.0233570177938369,-1000.9240731369093,1194.2323677816801,36.280000000000001,0.050396678145640972
3.0048264024987525,-1000.6532259345447,1193.53809279658,35.93,0.051018770580668067
2.9862956630270787,-1000.659931470398,1192.32716468896,35.93,0.051683315802221026
2.9677683808321849,-1000.4732385242494,1191.7087068210501,36.210000000000001,0.051965374087331366
2.9492473146974838,-1000.1375712738748,1191.4834012369399,35.899999999999999,0.051779624902033881
2.9307317588889328,-999.84001366174664,1192.63400943685,36.310000000000002,0.051367837520332624
2.9122150130568665,-999.90427493159029,1192.63400943685,36.310000000000002,0.051137786362414818
2.8936901347087129,-1000.3434308002758,1193.0912963260801,36.049999999999997,0.051205462470770478
2.8751504369494181,-1001.1436790019164,1193.0912963260801,36.049999999999997,0.051583922989866311
2.8566196974777442,-1000.659931470398,1192.3326483169401,35.869999999999997,0.052104718571697524
2.8380816574728098,-1001.0541602664543,1189.8676383337499,35.869999999999997,0.052462075316411838
2.8195479367346166,-1000.8209198624423,1189.8676383337499,36.310000000000002,0.052570445044768814
2.8010284238395187,-1000.0536963352938,1190.534495179,36.310000000000002,0.052365037719963634
2.7825156992506215,-999.68712780043541,1193.64752693743,36.07,0.052045134618851276
2.7640063470851737,-999.50501693417971,1194.0444939189499,36.07,0.052047244584170961
2.7454911151692487,-999.82252345996153,1191.77474877533,35.899999999999999,0.052487824320115846
2.7269825618716079,-999.46187807259548,1191.77474877533,35.899999999999999,0.053075449537785133
2.7084869239481351,-998.76444786752984,1189.9670588930901,36.25,0.053527280691201412
2.6899960864754346,-998.50522352582664,1191.57280821476,36.25,0.053456645044043988
2.6714927237481771,-999.18158727189791,1191.57280821476,36.299999999999997,0.053187729791404292
2.6529950514026983,-998.87430665586601,1189.1750322789001,36.299999999999997,0.052727464996551114
2.6344886939555314,-999.34330214700697,1190.09222866204,36.049999999999997,0.052434890013907005
2.6159785750011983,-999.54642353398424,1191.9530858937601,36.049999999999997,0.052475652968168376
2.5974668707285438,-999.63203072335352,1191.9530858937601,36.039999999999999,0.05269368593092507
2.5789529385246612,-999.75233900964986,1193.45607679559,36.039999999999999,0.05303581969475369
2.5604517323272655,-999.06513465937394,1194.3236821083599,36.259999999999998,0.053271517782068026
2.5419563344777596,-998.7514838733166,1194.80433402113,36.259999999999998,0.053140985681625799
2.5234572403136037,-998.95108486441347,1195.2644819336499,36.329999999999998,0.053048599515818376
2.5049605882827386,-998.81920966671998,1195.2644819336499,36.329999999999998,0.052823767896674118
2.486467873677809,-998.60658866619326,1195.67289300834,35.950000000000003,0.052876630801516805
2.4679627310899646,-999.27769974361195,1196.4191432498901,35.950000000000003,0.053075696859345607
2.4494512482655413,-999.62007251884779,1196.9310280002401,36.119999999999997,0.053127881964067897
2.4309336125024688,-999.95233120591934,1194.32678155026,36.119999999999997,0.053144645776831471
2.4124260267444217,-999.4096309345382,1194.2564480610399,36.299999999999997,0.052976010165163213
2.3939177011036592,-999.44958460118994,1194.2564480610399,36.299999999999997,0.052722283745752822
2.3753943097681236,-1000.2631321189037,1193.49589270304,35.939999999999998,0.052601304941330453
2.3568775121950991,-999.90706894333448,1195.2966684456701,35.939999999999998,0.052580853094351107
2.3383589544235233,-1000.0021196650841,1198.17628838733,36.049999999999997,0.052531651325900472
2.3198375312815842,-1000.1568496647208,1198.17628838733,36.049999999999997,0.052433682397903775
2.3013231892962578,-999.77446720761645,1202.1080496439999,36.210000000000001,0.052147834662953085
2.2828141879283841,-999.48607386519382,1207.95288180743,36.210000000000001,0.051821274680840863
2.2643045242876032,-999.52183660216531,1204.73947581523,35.909999999999997,0.051584728061841501
2.2457978160432694,-999.36224519400889,1205.1669603785199,35.909999999999997,0.051540524385968386
2.2272881710284276,-999.52083080146576,1205.1669603785199,35.979999999999997,0.051710397630951623
2.2087735951777807,-999.78709593492988,1205.9635169462599,35.979999999999997,0.05190414480148841
2.1902630602321365,-999.56888706480265,1206.6408642102299,36.170000000000002,0.051966697597454745
2.171744177532041,-1000.0196658051419,1208.35080246339,36.170000000000002,0.051799049187416513
2.1532314860567388,-999.68533966633481,1208.6032877687601,35.880000000000003,0.051481795182613456
2.1347162282715555,-999.82392039988156,1208.3004961372001,35.880000000000003,0.051133915157764935
2.1162005617383799,-999.84599279147949,1206.4942367665999,35.969999999999999,0.050957769981083152
2.0976926189741132,-999.42890927042401,1208.33053688175,35.969999999999999,0.05092351800514263
2.0791882555926495,-999.23562259901564,1208.33053688175,36.07,0.05103094503663335
2.0606813848851759,-999.3710182035818,1209.75747224778,36.07,0.051113805834235457
2.0421867082926504,-998.71253599637248,1210.29105309141,35.890000000000001,0.050935446186840483
2.0236867231630198,-998.99919700007115,1212.5383868859301,35.890000000000001,0.050602552166211227
2.0051874406630055,-998.96125500077039,1216.07628060297,35.920000000000002,0.050031496216393648
1.9866826881964001,-999.25663319668161,1216.07628060297,35.920000000000002,0.049582251033062234
1.9681662807444114,-999.88600240739595,1218.67051347143,36.280000000000001,0.049480607525054066
1.9496455002161923,-1000.1221485238254,1217.3842450838399,35.939999999999998,0.049633704543238032
1.9311148849211082,-1000.6532259345447,1212.9155651230301,36.049999999999997,0.04985774039838943
1.9125816971060723,-1000.7921420119352,1212.0937361829001,36.049999999999997,0.049931127583400445
1.8940667963271094,-999.80464206399574,1215.57321734109,35.869999999999997,0.049526731792255356
1.8755642138421273,-999.13945418902915,1215.57321734109,35.869999999999997,0.049096439037391811
1.8570631442382071,-999.05775861170503,1212.8929153553099,35.890000000000001,0.048641415521243091
1.838562179149247,-999.05211480383207,1213.39693229162,35.890000000000001,0.048484264150162694
1.8200529501259202,-999.49836725965531,1216.6835327963299,36.259999999999998,0.048517683103311698
1.801537452265549,-999.8368844600468,1217.1191235922699,36.259999999999998,0.048682345073874679
1.7830203949581493,-999.92109459957578,1217.1191235922699,35.950000000000003,0.049014947271233018
1.7644941579136761,-1000.416800401552,1213.8983266232401,35.950000000000003,0.049175093365683285
1.7459641469431157,-1000.6205924102651,1211.1507905901401,35.899999999999999,0.049142038656373732
1.7274295745629094,-1000.8669085311476,1211.1507905901401,35.899999999999999,0.048908021096394874
1.7088881755864909,-1001.2355447265895,1213.62676782927,36.229999999999997,0.0486855239929877
1.6903510824260697,-1001.0030306627459,1214.20970132467,36.229999999999997,0.048838086013376476
1.6718098065915687,-1001.2288950630571,1213.14039386992,35.909999999999997,0.049210413257894763
1.6532621967295427,-1001.570932549409,1212.23249581248,35.909999999999997,0.049545656269906903
1.634721914306132,-1001.1752508641678,1211.86485431967,35.93,0.049829650673355382
1.616187634773895,-1000.8510947408055,1211.7232336668101,35.93,0.049921983025602475
1.5976594616135262,-1000.5213506599071,1207.00993621468,36.25,0.049948529855927223
1.5791331014283572,-1000.4234499991325,1206.76317295589,36.25,0.050009808811144085
1.5605989388295947,-1000.8447803331809,1208.9690219127001,35.950000000000003,0.049993562409794759
1.5420571631853268,-1001.2558847904556,1208.9690219127001,35.950000000000003,0.05017159403421944
1.5235159318482616,-1001.2264922015256,1207.48510449947,35.880000000000003,0.050377244541080453
1.5049603374468548,-1002.0020976759706,1207.48510449947,35.880000000000003,0.050578901752534926
1.486401962529637,-1002.1522455297625,1200.6193638586201,36.329999999999998,0.050615869049734544
1.467841652532214,-1002.2567398608369,1200.6193638586201,36.329999999999998,0.050519906607176639
1.449273805030971,-1002.6637650671207,1202.5913241614501,36.100000000000001,0.050574476938399858
1.4307081937371153,-1002.543009868211,1203.6110405458301,36.100000000000001,0.050786402492376342
1.4121417690902394,-1002.5869309312925,1202.1953108543501,35.890000000000001,0.051239953479084416
1.3935848946371978,-1002.0712204642541,1202.1953108543501,35.890000000000001,0.05161111553202604
1.3750416247382145,-1001.3365745450963,1201.7668726166301,36.259999999999998,0.051865156531194424
1.3565026151223056,-1001.1065192590729,1201.7668726166301,36.259999999999998,0.051998596427037524
1.3379661407742673,-1000.9696147940734,1202.05082917819,36.240000000000002,0.052028666765199259
1.319437428481484,-1000.5504638102901,1200.0190258048799,36.240000000000002,0.051905884308012129
1.3008984199000444,-1001.1064633977443,1197.3208424235399,35.899999999999999,0.051969501919488494
1.2823574741680366,-1001.21106952842,1197.3208424235399,35.899999999999999,0.052126167961333389
1.2638157823432419,-1001.2513585389155,1197.8322503366801,36.259999999999998,0.052396819616071878
1.2452678278912706,-1001.5895404064553,1195.4177850982901,36.259999999999998,0.052703741108092332
1.2267266172505071,-1001.2253746012248,1194.84391150998,36.240000000000002,0.052865449749110512
1.2081847753790504,-1001.2594610586568,1194.84391150998,36.240000000000002,0.052853194580336299
1.1896484624592762,-1000.9608976678132,1194.03185773276,35.93,0.05287706852013873
1.1711207963532144,-1000.4939697273361,1194.5861809952501,35.93,0.052836639806246838
1.1525987047285007,-1000.192947734544,1192.6959982748001,36.210000000000001,0.052837575270989749
1.1340788669061044,-1000.0712424093995,1192.6959982748001,36.210000000000001,0.053057455353345474
1.115567110892695,-999.63482472410556,1194.0278046164301,36.259999999999998,0.053187278616746061
1.0970660092098528,-999.05949087348495,1193.3335296313201,36.259999999999998,0.053390182759523626
1.0785636730074839,-999.1261549279161,1192.3185816190901,35.969999999999999,0.053331884042056611
1.0600568799098189,-999.36682727390155,1192.65093715798,35.969999999999999,0.05321433974958191
1.0415401082074769,-999.90567192647018,1192.65093715798,36.189999999999998,0.053177014411896692
1.0230219664257878,-999.97965621120966,1193.1156150240399,36.189999999999998,0.053221693053791271
1.0045010048060472,-1000.1319274660018,1190.4860962016701,36.329999999999998,0.053406822393254658
0.98598205691363916,-1000.0231861900305,1190.4078948983999,36.329999999999998,0.05346907095578194
0.96746244674689941,-1000.0589490039461,1190.4078948983999,36.090000000000003,0.053392255472558443
0.94894688369502966,-999.84040480096712,1192.4540033881699,36.090000000000003,0.053249450604340616
0.93043579719988156,-999.59867073799353,1193.83587763737,36.07,0.052970321849473166
0.91193321988765197,-999.13917486040191,1193.8513748468599,36.07,0.05287613823181217
0.89343233965304125,-999.04753266897944,1193.40958516712,36.259999999999998,0.053027523686350074
0.87494692040882327,-998.21263918777186,1192.36411957313,36.259999999999998,0.053210051520576417
0.85646499569265289,-998.02393467320053,1192.5384035752299,36.259999999999998,0.053453541666819537
0.83798711188148478,-997.80572580307341,1192.5384035752299,36.259999999999998,0.053366599607912395
0.8195038626172616,-998.09546026805549,1192.9100981843601,36.020000000000003,0.053007246722042663
0.80100590570139762,-998.88967345665071,1191.5599336099499,36.020000000000003,0.052758155188078498
0.78249981419867687,-999.32894114692169,1190.40884857283,36.210000000000001,0.052352912930929592
0.76398983183842983,-999.53904745333944,1190.40884857283,36.210000000000001,0.052185081361042142
0.74547974496281511,-999.54469128319636,1191.5108193768001,36.32,0.052092623796718342
0.72696915827661945,-999.57168105456287,1193.57719344821,36.32,0.052199987692824634
0.70846414503954191,-999.27071480218763,1192.17147733825,35.939999999999998,0.052323654919868165
0.68997046289379749,-998.65883587020255,1192.17147733825,35.939999999999998,0.052353261655697751
0.67148373048251808,-998.28355020908384,1194.29411820103,36.159999999999997,0.052109290326848211
0.65299639478281257,-998.31612778409885,1199.7236251501599,36.009999999999998,0.051860893146748327
0.63450650622458105,-998.4539821445012,1200.2445698076001,36.210000000000001,0.05161161224489931
0.61600751553949196,-998.9454969948132,1198.6092565786,36.210000000000001,0.051626578589931978
0.59750306213092719,-999.24048406249574,1198.6092565786,35.880000000000003,0.051699143108648191
0.57899225399751786,-999.58363920410841,1198.5773084851901,35.880000000000003,0.051703798691821172
0.56048007578537207,-999.65762345587189,1197.34468428429,36,0.051598428854090418
0.54196946322971506,-999.57307800547505,1195.7322592416101,36,0.05122059024976678
0.52344994309007686,-1000.0540875404663,1195.7322592416101,36.079999999999998,0.050950649509353803
0.50493002144800403,-1000.0757686719317,1195.93610715104,36.079999999999998,0.050663508271413707
0.48641347119389355,-999.89371372196467,1195.53818649509,35.899999999999999,0.050506770815582219
0.46790428770125009,-999.49590860274691,1197.9185578726001,35.899999999999999,0.0506227059879907
0.4493990468062769,-999.28300832855314,1197.9185578726001,35.920000000000002,0.050758670813120334
0.43089457373710066,-999.24154573551596,1199.3636130528,35.920000000000002,0.050739389322327792
0.41239043801231173,-999.22332913860225,1198.12502838672,35.969999999999999,0.050646764127200289
0.39389118759142289,-998.95952272799855,1200.2359867377299,35.969999999999999,0.050429224758032389
0.37539117038266651,-999.00092927284311,1201.53608340455,36.030000000000001,0.050456281746885372
0.35688839231993202,-999.15001538766262,1199.1847990971601,36.030000000000001,0.050769910839422422
0.33837433076548606,-999.75932394008214,1199.8862266404899,35.869999999999997,0.051148467593858916
0.31985327084065229,-1000.1372359410228,1199.8862266404899,35.869999999999997,0.051495130688818766
0.30133115955553058,-1000.1940093965724,1197.96838736157,36.25,0.05152056097387081
0.2828058000235496,-1000.3694147269747,1199.4599341702401,35.899999999999999,0.051469946695743479
0.26428291574069274,-1000.2357512742685,1197.0194813036301,36.310000000000002,0.051272939888806525
0.24576535138020766,-999.94847546619485,1195.2480310497299,36.310000000000002,0.051213524619145918
0.22724663735291675,-1000.0105574737092,1196.71788176511,36.039999999999999,0.051391377216508688
0.208733595080244,-999.70428272432878,1196.6935630671501,36.039999999999999,0.051742344059138211
0.19022678231972856,-999.36788906783386,1196.36025385383,35.850000000000001,0.052111891819668368
0.17172421225203913,-999.13878365522942,1196.36025385383,35.850000000000001,0.052305786977292476
0.15322664545680401,-998.86860694269649,1197.2781654927901,36.259999999999998,0.052261913402691311
0.1347243806555978,-999.12229926513567,1196.2052817589399,36.259999999999998,0.052025763113984803
0.1162070108371748,-999.93797019484202,1198.6657617885801,36.259999999999998,0.05210546052233362
0.097677889797620418,-1000.5725361359362,1197.0805164671599,36.259999999999998,0.052303443141766846
0.079133131851957222,-1001.4169290658131,1197.0805164671599,36,0.052924926087456553
0.060592835976581515,-1001.1759772702883,1195.2532762590999,36.039999999999999,0.053588550332939945
0.042053664930983788,-1001.1152364622772,1193.49636954026,36.07,0.053895405598382157
0.023529955910044288,-1000.2802871307332,1191.1076535114801,36.07,0.05397901145939106
0.0050163413913625748,-999.73518400881244,1191.1076535114801,35.890000000000001,0.053729568088091581
359.98651442118029,-999.10369139709769,1192.65570553013,36.210000000000001,0.053341193129083142
359.96801180558009,-999.1412424110656,1191.5086736093399,36.310000000000002,0.053282922339227115
359.94950607832959,-999.30927152891934,1193.7462322409399,36.310000000000002,0.05361442039985246
